12.000000	17.000000	0.001063	0.003188	-0.070428	0.001049	0.003189	-0.070429	-0.031129	0.029721	-0.013750	0.191068	1.481753	-0.230958	1.000000
1.000000	1.000000	0.000479	0.003322	-0.061289	0.000488	0.003338	-0.061295	0.075937	0.050413	0.089177	0.577173	3.454545	2.152597	1.000000
2.000000	5.000000	0.005807	0.005784	-0.075661	0.005830	0.005778	-0.075647	-0.027491	0.024576	0.106061	0.359832	-1.685711	-1.583093	1.000000
11.000000	23.000000	0.010335	0.000589	-0.081964	0.010352	0.000613	-0.081931	0.048639	0.199643	0.080442	-1.020342	0.212926	-0.849899	1.000000
34.000000	7.000000	-0.004523	-0.001861	-0.066202	-0.004514	-0.001875	-0.066215	0.006579	0.052390	0.065581	0.579943	-2.107893	0.030514	1.000000
10.000000	24.000000	-0.008138	0.000737	-0.071779	-0.008200	0.000761	-0.071805	-0.042070	-0.101069	0.035443	-2.977258	0.210229	-0.890962	1.000000
22.000000	9.000000	0.007767	0.007555	-0.072992	0.007734	0.007535	-0.072976	-0.072144	0.107485	0.065259	1.004086	-1.407404	-0.362745	1.000000
6.000000	2.000000	0.002272	-0.002048	-0.069113	0.002276	-0.002038	-0.069099	0.064233	-0.034018	-0.043540	1.370137	0.444218	-0.960333	1.000000
28.000000	15.000000	-0.004448	-0.010232	-0.071084	-0.004455	-0.010220	-0.071087	-0.034439	0.025617	0.045721	-0.808315	1.533983	1.125650	1.000000
5.000000	19.000000	0.008429	0.003365	-0.060127	0.008449	0.003383	-0.060127	0.056653	0.096378	-0.043724	-0.171333	2.993657	-1.619948	1.000000
58.000000	16.000000	-0.005843	-0.001211	-0.078558	-0.005851	-0.001219	-0.078552	-0.031435	0.095206	-0.042562	0.654834	0.482882	0.267816	1.000000
18.000000	27.000000	-0.001388	-0.003088	-0.065085	-0.001401	-0.003110	-0.065053	-0.059972	0.090820	-0.051249	-0.885494	-2.265803	1.358993	1.000000
21.000000	4.000000	-0.003143	0.010732	-0.072711	-0.003137	0.010716	-0.072660	0.034307	-0.203432	0.013197	-0.432108	1.777363	2.804868	1.000000
13.000000	11.000000	0.006703	0.008039	-0.072845	0.006704	0.008029	-0.072810	-0.040621	0.080523	0.094523	0.399722	-0.641341	-0.306889	1.000000
25.000000	22.000000	0.003461	0.003390	-0.073704	0.003496	0.003404	-0.073634	0.002539	-0.004063	0.124305	-0.520275	-1.033404	-0.061555	1.000000
14.000000	13.000000	-0.003741	0.001683	-0.065837	-0.003733	0.001676	-0.065828	-0.003020	0.033638	0.038803	0.057557	-0.159886	-0.121073	1.000000
15.000000	20.000000	0.004640	-0.006484	-0.061029	0.004635	-0.006471	-0.061022	-0.001153	0.101649	-0.095529	-0.680147	0.160733	0.557985	1.000000
8.000000	21.000000	-0.001161	-0.006308	-0.075746	-0.001192	-0.006304	-0.075779	0.008724	0.007112	-0.079222	-0.351415	-0.064742	1.052661	1.000000
7.000000	18.000000	0.003449	-0.003094	-0.066882	0.003383	-0.003101	-0.066864	0.012759	-0.017047	-0.047754	-3.066978	-4.714545	2.827810	1.000000
19.000000	39.000000	-0.008098	-0.010556	-0.069819	-0.008108	-0.010558	-0.069835	0.034567	-0.015384	0.038537	0.835664	4.038961	-0.056693	1.000000
26.000000	45.000000	0.010419	0.001550	-0.082265	0.010430	0.001555	-0.082273	0.031818	0.164215	0.057269	-0.299407	1.493863	-0.366244	1.000000
16.000000	14.000000	0.009018	-0.002279	-0.081090	0.009021	-0.002290	-0.081055	0.037049	0.105352	0.017446	-0.323628	1.229932	1.094661	1.000000
17.000000	79.000000	-0.004393	0.005553	-0.080270	-0.004368	0.005512	-0.080342	-0.075208	-0.004355	-0.046333	-1.517920	-2.592945	1.108071	1.000000
32.000000	8.000000	0.001308	0.006638	-0.069094	0.001321	0.006654	-0.069107	-0.066350	-0.004570	0.091854	-0.216990	-1.421743	-0.045759	1.000000
30.000000	28.000000	0.005279	-0.009058	-0.081083	0.005272	-0.009059	-0.081082	-0.009851	0.127190	0.011478	-1.068553	-0.362277	-0.736315	1.000000
31.000000	26.000000	-0.012498	0.003671	-0.072145	-0.012501	0.003675	-0.072165	-0.060048	-0.052515	-0.026922	-1.731834	-0.147389	0.076451	1.000000
9.000000	10.000000	-0.001630	0.007638	-0.082567	-0.001623	0.007640	-0.082544	-0.101794	-0.026173	-0.005613	-1.113454	0.365454	-0.908346	1.000000
33.000000	30.000000	0.007595	0.006562	-0.072258	0.007565	0.006539	-0.072190	-0.098175	0.081435	0.070507	0.643471	-1.247365	0.603930	1.000000
36.000000	32.000000	0.013883	0.002182	-0.068439	0.013880	0.002180	-0.068431	-0.028424	0.152166	0.173932	1.062520	-2.569214	-1.973818	1.000000
23.000000	44.000000	0.011144	-0.011333	-0.066911	0.011144	-0.011310	-0.066967	0.016591	0.146490	-0.039284	-0.553783	0.652404	0.740980	1.000000
41.000000	33.000000	-0.007033	-0.004453	-0.080241	-0.007025	-0.004447	-0.080232	-0.060176	0.015735	0.051915	-0.100166	-0.748299	-0.286361	1.000000
40.000000	25.000000	0.008993	-0.005103	-0.082696	0.008951	-0.005122	-0.082703	0.119074	0.161479	0.099346	-0.141943	-2.674879	-2.243692	1.000000
88.000000	62.000000	0.009275	0.003163	-0.081734	0.009312	0.003143	-0.081780	0.046403	0.184108	0.038738	0.485690	-0.362054	0.990913	1.000000
38.000000	31.000000	-0.001105	-0.009617	-0.066306	-0.001101	-0.009596	-0.066289	0.021772	-0.024006	-0.106233	1.578672	-0.060054	-1.126319	1.000000
50.000000	29.000000	0.008112	0.008670	-0.070151	0.008060	0.008648	-0.070120	-0.049525	0.063029	0.030125	-0.438847	-0.427019	1.544630	1.000000
29.000000	81.000000	-0.011921	-0.010310	-0.073268	-0.011866	-0.010299	-0.073308	0.069475	0.007396	0.004221	1.344996	0.167919	-0.724238	1.000000
59.000000	54.000000	-0.007648	-0.000936	-0.069490	-0.007569	-0.000930	-0.069439	-0.006205	-0.029552	0.013033	2.745356	1.138932	1.996839	1.000000
45.000000	37.000000	0.010353	-0.013219	-0.073314	0.010349	-0.013209	-0.073299	0.027849	0.000300	-0.004189	-0.253195	-0.018418	0.150212	1.000000
48.000000	40.000000	-0.005867	-0.005122	-0.085747	-0.005882	-0.005114	-0.085754	-0.009477	0.011224	-0.000827	0.451165	1.646609	1.136066	1.000000
24.000000	41.000000	-0.002830	-0.009866	-0.062220	-0.002883	-0.009862	-0.062233	-0.013857	0.044203	-0.081939	-2.330869	0.622832	-0.837266	1.000000
44.000000	34.000000	-0.009451	0.010418	-0.075133	-0.009513	0.010403	-0.075176	-0.027533	-0.083036	0.032635	-1.192717	0.371341	-0.582008	1.000000
37.000000	59.000000	-0.012014	0.004146	-0.065360	-0.012031	0.004163	-0.065371	-0.054263	-0.027068	0.038380	1.704181	1.216514	-0.628681	1.000000
82.000000	86.000000	0.003205	-0.012301	-0.085395	0.003222	-0.012267	-0.085420	0.042891	0.070329	0.025865	-0.584170	0.342313	0.891936	1.000000
55.000000	43.000000	0.009349	0.004929	-0.085867	0.009359	0.004942	-0.085891	0.036786	0.190247	0.030598	0.386832	-0.058078	-1.101088	1.000000
49.000000	67.000000	0.006080	-0.012521	-0.067735	0.006020	-0.012545	-0.067816	-0.044565	0.054025	-0.096725	2.196740	-1.875299	3.179227	1.000000
27.000000	38.000000	-0.001346	-0.002272	-0.077020	-0.001385	-0.002209	-0.077127	0.047797	0.045176	-0.053859	1.077142	2.945704	2.219219	1.000000
57.000000	48.000000	0.010157	-0.011065	-0.071518	0.010153	-0.011069	-0.071518	-0.011908	-0.003171	0.028760	-0.958565	0.912367	0.226292	1.000000
89.000000	49.000000	0.004816	-0.011319	-0.084229	0.004785	-0.011322	-0.084287	0.041360	0.073943	0.063642	4.977522	5.291958	-0.148352	1.000000
52.000000	50.000000	0.001822	-0.011854	-0.084668	0.001818	-0.011886	-0.084702	0.035903	0.078416	0.022085	-0.176600	1.012448	1.023091	1.000000
53.000000	53.000000	0.006138	0.005531	-0.085911	0.006180	0.005549	-0.085853	-0.035677	0.127321	0.079580	1.646285	0.240970	-0.987552	1.000000
90.000000	77.000000	-0.011234	-0.005981	-0.060620	-0.011243	-0.005986	-0.060624	0.035493	-0.043491	-0.032926	3.904845	0.404595	-8.012737	1.000000
54.000000	51.000000	-0.002576	0.010486	-0.086491	-0.002577	0.010490	-0.086487	-0.060539	0.017680	0.020172	-0.862299	0.364461	0.748417	1.000000
69.000000	60.000000	0.009824	-0.005766	-0.085859	0.009816	-0.005731	-0.085862	-0.030906	0.209851	0.046919	0.891936	1.290751	0.143392	1.000000
3.000000	3.000000	0.003256	0.002236	-0.075447	0.003271	0.002203	-0.075406	-0.021712	-0.021689	0.104140	1.522066	-1.810834	-0.917828	1.000000
4.000000	6.000000	0.003708	0.008013	-0.076888	0.003690	0.008001	-0.076873	0.111572	0.000237	0.068560	1.359640	5.318931	2.140359	1.000000
0.000000	-1.000000	-0.012994	-0.010084	-0.077410	0.000000	0.000000	0.000000	0.000000	0.000000	0.000000	0.000000	0.000000	0.000000	0.000000
61.000000	12.000000	-0.005389	0.004870	-0.082602	-0.005413	0.004891	-0.082597	-0.101226	-0.059588	0.021671	-3.484383	1.031643	1.159180	1.000000
0.000000	55.000000	-0.004088	-0.004209	-0.074387	0.000000	0.000000	0.000000	0.000000	0.000000	0.000000	0.000000	0.000000	0.000000	0.000000
0.000000	57.000000	-0.012424	-0.009490	-0.076524	0.000000	0.000000	0.000000	0.000000	0.000000	0.000000	0.000000	0.000000	0.000000	0.000000
46.000000	82.000000	0.005619	0.001137	-0.079912	0.005598	0.001157	-0.079875	0.012324	0.159149	0.036168	-0.062639	0.478402	1.011709	1.000000
62.000000	58.000000	0.012939	0.010386	-0.079757	0.012945	0.010381	-0.079770	0.027173	0.125538	0.020611	0.540804	-0.561079	-0.985430	1.000000
35.000000	56.000000	0.011308	0.005749	-0.060506	0.011320	0.005747	-0.060462	0.055554	0.162054	-0.009394	-0.747578	-1.689783	1.649328	1.000000
39.000000	46.000000	-0.011500	-0.006609	-0.065375	-0.011507	-0.006609	-0.065390	-0.053702	0.023933	0.057065	0.762348	-0.887032	-0.673534	1.000000
47.000000	35.000000	-0.012602	-0.000707	-0.067575	-0.012616	-0.000696	-0.067612	-0.001769	-0.062046	0.040645	-0.779080	-1.571629	0.408482	1.000000
42.000000	36.000000	0.000191	-0.008119	-0.083679	0.000250	-0.008044	-0.083702	-0.004259	0.097164	0.072985	-1.521464	-0.478259	-0.719474	1.000000
64.000000	65.000000	0.003329	0.014182	-0.072955	0.003326	0.014160	-0.072957	0.094048	-0.013602	0.062063	-3.553446	13.090159	3.200799	1.000000
67.000000	64.000000	0.013981	-0.004562	-0.074635	0.014001	-0.004548	-0.074638	0.089791	0.095554	0.063933	-2.298211	-0.805430	2.196698	1.000000
74.000000	68.000000	-0.014332	-0.013015	-0.077127	-0.014331	-0.013028	-0.077138	-0.006228	-0.014436	0.039630	1.127953	-1.116467	-0.248321	1.000000
43.000000	63.000000	0.003991	-0.011301	-0.083229	0.003970	-0.011333	-0.083134	0.055069	0.105013	0.003852	0.809081	0.763029	-0.919892	1.000000
65.000000	73.000000	-0.001787	0.003703	-0.085880	-0.001796	0.003705	-0.085846	0.068682	0.072421	0.039339	1.833457	4.066279	1.771821	1.000000
66.000000	66.000000	-0.011700	0.012473	-0.070970	-0.011716	0.012485	-0.070980	-0.057730	-0.083172	-0.074989	2.036120	1.540441	-0.598362	1.000000
68.000000	69.000000	0.010337	-0.010990	-0.060798	0.010339	-0.010967	-0.060830	-0.089721	0.151566	-0.183536	-2.690060	0.614136	7.080169	1.000000
70.000000	75.000000	-0.006399	-0.015887	-0.074253	-0.006395	-0.015877	-0.074248	0.024138	0.014593	0.047800	-0.500059	-0.547602	1.369491	1.000000
73.000000	84.000000	0.011359	0.011843	-0.065025	0.011332	0.011857	-0.065026	0.060157	0.026095	-0.028481	0.927690	-1.143452	1.860388	1.000000
75.000000	72.000000	0.009436	0.000942	-0.060185	0.009430	0.000913	-0.060211	0.030008	0.245522	-0.052303	15.179319	2.071179	-0.299451	1.000000
91.000000	71.000000	0.010859	-0.015105	-0.071842	0.010866	-0.015100	-0.071855	-0.033920	-0.003488	-0.039000	0.881579	-0.553793	0.219943	1.000000
56.000000	52.000000	0.001160	-0.009890	-0.086190	0.001192	-0.009847	-0.086221	0.037829	0.091932	0.015143	-0.274666	-1.261746	0.847432	1.000000
71.000000	47.000000	0.006085	0.004708	-0.069595	0.006094	0.004761	-0.069578	-0.131203	0.035912	0.106996	0.882322	-1.157285	-0.345753	1.000000
76.000000	70.000000	0.005095	-0.011422	-0.086615	0.005084	-0.011423	-0.086565	0.047963	0.105022	0.057071	0.294822	4.537007	4.144457	1.000000
83.000000	78.000000	-0.007939	0.007327	-0.086734	-0.007901	0.007333	-0.086837	-0.092524	0.045156	0.012948	-2.834316	2.037855	2.674880	1.000000
51.000000	76.000000	0.009475	-0.006378	-0.082222	0.009487	-0.006347	-0.082193	0.056037	0.199904	0.015991	-0.873845	0.993144	0.769482	1.000000
0.000000	-1.000000	-0.007286	-0.000946	-0.069412	0.000000	0.000000	0.000000	0.000000	0.000000	0.000000	0.000000	0.000000	0.000000	0.000000
20.000000	91.000000	-0.004366	-0.004072	-0.073724	-0.004292	-0.004111	-0.073910	-0.089778	0.013420	-0.037548	-0.132286	1.345063	1.201034	1.000000
63.000000	83.000000	0.014507	-0.002760	-0.065395	0.014515	-0.002710	-0.065329	0.029900	0.019507	0.091643	2.611467	0.579163	-1.486760	1.000000
79.000000	85.000000	0.000937	0.006710	-0.069783	0.000922	0.006708	-0.069807	-0.037646	-0.019828	0.054281	-2.927308	1.391163	-1.519384	1.000000
81.000000	-1.000000	-0.015535	-0.004342	-0.063918	0.000000	0.000000	0.000000	0.000000	0.000000	0.000000	0.000000	0.000000	0.000000	0.000000
80.000000	-1.000000	0.012730	0.012983	-0.068538	0.000000	0.000000	0.000000	0.000000	0.000000	0.000000	0.000000	0.000000	0.000000	0.000000
78.000000	42.000000	0.006606	0.006495	-0.082354	0.006646	0.006474	-0.082404	-0.060881	0.052054	0.041502	0.968699	-2.004941	-0.493967	1.000000
84.000000	87.000000	-0.014053	-0.010905	-0.063226	-0.014030	-0.010889	-0.063248	0.023779	-0.048697	0.047951	0.005536	-0.313235	-0.679045	1.000000
85.000000	88.000000	-0.016212	0.005251	-0.073909	-0.016193	0.005254	-0.073918	-0.079187	-0.009349	0.034586	0.595426	1.455682	0.046294	1.000000
86.000000	89.000000	-0.013983	-0.013201	-0.065643	-0.013988	-0.013222	-0.065608	-0.029980	-0.072118	-0.009259	-3.834476	-0.217067	1.176006	1.000000
87.000000	90.000000	0.013221	0.003165	-0.079701	0.013219	0.003121	-0.079737	-0.000268	0.177212	0.115104	-2.427073	-1.551698	3.125624	1.000000
92.000000	92.000000	0.008320	-0.013891	-0.085821	0.008324	-0.013905	-0.085872	0.044329	0.049692	0.066027	-2.465726	-3.564075	-0.049518	1.000000
