4.000000	1.000000	0.004926	-0.006395	-0.080902	0.004917	-0.006407	-0.080904	-0.009920	0.089032	0.006260	0.673876	-0.890955	-0.597596	1.000000
3.000000	3.000000	-0.002173	0.006647	-0.071588	-0.002202	0.006612	-0.071549	0.029848	-0.143287	0.061906	-1.938371	3.106362	0.944582	1.000000
8.000000	4.000000	0.011906	-0.008054	-0.067650	0.011872	-0.008052	-0.067628	0.035261	0.112743	0.019019	-1.759287	-2.294622	4.781249	1.000000
23.000000	7.000000	0.001868	-0.003426	-0.067584	0.001882	-0.003395	-0.067585	-0.124534	0.030926	-0.040607	-3.677880	2.789570	-1.204196	1.000000
25.000000	24.000000	0.011333	0.005375	-0.080209	0.011300	0.005390	-0.080240	0.040914	0.193452	0.058948	0.942145	-0.718439	-0.390539	1.000000
6.000000	10.000000	0.005406	0.005807	-0.073617	0.005400	0.005819	-0.073595	-0.005024	-0.018551	0.065722	0.717012	-1.185800	-1.033931	1.000000
7.000000	12.000000	0.010489	0.005452	-0.061257	0.010498	0.005443	-0.061260	0.111179	0.040281	-0.019242	-1.335397	-6.890673	4.230521	1.000000
2.000000	2.000000	-0.000312	0.006183	-0.067041	-0.000287	0.006191	-0.067029	-0.061195	-0.027091	0.076920	1.115256	-0.222637	-1.580500	1.000000
11.000000	46.000000	0.000402	0.004075	-0.070713	0.000391	0.004069	-0.070721	-0.021302	0.034815	-0.012874	1.135338	-0.575500	-0.439404	1.000000
15.000000	16.000000	0.005876	0.004884	-0.078738	0.005874	0.004883	-0.078749	0.011328	0.143984	0.057942	-0.275276	-1.298902	0.934121	1.000000
17.000000	33.000000	0.005602	0.008056	-0.070796	0.005611	0.008039	-0.070776	-0.062239	0.032432	0.055061	2.309883	-2.362247	-1.046249	1.000000
14.000000	19.000000	-0.001205	-0.006241	-0.077210	-0.001201	-0.006250	-0.077215	-0.010027	-0.002733	-0.042276	-0.960935	-0.203193	1.061079	1.000000
16.000000	13.000000	-0.005424	-0.009309	-0.069695	-0.005420	-0.009323	-0.069694	-0.038591	0.037009	0.066560	1.133600	-0.124915	0.539214	1.000000
1.000000	6.000000	0.004596	-0.004049	-0.062300	0.004602	-0.004042	-0.062301	0.009013	0.103392	-0.009762	1.374610	0.456953	2.333331	1.000000
46.000000	20.000000	-0.009891	-0.000932	-0.071484	-0.009900	-0.000938	-0.071482	-0.066622	-0.036581	-0.001889	1.839646	1.996070	-0.267579	1.000000
30.000000	8.000000	-0.003669	0.002432	-0.064966	-0.003665	0.002435	-0.064971	0.005013	0.032526	0.032661	-0.055722	0.210675	0.174990	1.000000
19.000000	15.000000	-0.000229	-0.000638	-0.077591	-0.000259	-0.000632	-0.077605	0.034665	0.068993	0.001424	-1.621081	-0.459382	1.096028	1.000000
60.000000	5.000000	0.003193	0.001434	-0.073382	0.003200	0.001479	-0.073364	0.007931	-0.025691	0.064204	0.378458	0.564497	-1.774815	1.000000
66.000000	9.000000	0.003559	-0.002666	-0.070216	0.003545	-0.002662	-0.070202	0.018312	-0.009288	-0.046071	-3.404157	1.917412	-0.033210	1.000000
21.000000	14.000000	0.005523	0.007269	-0.081608	0.005532	0.007264	-0.081625	-0.031425	0.018120	0.022165	1.436692	-0.175659	-0.252600	1.000000
5.000000	11.000000	0.007897	-0.007000	-0.064217	0.007887	-0.006991	-0.064195	-0.096277	0.176601	-0.111930	1.420198	0.363740	2.201878	1.000000
18.000000	41.000000	-0.004095	0.006965	-0.082869	-0.004104	0.006962	-0.082870	-0.090831	-0.023035	-0.012237	1.126750	1.086221	0.868057	1.000000
20.000000	31.000000	0.010583	0.007328	-0.080533	0.010541	0.007326	-0.080493	0.052197	0.160329	0.061153	0.216151	-1.208416	0.247400	1.000000
24.000000	67.000000	0.005649	0.008390	-0.084258	0.005648	0.008399	-0.084247	-0.012644	0.106038	0.046669	0.451380	-1.037973	-1.835641	1.000000
29.000000	28.000000	0.003122	0.002955	-0.071112	0.003102	0.002952	-0.071132	-0.039153	-0.029737	0.066670	-0.937457	-0.023062	-3.138109	1.000000
13.000000	17.000000	-0.006820	0.004991	-0.080292	-0.006830	0.005032	-0.080257	-0.127224	0.013189	0.060890	-0.839668	4.705942	2.437078	1.000000
27.000000	21.000000	-0.010289	-0.010125	-0.073373	-0.010277	-0.010132	-0.073382	0.049405	0.007889	-0.004443	0.692212	0.752799	-1.048073	1.000000
41.000000	25.000000	-0.005406	-0.003497	-0.076279	-0.005398	-0.003511	-0.076259	-0.052046	0.050305	-0.061168	-0.095181	0.931491	1.297928	1.000000
26.000000	22.000000	-0.007311	-0.010458	-0.068951	-0.007319	-0.010474	-0.068942	0.026674	0.006943	0.034892	-0.421698	-0.148091	0.228909	1.000000
31.000000	18.000000	0.009121	-0.013070	-0.083571	0.009130	-0.013066	-0.083548	0.040197	0.029494	0.127755	1.943468	0.066072	0.975229	1.000000
38.000000	38.000000	-0.009896	-0.007322	-0.062023	-0.009897	-0.007314	-0.061999	0.063873	-0.061512	-0.052553	0.074668	1.057825	0.135992	1.000000
33.000000	36.000000	0.005984	-0.011444	-0.069380	0.005973	-0.011421	-0.069373	0.018955	0.051891	-0.030087	-1.185273	1.452576	2.304623	1.000000
32.000000	75.000000	-0.014374	0.002400	-0.072681	-0.014378	0.002409	-0.072648	-0.088701	-0.053113	-0.003071	0.066844	0.036673	1.214702	1.000000
36.000000	32.000000	-0.000338	-0.005925	-0.082295	-0.000330	-0.005918	-0.082268	-0.032201	0.086933	0.041703	-0.602554	0.061662	-2.310049	1.000000
22.000000	23.000000	0.003447	0.005470	-0.067366	0.003431	0.005487	-0.067367	-0.093163	0.028802	0.072918	1.289028	0.217198	-1.664960	1.000000
34.000000	26.000000	-0.006140	-0.003549	-0.074539	-0.006136	-0.003564	-0.074522	-0.067574	0.029263	-0.002900	0.487221	0.517549	2.664254	1.000000
28.000000	37.000000	0.011247	-0.001877	-0.081238	0.011239	-0.001898	-0.081285	0.060602	0.122448	0.008238	-2.466425	0.957428	-4.241656	1.000000
54.000000	34.000000	-0.012193	-0.008935	-0.076109	-0.012217	-0.008959	-0.076055	0.009152	0.020332	0.020246	0.110412	0.375578	0.166222	1.000000
45.000000	29.000000	0.010038	0.000788	-0.080257	0.010028	0.000779	-0.080253	0.048475	0.152693	0.035947	0.153088	1.467800	-0.103881	1.000000
62.000000	39.000000	0.006184	-0.009000	-0.082637	0.006184	-0.009017	-0.082613	0.049987	0.096794	0.078704	-1.355657	0.029681	0.616140	1.000000
9.000000	47.000000	-0.006475	0.001015	-0.079317	-0.006495	0.001027	-0.079283	-0.025487	0.089468	-0.015652	-0.348383	-0.292862	0.833754	1.000000
43.000000	61.000000	0.009480	-0.000243	-0.085069	0.009484	-0.000259	-0.085064	0.007356	0.225814	0.009100	2.108978	-1.606868	-2.244546	1.000000
72.000000	44.000000	-0.010387	0.008484	-0.074750	-0.010406	0.008499	-0.074786	-0.045375	-0.067877	-0.000747	-0.275693	1.613471	-0.703082	1.000000
68.000000	42.000000	0.011002	-0.013228	-0.073476	0.011017	-0.013250	-0.073492	0.023417	0.000327	-0.011931	-0.664115	0.416407	0.055654	1.000000
51.000000	81.000000	0.005843	0.009833	-0.070536	0.005862	0.009840	-0.070552	-0.023460	0.079027	0.090073	0.920867	0.773158	-0.271591	1.000000
47.000000	49.000000	-0.012897	0.011216	-0.072542	-0.012894	0.011209	-0.072540	-0.052197	-0.025729	-0.045036	-0.925310	1.760642	1.613261	1.000000
52.000000	43.000000	0.002516	-0.010131	-0.084164	0.002524	-0.010118	-0.084189	0.019177	0.062561	0.027050	-0.829296	-0.849787	1.094431	1.000000
81.000000	40.000000	-0.003409	-0.008490	-0.064323	-0.003440	-0.008470	-0.064204	-0.007798	0.072853	-0.127180	-1.855644	3.056194	12.059190	1.000000
37.000000	52.000000	-0.000442	-0.010266	-0.068569	-0.000437	-0.010275	-0.068591	0.022186	-0.042292	-0.081124	-1.277282	-1.442569	0.826919	1.000000
44.000000	50.000000	-0.008824	-0.004248	-0.079314	-0.008827	-0.004243	-0.079305	-0.089693	0.004905	0.012922	0.007132	0.116987	-2.100917	1.000000
48.000000	48.000000	-0.013071	-0.002534	-0.066744	-0.013064	-0.002552	-0.066729	-0.024378	-0.076127	0.031118	0.839341	1.735007	0.235468	1.000000
53.000000	78.000000	0.006672	0.010065	-0.068779	0.006687	0.010064	-0.068836	-0.063252	0.060251	0.079791	0.177546	0.552862	1.971047	1.000000
42.000000	45.000000	-0.012442	0.003534	-0.064614	-0.012471	0.003550	-0.064588	0.009433	-0.023760	0.028075	0.137513	0.627515	1.108424	1.000000
49.000000	35.000000	-0.004067	-0.001377	-0.064880	-0.004090	-0.001369	-0.064918	0.023838	-0.008348	0.034111	-0.908342	-2.775474	-3.885115	1.000000
79.000000	51.000000	-0.000118	0.006212	-0.084480	-0.000140	0.006199	-0.084520	0.056220	0.127206	0.067273	-1.768061	1.016650	-0.805752	1.000000
67.000000	30.000000	0.006404	0.009726	-0.071479	0.006383	0.009720	-0.071554	-0.041010	0.077882	0.064823	0.392359	-1.159812	0.807719	1.000000
57.000000	59.000000	0.009626	-0.010805	-0.070803	0.009621	-0.010807	-0.070794	-0.031334	0.020669	0.032300	-0.486493	0.533463	-0.148429	1.000000
61.000000	60.000000	0.002097	-0.007657	-0.085567	0.002083	-0.007680	-0.085543	0.044133	0.099809	0.032123	-0.111942	1.034169	-0.334438	1.000000
77.000000	69.000000	0.001054	-0.010882	-0.084972	0.001079	-0.010903	-0.084928	0.057964	0.114218	0.101807	-1.263702	-1.561139	0.054642	1.000000
39.000000	55.000000	-0.012698	-0.006319	-0.064179	-0.012629	-0.006308	-0.064195	-0.042474	0.005506	0.037059	0.472072	-0.273314	-1.229115	1.000000
83.000000	57.000000	0.004003	-0.006431	-0.086416	0.004011	-0.006449	-0.086409	-0.047982	0.183226	0.031625	2.211538	-1.877331	-7.993298	1.000000
56.000000	54.000000	-0.005917	-0.004462	-0.085167	-0.005967	-0.004471	-0.085266	-0.001021	0.031511	0.037917	0.313011	-0.388377	1.121972	1.000000
58.000000	62.000000	0.004957	0.008497	-0.078529	0.004950	0.008492	-0.078528	0.031894	0.109046	0.031285	3.108586	0.107694	-1.133311	1.000000
35.000000	64.000000	0.005539	-0.003830	-0.060680	0.005532	-0.003838	-0.060670	-0.037257	0.123086	-0.033632	0.036823	0.718465	0.081335	1.000000
10.000000	63.000000	0.005611	0.008441	-0.075155	0.005623	0.008439	-0.075146	0.055217	0.023999	0.097890	-1.644068	0.393496	2.403414	1.000000
74.000000	65.000000	0.013408	0.007669	-0.076971	0.013391	0.007667	-0.077001	0.004653	0.188535	0.117773	0.748452	-1.201367	0.388416	1.000000
63.000000	56.000000	0.003979	-0.010680	-0.084616	0.004021	-0.010679	-0.084627	0.030702	0.065910	0.038858	0.941305	-0.057340	-2.006514	1.000000
65.000000	66.000000	-0.012943	-0.009554	-0.076037	-0.012939	-0.009546	-0.076053	0.004312	0.024675	0.040734	-0.158024	0.351845	-0.539409	1.000000
12.000000	68.000000	-0.002771	-0.001724	-0.065873	-0.002778	-0.001708	-0.065859	-0.048403	0.037883	-0.020300	0.437799	-0.875903	1.357514	1.000000
75.000000	74.000000	-0.004345	0.010904	-0.085798	-0.004327	0.010957	-0.085909	-0.085278	0.020895	0.004613	-0.500513	0.264540	-2.164433	1.000000
87.000000	87.000000	-0.005988	-0.015726	-0.072745	-0.005991	-0.015697	-0.072812	0.008453	-0.000772	0.068651	-0.885769	-0.849587	0.607284	1.000000
0.000000	71.000000	-0.007455	-0.001259	-0.069172	0.000000	0.000000	0.000000	0.000000	0.000000	0.000000	0.000000	0.000000	0.000000	0.000000
85.000000	27.000000	-0.008348	0.003941	-0.081913	-0.008369	0.003975	-0.081981	-0.095188	-0.044958	0.073989	-0.070929	0.589910	-5.959540	1.000000
64.000000	84.000000	-0.000707	0.006624	-0.068679	-0.000720	0.006613	-0.068639	-0.089975	0.009544	0.057458	-0.995602	0.946031	0.574296	1.000000
71.000000	72.000000	0.013673	-0.013343	-0.068537	0.013688	-0.013346	-0.068549	-0.045578	0.089620	-0.031623	1.493822	-0.609684	-1.071217	1.000000
78.000000	70.000000	-0.014047	-0.013689	-0.076237	-0.014075	-0.013671	-0.076250	0.022805	-0.040379	0.027840	0.141230	-1.282906	-1.062193	1.000000
69.000000	77.000000	0.013644	0.005246	-0.064928	0.013639	0.005256	-0.064945	0.004795	0.118622	0.119938	0.991753	-0.325366	-1.344067	1.000000
92.000000	53.000000	-0.001372	-0.011012	-0.060685	-0.001379	-0.011043	-0.060614	-0.043556	0.065979	-0.055938	-2.166734	-1.051363	-2.555430	1.000000
93.000000	76.000000	0.006212	-0.008277	-0.084716	0.006130	-0.008277	-0.084820	0.008808	0.121195	0.059743	-3.691164	-2.448163	-1.508143	1.000000
80.000000	80.000000	0.010834	-0.001051	-0.081777	0.010826	-0.001039	-0.081765	0.053977	0.237001	0.011178	0.887344	0.169514	-6.300970	1.000000
82.000000	82.000000	0.012308	0.004440	-0.060849	0.012335	0.004465	-0.060870	0.087044	0.024094	0.035288	-15.155046	-3.705221	9.135507	1.000000
55.000000	83.000000	0.010130	0.009477	-0.085230	0.010163	0.009472	-0.085247	0.025123	0.184288	0.026708	-0.982087	-0.354847	-0.774183	1.000000
84.000000	86.000000	-0.011952	-0.004490	-0.080808	-0.011952	-0.004490	-0.080808	-0.057667	0.019167	0.021833	-3.000000	30.749997	47.249996	1.000000
0.000000	-1.000000	-0.003326	-0.010829	-0.068129	0.000000	0.000000	0.000000	0.000000	0.000000	0.000000	0.000000	0.000000	0.000000	0.000000
59.000000	58.000000	0.005710	-0.008591	-0.082813	0.005669	-0.008612	-0.082912	0.066385	0.118997	0.041447	-2.730796	2.068021	7.623424	1.000000
76.000000	85.000000	0.012354	0.009233	-0.060254	0.012330	0.009212	-0.060223	0.034051	0.135540	0.023154	-0.015521	0.677220	1.204997	1.000000
89.000000	88.000000	0.013653	0.013229	-0.079457	0.013657	0.013238	-0.079445	0.045620	0.110971	0.020755	4.484765	-0.486264	3.505244	1.000000
88.000000	79.000000	0.010381	-0.015086	-0.072482	0.010370	-0.015076	-0.072535	-0.010828	0.012809	-0.022869	0.217421	0.671320	-0.137411	1.000000
90.000000	89.000000	0.010945	0.005560	-0.081253	0.010972	0.005601	-0.081234	0.024812	0.158782	0.026112	3.453796	-0.725025	-0.727023	1.000000
91.000000	90.000000	0.016110	-0.001993	-0.063545	0.016091	-0.002006	-0.063590	0.097625	0.041887	0.060082	1.527219	1.397639	-0.339203	1.000000
94.000000	91.000000	-0.015246	0.002216	-0.063952	-0.015259	0.002222	-0.063927	0.097266	-0.016284	0.004126	-1.070929	0.652847	1.989760	1.000000
95.000000	93.000000	0.007909	-0.014728	-0.084295	0.007919	-0.014722	-0.084307	-0.002954	0.096881	0.136842	-1.709357	-1.563855	-0.407567	1.000000
0.000000	94.000000	0.013606	0.008827	-0.079314	0.000000	0.000000	0.000000	0.000000	0.000000	0.000000	0.000000	0.000000	0.000000	0.000000
96.000000	96.000000	0.012377	-0.009739	-0.085250	0.012311	-0.009711	-0.085306	0.013553	0.087454	0.068561	-1.021349	1.721620	-2.346040	1.000000
