7.000000	9.000000	-0.002586	0.004442	-0.076376	-0.002585	0.004455	-0.076376	-0.081395	0.017302	0.053890	-0.081005	-0.837060	-0.158378	1.000000
2.000000	7.000000	-0.001530	-0.006884	-0.074831	-0.001538	-0.006879	-0.074827	-0.025584	0.032305	-0.059464	-1.365018	1.178623	0.915146	1.000000
1.000000	4.000000	0.007430	-0.002487	-0.073668	0.007425	-0.002491	-0.073665	-0.044722	0.053084	0.088491	-0.141171	-1.338219	0.765855	1.000000
6.000000	8.000000	-0.003624	-0.008066	-0.068678	-0.003650	-0.008074	-0.068701	0.059919	0.068382	0.001105	0.289385	-0.700199	-2.172494	1.000000
4.000000	47.000000	0.009600	0.005231	-0.062668	0.009595	0.005254	-0.062679	-0.002276	0.089819	-0.053855	4.735004	-0.250637	-2.213515	1.000000
13.000000	31.000000	0.000640	0.013092	-0.084029	0.000608	0.013100	-0.083980	-0.070479	-0.042845	-0.051046	0.686759	0.029518	-0.651319	1.000000
21.000000	2.000000	0.001193	-0.000718	-0.071012	0.001225	-0.000709	-0.071036	-0.059404	-0.039620	0.030882	-1.056227	-0.610575	0.098383	1.000000
8.000000	26.000000	0.005931	-0.002900	-0.077840	0.005876	-0.002875	-0.077842	0.009520	0.088118	0.106667	-2.990995	-0.322276	0.796859	1.000000
12.000000	19.000000	0.011223	0.011296	-0.078026	0.011229	0.011305	-0.078007	-0.087458	0.080998	0.078592	1.595857	0.484331	1.283151	1.000000
3.000000	15.000000	0.000230	-0.001480	-0.080003	0.000197	-0.001454	-0.079967	-0.030593	0.081063	-0.021344	0.234331	0.481329	1.128265	1.000000
53.000000	6.000000	0.001131	0.006376	-0.075659	0.001147	0.006383	-0.075695	-0.017113	0.059608	0.028254	0.300915	0.349735	0.864179	1.000000
14.000000	12.000000	-0.001077	-0.010081	-0.068797	-0.001103	-0.010083	-0.068813	-0.012928	0.014112	-0.125625	-2.444485	-0.225378	1.556138	1.000000
55.000000	21.000000	-0.003023	0.001674	-0.060885	-0.002994	0.001667	-0.060853	0.109232	-0.017091	-0.000992	0.595653	1.586945	-0.416989	1.000000
42.000000	5.000000	0.004976	0.001086	-0.078173	0.004990	0.001064	-0.078221	0.004403	0.083467	0.117824	2.322431	0.686216	0.233112	1.000000
15.000000	3.000000	0.005763	-0.002409	-0.063461	0.005867	-0.002424	-0.063426	0.044735	0.147138	-0.067213	5.336607	-2.656483	-1.116095	1.000000
44.000000	11.000000	-0.005356	-0.001964	-0.075284	-0.005351	-0.001956	-0.075276	0.031521	0.050981	-0.052689	2.458617	0.170451	1.773767	1.000000
20.000000	1.000000	-0.000850	0.003093	-0.069258	-0.000872	0.003093	-0.069324	-0.024360	0.011586	0.070591	-0.603651	-0.678913	0.288107	1.000000
33.000000	28.000000	-0.006108	-0.013355	-0.072479	-0.006100	-0.013331	-0.072470	-0.052336	0.103405	0.072222	-0.583524	-0.238558	0.591333	1.000000
17.000000	35.000000	0.004133	0.012604	-0.071995	0.004128	0.012598	-0.071962	-0.019103	0.048289	0.005353	0.976128	-0.099587	1.121504	1.000000
16.000000	18.000000	-0.012796	-0.007386	-0.067210	-0.012782	-0.007368	-0.067217	-0.036743	-0.006292	0.041254	-1.334794	-1.324437	-0.638072	1.000000
19.000000	16.000000	-0.013537	0.006423	-0.072961	-0.013529	0.006424	-0.072963	0.003133	-0.005372	0.008458	-0.456403	-0.130219	-0.854572	1.000000
22.000000	23.000000	-0.004650	-0.007828	-0.067855	-0.004668	-0.007833	-0.067848	0.076668	0.085553	0.027538	-0.137173	0.147865	-2.586845	1.000000
9.000000	20.000000	0.009798	0.010768	-0.073602	0.009801	0.010771	-0.073638	-0.021619	0.043899	0.082510	2.093851	0.144202	-1.731299	1.000000
36.000000	24.000000	0.010497	0.003126	-0.081243	0.010481	0.003102	-0.081246	-0.030346	0.010353	-0.052506	-1.280929	-2.321763	1.386282	1.000000
18.000000	27.000000	-0.001723	-0.004613	-0.078867	-0.001725	-0.004609	-0.078881	-0.020842	0.051199	-0.077842	0.136052	-0.310277	-0.881668	1.000000
48.000000	17.000000	-0.008870	0.004206	-0.062311	-0.008880	0.004218	-0.062327	0.044134	0.001257	0.085987	1.307959	1.520989	0.911498	1.000000
10.000000	25.000000	-0.001364	0.011247	-0.084720	-0.001384	0.011255	-0.084768	-0.048548	-0.079453	0.046311	0.743284	-1.360523	0.158095	1.000000
37.000000	14.000000	-0.003528	-0.005675	-0.066642	-0.003525	-0.005689	-0.066715	-0.028103	0.097466	-0.034516	-4.785552	1.456784	1.187675	1.000000
31.000000	33.000000	0.008718	-0.012713	-0.069934	0.008718	-0.012716	-0.069915	-0.020044	-0.000155	-0.023771	-2.108073	-0.706019	-1.969657	1.000000
25.000000	38.000000	0.006334	-0.009579	-0.077203	0.006331	-0.009595	-0.077234	0.054755	0.019741	0.028632	1.144700	-0.058182	-0.387359	1.000000
27.000000	37.000000	0.009306	0.002808	-0.083539	0.009320	0.002819	-0.083580	-0.030834	0.010380	0.026293	1.547952	1.446054	-1.183067	1.000000
35.000000	43.000000	0.008984	0.002928	-0.071821	0.008970	0.002945	-0.071820	-0.000039	0.034671	0.014435	0.391475	1.788835	0.533463	1.000000
23.000000	34.000000	-0.008203	-0.009690	-0.074338	-0.008203	-0.009690	-0.074338	0.017000	-0.009500	0.010917	16.999998	-2.750000	19.249998	1.000000
28.000000	36.000000	0.012769	-0.011484	-0.072946	0.012772	-0.011483	-0.072936	0.079726	0.004864	0.044320	1.067320	0.142107	1.152137	1.000000
32.000000	41.000000	-0.006358	0.008412	-0.081609	-0.006415	0.008445	-0.081525	-0.124530	-0.041843	0.180751	1.287973	-3.368480	-2.689805	1.000000
40.000000	32.000000	-0.011350	0.008574	-0.070293	-0.011362	0.008576	-0.070304	-0.042782	-0.069171	0.079216	-0.510223	2.306198	0.350367	1.000000
30.000000	45.000000	-0.012101	-0.003435	-0.069650	-0.012108	-0.003426	-0.069618	-0.026256	0.039333	0.076889	0.289399	-1.078130	-0.108228	1.000000
5.000000	10.000000	0.000301	-0.000715	-0.069113	0.000299	-0.000725	-0.069147	-0.066269	0.030754	0.014200	-0.584014	0.055299	0.092350	1.000000
39.000000	46.000000	0.009533	-0.006478	-0.063333	0.009550	-0.006477	-0.063336	0.026616	0.015477	0.034668	1.126534	0.330708	-2.452569	1.000000
26.000000	22.000000	0.011346	-0.011877	-0.073047	0.011320	-0.011871	-0.073047	0.046410	-0.008619	-0.010515	0.759839	0.309771	0.992560	1.000000
34.000000	30.000000	-0.006070	-0.005883	-0.072299	-0.006114	-0.005881	-0.072299	-0.030039	0.078463	0.039394	3.267732	-1.643856	-3.351898	1.000000
38.000000	50.000000	0.001035	0.010459	-0.085076	0.001049	0.010444	-0.085058	-0.032762	-0.046150	0.031474	0.496894	-0.419388	0.304221	1.000000
41.000000	48.000000	-0.006445	0.009539	-0.067351	-0.006447	0.009534	-0.067338	-0.028347	0.009233	0.050610	1.074207	-0.309853	0.228157	1.000000
47.000000	64.000000	-0.005480	-0.005592	-0.082463	-0.005477	-0.005596	-0.082451	-0.062894	0.017498	-0.093005	0.247504	0.548946	0.683505	1.000000
52.000000	40.000000	0.006706	-0.001333	-0.083417	0.006655	-0.001329	-0.083418	-0.052676	0.000877	0.165516	1.776936	-1.992032	-1.835329	1.000000
46.000000	49.000000	-0.000381	-0.004575	-0.085992	-0.000362	-0.004592	-0.085990	-0.080655	0.070931	0.050996	-1.609004	-3.063919	-1.911442	1.000000
68.000000	51.000000	0.004461	0.011445	-0.076800	0.004500	0.011451	-0.076753	0.019564	0.119523	0.025144	1.249614	-2.420922	0.146426	1.000000
54.000000	53.000000	0.005461	-0.010406	-0.082308	0.005437	-0.010425	-0.082255	0.001407	0.076703	-0.023443	1.480289	0.254435	-2.958349	1.000000
0.000000	54.000000	-0.013756	0.011436	-0.074818	0.000000	0.000000	0.000000	0.000000	0.000000	0.000000	0.000000	0.000000	0.000000	0.000000
43.000000	13.000000	-0.010007	0.009981	-0.072454	-0.009997	0.009978	-0.072465	-0.094366	-0.096677	0.065057	2.290068	-3.225326	-2.147642	1.000000
60.000000	29.000000	-0.012186	-0.013046	-0.074923	-0.012182	-0.013034	-0.074905	-0.029426	0.049062	-0.028903	1.668318	-0.341015	-2.352558	1.000000
57.000000	42.000000	0.008527	0.000355	-0.082911	0.008434	0.000329	-0.082717	-0.048068	0.040844	0.067265	0.149180	-0.982236	0.757645	1.000000
58.000000	62.000000	-0.001641	0.014778	-0.075458	-0.001635	0.014772	-0.075460	0.086219	-0.127451	-0.029421	-1.950603	0.572452	-1.618320	1.000000
59.000000	56.000000	0.014486	0.002807	-0.066681	0.014490	0.002796	-0.066693	0.011856	0.097230	0.066310	0.825990	1.382329	0.050180	1.000000
24.000000	58.000000	0.009075	0.009848	-0.060868	0.009104	0.009839	-0.060894	0.015958	0.160720	-0.000536	-0.016457	-1.415324	2.598123	1.000000
29.000000	44.000000	0.006191	-0.011905	-0.081851	0.006162	-0.011860	-0.081927	0.076694	0.213917	0.060466	-6.010239	-9.189809	-9.081917	1.000000
56.000000	59.000000	0.006294	-0.006136	-0.085671	0.006294	-0.006151	-0.085670	-0.006205	0.115692	0.101178	0.542811	3.485146	0.720979	1.000000
61.000000	61.000000	-0.006284	0.011764	-0.067043	-0.006247	0.011764	-0.067042	-0.026728	0.034368	0.092631	1.025105	-0.103740	0.029013	1.000000
64.000000	55.000000	-0.011310	-0.014052	-0.076764	-0.011347	-0.014056	-0.076870	-0.015821	0.061209	0.024581	-0.626571	1.061978	-2.191603	1.000000
45.000000	57.000000	0.009288	-0.010546	-0.072365	0.009291	-0.010550	-0.072377	0.014845	-0.008774	-0.059083	18.839284	5.946428	-40.124996	1.000000
0.000000	-1.000000	0.011419	-0.016682	-0.074920	0.000000	0.000000	0.000000	0.000000	0.000000	0.000000	0.000000	0.000000	0.000000	0.000000
67.000000	60.000000	-0.015158	0.008082	-0.071280	-0.015143	0.008084	-0.071250	-0.032808	0.009172	0.034409	-0.773219	1.303825	-2.992074	1.000000
63.000000	63.000000	-0.011401	-0.013844	-0.080219	-0.011406	-0.013841	-0.080236	0.037413	-0.036833	0.008021	-0.495401	0.349944	1.351400	1.000000
0.000000	-1.000000	-0.006392	-0.005853	-0.072408	0.000000	0.000000	0.000000	0.000000	0.000000	0.000000	0.000000	0.000000	0.000000	0.000000
49.000000	52.000000	0.005824	-0.011520	-0.085332	0.005796	-0.011557	-0.085297	0.070434	0.121910	0.009845	-0.588108	0.882225	0.868428	1.000000
50.000000	-1.000000	-0.012683	0.006243	-0.060179	0.000000	0.000000	0.000000	0.000000	0.000000	0.000000	0.000000	0.000000	0.000000	0.000000
66.000000	65.000000	-0.011496	0.012580	-0.086151	-0.011497	0.012576	-0.086136	-0.123237	0.021610	0.032215	0.240079	0.109127	0.343254	1.000000
11.000000	39.000000	-0.001361	0.004009	-0.082622	-0.001357	0.003961	-0.082570	-0.114047	0.157875	-0.003601	1.189798	-4.167932	-2.515617	1.000000
69.000000	66.000000	-0.005173	0.012702	-0.061886	-0.005178	0.012706	-0.061895	-0.025006	0.049041	0.163790	-0.360364	0.636224	0.378134	1.000000
71.000000	67.000000	-0.014731	-0.007848	-0.076016	-0.014708	-0.007827	-0.076008	-0.031047	-0.040151	0.038924	1.645353	-0.195333	0.378904	1.000000
70.000000	-1.000000	0.011731	-0.016717	-0.074796	0.000000	0.000000	0.000000	0.000000	0.000000	0.000000	0.000000	0.000000	0.000000	0.000000
72.000000	68.000000	0.004564	-0.014846	-0.062627	0.004591	-0.014873	-0.062594	-0.102083	0.145478	0.020797	1.402018	-2.042899	-0.903645	1.000000
73.000000	69.000000	-0.000535	-0.014821	-0.063989	-0.000427	-0.014876	-0.063950	0.026550	0.039621	-0.074243	6.783975	0.122247	0.933735	1.000000
74.000000	70.000000	0.015493	-0.006385	-0.077808	0.015525	-0.006386	-0.077844	-0.037582	0.097121	0.152083	-0.163700	-2.534442	-0.819079	1.000000
