2.000000	6.000000	-0.000520	0.006081	-0.066744	-0.000516	0.006080	-0.066740	-0.054508	-0.027495	0.069057	1.207539	-0.032520	-1.976284	1.000000
4.000000	4.000000	0.012020	-0.007616	-0.067522	0.011981	-0.007629	-0.067507	0.021937	0.102345	0.043353	-2.416283	-2.199478	4.473803	1.000000
9.000000	9.000000	0.003598	-0.002679	-0.070402	0.003588	-0.002685	-0.070373	0.002281	-0.000615	-0.043177	-3.317372	2.100515	-0.416305	1.000000
8.000000	44.000000	-0.003648	0.002568	-0.064844	-0.003644	0.002568	-0.064837	0.005028	0.033631	0.034740	-0.161617	0.208231	0.391089	1.000000
33.000000	51.000000	0.005407	0.008188	-0.070634	0.005397	0.008149	-0.070594	-0.051338	0.019361	0.051566	2.447272	-1.938787	-1.221626	1.000000
14.000000	13.000000	0.005429	0.007339	-0.081520	0.005417	0.007335	-0.081537	-0.026245	0.019237	0.019216	1.566153	0.560566	0.073041	1.000000
1.000000	19.000000	0.004885	-0.006061	-0.080893	0.004888	-0.006050	-0.080895	-0.006272	0.086055	0.001920	0.624209	-0.372567	-0.684493	1.000000
31.000000	14.000000	0.010766	0.007970	-0.080249	0.010751	0.007954	-0.080240	0.050509	0.153274	0.061293	0.373986	-1.086436	-0.022683	1.000000
17.000000	11.000000	-0.007348	0.005106	-0.079983	-0.007343	0.005126	-0.080009	-0.127621	0.038230	0.067129	-0.104996	4.922092	1.289942	1.000000
12.000000	8.000000	0.010930	0.005583	-0.061264	0.010935	0.005552	-0.061302	0.102790	0.010654	-0.000786	-4.023567	-9.054931	5.085016	1.000000
40.000000	17.000000	-0.003490	-0.008138	-0.064585	-0.003487	-0.008156	-0.064613	-0.012536	0.083036	-0.088438	-0.401844	2.014232	6.665205	1.000000
13.000000	16.000000	-0.005570	-0.009174	-0.069432	-0.005561	-0.009174	-0.069419	-0.032380	0.035808	0.070244	1.594928	0.018648	0.399365	1.000000
15.000000	72.000000	-0.000134	-0.000371	-0.077563	-0.000138	-0.000366	-0.077583	0.025255	0.066714	0.002473	-1.761092	-0.586310	0.770342	1.000000
18.000000	27.000000	0.009299	-0.012965	-0.083067	0.009311	-0.012943	-0.083037	0.050674	0.030440	0.131028	2.559816	0.383815	0.308962	1.000000
20.000000	20.000000	-0.010134	-0.001065	-0.071462	-0.010140	-0.001071	-0.071482	-0.055753	-0.030086	0.002179	1.987035	1.553954	0.007630	1.000000
16.000000	24.000000	0.005909	0.005461	-0.078516	0.005914	0.005453	-0.078506	0.010071	0.138461	0.061878	-0.390598	-1.573464	0.761115	1.000000
19.000000	23.000000	-0.001249	-0.006255	-0.077371	-0.001251	-0.006262	-0.077378	-0.015050	-0.003594	-0.038722	-1.052379	-0.063159	0.968729	1.000000
47.000000	15.000000	-0.006594	0.001390	-0.079330	-0.006601	0.001387	-0.079353	-0.027192	0.089313	-0.014688	-0.613800	-0.411349	0.896015	1.000000
29.000000	26.000000	0.010215	0.001397	-0.080140	0.010223	0.001405	-0.080106	0.045656	0.161071	0.034608	-0.140041	0.918029	-0.168400	1.000000
10.000000	35.000000	0.005428	0.005752	-0.073308	0.005384	0.005738	-0.073340	-0.002785	-0.022208	0.063111	0.447584	-0.968751	-0.645576	1.000000
11.000000	10.000000	0.007505	-0.006279	-0.064663	0.007514	-0.006280	-0.064621	-0.089247	0.175783	-0.097855	1.759376	0.023180	2.009993	1.000000
30.000000	28.000000	0.006202	0.010015	-0.071242	0.006220	0.010022	-0.071274	-0.040325	0.072870	0.065285	-0.021728	-1.377372	-1.446803	1.000000
71.000000	21.000000	-0.007425	-0.001260	-0.069237	-0.007425	-0.001260	-0.069237	0.004500	-0.002083	-0.010417	0.500000	4.750000	-1.750000	1.000000
41.000000	29.000000	-0.004443	0.006882	-0.082922	-0.004460	0.006882	-0.082912	-0.086904	-0.017188	-0.006926	0.965757	1.229606	1.171446	1.000000
24.000000	12.000000	0.011466	0.006133	-0.080024	0.011472	0.006152	-0.080003	0.046764	0.191898	0.061242	1.279161	-0.724085	-0.205541	1.000000
26.000000	25.000000	-0.006400	-0.003439	-0.074518	-0.006405	-0.003443	-0.074505	-0.066882	0.030501	0.008190	0.578256	0.535179	2.784600	1.000000
7.000000	1.000000	0.001287	-0.003267	-0.067815	0.001356	-0.003257	-0.067759	-0.137321	0.042193	-0.044731	-3.181320	1.989049	-0.883258	1.000000
36.000000	22.000000	0.006042	-0.011216	-0.069493	0.006029	-0.011197	-0.069473	0.009023	0.059684	-0.020933	-2.296546	1.899551	1.739294	1.000000
27.000000	30.000000	-0.008757	0.003805	-0.081731	-0.008751	0.003800	-0.081736	-0.095149	-0.042591	0.056416	0.144594	0.540724	-2.455860	1.000000
25.000000	18.000000	-0.005627	-0.003285	-0.076503	-0.005606	-0.003306	-0.076497	-0.053006	0.051910	-0.056061	-0.275929	0.677643	1.213305	1.000000
5.000000	2.000000	0.003247	0.001410	-0.073078	0.003233	0.001376	-0.073119	0.008734	-0.023347	0.059899	0.215905	0.592967	-1.913311	1.000000
6.000000	5.000000	0.004607	-0.003643	-0.062307	0.004651	-0.003625	-0.062323	0.015250	0.105673	-0.004121	1.502816	0.537386	1.610806	1.000000
46.000000	7.000000	0.000336	0.004193	-0.070737	0.000319	0.004203	-0.070789	-0.016918	0.032121	-0.017828	1.462621	-0.747957	-0.313769	1.000000
35.000000	-1.000000	-0.004019	-0.001433	-0.064854	0.000000	0.000000	0.000000	0.000000	0.000000	0.000000	0.000000	0.000000	0.000000	0.000000
32.000000	32.000000	-0.000470	-0.005575	-0.082141	-0.000457	-0.005565	-0.082117	-0.032404	0.089169	0.033594	-0.254388	0.453657	-2.009083	1.000000
37.000000	34.000000	0.011497	-0.001425	-0.081309	0.011454	-0.001383	-0.081291	0.047673	0.129086	-0.011500	-1.852655	1.560715	-3.999643	1.000000
51.000000	46.000000	0.000077	0.006706	-0.084227	0.000069	0.006714	-0.084272	0.047445	0.130389	0.060633	-2.050923	0.407694	-1.720341	1.000000
43.000000	42.000000	0.002590	-0.009877	-0.084089	0.002597	-0.009870	-0.084071	0.016882	0.060561	0.031175	-0.778820	-0.813538	1.266665	1.000000
49.000000	41.000000	-0.013097	0.011126	-0.072701	-0.013109	0.011118	-0.072705	-0.055325	-0.020365	-0.038009	-0.925836	1.118778	1.397163	1.000000
42.000000	69.000000	0.011146	-0.013272	-0.073533	0.011100	-0.013244	-0.073533	0.028141	0.000982	-0.019976	2.492008	0.004496	-3.433316	1.000000
63.000000	88.000000	0.005833	0.008485	-0.074707	0.005833	0.008543	-0.074727	0.051721	0.029011	0.109984	-1.502511	0.742243	2.212450	1.000000
52.000000	39.000000	-0.000362	-0.010462	-0.068922	-0.000358	-0.010456	-0.068911	0.016318	-0.048898	-0.078808	-1.720556	-1.429188	0.683245	1.000000
48.000000	48.000000	-0.013172	-0.002841	-0.066625	-0.013146	-0.002833	-0.066591	-0.017872	-0.066243	0.035322	1.294719	2.305655	0.398727	1.000000
56.000000	45.000000	0.004168	-0.010411	-0.084519	0.004150	-0.010417	-0.084500	0.034881	0.064649	0.025214	1.711320	-0.439397	-3.306365	1.000000
54.000000	49.000000	-0.005993	-0.004339	-0.085097	-0.005963	-0.004353	-0.085100	0.000853	0.027859	0.042212	0.317365	-0.589728	0.874877	1.000000
38.000000	47.000000	-0.009656	-0.007616	-0.062067	-0.009638	-0.007540	-0.062217	0.064542	-0.053452	-0.054471	-0.329846	1.605137	0.065344	1.000000
78.000000	52.000000	0.006398	0.010302	-0.068494	0.006440	0.010310	-0.068505	-0.062681	0.062656	0.088994	0.523054	0.777579	1.820871	1.000000
45.000000	78.000000	-0.012413	0.003461	-0.064489	-0.012438	0.003462	-0.064472	0.007227	-0.020639	0.033312	-0.817456	0.741879	2.724507	1.000000
44.000000	43.000000	-0.010673	0.008257	-0.074824	-0.010593	0.008244	-0.074797	-0.048242	-0.059621	-0.004273	0.198078	1.788248	-0.205366	1.000000
53.000000	56.000000	-0.001562	-0.010808	-0.060818	-0.001569	-0.010786	-0.060856	-0.049617	0.064474	-0.063751	-1.362616	-0.320885	-1.718847	1.000000
62.000000	57.000000	0.005101	0.008917	-0.078435	0.005102	0.008927	-0.078417	0.044151	0.107719	0.023167	3.038764	-0.324432	-1.276509	1.000000
3.000000	58.000000	-0.002078	0.006013	-0.071248	-0.002110	0.006072	-0.071289	0.017934	-0.132339	0.066536	-1.991523	3.759398	0.821874	1.000000
64.000000	68.000000	0.005380	-0.003350	-0.060789	0.005387	-0.003341	-0.060804	-0.033699	0.125294	-0.033469	1.479296	0.288571	0.375000	1.000000
22.000000	63.000000	-0.007227	-0.010460	-0.068796	-0.007215	-0.010446	-0.068804	0.025161	0.006351	0.035785	-0.350584	-0.393032	0.789418	1.000000
34.000000	60.000000	-0.012169	-0.008883	-0.075997	-0.012156	-0.008862	-0.076036	0.010359	0.022977	0.018962	-1.832675	-0.153391	5.753096	1.000000
65.000000	62.000000	0.013422	0.008422	-0.076518	0.013406	0.008402	-0.076520	0.005587	0.180808	0.121171	1.449524	-1.318365	0.298124	1.000000
50.000000	37.000000	-0.009213	-0.004258	-0.079213	-0.009181	-0.004224	-0.079276	-0.087378	0.006991	0.003696	0.620992	0.362024	-1.694077	1.000000
21.000000	59.000000	-0.010064	-0.010102	-0.073437	-0.010071	-0.010093	-0.073407	0.045479	0.009056	-0.012476	-1.029188	0.317855	-1.723179	1.000000
39.000000	64.000000	0.006351	-0.008648	-0.082281	0.006370	-0.008622	-0.082301	0.045320	0.098111	0.083583	-1.436491	0.047498	0.756464	1.000000
66.000000	36.000000	-0.012913	-0.009456	-0.075887	-0.012922	-0.009445	-0.075899	0.004456	0.025613	0.036702	-0.102738	0.044939	-0.395649	1.000000
67.000000	31.000000	0.005601	0.008807	-0.084084	0.005594	0.008816	-0.084072	-0.012133	0.102095	0.039102	0.437858	-1.067097	-1.883161	1.000000
70.000000	67.000000	-0.013997	-0.013827	-0.076134	-0.013982	-0.013845	-0.076145	0.022605	-0.045592	0.024571	-0.346385	-1.255327	-1.093792	1.000000
68.000000	66.000000	-0.002959	-0.001572	-0.065941	-0.002966	-0.001556	-0.065925	-0.047459	0.036687	-0.012920	0.186202	-0.782304	1.459152	1.000000
69.000000	76.000000	0.001270	-0.010483	-0.084532	0.001296	-0.010464	-0.084527	0.052091	0.106226	0.100708	-1.106927	-1.901193	0.185689	1.000000
55.000000	40.000000	-0.012774	-0.006319	-0.064003	-0.012792	-0.006284	-0.064056	-0.041155	0.006094	0.030030	0.460794	-0.302074	-1.246003	1.000000
81.000000	74.000000	0.005769	0.010171	-0.070211	0.005774	0.010165	-0.070186	-0.019430	0.084123	0.089502	0.764280	0.865553	-0.375851	1.000000
75.000000	75.000000	-0.014750	0.002195	-0.072670	-0.014732	0.002192	-0.072651	-0.087318	-0.053406	0.001880	0.591815	0.226938	0.877641	1.000000
72.000000	73.000000	0.013510	-0.012970	-0.068718	0.013523	-0.012988	-0.068689	-0.038682	0.088532	-0.036841	1.297683	-0.303583	-1.050462	1.000000
91.000000	50.000000	-0.014886	0.002193	-0.063920	-0.014880	0.002164	-0.063888	0.091198	-0.018414	0.007173	-1.942227	-1.303140	0.281674	1.000000
80.000000	71.000000	0.011049	-0.000092	-0.081792	0.011047	-0.000091	-0.081768	0.056772	0.239642	-0.008029	0.532917	0.660592	-4.142908	1.000000
58.000000	53.000000	0.005906	-0.008083	-0.082684	0.005914	-0.008121	-0.082691	0.057192	0.125735	0.063787	-2.118421	1.531153	4.831591	1.000000
59.000000	55.000000	0.009496	-0.010701	-0.070655	0.009496	-0.010720	-0.070668	-0.032306	0.021949	0.031283	-0.372708	0.487147	-0.325054	1.000000
77.000000	84.000000	0.013690	0.005719	-0.064500	0.013666	0.005727	-0.064475	0.008168	0.119436	0.113955	0.984286	-0.261850	-0.965675	1.000000
83.000000	54.000000	0.010268	0.010209	-0.085208	0.010255	0.010206	-0.085146	0.021828	0.183542	0.021674	-1.088699	-0.226426	-1.347760	1.000000
76.000000	61.000000	0.006180	-0.007781	-0.084432	0.006144	-0.007808	-0.084599	-0.010178	0.108855	0.052625	-3.684344	-2.958386	-1.156453	1.000000
92.000000	86.000000	0.010486	0.013077	-0.079909	0.010495	0.013047	-0.079977	-0.000367	0.042250	0.150316	-2.805195	2.647186	9.667748	1.000000
82.000000	85.000000	0.012508	0.004536	-0.060645	0.012541	0.004535	-0.060648	0.020423	0.030024	0.072540	-18.651597	5.624875	9.857392	1.000000
61.000000	77.000000	0.009530	0.000648	-0.085061	0.009531	0.000629	-0.085055	0.014766	0.216270	-0.002484	2.255676	-2.101355	-2.010037	1.000000
74.000000	83.000000	-0.004527	0.010942	-0.085705	-0.004671	0.011042	-0.085912	-0.087754	0.023140	-0.009944	-0.149068	0.334430	-1.778381	1.000000
60.000000	82.000000	0.002244	-0.007308	-0.085420	0.002258	-0.007268	-0.085415	0.043621	0.106354	0.029805	-0.770691	0.849839	-0.569720	1.000000
57.000000	80.000000	0.003884	-0.005753	-0.086241	0.003838	-0.005727	-0.086337	-0.037959	0.178352	0.006646	2.800116	-0.559732	-4.496212	1.000000
28.000000	33.000000	0.002933	0.002835	-0.070875	0.002942	0.002836	-0.070890	-0.042468	-0.028790	0.053237	-0.339141	0.411558	-2.906550	1.000000
23.000000	38.000000	0.003074	0.005631	-0.067096	0.003070	0.005606	-0.067097	-0.087245	0.031404	0.064113	1.239205	0.327469	-1.446328	1.000000
84.000000	90.000000	-0.001107	0.006627	-0.068338	-0.001083	0.006660	-0.068409	-0.092128	0.013348	0.060065	-0.696521	0.837633	0.327476	1.000000
85.000000	91.000000	0.012448	0.009774	-0.060096	0.012464	0.009765	-0.060122	0.037493	0.134472	0.031427	1.548202	-0.707792	2.773726	1.000000
88.000000	-1.000000	0.013861	0.013680	-0.079339	0.000000	0.000000	0.000000	0.000000	0.000000	0.000000	0.000000	0.000000	0.000000	0.000000
79.000000	89.000000	0.010316	-0.014986	-0.072617	0.010326	-0.015018	-0.072631	-0.009676	0.016476	-0.026461	-0.026658	0.342462	-0.261323	1.000000
86.000000	-1.000000	-0.012204	-0.004358	-0.080704	0.000000	0.000000	0.000000	0.000000	0.000000	0.000000	0.000000	0.000000	0.000000	0.000000
87.000000	79.000000	-0.005940	-0.015697	-0.072571	-0.005965	-0.015707	-0.072533	0.004360	-0.003979	0.070634	-0.975950	-0.910318	0.560563	1.000000
89.000000	-1.000000	0.011111	0.006260	-0.081125	0.000000	0.000000	0.000000	0.000000	0.000000	0.000000	0.000000	0.000000	0.000000	0.000000
90.000000	92.000000	0.016490	-0.001831	-0.063366	0.016492	-0.001829	-0.063350	0.102528	0.047566	0.059727	0.908600	1.692146	-0.195284	1.000000
93.000000	70.000000	0.007907	-0.014326	-0.083734	0.007894	-0.014349	-0.083767	-0.006810	0.093894	0.142003	-0.694252	-0.813834	1.153817	1.000000
94.000000	81.000000	0.013408	0.009793	-0.079061	0.013416	0.009793	-0.079055	-0.056816	0.244471	0.062750	-4.249861	0.874181	-1.420385	1.000000
95.000000	93.000000	-0.007428	-0.016560	-0.072834	-0.007435	-0.016560	-0.072827	0.018297	0.065674	-0.020202	0.676823	-1.054196	1.406094	1.000000
96.000000	94.000000	0.012409	-0.009400	-0.085050	0.012339	-0.009327	-0.085037	0.003798	0.101166	0.065167	-1.391938	2.389396	-0.840071	1.000000
