3.000000	2.000000	0.003596	-0.005217	-0.064987	0.003623	-0.005217	-0.065032	-0.074735	0.186184	-0.062611	3.661119	-4.739814	-2.960727	1.000000
4.000000	3.000000	-0.006400	-0.000051	-0.069463	-0.006407	-0.000054	-0.069449	-0.098365	-0.021331	-0.020515	3.373271	-3.159574	2.157854	1.000000
7.000000	4.000000	0.001707	0.008728	-0.078252	0.001691	0.008712	-0.078203	0.050967	-0.042820	0.028601	2.585701	1.712762	3.685436	1.000000
2.000000	5.000000	0.004143	0.002006	-0.078041	0.004139	0.001990	-0.078018	-0.046711	0.041951	0.112958	0.630531	-2.953557	-0.237414	1.000000
10.000000	17.000000	-0.000426	-0.005622	-0.063628	-0.000414	-0.005618	-0.063648	-0.032869	0.104598	-0.049068	0.560329	-0.165547	-1.145071	1.000000
39.000000	12.000000	0.000099	0.008433	-0.082419	0.000115	0.008433	-0.082394	-0.034294	-0.031269	-0.004060	-4.701547	-1.191607	-2.930027	1.000000
14.000000	14.000000	-0.001350	-0.006381	-0.073735	-0.001352	-0.006374	-0.073723	0.001046	-0.004833	-0.092008	0.316696	0.608918	0.411684	1.000000
6.000000	16.000000	0.001908	0.003102	-0.070407	0.001928	0.003110	-0.070404	-0.057986	-0.014343	0.033709	2.421766	-1.216663	-4.446997	1.000000
1.000000	1.000000	-0.001521	0.002437	-0.063143	-0.001564	0.002437	-0.063069	0.101972	0.031349	0.060758	0.882797	2.209092	-0.694084	1.000000
17.000000	30.000000	-0.008327	-0.009704	-0.070740	-0.008352	-0.009722	-0.070744	-0.008631	-0.029390	0.054210	1.162152	-2.298181	-3.072884	1.000000
22.000000	13.000000	-0.004846	-0.003196	-0.077637	-0.004845	-0.003192	-0.077640	-0.050880	0.067215	-0.033606	0.352618	1.019503	-0.293939	1.000000
16.000000	15.000000	0.008295	-0.001235	-0.082634	0.008296	-0.001237	-0.082649	0.039285	0.177299	0.044196	0.557602	0.666535	-0.777928	1.000000
15.000000	8.000000	0.014403	-0.003098	-0.067857	0.014401	-0.003098	-0.067859	-0.011602	0.016816	0.118995	0.608644	-0.212770	-0.914418	1.000000
11.000000	6.000000	0.001747	-0.001143	-0.068618	0.001777	-0.001143	-0.068628	-0.042664	-0.033893	0.014826	5.316918	-1.004339	-3.246939	1.000000
5.000000	25.000000	0.009878	0.004143	-0.073717	0.009867	0.004129	-0.073673	-0.087106	0.101797	0.052702	-0.066121	1.927822	-2.356581	1.000000
37.000000	34.000000	-0.001981	-0.002217	-0.075462	-0.001983	-0.002224	-0.075464	0.010289	-0.037447	-0.070498	-0.359773	2.166164	-1.779436	1.000000
26.000000	68.000000	0.007921	-0.004634	-0.081447	0.007899	-0.004648	-0.081476	0.050414	0.094126	0.027266	0.260974	0.822892	0.432234	1.000000
13.000000	7.000000	-0.004654	-0.003382	-0.067361	-0.004668	-0.003391	-0.067377	0.018665	0.052205	0.028458	-2.212168	1.613094	0.358020	1.000000
53.000000	18.000000	0.010019	0.001409	-0.059911	0.010013	0.001415	-0.059907	0.030923	0.188430	-0.024176	4.281218	0.306194	-1.092907	1.000000
24.000000	36.000000	-0.003709	0.000886	-0.066757	-0.003748	0.000889	-0.066768	-0.001630	0.027177	0.038658	1.074742	0.518544	0.112098	1.000000
21.000000	19.000000	-0.003899	-0.010306	-0.071861	-0.003893	-0.010287	-0.071844	-0.019556	-0.025439	0.016336	0.447272	2.091540	1.378146	1.000000
43.000000	71.000000	0.007843	0.005927	-0.075262	0.007829	0.005911	-0.075288	-0.050731	0.096119	0.113134	-0.123050	-0.565433	-0.523507	1.000000
20.000000	24.000000	-0.012426	-0.010169	-0.076761	-0.012428	-0.010180	-0.076727	-0.000121	0.030397	0.001510	0.099587	-0.195905	0.280722	1.000000
25.000000	67.000000	-0.007698	0.002560	-0.072598	-0.007703	0.002590	-0.072607	-0.032401	-0.051343	0.034500	2.136066	-0.755988	-0.611608	1.000000
28.000000	23.000000	0.008309	0.004555	-0.083544	0.008275	0.004560	-0.083548	-0.069733	0.102216	0.059808	-0.292780	-0.796576	-0.894499	1.000000
29.000000	26.000000	0.009108	0.007066	-0.070472	0.009129	0.007052	-0.070481	-0.037201	0.067840	0.002603	-0.769837	-0.093294	0.645591	1.000000
12.000000	11.000000	0.002813	0.006345	-0.071249	0.002797	0.006353	-0.071222	-0.054714	0.029448	0.087157	-0.524518	-1.244249	0.061458	1.000000
36.000000	27.000000	0.005330	-0.002294	-0.080358	0.005301	-0.002295	-0.080371	0.014378	0.113468	-0.000155	-0.002355	4.350664	2.218060	1.000000
33.000000	20.000000	0.009739	-0.001770	-0.083550	0.009711	-0.001782	-0.083525	0.030010	0.118026	0.040019	-0.413407	0.748707	1.148132	1.000000
54.000000	32.000000	0.005134	-0.011946	-0.081632	0.005133	-0.011979	-0.081625	0.016612	0.115547	0.034344	-0.508551	0.288998	-0.896030	1.000000
27.000000	38.000000	0.009477	-0.013124	-0.072991	0.009496	-0.013126	-0.073009	0.041287	-0.008140	-0.020280	-0.307283	0.146386	1.262415	1.000000
40.000000	31.000000	0.011228	0.012225	-0.069757	0.011220	0.012220	-0.069785	0.062815	0.011849	0.053183	0.438334	1.128926	-0.178958	1.000000
30.000000	29.000000	-0.010832	0.005585	-0.066458	-0.010829	0.005626	-0.066467	-0.014217	-0.105433	0.041648	-4.550714	1.469657	0.590872	1.000000
31.000000	33.000000	-0.009301	0.012591	-0.075967	-0.009296	0.012572	-0.075974	0.002371	-0.098335	0.039232	-0.333145	0.946878	-0.612760	1.000000
35.000000	28.000000	-0.000930	-0.009176	-0.064728	-0.000939	-0.009171	-0.064674	-0.036065	0.003752	-0.027530	2.653169	-2.376757	-1.709241	1.000000
9.000000	10.000000	0.006473	0.004822	-0.078452	0.006514	0.004795	-0.078555	-0.030581	0.052684	0.126116	0.397672	-0.138288	0.872166	1.000000
18.000000	21.000000	0.003627	0.003265	-0.076374	0.003647	0.003263	-0.076347	-0.032674	0.017355	0.102832	2.921416	-1.306146	0.491924	1.000000
23.000000	35.000000	0.001002	0.007605	-0.071753	0.001021	0.007582	-0.071709	0.018065	-0.047628	0.096356	-0.962651	-0.129201	0.069036	1.000000
38.000000	41.000000	-0.011500	0.004853	-0.071568	-0.011529	0.004823	-0.071586	-0.037596	-0.053182	-0.021240	-4.634865	-3.951049	-3.927572	1.000000
46.000000	40.000000	-0.005575	-0.004922	-0.085630	-0.005564	-0.004924	-0.085650	-0.023335	-0.018843	-0.000203	1.335240	0.220943	-0.461566	1.000000
45.000000	42.000000	-0.000054	-0.010431	-0.085660	-0.000057	-0.010442	-0.085640	0.029883	0.095304	0.082337	-0.194917	1.567660	0.815338	1.000000
48.000000	44.000000	0.007884	-0.010776	-0.083151	0.007877	-0.010804	-0.083154	0.069549	0.169734	0.083539	0.832633	1.771412	-4.158829	1.000000
68.000000	46.000000	0.006595	-0.009677	-0.085447	0.006579	-0.009680	-0.085389	0.068090	0.199242	0.109983	1.796458	0.156377	-0.716522	1.000000
49.000000	47.000000	-0.005307	-0.005020	-0.081415	-0.005286	-0.004992	-0.081422	-0.088413	0.014984	0.045832	1.008009	2.061131	0.584074	1.000000
50.000000	48.000000	0.012551	0.007138	-0.080705	0.012548	0.007150	-0.080685	0.011217	0.145324	0.066567	-0.503247	-0.673576	-3.649850	1.000000
19.000000	50.000000	-0.010013	-0.007441	-0.066920	-0.010026	-0.007460	-0.066884	-0.065525	0.051956	0.058246	-0.004621	-1.238529	-0.110338	1.000000
8.000000	53.000000	-0.002746	0.004910	-0.079705	-0.002745	0.004915	-0.079661	-0.063524	0.051644	-0.008978	-0.347759	-2.392151	-1.241835	1.000000
51.000000	51.000000	-0.006720	0.009320	-0.061410	-0.006722	0.009315	-0.061419	-0.004325	-0.007360	0.134938	1.429729	1.442804	0.908882	1.000000
52.000000	60.000000	-0.013948	-0.013038	-0.078204	-0.013943	-0.013045	-0.078177	-0.020644	0.013860	0.044539	-0.177375	-0.497452	0.271100	1.000000
62.000000	55.000000	-0.002731	-0.003865	-0.071925	-0.002728	-0.003818	-0.071948	-0.050192	-0.031832	-0.092035	0.393033	0.324088	-1.230751	1.000000
32.000000	37.000000	-0.012369	0.000459	-0.068398	-0.012332	0.000513	-0.068474	-0.037064	-0.064300	0.052612	-0.519874	1.578702	-1.408667	1.000000
58.000000	22.000000	0.008968	-0.004021	-0.083944	0.008949	-0.004053	-0.083994	0.063366	0.191894	0.088766	-0.235356	-0.393132	-0.928371	1.000000
34.000000	57.000000	0.010115	-0.010905	-0.072051	0.010122	-0.010899	-0.072048	0.015208	-0.004636	0.010402	-1.083383	-0.234643	0.650636	1.000000
59.000000	56.000000	-0.014151	0.006073	-0.074497	-0.014175	0.006072	-0.074467	-0.074323	-0.049199	-0.012634	-2.756753	-0.763217	3.026709	1.000000
57.000000	52.000000	0.010305	0.010779	-0.063985	0.010271	0.010773	-0.064004	0.027754	0.062903	-0.050958	1.190221	-1.115308	-0.316859	1.000000
41.000000	70.000000	-0.013292	-0.010142	-0.073757	-0.013279	-0.010160	-0.073726	0.047268	-0.017526	0.015290	0.927847	0.484916	0.591708	1.000000
42.000000	39.000000	0.011807	-0.006666	-0.075554	0.011767	-0.006686	-0.075583	0.086517	0.073093	0.020622	0.447859	1.414106	0.648875	1.000000
76.000000	58.000000	0.014677	-0.002203	-0.072988	0.014686	-0.002195	-0.073006	-0.035771	0.203378	0.201380	0.442376	-0.901527	-0.448579	1.000000
60.000000	73.000000	0.002420	-0.013594	-0.083007	0.002470	-0.013586	-0.083082	0.062874	0.080723	-0.003385	1.576114	1.606772	0.078598	1.000000
44.000000	45.000000	-0.014074	-0.003741	-0.065064	-0.014105	-0.003711	-0.065093	-0.059261	-0.034514	0.060479	-1.386839	0.291933	0.117916	1.000000
61.000000	74.000000	-0.013917	0.006418	-0.078670	-0.013910	0.006403	-0.078639	-0.095805	-0.016620	0.067641	4.378757	-1.057558	2.781553	1.000000
77.000000	59.000000	-0.009754	0.014928	-0.069672	-0.009692	0.014918	-0.069694	-0.103802	-0.118886	-0.024580	-0.537399	2.222736	-3.036298	1.000000
69.000000	63.000000	-0.014820	-0.009691	-0.064204	-0.014820	-0.009674	-0.064177	0.046408	-0.061045	0.021976	-0.637404	0.589839	0.489829	1.000000
63.000000	62.000000	-0.001356	0.010226	-0.086715	-0.001351	0.010241	-0.086739	-0.037668	-0.006837	0.002990	-1.903236	1.619357	1.218238	1.000000
65.000000	61.000000	0.002013	-0.013614	-0.085364	0.002005	-0.013587	-0.085439	0.062009	0.033414	-0.030836	-0.532311	1.343643	1.562327	1.000000
66.000000	64.000000	0.001097	-0.013831	-0.085106	0.001088	-0.013839	-0.085083	0.028245	0.083315	0.027479	3.889610	2.053030	-4.708874	1.000000
47.000000	43.000000	-0.002278	0.003529	-0.086229	-0.002291	0.003539	-0.086232	-0.043965	-0.054073	0.008143	4.389142	2.782140	0.015937	1.000000
70.000000	65.000000	0.010532	-0.010667	-0.086671	0.010553	-0.010676	-0.086673	-0.015659	0.212011	0.021535	-1.573273	0.173144	0.392601	1.000000
56.000000	72.000000	-0.002864	-0.004046	-0.071404	-0.002862	-0.004067	-0.071439	-0.050485	0.011058	-0.096849	-1.709041	-1.779221	-0.038462	1.000000
55.000000	-1.000000	-0.012884	-0.010273	-0.078414	0.000000	0.000000	0.000000	0.000000	0.000000	0.000000	0.000000	0.000000	0.000000	0.000000
71.000000	76.000000	-0.014260	-0.011569	-0.065294	-0.014244	-0.011550	-0.065346	0.035067	-0.073672	0.005267	-0.471299	0.269362	-1.219048	1.000000
67.000000	75.000000	0.009167	0.003374	-0.072006	0.009158	0.003381	-0.072003	-0.111235	0.079105	0.093471	-1.818256	-1.648593	0.292356	1.000000
72.000000	77.000000	0.012834	-0.001471	-0.082131	0.012837	-0.001457	-0.082149	0.025087	0.196017	0.100526	-0.698520	0.130806	-0.005030	1.000000
73.000000	49.000000	0.009615	0.004595	-0.074464	0.009640	0.004622	-0.074412	-0.080818	0.129946	0.058059	-0.260357	-0.815708	-0.693936	1.000000
74.000000	78.000000	-0.016685	0.011334	-0.070785	-0.016694	0.011345	-0.070807	-0.045832	0.092733	-0.032751	0.109141	2.458791	1.060939	1.000000
75.000000	-1.000000	-0.007826	0.013324	-0.060043	0.000000	0.000000	0.000000	0.000000	0.000000	0.000000	0.000000	0.000000	0.000000	0.000000
0.000000	9.000000	-0.004095	0.006136	-0.082879	0.000000	0.000000	0.000000	0.000000	0.000000	0.000000	0.000000	0.000000	0.000000	0.000000
0.000000	66.000000	-0.002934	-0.010957	-0.060381	0.000000	0.000000	0.000000	0.000000	0.000000	0.000000	0.000000	0.000000	0.000000	0.000000
78.000000	80.000000	0.010239	-0.014239	-0.065338	0.010233	-0.014239	-0.065370	0.025345	0.091124	-0.106867	6.642225	2.949543	1.195415	1.000000
79.000000	81.000000	-0.007028	-0.016404	-0.074942	-0.007020	-0.016409	-0.074958	0.019949	0.032171	0.017473	1.001545	-0.872938	0.251114	1.000000
