1.000000	1.000000	0.007536	-0.006464	-0.060417	0.007565	-0.006456	-0.060420	-0.039448	0.168501	0.043039	4.067415	-2.760158	-0.398359	1.000000
3.000000	6.000000	0.012158	-0.008090	-0.065982	0.012154	-0.008128	-0.065979	0.047204	0.044552	-0.004029	0.961538	-0.682068	-2.216533	1.000000
2.000000	2.000000	-0.006359	0.005243	-0.068644	-0.006315	0.005246	-0.068631	-0.130659	0.020649	0.069845	1.768425	-1.381118	0.111081	1.000000
12.000000	3.000000	0.002310	0.001310	-0.074206	0.002313	0.001301	-0.074213	-0.001751	0.006205	0.068943	0.089267	-1.072989	-0.666974	1.000000
4.000000	16.000000	-0.000386	-0.002397	-0.070057	-0.000403	-0.002396	-0.070090	-0.089606	0.002406	-0.063406	3.356593	-1.892173	0.989004	1.000000
6.000000	33.000000	-0.004762	0.005859	-0.070215	-0.004789	0.005855	-0.070230	-0.110950	0.004562	0.059662	-1.688561	-3.988761	1.602897	1.000000
7.000000	13.000000	0.000509	-0.006769	-0.072172	0.000487	-0.006749	-0.072150	-0.054822	-0.051726	-0.089849	2.265884	2.072327	-0.468729	1.000000
22.000000	21.000000	0.008587	-0.011344	-0.073761	0.008583	-0.011339	-0.073758	0.051004	0.019306	0.036614	0.842982	-1.852135	0.211418	1.000000
8.000000	10.000000	0.004546	-0.010213	-0.080666	0.004546	-0.010209	-0.080661	-0.014045	0.085450	0.042938	-0.903407	-0.291755	-0.514830	1.000000
10.000000	23.000000	-0.002689	-0.008589	-0.065010	-0.002676	-0.008586	-0.065029	0.012949	0.005824	-0.111878	0.702242	1.143830	0.638563	1.000000
14.000000	15.000000	-0.000442	-0.008365	-0.072327	-0.000456	-0.008370	-0.072321	-0.057711	-0.076020	-0.079072	-0.077461	2.132084	-0.584200	1.000000
29.000000	12.000000	0.012431	-0.000605	-0.069844	0.012441	-0.000607	-0.069830	-0.019807	0.011099	-0.054498	3.487332	-0.537505	2.816792	1.000000
13.000000	4.000000	0.007536	0.006838	-0.065808	0.007537	0.006839	-0.065837	-0.000654	0.061868	-0.166147	-0.643437	0.943119	2.351489	1.000000
15.000000	20.000000	-0.007549	-0.009200	-0.079003	-0.007563	-0.009215	-0.078961	-0.032931	-0.013933	0.058776	-0.257809	-0.274391	0.415562	1.000000
11.000000	19.000000	0.005662	-0.003673	-0.074234	0.005656	-0.003681	-0.074241	-0.001886	0.047308	0.052866	-1.967711	-1.185533	1.253522	1.000000
21.000000	9.000000	0.009226	0.000069	-0.080583	0.009186	0.000074	-0.080633	0.038468	0.026638	-0.001723	-2.331941	-1.090352	-2.570596	1.000000
18.000000	17.000000	-0.008214	0.000982	-0.081201	-0.008224	0.001016	-0.081169	-0.120996	0.005240	0.003614	-1.108740	-0.301227	0.109149	1.000000
52.000000	18.000000	0.011324	0.007535	-0.082146	0.011285	0.007524	-0.082149	-0.117902	0.111311	-0.141556	-2.715880	2.282250	-0.461107	1.000000
30.000000	25.000000	-0.007913	0.000290	-0.071874	-0.007916	0.000278	-0.071856	-0.055139	0.090167	0.091166	0.216685	-1.533359	1.058672	1.000000
20.000000	11.000000	0.001061	0.000086	-0.074608	0.001075	0.000045	-0.074650	0.005185	0.005948	0.044931	-2.290224	-0.594349	1.244547	1.000000
27.000000	26.000000	-0.008581	0.007568	-0.064499	-0.008572	0.007569	-0.064491	-0.117757	0.061456	0.104639	1.489101	-1.272348	0.654633	1.000000
17.000000	28.000000	0.005020	0.006116	-0.077726	0.005008	0.006099	-0.077726	-0.060188	0.026303	0.032063	1.277958	-1.810722	-1.138748	1.000000
23.000000	24.000000	-0.003420	0.011728	-0.076349	-0.003419	0.011746	-0.076352	-0.046706	0.020211	0.027061	0.243135	-0.341147	-1.205333	1.000000
24.000000	29.000000	-0.009789	0.007268	-0.071291	-0.009778	0.007253	-0.071292	-0.071513	0.009464	0.075204	0.573539	-2.452391	0.405369	1.000000
9.000000	27.000000	0.010742	0.001117	-0.066575	0.010744	0.001107	-0.066547	-0.033380	0.043570	-0.092425	-0.684092	-0.168623	-0.844847	1.000000
38.000000	31.000000	0.015290	-0.003230	-0.069144	0.015282	-0.003227	-0.069123	0.001394	-0.022738	0.095824	1.998330	1.974955	0.659959	1.000000
25.000000	14.000000	0.004525	-0.001607	-0.082982	0.004532	-0.001591	-0.082987	-0.051980	0.045059	0.015017	-0.001404	0.759346	2.563843	1.000000
28.000000	32.000000	-0.012569	0.007991	-0.073994	-0.012578	0.007990	-0.073990	-0.009553	-0.013076	0.032548	0.114833	-0.180132	-0.216715	1.000000
35.000000	22.000000	-0.011214	0.003038	-0.065080	-0.011230	0.003034	-0.065065	0.023134	0.064966	0.090140	0.190689	-0.279904	0.455021	1.000000
37.000000	38.000000	-0.007812	-0.009008	-0.076687	-0.007823	-0.009008	-0.076674	-0.067859	0.044631	0.042631	-1.248781	0.250171	0.992102	1.000000
41.000000	37.000000	-0.007714	0.013516	-0.075930	-0.007704	0.013523	-0.075945	-0.016288	-0.010130	0.013077	-0.503752	0.028300	0.704835	1.000000
33.000000	62.000000	-0.004720	-0.013686	-0.074904	-0.004712	-0.013692	-0.074924	-0.026473	0.013864	0.052222	-0.462590	-0.069079	0.687822	1.000000
19.000000	56.000000	0.011509	-0.009728	-0.080007	0.011485	-0.009708	-0.079996	-0.014012	0.044659	0.045607	-1.854399	0.891783	-0.649128	1.000000
34.000000	36.000000	0.011020	-0.006075	-0.070580	0.011027	-0.006075	-0.070577	0.016889	0.003940	0.062037	-1.115174	-0.837090	3.031056	1.000000
5.000000	46.000000	-0.009368	-0.000008	-0.064840	-0.009320	-0.000150	-0.064750	0.020378	0.051787	0.097300	2.577422	1.618881	-0.542208	1.000000
40.000000	39.000000	-0.003535	-0.004467	-0.080190	-0.003539	-0.004469	-0.080186	-0.051924	-0.048828	0.025744	0.867433	-2.009123	0.803226	1.000000
36.000000	40.000000	0.004343	-0.010963	-0.062231	0.004339	-0.010933	-0.062215	-0.000544	0.013364	-0.007822	1.448059	1.459367	0.244755	1.000000
43.000000	41.000000	-0.005381	0.012778	-0.073388	-0.005375	0.012777	-0.073373	0.022045	0.026091	0.065850	-0.082172	-1.110642	0.948022	1.000000
44.000000	42.000000	0.010979	-0.013094	-0.072843	0.010957	-0.013094	-0.072818	0.002541	0.042539	0.039907	-1.056308	-0.169569	-1.818627	1.000000
16.000000	7.000000	-0.007226	-0.004635	-0.062319	-0.007284	-0.004579	-0.062470	0.061713	-0.102851	0.068255	0.582808	-3.983166	-8.353735	1.000000
47.000000	59.000000	-0.013168	-0.006182	-0.064694	-0.013130	-0.006234	-0.064640	-0.031055	0.045763	0.156259	6.472829	-4.936966	0.758804	1.000000
45.000000	64.000000	-0.004398	-0.009525	-0.061270	-0.004390	-0.009519	-0.061243	0.056144	-0.069233	-0.073771	0.002288	2.121601	-0.177962	1.000000
64.000000	47.000000	-0.000168	-0.008052	-0.086070	-0.000098	-0.008088	-0.086079	-0.146889	0.052476	0.042633	-1.616259	-2.838457	2.506575	1.000000
42.000000	43.000000	-0.012740	0.006293	-0.067064	-0.012741	0.006290	-0.067066	-0.076200	0.045319	0.086658	1.832387	-2.240208	0.201195	1.000000
26.000000	30.000000	0.011042	-0.011337	-0.067833	0.011004	-0.011291	-0.067816	-0.009103	-0.085623	0.006287	-1.396275	1.815760	-2.209033	1.000000
32.000000	45.000000	0.007093	-0.012335	-0.083073	0.007110	-0.012325	-0.083091	-0.050791	0.104417	0.131614	0.591847	1.059533	-0.794311	1.000000
54.000000	35.000000	-0.013057	-0.011018	-0.072389	-0.013084	-0.011061	-0.072291	0.001358	0.047504	0.025708	-0.087332	0.371323	0.124355	1.000000
50.000000	50.000000	0.014752	-0.008968	-0.064281	0.014725	-0.008993	-0.064271	0.026193	0.142427	0.088256	-5.340034	3.076340	10.030302	1.000000
55.000000	48.000000	0.006302	-0.013739	-0.081147	0.006324	-0.013716	-0.081174	-0.046368	0.038984	0.056976	0.886408	0.196046	-2.445749	1.000000
56.000000	5.000000	-0.002029	0.008751	-0.076837	-0.002032	0.008764	-0.076842	-0.075255	0.012519	0.054497	-1.859282	1.464887	2.146676	1.000000
39.000000	49.000000	0.008880	-0.007947	-0.060314	0.008892	-0.007941	-0.060299	0.007473	0.249819	0.029319	0.720201	0.621904	-4.339396	1.000000
51.000000	71.000000	-0.011309	-0.009965	-0.081366	-0.011341	-0.009906	-0.081374	-0.017431	0.013482	-0.035617	1.345155	4.319180	-8.790708	1.000000
57.000000	55.000000	-0.008428	-0.012759	-0.074859	-0.008431	-0.012737	-0.074854	-0.011692	0.045091	0.069319	0.683943	-0.097841	-0.442970	1.000000
60.000000	72.000000	-0.013841	0.005280	-0.076312	-0.013846	0.005280	-0.076308	0.007152	0.028637	0.034039	-1.257703	-0.805524	0.055309	1.000000
58.000000	8.000000	-0.002778	0.007336	-0.073286	-0.002758	0.007316	-0.073290	-0.026196	0.020168	0.078123	-0.293003	-0.009800	-0.465697	1.000000
61.000000	58.000000	0.015358	0.004626	-0.068265	0.015356	0.004621	-0.068248	-0.044490	0.085998	-0.172884	0.291209	0.153347	0.830919	1.000000
0.000000	34.000000	0.012526	0.001356	-0.079680	0.000000	0.000000	0.000000	0.000000	0.000000	0.000000	0.000000	0.000000	0.000000	0.000000
63.000000	52.000000	0.005214	-0.014336	-0.069517	0.005197	-0.014347	-0.069465	-0.054852	-0.103282	0.027429	4.459290	5.633616	-15.683565	1.000000
31.000000	53.000000	-0.005504	-0.006659	-0.077568	-0.005514	-0.006626	-0.077530	-0.054258	0.009322	0.049905	-4.093656	-1.668082	2.631868	1.000000
59.000000	54.000000	-0.014620	0.007583	-0.074850	-0.014636	0.007584	-0.074846	-0.023372	0.016876	0.044200	0.743819	-1.489226	-1.849817	1.000000
65.000000	60.000000	-0.006601	0.012871	-0.065935	-0.006562	0.012839	-0.065884	0.110180	-0.025056	0.075246	-0.770476	2.342818	3.949961	1.000000
0.000000	63.000000	-0.014708	0.009493	-0.075108	0.000000	0.000000	0.000000	0.000000	0.000000	0.000000	0.000000	0.000000	0.000000	0.000000
46.000000	65.000000	-0.012096	-0.007521	-0.062644	-0.012107	-0.007510	-0.062626	0.104810	-0.005415	0.097357	9.814346	2.928839	-8.833475	1.000000
48.000000	44.000000	-0.004881	0.001053	-0.085560	-0.004928	0.001055	-0.085487	-0.148984	-0.050893	0.092911	-0.107143	-8.124999	10.738094	1.000000
49.000000	66.000000	0.005226	-0.002762	-0.081070	0.005213	-0.002782	-0.081050	-0.035741	0.143583	0.035712	-0.158415	0.229925	0.082120	1.000000
53.000000	67.000000	-0.010506	-0.005129	-0.079876	-0.010506	-0.005114	-0.079872	-0.099602	-0.021006	0.077428	-2.206852	0.368738	-7.132891	1.000000
68.000000	69.000000	-0.012323	0.012177	-0.078710	-0.012327	0.012174	-0.078717	-0.059224	0.024276	-0.009680	-0.950644	-0.117090	-1.322767	1.000000
0.000000	-1.000000	-0.009326	-0.000372	-0.064811	0.000000	0.000000	0.000000	0.000000	0.000000	0.000000	0.000000	0.000000	0.000000	0.000000
66.000000	73.000000	-0.008236	-0.013962	-0.084221	-0.008222	-0.014014	-0.084377	-0.026132	-0.123816	0.035499	-3.474117	-3.342624	2.301687	1.000000
69.000000	-1.000000	0.001913	0.011597	-0.063616	0.000000	0.000000	0.000000	0.000000	0.000000	0.000000	0.000000	0.000000	0.000000	0.000000
70.000000	74.000000	0.011779	-0.006712	-0.085707	0.011804	-0.006719	-0.085717	0.043132	0.066289	-0.018233	0.890729	-1.537465	2.131060	1.000000
71.000000	75.000000	-0.007192	-0.014476	-0.083717	-0.007206	-0.014485	-0.083640	-0.007490	-0.104600	0.054449	-1.013820	-0.633895	2.966358	1.000000
72.000000	76.000000	0.000227	-0.015744	-0.072404	0.000248	-0.015739	-0.072420	-0.004083	-0.022414	-0.035390	-0.456797	1.376527	1.218795	1.000000
73.000000	77.000000	-0.016706	-0.006441	-0.067206	-0.016696	-0.006436	-0.067202	-0.027446	0.026622	0.031876	1.436855	0.096233	-0.480134	1.000000
62.000000	78.000000	-0.015991	0.010648	-0.070804	-0.016008	0.010664	-0.070843	-0.025809	0.003183	0.092242	3.355394	-2.944056	0.233766	1.000000
74.000000	79.000000	0.002052	0.015493	-0.063746	0.002070	0.015513	-0.063770	-0.002064	0.024588	0.161979	3.177954	-0.318932	-2.694641	1.000000
