18.000000	19.000000	0.010541	-0.008580	-0.064379	0.010546	-0.008572	-0.064347	0.038378	0.024579	-0.087264	0.428103	-1.025692	2.058716	1.000000
5.000000	2.000000	-0.000627	0.002354	-0.070023	-0.000547	0.002322	-0.070056	-0.186853	0.138133	-0.030306	0.493506	-1.092841	5.629929	1.000000
3.000000	5.000000	-0.002225	0.006342	-0.076146	-0.002228	0.006334	-0.076153	0.002817	0.046604	0.068896	-0.928772	-1.134677	1.167419	1.000000
2.000000	3.000000	-0.004167	0.004767	-0.067510	-0.004157	0.004763	-0.067500	-0.117512	0.089780	0.056739	-0.113332	-0.409173	1.288723	1.000000
55.000000	20.000000	-0.007723	-0.001392	-0.068688	-0.007665	-0.001353	-0.068697	-0.131672	0.058257	0.072933	2.228859	-4.736032	5.696247	1.000000
10.000000	6.000000	0.011160	-0.008317	-0.068843	0.011143	-0.008303	-0.068858	-0.006094	-0.069851	0.008606	-0.150844	-0.426261	2.965719	1.000000
16.000000	10.000000	0.004763	-0.013650	-0.082531	0.004764	-0.013651	-0.082539	-0.007903	0.108468	0.059236	0.349776	-0.568816	0.956003	1.000000
6.000000	7.000000	0.002415	0.000534	-0.076687	0.002399	0.000550	-0.076702	-0.001505	0.031832	0.054331	-0.124573	-0.996605	1.354215	1.000000
9.000000	22.000000	0.001955	-0.005055	-0.072174	0.001852	-0.005166	-0.072199	-0.016503	-0.029049	0.120569	-5.877500	-7.615218	-0.700370	1.000000
8.000000	15.000000	-0.004297	-0.000717	-0.081367	-0.004325	-0.000754	-0.081365	-0.101444	0.120786	0.022640	1.207042	-1.776680	-0.369023	1.000000
11.000000	11.000000	-0.002216	0.010396	-0.077772	-0.002223	0.010396	-0.077780	-0.012180	0.056787	0.041987	-1.459011	-0.800165	0.295410	1.000000
12.000000	9.000000	-0.000965	0.007737	-0.077749	-0.000965	0.007737	-0.077783	-0.014261	0.071059	0.032736	0.593220	-0.956314	-0.837521	1.000000
51.000000	16.000000	-0.003834	-0.006247	-0.080029	-0.003868	-0.006254	-0.080069	-0.081587	-0.044783	0.135441	4.418281	2.515141	-1.379803	1.000000
20.000000	12.000000	-0.002768	0.005253	-0.072557	-0.002790	0.005245	-0.072536	-0.004589	0.011273	0.075224	-2.238863	-0.070574	-0.817290	1.000000
24.000000	63.000000	0.003191	-0.003928	-0.068028	0.003235	-0.003916	-0.068017	-0.078952	0.055619	-0.050566	-1.707324	1.141408	1.154529	1.000000
47.000000	14.000000	-0.006711	-0.008893	-0.081052	-0.006725	-0.008905	-0.081025	-0.009044	-0.005525	0.061963	-0.495498	0.657323	-0.518685	1.000000
45.000000	48.000000	0.010844	0.000110	-0.063715	0.010827	0.000132	-0.063732	0.035538	0.002540	-0.069415	-2.074341	0.173192	-0.280662	1.000000
23.000000	18.000000	0.005881	-0.003375	-0.082887	0.005913	-0.003336	-0.082871	-0.044233	0.027093	0.014324	1.125145	2.277645	0.077499	1.000000
19.000000	13.000000	0.004889	-0.005576	-0.075156	0.004876	-0.005570	-0.075188	0.003060	0.033037	0.014335	4.175005	0.530551	0.204018	1.000000
32.000000	17.000000	-0.003300	-0.008349	-0.060899	-0.003304	-0.008349	-0.060881	0.046839	-0.015777	-0.104956	-2.720814	0.318903	-0.176553	1.000000
22.000000	24.000000	-0.010995	0.001189	-0.068336	-0.011000	0.001163	-0.068321	-0.057233	0.048830	0.106893	2.294555	-0.932256	-0.024548	1.000000
13.000000	49.000000	-0.006191	-0.006197	-0.059887	-0.006152	-0.006217	-0.059874	0.035946	-0.090118	0.009330	1.424998	-0.884135	-2.984784	1.000000
26.000000	23.000000	0.011252	0.012306	-0.076331	0.011247	0.012364	-0.076407	-0.041478	0.151806	-0.087735	2.300031	-1.045380	3.095641	1.000000
34.000000	21.000000	0.009255	0.004686	-0.080218	0.009216	0.004699	-0.080207	-0.207739	0.044843	0.071704	7.339009	-3.394027	3.421439	1.000000
25.000000	32.000000	0.010149	-0.005971	-0.070621	0.010117	-0.005962	-0.070619	0.011551	-0.025156	-0.056745	2.019688	2.685213	4.693549	1.000000
7.000000	1.000000	-0.008047	-0.003278	-0.065889	-0.008062	-0.003263	-0.065918	-0.014849	-0.004667	0.083130	1.102060	-0.633062	1.905895	1.000000
33.000000	28.000000	-0.006186	-0.010458	-0.077541	-0.006190	-0.010485	-0.077515	-0.057608	0.044438	-0.004818	2.118235	-2.154373	2.444441	1.000000
15.000000	26.000000	0.011422	-0.011016	-0.081011	0.011390	-0.011032	-0.080989	0.012576	0.010334	-0.006756	1.363413	3.847454	-0.223974	1.000000
35.000000	33.000000	-0.007073	0.013998	-0.076139	-0.007062	0.013990	-0.076148	-0.029523	-0.016248	-0.004908	0.300930	-0.117708	0.395955	1.000000
57.000000	27.000000	-0.004016	-0.014530	-0.076364	-0.003990	-0.014555	-0.076350	-0.017561	0.038950	0.035267	-0.545395	-1.063612	-0.241865	1.000000
48.000000	30.000000	-0.007340	-0.014030	-0.077612	-0.007356	-0.014048	-0.077603	-0.050020	0.021681	0.081703	0.495943	1.148942	0.146327	1.000000
36.000000	36.000000	-0.013418	0.012321	-0.073357	-0.013465	0.012313	-0.073372	-0.034543	-0.164820	0.064246	-2.491032	3.606801	-0.114156	1.000000
38.000000	34.000000	-0.001663	-0.004069	-0.080093	-0.001650	-0.004083	-0.080098	-0.033655	-0.012023	-0.021609	-1.896926	3.882007	-3.759207	1.000000
41.000000	37.000000	0.002789	-0.010786	-0.085705	0.002803	-0.010773	-0.085704	-0.027649	0.045261	-0.014605	-0.198223	1.190518	-1.882151	1.000000
21.000000	31.000000	0.004515	-0.010591	-0.068687	0.004530	-0.010573	-0.068675	-0.007821	-0.140553	-0.041646	2.041740	1.548174	1.368540	1.000000
31.000000	25.000000	0.008051	-0.011779	-0.067631	0.008059	-0.011735	-0.067634	-0.058088	-0.093494	-0.027663	-0.971938	-0.049377	1.622678	1.000000
40.000000	35.000000	-0.006007	0.011572	-0.075109	-0.006003	0.011578	-0.075114	0.011571	0.029305	0.035452	0.460979	0.557639	0.701172	1.000000
42.000000	40.000000	-0.012941	0.010520	-0.076002	-0.012947	0.010520	-0.076005	-0.054275	-0.034323	0.044418	0.701948	-1.291280	-0.973104	1.000000
37.000000	38.000000	-0.009825	-0.009959	-0.067378	-0.009879	-0.009932	-0.067376	-0.115575	0.123207	0.097119	-1.708238	-0.622114	1.662434	1.000000
29.000000	4.000000	-0.007824	0.005315	-0.074064	-0.007837	0.005297	-0.074170	-0.018902	0.066220	0.081131	-1.383146	0.074356	-0.001627	1.000000
44.000000	41.000000	-0.011551	-0.000593	-0.069077	-0.011553	-0.000602	-0.069078	-0.089419	0.119450	0.073187	-0.819728	-3.327490	1.061356	1.000000
27.000000	39.000000	-0.012046	0.008049	-0.075558	-0.012105	0.008066	-0.075503	-0.013609	0.014045	0.051786	-0.001620	-0.807141	-0.260052	1.000000
39.000000	42.000000	0.000343	0.009918	-0.064671	0.000368	0.009905	-0.064689	0.050419	0.062578	0.071793	0.737919	-1.388028	-1.723053	1.000000
0.000000	43.000000	-0.007014	-0.003983	-0.084184	0.000000	0.000000	0.000000	0.000000	0.000000	0.000000	0.000000	0.000000	0.000000	0.000000
60.000000	62.000000	-0.010577	0.011291	-0.079461	-0.010577	0.011298	-0.079452	-0.044225	0.004633	0.027396	-0.908591	3.221528	2.831668	1.000000
53.000000	44.000000	0.006179	-0.007979	-0.081999	0.006167	-0.007983	-0.081998	-0.017766	0.146665	0.022790	-0.379610	0.109193	-0.491872	1.000000
1.000000	45.000000	0.001084	-0.000502	-0.075302	0.001105	-0.000498	-0.075280	-0.035270	-0.013231	0.023341	1.516011	1.271717	-1.260751	1.000000
17.000000	29.000000	0.004079	-0.004826	-0.072048	0.004069	-0.004781	-0.071972	-0.106102	0.000294	0.091798	-2.532438	-3.196885	-0.927583	1.000000
14.000000	47.000000	0.007554	-0.013415	-0.074285	0.007613	-0.013382	-0.074274	-0.001775	0.081568	-0.031413	0.191930	0.856482	3.957049	1.000000
28.000000	46.000000	-0.005907	-0.003670	-0.074614	-0.005896	-0.003671	-0.074626	-0.053707	0.111423	0.075466	-0.031658	1.107997	0.505424	1.000000
4.000000	8.000000	0.007737	-0.002177	-0.081392	0.007743	-0.002162	-0.081372	0.006391	0.074936	0.005472	0.884499	0.476381	1.134469	1.000000
46.000000	51.000000	-0.010496	-0.009939	-0.081791	-0.010513	-0.009943	-0.081774	-0.009333	0.003958	0.008625	0.607143	7.499999	-26.749997	1.000000
52.000000	53.000000	0.006905	-0.011353	-0.061851	0.006886	-0.011353	-0.061852	-0.146460	0.063003	-0.000954	0.944917	-3.686016	-1.129321	1.000000
30.000000	50.000000	-0.013010	-0.013005	-0.072600	-0.013040	-0.013036	-0.072553	-0.012790	0.070406	-0.009437	1.530387	-0.456878	-0.109572	1.000000
49.000000	56.000000	-0.015267	-0.007367	-0.068262	-0.015292	-0.007405	-0.068203	-0.045166	0.025335	0.019430	0.776063	0.083732	0.785670	1.000000
54.000000	52.000000	-0.008596	0.003275	-0.069740	-0.008586	0.003284	-0.069743	-0.149668	0.106013	0.056948	1.211878	-0.110583	0.765409	1.000000
61.000000	66.000000	0.008547	0.015483	-0.077598	0.008530	0.015444	-0.077699	-0.013060	0.172154	-0.048535	4.329170	10.177821	-0.654096	1.000000
66.000000	57.000000	-0.010458	-0.010306	-0.069026	-0.010460	-0.010320	-0.068947	-0.069581	0.142435	0.090007	0.284763	-0.265989	1.832744	1.000000
62.000000	55.000000	-0.013331	0.006553	-0.076559	-0.013347	0.006544	-0.076591	-0.047535	0.039458	0.051408	0.502333	-0.536873	0.132976	1.000000
64.000000	65.000000	0.004358	0.012595	-0.068929	0.004410	0.012536	-0.068927	-0.125159	0.170059	0.026986	3.096919	-1.408028	10.758796	1.000000
59.000000	59.000000	0.000734	-0.014226	-0.069330	0.000729	-0.014193	-0.069309	-0.015290	-0.052531	-0.168845	0.741226	1.847291	4.216002	1.000000
58.000000	60.000000	0.009291	-0.013744	-0.072694	0.009278	-0.013764	-0.072686	0.024189	-0.029771	-0.074996	5.200295	3.276880	3.246300	1.000000
56.000000	58.000000	-0.000989	0.015343	-0.073731	-0.001031	0.015383	-0.073779	0.038673	-0.060149	0.120308	6.244047	-5.101190	-2.815476	1.000000
43.000000	61.000000	-0.016054	0.000852	-0.067924	-0.016077	0.000844	-0.067955	-0.042610	0.018401	0.080137	-0.234127	-6.158730	-6.464285	1.000000
0.000000	54.000000	-0.006771	-0.009966	-0.086794	0.000000	0.000000	0.000000	0.000000	0.000000	0.000000	0.000000	0.000000	0.000000	0.000000
0.000000	-1.000000	0.007997	-0.011588	-0.067425	0.000000	0.000000	0.000000	0.000000	0.000000	0.000000	0.000000	0.000000	0.000000	0.000000
50.000000	64.000000	0.015277	-0.001264	-0.071134	0.015284	-0.001276	-0.071161	0.043899	-0.044704	0.003078	0.346086	-3.204172	3.890487	1.000000
65.000000	-1.000000	-0.015315	-0.015539	-0.069117	0.000000	0.000000	0.000000	0.000000	0.000000	0.000000	0.000000	0.000000	0.000000	0.000000
67.000000	67.000000	0.008500	-0.017004	-0.068752	0.008492	-0.016988	-0.068739	0.047398	-0.102920	-0.014662	0.123546	1.939464	0.659409	1.000000
