1.000000	12.000000	0.010089	0.001955	-0.061926	0.010129	0.001938	-0.061924	-0.051572	0.144053	0.019667	4.002117	-3.938282	-3.648548	1.000000
3.000000	16.000000	0.002509	0.000258	-0.071666	0.002510	0.000267	-0.071665	-0.020730	-0.028759	0.014140	-1.508269	-0.139610	0.198438	1.000000
2.000000	5.000000	-0.000456	0.002356	-0.071368	-0.000469	0.002325	-0.071356	0.000586	0.052512	0.061824	-1.202190	-1.638763	1.215437	1.000000
5.000000	2.000000	-0.003544	-0.007318	-0.064634	-0.003556	-0.007318	-0.064632	0.058996	0.023715	-0.084531	-2.404551	2.063122	-0.438928	1.000000
17.000000	54.000000	-0.012988	-0.006784	-0.077319	-0.013017	-0.006805	-0.077307	-0.092224	-0.021395	0.033580	2.022705	-1.176744	1.507385	1.000000
15.000000	1.000000	0.001238	-0.003877	-0.079198	0.001236	-0.003883	-0.079197	-0.044420	0.088718	-0.013034	1.032705	-0.768232	-1.292007	1.000000
6.000000	10.000000	0.008315	0.004256	-0.060057	0.008309	0.004280	-0.060035	0.031193	0.195319	-0.028675	1.123290	-0.214784	0.131949	1.000000
14.000000	8.000000	0.010843	0.002235	-0.080049	0.010839	0.002230	-0.080046	0.000020	0.028715	-0.025254	-0.214717	0.382463	-0.852559	1.000000
34.000000	37.000000	-0.012400	-0.007609	-0.068897	-0.012408	-0.007608	-0.068874	0.006756	0.025538	0.063196	-0.829497	-1.170770	-0.100850	1.000000
12.000000	21.000000	-0.004981	-0.003329	-0.073254	-0.004971	-0.003312	-0.073240	-0.053973	0.039621	-0.078945	2.617930	1.039154	0.470905	1.000000
7.000000	17.000000	-0.000179	0.003537	-0.078074	-0.000206	0.003534	-0.078053	-0.075128	0.045823	0.064010	-0.276108	-1.209181	-0.653392	1.000000
29.000000	23.000000	0.002008	-0.001130	-0.083836	0.002040	-0.001084	-0.083838	-0.105118	0.119909	0.099134	-1.921758	4.499257	-2.580582	1.000000
13.000000	27.000000	-0.009237	0.004277	-0.064448	-0.009267	0.004271	-0.064449	0.000868	0.027561	0.061738	-0.454835	-2.196291	-0.785380	1.000000
27.000000	13.000000	-0.008469	-0.009573	-0.075169	-0.008476	-0.009578	-0.075139	0.003521	-0.003717	0.036116	0.394192	-0.221600	-3.808873	1.000000
20.000000	14.000000	-0.001455	-0.010686	-0.065528	-0.001449	-0.010673	-0.065545	0.009149	0.016836	-0.081180	-0.022787	0.655012	-1.528894	1.000000
21.000000	24.000000	0.009012	0.002566	-0.072081	0.009015	0.002564	-0.072084	-0.008240	0.001503	-0.004096	1.145133	0.992836	2.870690	1.000000
16.000000	11.000000	0.005196	-0.010434	-0.078441	0.005214	-0.010423	-0.078380	0.021221	0.038931	0.046422	1.217547	-0.715980	0.124929	1.000000
4.000000	4.000000	0.006683	-0.001540	-0.080953	0.006700	-0.001528	-0.080854	-0.103153	0.118857	0.046662	2.303946	-2.179738	2.840783	1.000000
10.000000	15.000000	-0.001129	-0.006193	-0.076911	-0.001119	-0.006194	-0.076895	-0.018933	0.053168	-0.066252	0.016553	0.513358	0.343012	1.000000
32.000000	22.000000	0.009588	-0.006251	-0.065136	0.009600	-0.006306	-0.065122	-0.039594	-0.001362	0.056387	2.090077	-2.173876	0.439478	1.000000
43.000000	20.000000	0.009813	0.002421	-0.083220	0.009815	0.002421	-0.083199	-0.006979	0.020257	-0.026374	-1.001204	-0.733350	0.988930	1.000000
25.000000	29.000000	0.014212	0.000903	-0.068460	0.014218	0.000889	-0.068474	0.010443	0.035907	0.060071	-0.039674	0.603265	-0.221299	1.000000
19.000000	6.000000	0.005012	0.011278	-0.071842	0.005012	0.011297	-0.071827	-0.033338	0.031359	-0.016543	0.583777	0.037668	1.401044	1.000000
30.000000	38.000000	0.009205	-0.012675	-0.069899	0.009197	-0.012683	-0.069902	-0.005176	-0.001788	0.022793	-3.285714	-0.087912	-3.302697	1.000000
39.000000	19.000000	0.001646	0.005216	-0.076397	0.001635	0.005197	-0.076397	-0.012757	0.014581	0.017176	0.493224	2.071057	1.079921	1.000000
37.000000	25.000000	-0.005201	0.011069	-0.069940	-0.005228	0.011067	-0.069949	-0.016984	0.009178	0.104580	-1.127485	0.043865	-0.734205	1.000000
11.000000	3.000000	-0.001457	-0.007266	-0.072618	-0.001462	-0.007247	-0.072571	0.014825	-0.004546	-0.094753	-0.722377	-0.006055	1.298850	1.000000
28.000000	26.000000	-0.013738	0.006402	-0.073649	-0.013755	0.006402	-0.073652	0.009275	0.008496	0.033606	0.391156	-0.368681	-0.043902	1.000000
52.000000	28.000000	-0.011202	-0.005013	-0.071904	-0.011192	-0.005005	-0.071946	-0.033007	0.068017	0.069089	-0.184998	-0.760914	0.360226	1.000000
26.000000	9.000000	0.011588	0.009501	-0.075658	0.011605	0.009505	-0.075622	-0.084958	0.038880	-0.013934	-0.036955	0.257757	5.828271	1.000000
24.000000	35.000000	-0.005252	0.009238	-0.068730	-0.005263	0.009228	-0.068732	-0.051338	0.016742	0.043784	0.428386	-1.119067	-0.032364	1.000000
9.000000	36.000000	0.002311	-0.001560	-0.069861	0.002301	-0.001552	-0.069834	-0.078584	0.022217	0.039801	0.401505	0.171290	-1.395977	1.000000
23.000000	32.000000	0.005008	-0.012841	-0.082294	0.005021	-0.012803	-0.082375	0.053004	0.089590	0.000603	-3.548211	-3.348982	3.665899	1.000000
33.000000	18.000000	-0.004905	-0.008337	-0.074056	-0.004854	-0.008357	-0.074068	-0.043959	0.067423	0.047858	1.008346	1.503699	1.248413	1.000000
46.000000	43.000000	-0.006859	-0.010049	-0.069691	-0.006851	-0.010047	-0.069695	0.065860	0.059529	0.084881	0.492823	1.070678	-0.383117	1.000000
31.000000	33.000000	-0.012951	0.006783	-0.062185	-0.012944	0.006786	-0.062181	-0.043262	0.017558	0.106505	1.371434	0.013744	-0.081333	1.000000
36.000000	7.000000	0.004446	-0.006454	-0.080001	0.004467	-0.006443	-0.080048	0.048274	0.131865	0.019613	1.493031	1.807201	3.786085	1.000000
40.000000	41.000000	-0.007019	0.011012	-0.074927	-0.007038	0.011037	-0.074912	-0.078000	-0.011885	0.075391	-0.951990	0.693780	0.795967	1.000000
42.000000	40.000000	-0.010489	0.011149	-0.072362	-0.010495	0.011155	-0.072326	-0.022053	-0.086025	0.058334	0.532423	-1.138919	0.236954	1.000000
22.000000	31.000000	-0.005262	-0.010271	-0.069899	-0.005268	-0.010259	-0.069859	0.044054	0.075217	0.076302	1.646438	0.176536	-2.251062	1.000000
44.000000	60.000000	0.001749	0.011618	-0.085941	0.001786	0.011648	-0.085894	-0.028050	-0.043026	-0.014337	3.781865	-0.963275	4.271308	1.000000
38.000000	48.000000	-0.011931	0.005575	-0.064104	-0.011946	0.005582	-0.064103	-0.051648	0.007912	0.138373	2.605092	1.795023	0.036970	1.000000
45.000000	44.000000	-0.013385	0.008595	-0.063469	-0.013376	0.008605	-0.063481	-0.066404	0.032872	0.126469	-0.562693	0.145575	-0.722588	1.000000
48.000000	47.000000	-0.009586	0.005141	-0.060036	-0.009600	0.005130	-0.060043	0.030899	0.012311	0.023796	0.643898	1.003547	-1.531669	1.000000
47.000000	45.000000	0.010226	-0.001591	-0.084462	0.010216	-0.001577	-0.084457	-0.073651	0.082647	0.049079	0.430310	-0.548575	0.507615	1.000000
49.000000	63.000000	0.009912	-0.010376	-0.072041	0.009919	-0.010371	-0.072015	-0.025076	0.020083	-0.017033	-0.921693	-1.784796	0.429887	1.000000
41.000000	34.000000	0.005284	-0.006324	-0.063039	0.005410	-0.006331	-0.063010	0.027690	0.117843	-0.028819	0.344765	0.692903	0.153192	1.000000
8.000000	51.000000	0.008806	-0.004528	-0.076012	0.008784	-0.004552	-0.076036	-0.043788	0.079581	0.080548	-0.285506	-0.608970	-0.031063	1.000000
0.000000	42.000000	-0.005695	0.002115	-0.060772	0.000000	0.000000	0.000000	0.000000	0.000000	0.000000	0.000000	0.000000	0.000000	0.000000
63.000000	39.000000	0.011065	0.006645	-0.061843	0.011088	0.006633	-0.061848	0.094418	0.180872	-0.022408	1.670726	0.588494	0.045098	1.000000
58.000000	52.000000	0.003125	0.014180	-0.082816	0.003248	0.014190	-0.082845	-0.141931	-0.018816	-0.027414	9.564185	-0.489011	-0.240260	1.000000
18.000000	-1.000000	-0.005346	0.001838	-0.060686	0.000000	0.000000	0.000000	0.000000	0.000000	0.000000	0.000000	0.000000	0.000000	0.000000
35.000000	30.000000	-0.014069	0.007962	-0.072260	-0.014059	0.007918	-0.072226	-0.035387	0.006994	0.023368	-0.238113	-0.317283	0.560507	1.000000
53.000000	56.000000	0.010058	-0.015629	-0.075575	0.010030	-0.015644	-0.075583	0.062088	-0.023878	0.048627	-0.797951	-1.342974	-0.917241	1.000000
51.000000	53.000000	0.014218	-0.007908	-0.063822	0.014262	-0.007891	-0.063759	0.029730	0.113566	0.078543	6.461538	-0.409341	-0.113387	1.000000
60.000000	49.000000	0.000797	0.012911	-0.085996	0.000801	0.012926	-0.086013	-0.099094	-0.030146	0.021324	1.157887	-1.325354	2.187698	1.000000
69.000000	57.000000	-0.013080	0.015727	-0.073965	-0.013073	0.015710	-0.073935	0.131039	-0.188437	0.000189	-12.378370	0.117882	-4.532717	1.000000
0.000000	-1.000000	0.012422	-0.007619	-0.077473	0.000000	0.000000	0.000000	0.000000	0.000000	0.000000	0.000000	0.000000	0.000000	0.000000
54.000000	55.000000	-0.010674	-0.014969	-0.075118	-0.010581	-0.014999	-0.075109	-0.074317	0.087609	0.042008	0.531605	0.671762	-2.386223	1.000000
59.000000	58.000000	-0.004831	0.011907	-0.066368	-0.004825	0.011910	-0.066389	-0.000691	-0.006582	0.131040	-0.326184	2.133243	1.135346	1.000000
67.000000	62.000000	-0.006101	-0.009167	-0.085712	-0.006042	-0.009174	-0.085685	-0.049632	0.045637	-0.125753	-0.239261	15.163835	-2.214785	1.000000
50.000000	65.000000	-0.010475	-0.011248	-0.085486	-0.010448	-0.011210	-0.085540	-0.078772	-0.061689	0.021071	4.701548	-0.538711	-9.049699	1.000000
61.000000	61.000000	-0.003511	-0.006377	-0.079332	-0.003596	-0.006413	-0.079194	-0.032679	0.050595	-0.127466	-3.824705	0.730453	-2.949582	1.000000
62.000000	66.000000	-0.012936	-0.012865	-0.079993	-0.012940	-0.012874	-0.079974	0.060806	-0.024052	-0.016793	-1.446230	-1.713059	-0.892460	1.000000
64.000000	46.000000	0.010997	-0.011500	-0.073995	0.010995	-0.011479	-0.073970	0.036380	-0.005760	0.028939	1.885265	0.791816	-1.406971	1.000000
55.000000	50.000000	0.010399	-0.011281	-0.072550	0.010382	-0.011271	-0.072562	0.013025	-0.026121	0.012269	1.197178	-1.272602	-4.585539	1.000000
65.000000	67.000000	-0.014411	-0.015620	-0.069883	-0.014424	-0.015637	-0.069874	-0.004230	-0.057721	-0.003614	5.982142	13.494046	3.386904	1.000000
66.000000	68.000000	0.009789	-0.016127	-0.073610	0.009788	-0.016128	-0.073613	-0.015771	-0.057611	0.031386	1.187537	0.569298	3.199488	1.000000
68.000000	69.000000	-0.011063	-0.015193	-0.078008	-0.011068	-0.015186	-0.077992	-0.011571	0.002913	0.031341	-0.277698	2.098301	0.775952	1.000000
0.000000	59.000000	-0.005055	-0.016569	-0.074463	0.000000	0.000000	0.000000	0.000000	0.000000	0.000000	0.000000	0.000000	0.000000	0.000000
70.000000	71.000000	0.014175	0.009119	-0.079864	0.014217	0.009137	-0.079882	-0.109842	0.058932	0.066986	0.067365	1.339564	-0.863443	1.000000
71.000000	72.000000	0.001205	-0.017417	-0.062840	0.001090	-0.017382	-0.062837	-0.070707	0.114440	-0.031369	-1.467904	-2.230601	4.629208	1.000000
