2.000000	3.000000	-0.000819	0.000868	-0.072507	-0.000786	0.000889	-0.072501	-0.017476	0.011853	0.028395	3.877968	0.851979	-1.584193	1.000000
7.000000	6.000000	0.012831	-0.004166	-0.063870	0.012860	-0.004175	-0.063889	-0.079272	0.204711	0.091863	-3.870650	4.277422	-0.516702	1.000000
15.000000	1.000000	0.009271	0.001343	-0.060898	0.009269	0.001298	-0.060915	0.024104	0.193194	-0.031379	1.921231	-2.165740	-0.543657	1.000000
12.000000	4.000000	0.002020	0.001535	-0.080265	0.002031	0.001527	-0.080266	-0.076507	0.088475	0.083288	-0.111095	-0.983491	-0.651349	1.000000
10.000000	5.000000	0.004136	-0.009018	-0.079487	0.004165	-0.009010	-0.079505	-0.057402	0.050962	-0.003750	4.481678	0.401966	-4.439782	1.000000
28.000000	15.000000	-0.002238	-0.003505	-0.071057	-0.002278	-0.003466	-0.071087	-0.100946	-0.044148	-0.037349	-2.691239	1.897872	-3.182494	1.000000
4.000000	44.000000	-0.008523	-0.009681	-0.076396	-0.008544	-0.009685	-0.076382	-0.001374	0.002434	0.057564	0.760223	0.721061	-1.140153	1.000000
5.000000	17.000000	0.006507	0.009854	-0.070450	0.006495	0.009864	-0.070491	-0.048986	0.073528	-0.071809	1.681818	-0.594156	0.390609	1.000000
8.000000	8.000000	0.002667	0.005833	-0.076520	0.002664	0.005814	-0.076531	-0.056836	-0.037954	0.015683	0.800239	-0.669477	-1.389484	1.000000
23.000000	12.000000	0.010252	-0.011181	-0.073271	0.010259	-0.011185	-0.073270	-0.001991	0.013570	0.010734	-1.080419	0.597153	1.162462	1.000000
9.000000	13.000000	0.009557	0.002361	-0.070669	0.009549	0.002367	-0.070664	-0.024135	0.018694	-0.090498	0.190399	-0.735824	2.310039	1.000000
3.000000	2.000000	0.002498	0.000991	-0.072209	0.002505	0.000991	-0.072172	0.019107	-0.012609	0.024570	-0.176179	-0.615546	-0.975296	1.000000
14.000000	14.000000	-0.000616	-0.007338	-0.074890	-0.000611	-0.007340	-0.074889	-0.013630	0.018976	-0.059951	0.154254	1.473015	-0.384164	1.000000
37.000000	30.000000	-0.010909	0.006243	-0.065409	-0.010909	0.006248	-0.065438	-0.098704	0.020143	0.105912	1.975705	-0.483268	0.806391	1.000000
17.000000	19.000000	-0.008980	0.005603	-0.067645	-0.009006	0.005609	-0.067666	-0.115128	0.013886	0.090375	-0.971923	0.111526	2.676424	1.000000
21.000000	9.000000	0.010063	-0.007101	-0.078092	0.010072	-0.007086	-0.078096	-0.051288	0.081196	0.049978	0.106355	0.429352	0.510847	1.000000
13.000000	16.000000	-0.003917	0.008214	-0.070358	-0.003911	0.008222	-0.070365	-0.032398	0.034578	0.068292	-0.572914	0.695481	-0.695117	1.000000
20.000000	20.000000	-0.013122	0.007653	-0.072816	-0.013127	0.007653	-0.072816	-0.024600	0.002673	0.028468	-0.982282	0.686398	0.076122	1.000000
35.000000	7.000000	0.002959	-0.006752	-0.079346	0.003011	-0.006767	-0.079324	-0.063608	0.091683	0.019180	-0.677806	0.531814	-1.041636	1.000000
31.000000	23.000000	-0.004722	0.012125	-0.076561	-0.004749	0.012113	-0.076504	-0.062618	-0.043907	-0.001101	-2.491627	-2.221411	3.541687	1.000000
16.000000	39.000000	-0.009400	0.002842	-0.067307	-0.009417	0.002837	-0.067299	-0.006045	0.057628	0.124663	1.373020	0.000698	-0.855761	1.000000
19.000000	18.000000	0.013437	0.008031	-0.073638	0.013474	0.008026	-0.073630	-0.043639	0.080237	-0.094190	-0.024949	-1.525275	1.776182	1.000000
24.000000	56.000000	0.009694	-0.012516	-0.069408	0.009720	-0.012528	-0.069381	-0.025307	0.004294	-0.059654	1.200362	0.165384	1.810031	1.000000
38.000000	22.000000	0.013650	-0.000230	-0.070100	0.013667	-0.000219	-0.070084	0.039604	0.029539	0.029367	-1.187903	1.191350	1.745029	1.000000
33.000000	11.000000	0.004430	-0.002334	-0.071629	0.004436	-0.002345	-0.071642	-0.054862	0.034448	0.073559	-1.263789	-0.183289	-0.038983	1.000000
25.000000	26.000000	0.010977	-0.006911	-0.067097	0.010960	-0.006875	-0.067086	-0.021639	-0.006883	0.083416	-1.800982	2.576949	-0.821458	1.000000
39.000000	27.000000	0.011004	0.001675	-0.079658	0.011011	0.001677	-0.079671	-0.020717	0.002344	-0.003877	1.272794	0.827350	0.209553	1.000000
64.000000	43.000000	-0.009566	-0.006607	-0.077339	-0.009587	-0.006663	-0.077380	-0.137038	-0.004697	0.014387	-0.813187	1.364635	-10.257492	1.000000
34.000000	24.000000	-0.011784	0.007576	-0.067132	0.000000	0.000000	0.000000	0.000000	0.000000	0.000000	0.000000	0.000000	0.000000	0.000000
40.000000	31.000000	-0.005518	-0.012246	-0.072475	-0.005510	-0.012247	-0.072458	-0.014381	0.058145	0.067061	0.476626	0.671372	1.088257	1.000000
29.000000	33.000000	-0.004761	0.010383	-0.073339	-0.004749	0.010394	-0.073360	-0.031712	0.038839	0.108469	1.815514	-0.999205	0.902694	1.000000
42.000000	29.000000	0.009666	0.001470	-0.082018	0.009663	0.001468	-0.082011	0.010955	0.037595	-0.048748	-0.132723	-0.168044	0.184760	1.000000
26.000000	21.000000	0.004458	-0.009284	-0.062842	0.004482	-0.009290	-0.062852	0.034134	0.087509	-0.026131	1.736359	1.769495	1.450251	1.000000
55.000000	55.000000	-0.013824	0.006063	-0.074827	-0.013847	0.006086	-0.074810	0.000644	0.012203	0.050268	0.216783	-0.435049	0.153896	1.000000
41.000000	35.000000	-0.009254	0.012882	-0.074164	-0.009260	0.012879	-0.074209	-0.057710	-0.030994	0.070617	0.180778	-1.246842	0.323137	1.000000
6.000000	10.000000	-0.005320	-0.007103	-0.063029	-0.005347	-0.007191	-0.062983	0.055705	-0.016007	-0.029560	0.218134	0.780870	0.142501	1.000000
32.000000	28.000000	0.010947	-0.011395	-0.075308	0.010921	-0.011407	-0.075336	-0.047938	0.008915	0.071559	3.313569	-1.735707	-3.071172	1.000000
49.000000	34.000000	-0.003911	-0.006749	-0.078670	-0.003943	-0.006733	-0.078630	0.024597	-0.018033	0.054654	0.044340	2.354163	-1.045217	1.000000
22.000000	25.000000	0.005263	0.011773	-0.084380	0.005242	0.011746	-0.084274	-0.178001	0.038686	-0.051822	1.679515	-2.679596	-1.696848	1.000000
47.000000	40.000000	-0.007449	-0.006493	-0.060461	-0.007453	-0.006496	-0.060470	0.084309	0.012011	0.052604	0.796528	-1.010235	0.552709	1.000000
43.000000	36.000000	-0.002288	-0.010774	-0.063581	-0.002289	-0.010780	-0.063596	0.055370	-0.010767	-0.052387	-0.740460	0.787408	-0.557639	1.000000
44.000000	37.000000	-0.011388	-0.001004	-0.082304	0.000000	0.000000	0.000000	0.000000	0.000000	0.000000	0.000000	0.000000	0.000000	0.000000
0.000000	38.000000	0.009558	0.007755	-0.061064	0.000000	0.000000	0.000000	0.000000	0.000000	0.000000	0.000000	0.000000	0.000000	0.000000
46.000000	57.000000	-0.010273	0.004749	-0.061606	-0.010268	0.004737	-0.061600	0.019704	0.020052	0.067473	-0.430050	-0.684173	-0.883377	1.000000
48.000000	-1.000000	-0.009346	-0.006841	-0.060647	0.000000	0.000000	0.000000	0.000000	0.000000	0.000000	0.000000	0.000000	0.000000	0.000000
52.000000	51.000000	-0.012855	-0.008848	-0.070719	-0.012817	-0.008817	-0.070780	0.012897	0.056131	0.050225	0.316436	-0.635762	0.560314	1.000000
60.000000	45.000000	-0.012509	-0.010428	-0.081872	-0.012473	-0.010439	-0.081857	-0.047508	-0.027420	0.005682	3.598152	-1.744755	2.841658	1.000000
1.000000	48.000000	-0.001952	-0.007518	-0.069392	-0.001962	-0.007541	-0.069368	0.011765	0.026835	-0.112528	0.091206	-0.855516	-0.024429	1.000000
11.000000	46.000000	-0.007605	0.001630	-0.061705	-0.007587	0.001594	-0.061640	0.098562	0.004059	0.097690	8.822510	-4.709415	13.602813	1.000000
18.000000	32.000000	0.005143	-0.011858	-0.079563	0.005178	-0.011814	-0.079583	-0.015066	0.049899	0.039334	0.831585	-0.025662	-0.085515	1.000000
53.000000	49.000000	0.007860	-0.015656	-0.077349	0.007876	-0.015644	-0.077360	0.067766	0.014739	0.068488	1.385208	-0.189141	-0.343931	1.000000
36.000000	47.000000	-0.004933	-0.008133	-0.084002	-0.004956	-0.008132	-0.084063	-0.060377	-0.048093	0.036511	3.659521	-0.987771	-3.965036	1.000000
54.000000	52.000000	-0.011217	-0.014793	-0.078750	-0.011202	-0.014786	-0.078779	0.012945	-0.026014	0.049456	1.685138	1.438297	-5.172261	1.000000
63.000000	53.000000	0.007044	0.014158	-0.081870	0.007072	0.014143	-0.081874	-0.146234	0.012978	-0.023332	0.023730	-0.767541	-1.242080	1.000000
27.000000	63.000000	0.010646	-0.005533	-0.081332	0.010652	-0.005462	-0.081373	-0.154568	0.138030	0.028147	2.952797	-1.038212	-3.001248	1.000000
51.000000	50.000000	-0.008353	-0.011285	-0.072090	-0.008361	-0.011286	-0.072142	0.024966	0.024495	0.081399	1.753715	0.098071	0.718119	1.000000
0.000000	-1.000000	0.003548	0.012975	-0.072685	0.000000	0.000000	0.000000	0.000000	0.000000	0.000000	0.000000	0.000000	0.000000	0.000000
30.000000	58.000000	-0.003086	-0.009586	-0.074452	-0.003089	-0.009612	-0.074522	-0.068435	0.011456	-0.035882	0.123581	2.323400	3.212009	1.000000
0.000000	-1.000000	-0.014830	-0.012353	-0.069918	0.000000	0.000000	0.000000	0.000000	0.000000	0.000000	0.000000	0.000000	0.000000	0.000000
58.000000	61.000000	-0.015401	0.007777	-0.073756	0.000000	0.000000	0.000000	0.000000	0.000000	0.000000	0.000000	0.000000	0.000000	0.000000
57.000000	64.000000	0.009201	-0.014767	-0.073253	0.009226	-0.014808	-0.073314	0.070276	-0.006436	-0.031507	-1.476366	-2.713183	-1.373514	1.000000
62.000000	41.000000	0.010354	-0.011559	-0.071527	0.010354	-0.011557	-0.071524	-0.015393	0.030143	-0.000643	-1.803571	-1.946428	-7.053571	1.000000
61.000000	59.000000	-0.004888	0.012707	-0.069934	-0.004896	0.012719	-0.069935	0.005660	-0.027645	0.110483	-0.107834	-0.941462	0.746449	1.000000
0.000000	-1.000000	-0.011492	0.008911	-0.060247	0.000000	0.000000	0.000000	0.000000	0.000000	0.000000	0.000000	0.000000	0.000000	0.000000
0.000000	-1.000000	-0.014590	0.002576	-0.063717	0.000000	0.000000	0.000000	0.000000	0.000000	0.000000	0.000000	0.000000	0.000000	0.000000
0.000000	-1.000000	-0.014681	0.006985	-0.063704	0.000000	0.000000	0.000000	0.000000	0.000000	0.000000	0.000000	0.000000	0.000000	0.000000
66.000000	-1.000000	-0.013622	-0.005393	-0.079122	0.000000	0.000000	0.000000	0.000000	0.000000	0.000000	0.000000	0.000000	0.000000	0.000000
65.000000	60.000000	-0.010306	-0.007054	-0.074189	-0.010291	-0.007040	-0.074233	-0.040041	0.056452	0.081541	1.064192	0.957354	0.202198	1.000000
67.000000	65.000000	-0.014537	0.001301	-0.081330	-0.014680	0.001282	-0.081479	0.018502	0.190449	0.228144	42.656873	35.361805	44.264922	1.000000
69.000000	66.000000	-0.016644	0.009616	-0.074888	0.000000	0.000000	0.000000	0.000000	0.000000	0.000000	0.000000	0.000000	0.000000	0.000000
56.000000	67.000000	-0.009237	-0.015989	-0.076732	-0.009227	-0.015976	-0.076779	-0.010817	-0.035302	0.000431	-16.636903	-13.714284	-15.982141	1.000000
70.000000	68.000000	0.016128	-0.002657	-0.066884	0.000000	0.000000	0.000000	0.000000	0.000000	0.000000	0.000000	0.000000	0.000000	0.000000
