1.000000	1.000000	-0.002019	-0.007678	-0.068846	-0.002010	-0.007654	-0.068918	0.011185	0.030287	-0.111304	-0.138399	-0.677620	-0.212993	1.000000
2.000000	3.000000	0.002433	0.001037	-0.072287	0.002434	0.001037	-0.072275	0.017770	-0.011162	0.028662	0.398816	-0.385725	-1.392790	1.000000
9.000000	4.000000	-0.008523	-0.009693	-0.076622	-0.008529	-0.009683	-0.076623	-0.004325	-0.001719	0.064323	1.054192	0.750097	-0.945065	1.000000
3.000000	7.000000	0.013136	-0.004983	-0.064236	0.013131	-0.004938	-0.064261	-0.062728	0.180338	0.095315	-4.888815	5.245155	0.064801	1.000000
16.000000	11.000000	-0.007884	0.001495	-0.061908	-0.007911	0.001532	-0.061939	0.063635	0.028867	0.056157	8.640692	-7.694263	7.163419	1.000000
5.000000	15.000000	0.009192	0.000521	-0.060770	0.009189	0.000500	-0.060793	0.016527	0.204811	-0.028667	1.528121	-2.225021	-0.529808	1.000000
14.000000	5.000000	0.006685	0.009567	-0.070212	0.006703	0.009569	-0.070203	-0.052749	0.077512	-0.076837	0.163488	-1.050110	1.708252	1.000000
24.000000	21.000000	0.010269	-0.007400	-0.078287	0.010272	-0.007410	-0.078302	-0.051649	0.079674	0.050366	-0.242868	0.520677	0.284199	1.000000
15.000000	9.000000	0.009654	0.002272	-0.070290	0.009643	0.002287	-0.070279	-0.023669	0.020616	-0.101138	0.205571	-0.732392	1.796502	1.000000
36.000000	23.000000	0.010255	-0.011223	-0.073293	0.010253	-0.011233	-0.073298	0.006009	0.010692	0.002151	-2.919580	0.841908	3.129245	1.000000
23.000000	6.000000	-0.005543	-0.007095	-0.062941	-0.005568	-0.007118	-0.062839	0.056739	-0.015985	-0.037098	0.488343	1.171134	0.232132	1.000000
18.000000	8.000000	0.002902	0.005971	-0.076592	0.002896	0.005955	-0.076605	-0.058888	-0.031797	0.022335	0.514257	-1.170466	-1.289392	1.000000
33.000000	12.000000	0.002306	0.001175	-0.080581	0.002336	0.001162	-0.080612	-0.075636	0.093075	0.087294	-0.292891	-0.609446	-0.500498	1.000000
11.000000	16.000000	-0.009378	0.002607	-0.067792	-0.009379	0.002614	-0.067804	-0.012217	0.055822	0.126670	1.530224	0.087410	-0.443765	1.000000
6.000000	35.000000	0.003265	-0.007141	-0.079448	0.003255	-0.007130	-0.079410	-0.059609	0.089340	0.023897	-0.949107	0.464390	-0.955994	1.000000
8.000000	10.000000	0.004437	-0.009207	-0.079510	0.004436	-0.009217	-0.079542	-0.079470	0.050771	0.020164	3.504547	-0.462740	-5.096756	1.000000
4.000000	28.000000	-0.001847	-0.003260	-0.070944	-0.001921	-0.003281	-0.070980	-0.081706	-0.052003	-0.019672	-3.700422	0.843688	-2.771702	1.000000
10.000000	18.000000	0.005247	-0.012016	-0.079741	0.005244	-0.012012	-0.079738	-0.017898	0.049662	0.039296	0.785209	-0.009079	-0.147159	1.000000
28.000000	14.000000	-0.000563	-0.007388	-0.074660	-0.000550	-0.007405	-0.074651	-0.015691	0.013889	-0.058946	0.228870	1.570819	-0.181424	1.000000
13.000000	22.000000	0.005974	0.011529	-0.084078	0.005970	0.011579	-0.084087	-0.183233	0.046498	-0.043337	0.464189	-3.136356	-1.974472	1.000000
20.000000	17.000000	-0.008548	0.005524	-0.067999	-0.008569	0.005572	-0.067983	-0.104930	0.010183	0.077472	-1.119127	0.647501	2.551599	1.000000
17.000000	26.000000	0.004357	-0.009638	-0.062753	0.004362	-0.009614	-0.062740	0.022121	0.077343	-0.029592	2.162427	2.325782	0.524689	1.000000
27.000000	19.000000	0.013641	0.007692	-0.073264	0.013654	0.007698	-0.073239	-0.047007	0.084900	-0.101861	0.237778	-0.983090	1.874372	1.000000
22.000000	20.000000	-0.013036	0.007649	-0.072933	-0.013038	0.007648	-0.072927	-0.019467	-0.001010	0.025385	-1.495255	1.117882	1.244256	1.000000
52.000000	45.000000	-0.008995	-0.006532	-0.077195	0.000000	0.000000	0.000000	0.000000	0.000000	0.000000	0.000000	0.000000	0.000000	0.000000
12.000000	33.000000	0.004654	-0.002487	-0.071960	0.004645	-0.002481	-0.071933	-0.049520	0.034650	0.072986	-1.268901	0.024072	0.256880	1.000000
49.000000	2.000000	-0.000736	0.000839	-0.072552	-0.000671	0.000833	-0.072660	-0.040083	0.010691	0.040803	3.811859	-0.286702	-1.881705	1.000000
35.000000	24.000000	0.009839	-0.012553	-0.069162	0.009837	-0.012540	-0.069127	-0.032636	0.002863	-0.067699	1.090931	0.639217	0.949753	1.000000
21.000000	43.000000	-0.002549	-0.010731	-0.063370	-0.002504	-0.010735	-0.063394	0.057059	-0.013157	-0.049877	-0.325366	0.760951	-0.178267	1.000000
25.000000	25.000000	0.011038	-0.006835	-0.067431	0.011033	-0.006826	-0.067421	-0.013643	-0.019383	0.085107	-1.478298	2.225006	-0.692093	1.000000
48.000000	42.000000	0.009672	0.001336	-0.081801	0.009620	0.001315	-0.081809	0.011310	0.038238	-0.049335	-0.001218	-0.180771	-0.171469	1.000000
37.000000	34.000000	-0.011609	0.007424	-0.067527	-0.011783	0.008374	-0.066522	-0.021968	-0.032983	0.050677	11.393896	-59.454124	-68.536094	1.000000
38.000000	31.000000	-0.004491	0.012310	-0.076522	-0.004532	0.012248	-0.076470	-0.047464	-0.029353	-0.019778	-2.635568	-2.927434	2.552290	1.000000
30.000000	32.000000	0.011124	-0.011454	-0.075622	0.011139	-0.011461	-0.075651	-0.061006	0.017334	0.087516	2.726559	-2.203631	-3.495163	1.000000
7.000000	13.000000	-0.003760	0.008080	-0.070612	-0.003785	0.008090	-0.070646	-0.031500	0.030396	0.070525	-0.377901	0.798538	-0.503975	1.000000
32.000000	29.000000	-0.004613	0.010237	-0.073753	-0.004606	0.010227	-0.073785	-0.041068	0.043282	0.105177	2.028076	-0.849186	0.834631	1.000000
29.000000	30.000000	-0.002790	-0.009668	-0.074350	-0.002817	-0.009631	-0.074373	-0.068067	-0.000277	-0.041288	0.063641	2.294522	1.828748	1.000000
50.000000	38.000000	0.013493	-0.000335	-0.070173	0.013498	-0.000323	-0.070194	0.044790	0.023138	0.021983	-0.806168	1.287468	1.629417	1.000000
31.000000	40.000000	-0.005450	-0.012475	-0.072718	-0.005445	-0.012469	-0.072729	-0.015851	0.054799	0.065208	0.105323	0.686150	0.819898	1.000000
34.000000	41.000000	-0.009022	0.013001	-0.074470	-0.009036	0.012995	-0.074483	-0.057884	-0.025861	0.067823	-0.088487	-1.107767	0.662746	1.000000
40.000000	39.000000	0.011091	0.001672	-0.079667	0.011109	0.001676	-0.079646	-0.027278	-0.001308	-0.006609	1.135918	0.513611	0.415005	1.000000
41.000000	36.000000	-0.004706	-0.007912	-0.084250	-0.004673	-0.007956	-0.084237	-0.080830	-0.045269	0.049976	3.680837	-1.532549	-2.550566	1.000000
39.000000	46.000000	-0.010364	0.004608	-0.061859	-0.010360	0.004647	-0.061885	0.022605	0.022408	0.070970	-0.404484	-0.790165	-0.999383	1.000000
44.000000	47.000000	-0.007783	-0.006555	-0.060701	-0.007786	-0.006552	-0.060677	0.082975	0.015344	0.052417	-0.265738	-0.914022	0.269737	1.000000
19.000000	37.000000	-0.010557	0.006210	-0.065990	-0.010498	0.006158	-0.065851	-0.109263	0.022761	0.103001	1.701373	-0.534964	1.038924	1.000000
0.000000	48.000000	-0.009873	-0.006714	-0.060791	0.000000	0.000000	0.000000	0.000000	0.000000	0.000000	0.000000	0.000000	0.000000	0.000000
46.000000	50.000000	0.004086	0.002483	-0.079640	0.004084	0.002464	-0.079646	-0.020329	0.141717	0.046246	1.022228	-0.018232	1.015484	1.000000
42.000000	44.000000	-0.010750	-0.000831	-0.082481	-0.011525	0.000066	-0.083449	-0.116361	-0.137642	0.170058	50.819507	-58.720692	64.863140	1.000000
45.000000	52.000000	-0.012835	-0.009012	-0.071115	-0.012878	-0.009040	-0.070984	0.012813	0.057567	0.046558	0.697927	-0.375520	-0.046837	1.000000
26.000000	53.000000	0.007612	-0.015708	-0.077619	0.007626	-0.015701	-0.077635	0.056720	0.013718	0.068683	1.323400	0.045085	-0.390286	1.000000
62.000000	51.000000	-0.008458	-0.011394	-0.072404	-0.008443	-0.011396	-0.072446	0.018038	0.025780	0.074781	1.543307	-0.257905	0.831221	1.000000
47.000000	63.000000	0.007675	0.014105	-0.081800	0.007652	0.014086	-0.081794	-0.144578	0.016558	-0.018828	-0.631675	-0.631155	-1.631980	1.000000
43.000000	49.000000	-0.004043	-0.006691	-0.078801	-0.004037	-0.006629	-0.078860	0.026435	-0.031336	0.053194	0.418430	2.606600	0.026346	1.000000
0.000000	27.000000	0.011305	-0.005987	-0.081534	0.000000	0.000000	0.000000	0.000000	0.000000	0.000000	0.000000	0.000000	0.000000	0.000000
63.000000	54.000000	-0.011265	-0.014633	-0.079049	-0.011241	-0.014669	-0.079017	-0.001085	-0.030783	0.081631	4.906843	1.140360	-10.212786	1.000000
53.000000	57.000000	0.008924	-0.014796	-0.073189	0.008935	-0.014805	-0.073202	0.075400	0.006373	-0.023012	-0.148671	-2.322110	-2.657765	1.000000
51.000000	55.000000	-0.013892	0.006034	-0.074977	-0.013844	0.006034	-0.074996	-0.001163	0.014325	0.046358	0.035135	-0.689547	-0.135949	1.000000
57.000000	58.000000	-0.015335	0.007759	-0.073874	-0.015408	0.008697	-0.073595	-0.023536	-0.058676	0.008998	4.869775	-64.500445	-19.435112	1.000000
61.000000	61.000000	-0.004934	0.012818	-0.070396	-0.004919	0.012821	-0.070367	0.005290	-0.022312	0.107533	-0.079609	-1.146906	0.939723	1.000000
58.000000	66.000000	-0.013381	-0.005377	-0.079194	-0.013378	-0.005367	-0.079183	-0.058518	-0.007025	0.015100	-0.982517	0.230519	0.491259	1.000000
65.000000	56.000000	-0.009284	-0.015942	-0.076877	-0.009280	-0.015912	-0.076883	0.027897	-0.005111	0.045692	-2.720238	-1.380952	-6.648809	1.000000
56.000000	65.000000	-0.010113	-0.007223	-0.074576	-0.010130	-0.007251	-0.074570	-0.044670	0.050626	0.082622	1.196945	0.693802	0.713260	1.000000
66.000000	67.000000	-0.013909	0.001266	-0.081531	-0.014824	0.000434	-0.082463	-0.271815	-0.076115	-0.080334	37.224929	32.730539	40.194036	1.000000
67.000000	68.000000	-0.004063	0.013219	-0.060310	-0.004064	0.013217	-0.060356	0.025936	0.031648	0.183072	-2.418331	-0.008741	0.540210	1.000000
68.000000	69.000000	-0.016428	0.009524	-0.074844	-0.018106	0.009612	-0.074581	0.079246	0.014691	-0.033400	109.157245	-4.371823	-20.328143	1.000000
70.000000	70.000000	0.016053	-0.002907	-0.067039	0.015634	-0.001492	-0.066634	-0.296749	0.285625	-0.014605	-28.921548	-35.565088	-24.469172	1.000000
