3.000000	4.000000	0.009315	0.001687	-0.060976	0.009322	0.001679	-0.060981	0.029119	0.188236	-0.034337	2.062282	-1.977391	-0.485482	1.000000
12.000000	7.000000	0.002556	0.000977	-0.072138	0.002537	0.000959	-0.072123	0.017888	-0.014591	0.023685	-0.364305	-0.627857	-0.878756	1.000000
1.000000	2.000000	-0.000831	0.000885	-0.072450	-0.000813	0.000920	-0.072437	-0.006732	0.015895	0.024304	3.657092	1.418036	-1.236166	1.000000
4.000000	1.000000	0.001868	0.001708	-0.080093	0.001878	0.001703	-0.080095	-0.077030	0.085534	0.081422	-0.027222	-1.145041	-0.738722	1.000000
5.000000	48.000000	0.004034	-0.008906	-0.079516	0.004064	-0.008904	-0.079522	-0.044811	0.052884	-0.014186	4.686342	0.809281	-3.848740	1.000000
2.000000	3.000000	0.012675	-0.003758	-0.063727	0.012693	-0.003760	-0.063696	-0.084468	0.215783	0.086695	-3.245646	3.577951	-0.966507	1.000000
19.000000	14.000000	0.002892	-0.006601	-0.079299	0.002881	-0.006581	-0.079291	-0.065556	0.093326	0.016234	-0.437465	0.517987	-0.978974	1.000000
9.000000	6.000000	0.002554	0.005754	-0.076486	0.002552	0.005737	-0.076504	-0.055290	-0.040095	0.011702	0.980133	-0.331221	-1.376564	1.000000
16.000000	5.000000	0.009934	-0.006924	-0.077987	0.009973	-0.006921	-0.077992	-0.050217	0.082003	0.050704	0.258864	0.393229	0.670510	1.000000
36.000000	9.000000	-0.005226	-0.007217	-0.063011	-0.005236	-0.007219	-0.063044	0.054531	-0.016028	-0.026768	0.156944	0.580552	-0.208030	1.000000
25.000000	20.000000	0.004321	-0.002275	-0.071486	0.004323	-0.002277	-0.071492	-0.057589	0.033702	0.073701	-1.238529	-0.292037	-0.271687	1.000000
10.000000	41.000000	0.010265	-0.011148	-0.073249	0.010253	-0.011156	-0.073246	-0.003232	0.014642	0.012076	-0.160839	0.474775	0.179071	1.000000
11.000000	12.000000	0.009507	0.002408	-0.070832	0.009502	0.002402	-0.070844	-0.024142	0.017730	-0.084145	0.218684	-0.740705	2.554154	1.000000
13.000000	10.000000	-0.000644	-0.007294	-0.074999	-0.000639	-0.007297	-0.075012	-0.012801	0.021611	-0.061457	0.088309	1.396282	-0.414849	1.000000
6.000000	24.000000	-0.002406	-0.003575	-0.071134	-0.002478	-0.003548	-0.071166	-0.107045	-0.038171	-0.045501	-2.024354	2.373436	-3.167746	1.000000
17.000000	11.000000	-0.003975	0.008284	-0.070226	-0.003978	0.008294	-0.070227	-0.033421	0.036494	0.067504	-0.652478	0.582201	-0.831771	1.000000
8.000000	61.000000	0.006371	0.010001	-0.070613	0.006398	0.010008	-0.070631	-0.042541	0.073869	-0.074669	3.431069	0.104146	-1.478272	1.000000
22.000000	21.000000	0.013370	0.008180	-0.073819	0.013387	0.008179	-0.073815	-0.042605	0.076321	-0.090579	-0.267133	-1.751501	1.749770	1.000000
15.000000	30.000000	-0.009206	0.005639	-0.067470	-0.009236	0.005635	-0.067477	-0.118169	0.014967	0.094901	-0.727169	-0.317573	2.389424	1.000000
18.000000	23.000000	-0.013173	0.007659	-0.072765	-0.013183	0.007660	-0.072753	-0.025178	0.004134	0.026748	-0.402836	0.686652	-0.754767	1.000000
33.000000	19.000000	0.004482	-0.009109	-0.062860	0.004558	-0.009116	-0.062895	0.040196	0.090669	-0.021719	1.371192	1.462978	1.802342	1.000000
24.000000	32.000000	0.013728	-0.000174	-0.070036	0.013743	-0.000157	-0.070019	0.036696	0.032380	0.033486	-1.305982	1.078970	1.787757	1.000000
20.000000	22.000000	-0.004863	0.012020	-0.076569	-0.004877	0.012023	-0.076498	-0.069184	-0.048902	0.010254	-2.247117	-1.639521	3.888399	1.000000
29.000000	26.000000	-0.011832	0.007621	-0.066831	0.000000	0.000000	0.000000	0.000000	0.000000	0.000000	0.000000	0.000000	0.000000	0.000000
39.000000	31.000000	0.004896	0.011781	-0.084351	0.004893	0.011819	-0.084384	-0.173536	0.035430	-0.055168	2.127752	-2.629216	-1.410294	1.000000
26.000000	25.000000	0.010927	-0.006909	-0.066933	0.010911	-0.006880	-0.066924	-0.026507	-0.000005	0.082092	-1.893191	2.606117	-0.899046	1.000000
27.000000	18.000000	0.010993	0.001686	-0.079686	0.010972	0.001684	-0.079680	-0.017686	0.004529	-0.003385	1.269362	0.920124	0.050670	1.000000
37.000000	43.000000	0.010796	-0.011381	-0.075205	0.010831	-0.011393	-0.075197	-0.040243	0.005841	0.063988	3.599743	-1.463407	-2.833424	1.000000
32.000000	8.000000	0.009674	0.001548	-0.082043	0.009680	0.001546	-0.082111	0.009716	0.037752	-0.048256	-0.095471	-0.230579	0.340916	1.000000
14.000000	16.000000	-0.011145	0.006269	-0.065162	-0.011103	0.006288	-0.065225	-0.093558	0.019237	0.107362	2.081317	-0.411520	0.653972	1.000000
30.000000	28.000000	-0.005547	-0.012127	-0.072337	-0.005541	-0.012129	-0.072318	-0.013349	0.059625	0.068621	0.668638	0.584921	1.299422	1.000000
50.000000	15.000000	0.005199	-0.011679	-0.079501	0.005150	-0.011717	-0.079507	-0.013710	0.050144	0.039898	0.856972	-0.010513	-0.021784	1.000000
31.000000	36.000000	-0.004835	0.010461	-0.073146	-0.004808	0.010469	-0.073138	-0.027617	0.036556	0.111488	1.648979	-1.009926	0.828301	1.000000
38.000000	34.000000	-0.003876	-0.006783	-0.078577	-0.003896	-0.006769	-0.078517	0.022746	-0.013419	0.054173	-0.079943	2.159811	-1.725348	1.000000
35.000000	33.000000	-0.009389	0.012817	-0.074039	-0.009373	0.012817	-0.074063	-0.056322	-0.033123	0.071544	0.373614	-1.371534	-0.011078	1.000000
41.000000	29.000000	-0.002147	-0.010802	-0.063700	-0.002182	-0.010799	-0.063704	0.053671	-0.008976	-0.055195	-1.044288	0.831310	-0.635985	1.000000
42.000000	67.000000	-0.011668	-0.001108	-0.082141	0.000000	0.000000	0.000000	0.000000	0.000000	0.000000	0.000000	0.000000	0.000000	0.000000
43.000000	37.000000	0.009804	0.007791	-0.061106	0.009801	0.007793	-0.061108	0.128019	0.021755	-0.018183	4.591450	2.739718	5.834956	1.000000
21.000000	62.000000	-0.009423	0.002958	-0.067052	-0.009428	0.002950	-0.067052	-0.003177	0.057932	0.123710	1.309675	-0.102106	-1.069549	1.000000
40.000000	64.000000	-0.007289	-0.006465	-0.060367	-0.007284	-0.006473	-0.060367	0.086360	0.009997	0.053701	1.505197	-1.173051	1.017045	1.000000
62.000000	40.000000	0.010320	-0.011490	-0.071525	0.010320	-0.011494	-0.071530	-0.018625	0.036375	-0.000875	-1.428571	8.178571	6.821428	1.000000
0.000000	39.000000	0.003972	0.003318	-0.079365	0.000000	0.000000	0.000000	0.000000	0.000000	0.000000	0.000000	0.000000	0.000000	0.000000
28.000000	42.000000	-0.009842	-0.006663	-0.077299	-0.009874	-0.006675	-0.077369	-0.139259	-0.002745	-0.003690	2.046204	2.007243	-8.217282	1.000000
7.000000	45.000000	-0.008562	-0.009699	-0.076229	-0.008544	-0.009679	-0.076267	-0.000443	0.003973	0.054218	0.584158	0.633409	-1.233105	1.000000
47.000000	52.000000	-0.012577	-0.010493	-0.081848	-0.012562	-0.010499	-0.081835	-0.040916	-0.030934	0.011809	3.231518	-1.135365	1.999750	1.000000
49.000000	-1.000000	-0.007360	0.001575	-0.061385	0.000000	0.000000	0.000000	0.000000	0.000000	0.000000	0.000000	0.000000	0.000000	0.000000
52.000000	44.000000	-0.005076	-0.008269	-0.083957	-0.005068	-0.008227	-0.083998	-0.051608	-0.049925	0.028158	3.422479	-0.720905	-4.690466	1.000000
48.000000	46.000000	-0.001929	-0.007473	-0.069623	-0.001935	-0.007491	-0.069596	0.012686	0.024313	-0.113409	0.134179	-0.911446	0.156907	1.000000
51.000000	27.000000	0.007986	-0.015635	-0.077231	0.008016	-0.015615	-0.077224	0.070848	0.014003	0.067681	1.133661	-0.350119	-0.361438	1.000000
56.000000	53.000000	-0.008300	-0.011249	-0.071965	-0.008306	-0.011231	-0.071985	0.028650	0.024814	0.082819	1.772809	0.290321	0.588457	1.000000
46.000000	55.000000	-0.012794	-0.008641	-0.070723	-0.012790	-0.008710	-0.070672	0.013089	0.054225	0.051989	0.294860	-0.731842	0.748588	1.000000
53.000000	50.000000	-0.011172	-0.014833	-0.078698	-0.011172	-0.014836	-0.078693	0.015236	-0.023017	0.040898	0.947183	1.372037	-4.017534	1.000000
54.000000	51.000000	0.006749	0.014162	-0.081888	0.006789	0.014166	-0.081924	-0.144128	0.010151	-0.024413	0.184300	-0.812847	-1.032995	1.000000
0.000000	47.000000	0.015468	-0.010703	-0.065224	0.000000	0.000000	0.000000	0.000000	0.000000	0.000000	0.000000	0.000000	0.000000	0.000000
34.000000	56.000000	-0.013877	0.006115	-0.074752	-0.013845	0.006110	-0.074709	0.000871	0.011800	0.049985	0.173052	-0.337526	-0.153638	1.000000
23.000000	17.000000	0.009619	-0.012544	-0.069479	0.009672	-0.012523	-0.069498	-0.021727	0.003823	-0.055088	1.145324	0.004369	2.202249	1.000000
44.000000	38.000000	-0.010286	0.004707	-0.061510	-0.010230	0.004776	-0.061463	0.018542	0.019941	0.067387	-0.301227	-0.617849	-0.846385	1.000000
58.000000	49.000000	-0.003182	-0.009624	-0.074563	-0.003227	-0.009582	-0.074591	-0.068656	0.017509	-0.030903	0.238390	2.089009	4.317015	1.000000
63.000000	60.000000	-0.004854	0.012712	-0.069700	-0.004884	0.012661	-0.069715	0.005636	-0.029982	0.111802	-0.159046	-0.784488	0.676008	1.000000
68.000000	35.000000	-0.010454	-0.006941	-0.074092	-0.010366	-0.006923	-0.074074	-0.037534	0.059210	0.081369	1.001902	0.909277	0.217332	1.000000
60.000000	65.000000	-0.015427	0.007782	-0.073712	0.000000	0.000000	0.000000	0.000000	0.000000	0.000000	0.000000	0.000000	0.000000	0.000000
0.000000	66.000000	0.003447	-0.003169	-0.086726	0.000000	0.000000	0.000000	0.000000	0.000000	0.000000	0.000000	0.000000	0.000000	0.000000
55.000000	54.000000	0.010298	-0.005237	-0.081422	0.010355	-0.005183	-0.081316	-0.149820	0.135628	0.021861	1.720166	-1.412301	-3.354546	1.000000
61.000000	58.000000	0.009401	-0.014800	-0.073344	0.009360	-0.014831	-0.073378	0.066038	-0.012873	-0.033381	-2.026538	-2.748603	-0.757965	1.000000
69.000000	68.000000	-0.014942	0.001265	-0.081305	0.000000	0.000000	0.000000	0.000000	0.000000	0.000000	0.000000	0.000000	0.000000	0.000000
70.000000	69.000000	-0.016765	0.009664	-0.074931	0.000000	0.000000	0.000000	0.000000	0.000000	0.000000	0.000000	0.000000	0.000000	0.000000
71.000000	-1.000000	-0.009285	-0.016078	-0.076826	0.000000	0.000000	0.000000	0.000000	0.000000	0.000000	0.000000	0.000000	0.000000	0.000000
72.000000	70.000000	0.016153	-0.002511	-0.066852	0.000000	0.000000	0.000000	0.000000	0.000000	0.000000	0.000000	0.000000	0.000000	0.000000
