32.000000	43.000000	0.001833	-0.000281	-0.075868	0.001848	-0.000279	-0.075848	-0.033808	-0.007230	0.047334	-2.568681	1.189560	-4.298951	1.000000
1.000000	38.000000	0.002719	-0.000117	-0.068513	0.002724	-0.000118	-0.068498	-0.156207	0.117059	-0.153046	-5.367132	3.868132	8.847152	1.000000
2.000000	42.000000	0.002413	-0.000266	-0.077397	0.002436	-0.000262	-0.077428	-0.009176	0.063003	0.029155	1.587163	-2.295205	-0.001249	1.000000
25.000000	41.000000	-0.005435	-0.002825	-0.069537	-0.005391	-0.002843	-0.069517	-0.100704	0.100800	0.032350	-5.754495	-1.835414	-0.581668	1.000000
16.000000	1.000000	0.004392	-0.004612	-0.066718	0.004393	-0.004625	-0.066713	-0.047979	0.020694	-0.108616	-2.754245	2.739760	5.128371	1.000000
9.000000	11.000000	0.001181	-0.006022	-0.073413	0.001184	-0.006015	-0.073419	0.046217	0.080325	-0.019467	5.725024	3.574425	9.720029	1.000000
4.000000	2.000000	0.005386	-0.005138	-0.073367	0.005393	-0.005135	-0.073358	-0.034833	0.043999	0.063886	-4.731268	-4.260739	-0.441059	1.000000
5.000000	3.000000	-0.002238	0.009275	-0.078486	-0.002240	0.009277	-0.078485	0.012661	0.066263	0.034613	-1.151848	-0.319930	0.567183	1.000000
23.000000	7.000000	0.004899	-0.008060	-0.067884	0.004908	-0.008054	-0.067871	-0.023741	-0.115209	-0.042810	-0.297453	-5.396353	-0.185315	1.000000
6.000000	6.000000	-0.000592	0.006508	-0.078399	-0.000586	0.006503	-0.078399	-0.025885	0.059584	0.029913	0.019980	1.391359	0.385365	1.000000
3.000000	19.000000	0.011187	-0.007098	-0.068397	0.011229	-0.007102	-0.068429	0.003790	-0.062926	-0.065555	-3.361638	-0.428571	5.680819	1.000000
7.000000	4.000000	0.009922	-0.009213	-0.062499	0.009923	-0.009200	-0.062491	0.028053	0.038908	-0.118120	1.501249	0.188312	0.993506	1.000000
14.000000	50.000000	-0.001454	-0.004923	-0.082168	-0.001447	-0.004926	-0.082185	-0.184278	-0.101980	0.042743	3.529470	2.312437	15.058190	1.000000
8.000000	14.000000	0.012296	0.009475	-0.074394	0.012298	0.009495	-0.074407	-0.068770	0.162867	-0.138058	-0.051948	0.123127	4.815934	1.000000
12.000000	8.000000	-0.002399	0.005339	-0.077143	-0.002403	0.005336	-0.077160	0.016775	0.060569	0.041652	-1.055694	0.030719	1.655344	1.000000
27.000000	10.000000	0.009074	0.012939	-0.076995	0.009100	0.013003	-0.077004	-0.038404	0.146268	-0.025060	0.008242	-5.889110	-1.885864	1.000000
33.000000	9.000000	-0.002073	0.003111	-0.068347	-0.002044	0.003104	-0.068354	-0.109478	0.095778	0.037658	-2.710789	-0.939560	1.540210	1.000000
10.000000	17.000000	0.007412	-0.014486	-0.073011	0.007430	-0.014475	-0.073010	0.044255	0.029244	-0.102824	-5.586413	5.099900	2.452048	1.000000
15.000000	27.000000	0.007595	-0.003371	-0.081318	0.007589	-0.003375	-0.081303	0.022518	0.063028	-0.016536	-2.692307	0.000999	2.340659	1.000000
13.000000	46.000000	-0.007627	0.004069	-0.075635	-0.007629	0.004065	-0.075663	-0.005506	0.072495	0.079874	-0.912587	-0.310689	0.273726	1.000000
11.000000	15.000000	0.005784	-0.006266	-0.075357	0.005765	-0.006256	-0.075364	-0.108246	0.053940	-0.006258	6.304445	-2.955045	3.927822	1.000000
19.000000	24.000000	-0.011860	0.007704	-0.076461	-0.011859	0.007711	-0.076434	-0.015663	0.027981	0.059932	0.607143	-1.854395	-3.217532	1.000000
18.000000	22.000000	0.010361	-0.004895	-0.068616	0.010368	-0.004897	-0.068611	-0.054147	-0.093737	-0.159708	6.180819	2.999250	2.674325	1.000000
29.000000	13.000000	0.014601	-0.000944	-0.070766	0.014620	-0.000937	-0.070748	0.027908	0.002216	-0.039156	0.814685	-1.692807	0.496503	1.000000
49.000000	18.000000	0.006720	-0.003517	-0.082820	0.006721	-0.003500	-0.082818	-0.022140	-0.000128	-0.027455	-5.811438	0.496254	3.482018	1.000000
30.000000	12.000000	-0.004912	-0.005406	-0.075755	-0.004909	-0.005412	-0.075792	-0.056405	0.086572	0.042793	0.171329	0.163337	3.614635	1.000000
55.000000	23.000000	-0.002090	-0.002804	-0.081822	-0.002114	-0.002819	-0.081790	-0.164764	0.066123	0.006780	7.809440	11.604644	5.561688	1.000000
20.000000	20.000000	-0.006526	-0.004754	-0.060587	-0.006509	-0.004756	-0.060577	0.010142	-0.071263	0.065160	0.109640	-1.632867	-1.798951	1.000000
21.000000	29.000000	-0.009710	0.000087	-0.070113	-0.009702	0.000091	-0.070079	-0.081255	0.072931	0.091704	0.256493	-2.583666	-1.207542	1.000000
51.000000	26.000000	-0.006575	0.014216	-0.076011	-0.006582	0.014224	-0.076019	-0.013686	-0.015412	-0.008508	-2.642108	1.607892	-0.115884	1.000000
44.000000	54.000000	-0.005708	0.001429	-0.070682	-0.005744	0.001446	-0.070645	-0.160590	0.096596	0.039645	-0.417083	0.717283	1.575674	1.000000
24.000000	16.000000	0.008932	-0.010129	-0.066783	0.008889	-0.010107	-0.066872	-0.034944	-0.091586	-0.063042	-1.097902	1.340409	3.293456	1.000000
45.000000	64.000000	-0.007548	-0.003243	-0.067074	-0.007548	-0.003243	-0.067074	-0.129333	0.039917	0.032333	-2.500000	-1.000000	16.999998	1.000000
26.000000	36.000000	-0.004760	-0.011851	-0.077026	-0.004787	-0.011850	-0.077053	-0.084961	0.107325	-0.037517	-2.035964	-3.087912	0.716284	1.000000
31.000000	32.000000	-0.014290	-0.007863	-0.068380	-0.014289	-0.007857	-0.068388	-0.072629	0.019976	0.007345	2.444056	0.907093	0.155844	1.000000
38.000000	28.000000	-0.006111	0.011155	-0.075632	-0.006110	0.011156	-0.075632	0.000313	0.018035	0.023549	0.644855	0.488761	0.508991	1.000000
36.000000	33.000000	-0.011904	0.010833	-0.077067	-0.011904	0.010831	-0.077060	-0.062151	0.002653	0.070816	0.491508	-2.032717	-0.631369	1.000000
17.000000	21.000000	-0.002987	0.004896	-0.074164	-0.002957	0.004927	-0.074049	0.006707	0.025272	0.077348	2.391608	-0.883866	4.338161	1.000000
34.000000	30.000000	0.014624	-0.008802	-0.069733	0.014644	-0.008819	-0.069719	0.071304	-0.072664	0.066289	6.678571	6.355158	6.073412	1.000000
40.000000	61.000000	0.007071	0.009797	-0.067414	0.007078	0.009773	-0.067460	-0.119790	0.114456	-0.181366	-13.024225	5.936313	9.586912	1.000000
35.000000	31.000000	-0.009028	-0.012865	-0.070285	-0.009033	-0.012850	-0.070282	-0.085963	0.139321	0.061452	0.103147	0.131369	1.153596	1.000000
37.000000	34.000000	0.001262	-0.012765	-0.065779	0.001284	-0.012756	-0.065747	-0.050119	-0.104255	-0.213050	1.785714	1.725275	0.048452	1.000000
57.000000	58.000000	-0.010335	-0.003056	-0.070140	-0.010326	-0.003071	-0.070145	-0.038320	0.140515	0.049586	-3.741258	1.191808	0.024476	1.000000
63.000000	62.000000	0.009896	-0.012649	-0.070894	0.009890	-0.012647	-0.070901	-0.082362	-0.103417	-0.108734	3.055444	5.967782	-1.962787	1.000000
41.000000	37.000000	0.006404	-0.010587	-0.082482	0.006409	-0.010584	-0.082480	-0.008301	0.145408	0.025652	-0.873377	-0.407592	1.281468	1.000000
42.000000	39.000000	-0.006579	-0.008606	-0.082254	-0.006581	-0.008606	-0.082254	-0.013145	-0.027988	0.072308	1.393357	0.624625	0.594156	1.000000
22.000000	25.000000	-0.012407	0.005727	-0.077377	-0.012409	0.005758	-0.077426	-0.056225	0.043466	0.042659	0.265235	0.839411	-0.809690	1.000000
47.000000	45.000000	-0.003811	-0.015425	-0.077068	-0.003820	-0.015403	-0.077105	-0.005698	0.050599	0.044245	1.085914	-0.225774	1.749001	1.000000
46.000000	44.000000	-0.006449	-0.014212	-0.078967	-0.006445	-0.014216	-0.078958	-0.048555	-0.002962	0.062693	-0.765984	0.731019	2.485264	1.000000
28.000000	5.000000	0.009824	-0.000094	-0.062531	0.009842	-0.000067	-0.062511	0.076768	0.029840	-0.069398	-2.959041	-2.861888	0.891858	1.000000
50.000000	47.000000	-0.012482	-0.014307	-0.072509	-0.012472	-0.014314	-0.072516	-0.046039	0.069083	-0.001384	0.046454	-0.201798	2.353896	1.000000
52.000000	52.000000	0.011681	-0.010362	-0.081302	0.011681	-0.010359	-0.081262	-0.068479	-0.096759	0.056560	8.516982	7.430319	-5.964785	1.000000
60.000000	51.000000	-0.008262	-0.012221	-0.068928	-0.008259	-0.012216	-0.068915	-0.069911	0.133918	0.073285	-0.587163	-0.968531	0.662587	1.000000
59.000000	59.000000	-0.014095	-0.015500	-0.069067	-0.014076	-0.015482	-0.069108	-0.065086	0.022452	-0.012278	2.555888	-7.937784	10.439254	1.000000
56.000000	48.000000	-0.002884	0.012451	-0.067469	-0.002868	0.012434	-0.067506	-0.034365	0.124856	0.160833	0.842893	2.312590	1.870671	1.000000
43.000000	40.000000	-0.009958	-0.010280	-0.082172	-0.009956	-0.010269	-0.082100	-0.040430	0.029247	0.018440	-2.009920	1.597222	0.751263	1.000000
53.000000	56.000000	0.014625	0.009677	-0.065402	0.014616	0.009679	-0.065434	-0.015321	0.170048	-0.179274	-4.950036	2.791486	1.009379	1.000000
54.000000	35.000000	-0.015374	0.000662	-0.069379	-0.015396	0.000644	-0.069424	-0.037254	-0.001714	0.080880	1.167208	2.344697	1.753788	1.000000
58.000000	55.000000	-0.000224	0.008580	-0.066100	-0.000225	0.008597	-0.066083	0.018839	0.077764	0.073248	0.434066	-0.229021	1.346903	1.000000
61.000000	57.000000	-0.012922	0.015299	-0.074595	-0.012930	0.015301	-0.074599	-0.047018	-0.148093	0.067279	3.598152	-2.719530	1.410090	1.000000
39.000000	49.000000	0.003574	-0.011662	-0.085829	0.003554	-0.011702	-0.085845	-0.069217	0.056139	0.003803	4.715284	2.374375	7.148601	1.000000
64.000000	63.000000	-0.009613	0.011230	-0.079875	-0.009611	0.011228	-0.079871	-0.052644	0.003731	0.013795	0.081349	0.670635	2.376984	1.000000
0.000000	-1.000000	0.008699	-0.010061	-0.067028	0.000000	0.000000	0.000000	0.000000	0.000000	0.000000	0.000000	0.000000	0.000000	0.000000
0.000000	-1.000000	-0.010004	-0.010087	-0.082002	0.000000	0.000000	0.000000	0.000000	0.000000	0.000000	0.000000	0.000000	0.000000	0.000000
48.000000	66.000000	0.007898	-0.014735	-0.068439	0.007922	-0.014750	-0.068352	0.004082	-0.139744	-0.029398	3.745254	0.324176	0.983766	1.000000
