5.000000	1.000000	0.001711	-0.002450	-0.065952	0.001734	-0.002474	-0.065983	-0.106328	0.058831	-0.017557	-0.126341	-1.477637	1.431201	1.000000
1.000000	6.000000	0.007876	0.001331	-0.063667	0.007862	0.001322	-0.063629	-0.070369	0.105406	0.039810	1.413578	-0.171595	1.275394	1.000000
2.000000	3.000000	0.003654	-0.007630	-0.063163	0.003655	-0.007635	-0.063168	-0.073285	0.019185	-0.086986	-1.120811	0.373718	-0.121272	1.000000
6.000000	5.000000	0.002052	0.002808	-0.074449	0.002069	0.002801	-0.074400	-0.081873	0.066894	-0.040461	0.254956	1.492607	1.265936	1.000000
7.000000	30.000000	0.001477	-0.004587	-0.074854	0.001481	-0.004591	-0.074862	-0.057273	0.025999	-0.055152	-1.539050	0.107373	-0.384491	1.000000
4.000000	65.000000	0.004689	-0.002549	-0.081103	0.004699	-0.002561	-0.081118	0.075393	0.086713	0.050547	0.927071	-0.046316	1.045261	1.000000
3.000000	10.000000	-0.002483	-0.003969	-0.064320	-0.002487	-0.003965	-0.064315	-0.006360	0.041746	0.004211	-0.093814	-1.603071	0.133897	1.000000
17.000000	22.000000	-0.003408	0.004248	-0.077711	-0.003388	0.004283	-0.077753	-0.079643	0.021863	0.001593	0.048047	-0.652694	0.146735	1.000000
11.000000	8.000000	-0.003791	-0.004370	-0.065052	-0.003793	-0.004379	-0.065083	0.012884	0.043273	0.009944	-0.513076	-1.146735	-1.070931	1.000000
18.000000	9.000000	0.007214	0.004042	-0.071074	0.007205	0.004038	-0.071060	0.053400	0.052207	-0.033931	1.164774	-0.341667	-0.199590	1.000000
14.000000	15.000000	0.012173	-0.003636	-0.072068	0.012154	-0.003639	-0.072022	-0.005391	0.087387	-0.014859	0.699456	0.080909	1.049221	1.000000
20.000000	19.000000	-0.007937	0.001936	-0.069401	-0.007912	0.001917	-0.069435	-0.038573	0.047724	0.007081	-1.233729	-1.073702	1.067699	1.000000
28.000000	66.000000	0.003273	-0.000353	-0.075425	0.003287	-0.000360	-0.075413	-0.038369	0.059201	-0.054740	-0.374417	0.939047	-0.359884	1.000000
12.000000	12.000000	0.000775	0.004491	-0.068042	0.000767	0.004494	-0.068078	-0.009511	-0.027941	0.047653	-0.248826	0.317721	-0.094163	1.000000
13.000000	13.000000	0.000999	0.006675	-0.063560	0.000990	0.006682	-0.063560	0.003219	0.025871	0.021609	-0.938007	2.021925	0.035878	1.000000
16.000000	11.000000	0.003422	0.000681	-0.068798	0.003399	0.000698	-0.068865	0.072044	0.012817	-0.011315	2.658355	3.538901	-1.013225	1.000000
8.000000	7.000000	-0.000555	0.009982	-0.076835	-0.000536	0.010027	-0.076886	-0.065808	-0.013447	-0.015607	-1.696677	2.200295	-0.420466	1.000000
22.000000	16.000000	-0.000843	0.003419	-0.067776	-0.000847	0.003423	-0.067768	-0.052425	0.020991	0.033783	0.012534	0.232956	-0.282973	1.000000
9.000000	39.000000	0.007201	0.001605	-0.075894	0.007185	0.001581	-0.075917	0.019430	0.098354	0.029438	0.279496	-0.872426	-1.954196	1.000000
26.000000	20.000000	0.010284	-0.010923	-0.073122	0.010261	-0.010929	-0.073163	-0.007993	-0.003808	0.033324	2.343063	-2.429544	-2.810559	1.000000
21.000000	21.000000	0.008143	-0.001464	-0.074325	0.008142	-0.001465	-0.074328	0.040773	0.071465	0.055709	-0.819318	1.198594	-0.362819	1.000000
31.000000	24.000000	0.003833	-0.004836	-0.080757	0.003797	-0.004816	-0.080756	0.073610	0.064563	0.072014	-0.482414	0.212986	-2.051235	1.000000
10.000000	42.000000	-0.007108	0.005677	-0.066383	-0.007124	0.005673	-0.066352	-0.072135	0.035157	-0.012096	1.591436	1.458973	0.649596	1.000000
19.000000	17.000000	-0.006815	-0.007524	-0.064390	-0.006833	-0.007525	-0.064360	-0.001611	0.002909	0.010219	-0.961232	-0.074772	-0.727852	1.000000
44.000000	2.000000	-0.004610	0.000346	-0.066728	-0.004633	0.000347	-0.066787	-0.004571	0.056281	-0.060331	-1.275706	0.925488	0.067261	1.000000
23.000000	23.000000	0.006562	-0.012037	-0.075374	0.006551	-0.012016	-0.075417	-0.036754	-0.014062	0.024824	-0.803441	-1.310358	-0.697368	1.000000
29.000000	70.000000	0.013135	0.000549	-0.077485	0.013127	0.000573	-0.077520	0.063393	0.120799	0.056844	-3.824833	2.416389	-0.071796	1.000000
32.000000	29.000000	-0.005287	-0.005749	-0.078641	-0.005293	-0.005749	-0.078651	-0.085279	0.019674	-0.014863	-0.774161	0.602522	-0.123718	1.000000
30.000000	14.000000	0.012596	-0.001094	-0.070296	0.012616	-0.001115	-0.070248	-0.043450	0.118274	-0.010915	2.979880	2.110100	0.451306	1.000000
34.000000	46.000000	-0.009728	-0.010581	-0.066639	-0.009730	-0.010582	-0.066665	-0.084057	0.001556	0.008804	-0.741188	-1.364387	-0.522007	1.000000
25.000000	26.000000	-0.004109	0.004494	-0.066630	-0.004119	0.004510	-0.066646	-0.018652	0.097248	0.001233	-0.300752	0.151944	0.074304	1.000000
36.000000	33.000000	-0.009653	0.003079	-0.077415	-0.009654	0.003079	-0.077422	-0.002372	0.052528	0.018993	0.718342	-1.519696	-1.344453	1.000000
33.000000	31.000000	0.003848	-0.008253	-0.078971	0.003857	-0.008248	-0.078931	-0.001150	-0.030526	-0.004124	-0.250178	-0.599453	-0.466477	1.000000
38.000000	18.000000	0.004597	0.003057	-0.079827	0.004618	0.003028	-0.079824	0.004960	0.125503	0.017904	1.211343	0.503574	-0.029094	1.000000
39.000000	28.000000	-0.002066	-0.012717	-0.072448	-0.002060	-0.012723	-0.072443	-0.005364	0.030023	-0.192633	1.082149	-1.033493	0.783708	1.000000
60.000000	38.000000	0.006784	0.006942	-0.060102	0.006815	0.006949	-0.060113	0.028710	0.132493	0.042716	-0.313281	1.451263	-3.014867	1.000000
47.000000	35.000000	0.003761	0.005255	-0.084293	0.003737	0.005247	-0.084316	0.023223	0.211142	0.102260	3.583856	-0.230820	-2.291510	1.000000
27.000000	25.000000	-0.006418	-0.003316	-0.083105	-0.006429	-0.003335	-0.083076	-0.035267	0.021994	-0.023034	-0.487726	0.419760	-1.399551	1.000000
40.000000	48.000000	0.001923	0.001687	-0.081717	0.001894	0.001707	-0.081732	-0.003930	0.101670	0.028685	1.588821	0.898689	0.204783	1.000000
50.000000	41.000000	-0.001378	-0.003586	-0.083547	-0.001329	-0.003583	-0.083547	-0.009043	0.126675	0.116377	1.276940	1.018054	-0.229814	1.000000
58.000000	34.000000	-0.009088	-0.010890	-0.073695	-0.009105	-0.010919	-0.073673	0.005114	-0.025935	0.023584	0.213883	0.039854	-0.213791	1.000000
77.000000	27.000000	-0.003512	0.003404	-0.082559	-0.003494	0.003391	-0.082534	-0.042431	0.119827	-0.010095	0.081845	-0.308583	0.999740	1.000000
42.000000	49.000000	-0.005177	0.009208	-0.067512	-0.005174	0.009193	-0.067539	-0.119657	-0.041597	-0.025333	-0.658170	4.134097	-0.840159	1.000000
66.000000	37.000000	-0.003217	-0.010644	-0.084101	-0.003228	-0.010657	-0.084104	0.022512	-0.030159	0.079796	1.079205	-1.375580	-1.629515	1.000000
57.000000	52.000000	-0.008430	0.003979	-0.071589	-0.008429	0.003991	-0.071594	-0.120817	0.053537	-0.052358	-1.052111	-1.922159	0.848168	1.000000
24.000000	32.000000	0.004291	0.010158	-0.065480	0.004281	0.010132	-0.065426	0.035524	0.066948	0.059638	1.265892	0.800410	-2.196811	1.000000
49.000000	51.000000	0.004849	-0.007567	-0.072697	0.004849	-0.007561	-0.072702	-0.050395	0.052221	-0.038456	0.178616	0.184976	0.823264	1.000000
55.000000	57.000000	-0.014325	-0.006513	-0.066356	-0.014329	-0.006513	-0.066353	-0.062821	0.002007	-0.050209	-1.088175	-0.800804	0.130219	1.000000
48.000000	69.000000	-0.004301	-0.008588	-0.064339	-0.004277	-0.008593	-0.064358	0.015479	0.068989	-0.021240	1.520402	-0.277549	-0.765394	1.000000
43.000000	63.000000	0.001227	0.012308	-0.084777	0.001227	0.012300	-0.084793	-0.002972	0.145853	-0.008240	2.144027	-4.181566	-2.958204	1.000000
51.000000	54.000000	-0.012904	-0.004210	-0.063078	-0.012911	-0.004203	-0.063041	-0.015570	-0.017720	-0.001771	-0.437985	-1.601221	-0.598123	1.000000
35.000000	47.000000	0.001979	0.009629	-0.069288	0.002002	0.009638	-0.069273	0.052106	-0.177439	0.085723	1.945385	1.826599	1.881846	1.000000
54.000000	53.000000	0.009199	0.008116	-0.085657	0.009216	0.008115	-0.085675	0.020223	0.220952	-0.014174	-1.259630	-0.201213	-2.165553	1.000000
37.000000	44.000000	-0.005317	-0.001212	-0.067700	-0.005315	-0.001216	-0.067736	-0.038340	0.067821	-0.016505	-0.259213	-0.123570	0.334200	1.000000
45.000000	4.000000	-0.003875	0.002984	-0.069859	-0.003877	0.002984	-0.069999	-0.036392	-0.018123	-0.010547	-0.967570	0.607091	-0.036190	1.000000
74.000000	55.000000	-0.011066	-0.004452	-0.084405	-0.011107	-0.004483	-0.084462	0.140469	-0.036787	0.058224	-3.863941	-1.162523	-1.622782	1.000000
53.000000	50.000000	0.010524	0.012209	-0.074759	0.010515	0.012185	-0.074731	0.093346	0.096554	0.037635	-0.583279	-0.920837	2.130643	1.000000
70.000000	45.000000	0.003726	-0.007622	-0.078961	0.003803	-0.007655	-0.079035	0.000198	-0.017736	0.028208	3.528804	-1.353507	-7.710511	1.000000
62.000000	62.000000	-0.010456	0.008762	-0.064490	-0.010445	0.008768	-0.064466	-0.090689	0.058833	0.029344	0.353532	1.100374	0.354951	1.000000
79.000000	61.000000	0.009829	0.007625	-0.083022	0.009839	0.007619	-0.083029	-0.019464	0.245351	0.087842	-0.609553	-0.515703	-2.158394	1.000000
61.000000	56.000000	-0.005599	-0.013642	-0.071292	-0.005604	-0.013661	-0.071291	-0.023771	0.010881	0.013455	-1.862975	0.014792	-1.375100	1.000000
63.000000	64.000000	-0.009061	0.006056	-0.081781	-0.009055	0.006055	-0.081788	0.020507	0.046780	0.030822	-3.102926	2.386477	-4.062213	1.000000
56.000000	82.000000	-0.006684	-0.011136	-0.074098	-0.006663	-0.011095	-0.074133	-0.069824	0.025043	0.035789	0.927531	-0.675503	1.685793	1.000000
86.000000	67.000000	0.011628	0.012425	-0.082311	0.011623	0.012413	-0.082326	-0.040483	0.215478	-0.022670	1.961281	-1.119377	-0.853393	1.000000
15.000000	71.000000	0.006704	-0.006205	-0.080120	0.006697	-0.006227	-0.080111	-0.046314	0.022922	0.100039	-1.992582	1.995678	-2.508191	1.000000
80.000000	80.000000	0.007105	-0.001337	-0.060650	0.007098	-0.001350	-0.060649	0.030549	0.083686	-0.023688	-0.875903	0.691833	0.246716	1.000000
67.000000	40.000000	-0.011663	0.003557	-0.082532	-0.011639	0.003587	-0.082500	-0.029857	0.050982	0.153915	2.815192	0.010603	-3.845783	1.000000
0.000000	36.000000	-0.012824	-0.002156	-0.072054	0.000000	0.000000	0.000000	0.000000	0.000000	0.000000	0.000000	0.000000	0.000000	0.000000
59.000000	72.000000	-0.015139	-0.007219	-0.072329	-0.015128	-0.007215	-0.072327	-0.061537	0.018608	0.030114	-0.469484	-0.065395	0.976769	1.000000
73.000000	74.000000	-0.008825	0.001462	-0.071471	-0.008830	0.001453	-0.071472	-0.053785	0.060399	0.003047	-1.498722	0.373874	-0.031123	1.000000
46.000000	43.000000	0.006776	0.004286	-0.082461	0.006835	0.004323	-0.082392	0.130459	0.169816	0.134340	0.156097	-1.260453	-2.550492	1.000000
78.000000	58.000000	0.010518	-0.013827	-0.075786	0.010535	-0.013855	-0.075769	-0.067630	-0.054951	-0.056690	-0.413393	-1.763737	2.064511	1.000000
41.000000	75.000000	-0.012760	0.008097	-0.077717	-0.012716	0.008087	-0.077646	-0.081526	0.121425	-0.009950	0.921483	1.492823	-0.612098	1.000000
71.000000	79.000000	-0.011553	0.007425	-0.080582	-0.011566	0.007412	-0.080576	-0.066924	0.015659	0.036064	0.657267	3.123842	0.862678	1.000000
81.000000	68.000000	-0.004848	-0.012844	-0.085824	-0.004831	-0.012853	-0.085802	0.026912	-0.043880	0.030155	0.405970	-0.488135	-0.598257	1.000000
76.000000	77.000000	0.011042	0.010808	-0.084343	0.011035	0.010792	-0.084302	-0.071445	0.232752	0.049224	0.387030	2.432761	-10.047008	1.000000
72.000000	-1.000000	-0.012372	-0.007709	-0.075611	0.000000	0.000000	0.000000	0.000000	0.000000	0.000000	0.000000	0.000000	0.000000	0.000000
87.000000	76.000000	0.003729	-0.014631	-0.076617	0.003734	-0.014628	-0.076638	-0.069102	0.035888	-0.222414	-1.740093	3.523310	-1.933858	1.000000
69.000000	-1.000000	0.007660	0.015024	-0.079924	0.000000	0.000000	0.000000	0.000000	0.000000	0.000000	0.000000	0.000000	0.000000	0.000000
52.000000	59.000000	0.009507	-0.009269	-0.066059	0.009530	-0.009303	-0.065965	-0.107406	0.165823	-0.109210	-0.292156	0.099780	0.391869	1.000000
88.000000	81.000000	-0.013702	0.006601	-0.079716	-0.013684	0.006612	-0.079685	-0.062524	0.095921	0.077496	-0.358617	-0.344879	-2.048890	1.000000
64.000000	73.000000	-0.010240	-0.008113	-0.083451	-0.010227	-0.008178	-0.083424	0.036442	-0.092002	0.061351	0.502905	1.112670	0.200548	1.000000
83.000000	-1.000000	0.010882	0.012891	-0.085184	0.000000	0.000000	0.000000	0.000000	0.000000	0.000000	0.000000	0.000000	0.000000	0.000000
68.000000	83.000000	0.008858	-0.012491	-0.063889	0.008868	-0.012516	-0.063869	-0.027377	0.070816	-0.135144	-2.607116	-2.943169	-1.529600	1.000000
84.000000	84.000000	0.011032	-0.015379	-0.074722	0.010994	-0.015393	-0.074677	0.083735	0.031373	-0.142688	5.191808	0.937812	4.340659	1.000000
85.000000	85.000000	-0.014881	0.002204	-0.062251	-0.014879	0.002212	-0.062248	-0.033273	0.026582	-0.010714	0.155168	1.425547	-0.073947	1.000000
82.000000	78.000000	-0.001438	0.003000	-0.085558	-0.001417	0.003004	-0.085573	-0.109321	0.138951	-0.003178	-0.853135	0.962139	-2.229360	1.000000
89.000000	86.000000	0.011521	-0.015744	-0.073591	0.011517	-0.015745	-0.073574	0.073025	-0.008777	-0.056818	-2.877181	3.863908	-3.636738	1.000000
90.000000	87.000000	-0.013796	0.003746	-0.081522	-0.013801	0.003715	-0.081528	-0.053335	0.082537	0.232417	3.171117	0.533346	-0.227167	1.000000
0.000000	88.000000	0.010487	-0.016103	-0.066824	0.000000	0.000000	0.000000	0.000000	0.000000	0.000000	0.000000	0.000000	0.000000	0.000000
