7.000000	1.000000	0.004818	0.003650	-0.075198	0.004830	0.003659	-0.075196	-0.034166	0.092299	0.097670	-1.354698	-0.905673	-0.895472	1.000000
1.000000	4.000000	0.005271	0.000125	-0.074785	0.005265	0.000106	-0.074811	-0.046128	0.118050	0.107267	-1.985341	-0.254012	-0.145673	1.000000
16.000000	17.000000	-0.004818	0.004566	-0.074928	-0.004818	0.004574	-0.074942	-0.076932	-0.014999	0.054461	0.138340	-1.787148	0.521197	1.000000
5.000000	3.000000	-0.000602	0.001036	-0.080026	-0.000599	0.001041	-0.080027	-0.029588	0.095924	0.013021	-0.457889	0.413675	0.527207	1.000000
11.000000	50.000000	0.008390	-0.000084	-0.063422	0.008382	-0.000060	-0.063432	0.072663	0.078454	0.083986	-1.669641	1.504844	3.296621	1.000000
3.000000	48.000000	-0.004178	-0.002679	-0.067528	-0.004188	-0.002630	-0.067473	-0.027800	0.131121	-0.004662	-5.925324	5.372127	5.866633	1.000000
24.000000	7.000000	0.000811	0.007855	-0.074536	0.000793	0.007858	-0.074529	-0.011516	0.043158	0.046396	0.029176	-1.260424	0.024221	1.000000
8.000000	25.000000	-0.003824	-0.000681	-0.075687	-0.003831	-0.000691	-0.075686	0.065016	0.023496	0.026591	-0.300930	-2.803434	2.247689	1.000000
9.000000	11.000000	0.010517	-0.006690	-0.062960	0.010513	-0.006690	-0.062953	0.041619	-0.040817	0.026707	0.964055	-0.186885	2.953007	1.000000
26.000000	21.000000	-0.002738	-0.005673	-0.068112	-0.002745	-0.005663	-0.068144	0.047474	0.063937	-0.044924	-2.105226	-1.259019	-1.853406	1.000000
12.000000	57.000000	0.010022	0.007638	-0.063326	0.009960	0.007609	-0.063322	-0.000692	0.077155	0.021622	-1.092826	-0.658474	0.924634	1.000000
4.000000	9.000000	0.005960	-0.001573	-0.071101	0.005979	-0.001559	-0.071137	-0.067771	0.022692	0.080746	-2.087469	0.385197	-1.179069	1.000000
27.000000	8.000000	-0.002660	-0.005594	-0.076136	-0.002631	-0.005605	-0.076163	-0.047986	0.052602	-0.040664	-0.344683	0.185043	0.514644	1.000000
14.000000	10.000000	-0.001797	0.000068	-0.068538	-0.001796	0.000065	-0.068527	-0.076544	0.020401	0.032821	0.386089	-0.583725	0.948156	1.000000
15.000000	16.000000	-0.003637	0.006167	-0.083861	-0.003644	0.006149	-0.083863	-0.045519	0.012471	-0.096047	1.595300	-1.094386	-1.679277	1.000000
17.000000	13.000000	-0.002150	-0.009563	-0.071037	-0.002146	-0.009554	-0.071053	-0.044675	0.026059	-0.053262	-0.406045	-0.579133	1.109446	1.000000
70.000000	5.000000	-0.001730	0.003115	-0.067214	-0.001711	0.003077	-0.067305	-0.043548	0.009506	0.141063	-0.532967	-4.195304	-11.461038	1.000000
19.000000	15.000000	0.012910	-0.012126	-0.073040	0.012894	-0.012116	-0.073028	0.065589	-0.002787	0.006140	0.514688	0.826161	0.411899	1.000000
10.000000	6.000000	0.012784	-0.001173	-0.077151	0.012808	-0.001157	-0.077151	-0.042254	0.136817	0.095171	-0.841526	-0.801562	0.059301	1.000000
22.000000	26.000000	-0.012347	0.007828	-0.068215	-0.012328	0.007819	-0.068227	-0.004198	0.005168	0.059917	2.981143	0.187249	-1.477094	1.000000
6.000000	2.000000	-0.002861	0.008715	-0.083380	-0.002837	0.008710	-0.083365	-0.051205	-0.089950	0.051002	1.767415	0.804179	-0.279283	1.000000
13.000000	28.000000	-0.000645	-0.001985	-0.070410	-0.000694	-0.001998	-0.070402	-0.059604	-0.047758	0.009107	1.204984	-0.128228	-1.177672	1.000000
21.000000	18.000000	-0.013585	0.006312	-0.073115	-0.013591	0.006324	-0.073112	-0.002750	0.001014	-0.021330	0.217280	0.590144	-1.029496	1.000000
20.000000	32.000000	-0.002224	-0.003711	-0.081226	-0.002221	-0.003724	-0.081238	-0.019458	-0.011114	-0.078636	-1.224910	-3.347841	1.867656	1.000000
28.000000	27.000000	-0.008547	0.006769	-0.078944	-0.008609	0.006780	-0.078934	-0.078640	-0.038791	-0.031561	-3.190793	2.672457	-4.306547	1.000000
18.000000	36.000000	0.007160	-0.007994	-0.081347	0.007134	-0.008008	-0.081426	0.004388	0.095972	0.021997	-2.411867	-0.890664	3.216702	1.000000
30.000000	39.000000	0.006675	-0.007870	-0.083705	0.006648	-0.007836	-0.083730	0.070717	0.120827	-0.038062	-0.599602	1.798337	2.990624	1.000000
33.000000	23.000000	0.006058	-0.002339	-0.082826	0.006100	-0.002372	-0.082882	-0.025394	0.138057	0.106370	-1.542876	-0.731864	0.395287	1.000000
23.000000	29.000000	0.009872	0.013568	-0.075639	0.009864	0.013555	-0.075631	0.003228	0.068542	0.080952	3.367173	-0.791309	-0.663712	1.000000
51.000000	30.000000	-0.014162	-0.008437	-0.066244	-0.014138	-0.008421	-0.066260	-0.049228	-0.072100	0.026788	0.855531	-0.975170	-0.358057	1.000000
32.000000	37.000000	-0.011456	0.007054	-0.071461	-0.011435	0.007051	-0.071450	-0.012285	-0.086109	0.017995	2.228008	1.903912	-1.319148	1.000000
2.000000	-1.000000	0.000866	0.001848	-0.060504	0.000000	0.000000	0.000000	0.000000	0.000000	0.000000	0.000000	0.000000	0.000000	0.000000
35.000000	34.000000	0.008495	0.003436	-0.082616	0.008483	0.003441	-0.082575	-0.046641	0.022224	0.069185	-1.082224	-0.382768	1.921535	1.000000
29.000000	33.000000	0.005593	-0.001983	-0.080222	0.005578	-0.002016	-0.080204	-0.028592	-0.050815	0.072833	0.744428	-1.692650	-3.490661	1.000000
34.000000	22.000000	0.000412	0.009238	-0.083741	0.000396	0.009238	-0.083703	-0.018769	-0.030431	0.062551	0.683527	1.175830	-0.258789	1.000000
37.000000	69.000000	0.008256	-0.012856	-0.071033	0.008234	-0.012863	-0.071028	-0.002624	-0.006637	-0.053554	1.770902	0.014868	-0.543032	1.000000
42.000000	35.000000	0.008182	-0.008882	-0.076543	0.008183	-0.008889	-0.076548	0.073637	0.033143	0.024196	0.603443	0.577053	-0.107195	1.000000
44.000000	38.000000	-0.006592	0.009561	-0.065679	-0.006598	0.009578	-0.065731	0.015491	-0.001872	0.073226	0.153727	0.067996	1.016962	1.000000
47.000000	41.000000	-0.012729	-0.002863	-0.067658	-0.012748	-0.002836	-0.067610	-0.022532	0.004987	0.065316	-0.112188	-1.040529	-0.359557	1.000000
25.000000	12.000000	-0.011954	-0.012093	-0.077154	-0.011933	-0.012113	-0.077058	-0.022935	0.069771	-0.005805	0.494049	-0.752630	-0.870642	1.000000
31.000000	24.000000	0.000341	0.011611	-0.076541	0.000360	0.011685	-0.076585	0.053172	-0.078787	-0.050679	-1.651297	2.028106	-1.005416	1.000000
41.000000	43.000000	-0.006880	-0.004567	-0.070071	-0.006885	-0.004531	-0.070091	0.009868	0.023794	0.101152	3.460994	-1.030617	0.141282	1.000000
40.000000	14.000000	0.009293	0.004498	-0.070935	0.009339	0.004476	-0.071015	0.028758	0.057167	0.042557	0.197168	-0.551502	-0.324735	1.000000
48.000000	45.000000	0.009046	-0.011079	-0.072413	0.009061	-0.011064	-0.072438	0.002984	0.004240	0.020590	1.662018	1.408987	-0.013425	1.000000
54.000000	20.000000	-0.008137	-0.009770	-0.073464	-0.008179	-0.009760	-0.073458	-0.000718	0.005078	0.042784	-3.717532	-1.229021	-2.516733	1.000000
38.000000	46.000000	-0.000956	0.011829	-0.085540	-0.000976	0.011845	-0.085554	-0.032737	-0.049440	-0.051096	2.035588	-0.161245	1.024042	1.000000
49.000000	47.000000	0.009589	0.011932	-0.072070	0.009606	0.011920	-0.072108	0.000893	0.026556	0.047184	1.042884	-1.479903	0.243819	1.000000
62.000000	40.000000	-0.014255	0.002225	-0.071111	-0.014240	0.002232	-0.071104	0.154495	0.015556	0.047938	-5.027137	-4.993006	3.114772	1.000000
43.000000	44.000000	-0.002974	-0.003927	-0.085272	-0.002971	-0.003882	-0.085288	-0.094578	-0.023108	-0.003513	0.680785	-2.398860	-1.828271	1.000000
52.000000	54.000000	0.009396	0.002683	-0.080926	0.009386	0.002696	-0.080898	-0.031846	-0.002794	0.102124	0.608183	3.209464	5.015862	1.000000
50.000000	19.000000	-0.007501	-0.010622	-0.070133	-0.007517	-0.010564	-0.070229	-0.047391	0.093509	0.085679	-0.065752	-0.813902	0.184820	1.000000
56.000000	61.000000	0.002205	-0.010947	-0.062403	0.002189	-0.010958	-0.062364	-0.077540	0.139095	-0.005022	0.450065	-0.413675	-1.190295	1.000000
57.000000	53.000000	0.001496	-0.012222	-0.064468	0.001496	-0.012262	-0.064424	0.009866	0.132008	0.024596	-5.781100	-0.473082	0.517497	1.000000
61.000000	64.000000	0.015177	0.005758	-0.065087	0.015248	0.005744	-0.065179	0.035720	0.109101	0.035237	0.225029	0.449248	-0.999599	1.000000
64.000000	55.000000	-0.006771	0.012439	-0.064230	-0.006762	0.012454	-0.064257	-0.013453	0.016375	0.108337	0.114825	-0.152649	0.104409	1.000000
66.000000	56.000000	0.003978	0.013894	-0.071227	0.003960	0.013921	-0.071230	0.005435	0.051584	0.061523	0.915643	1.187952	5.461835	1.000000
63.000000	62.000000	-0.012602	-0.011838	-0.075907	-0.012535	-0.011844	-0.075911	0.008686	0.030838	-0.006452	-1.358017	1.763049	-1.113449	1.000000
60.000000	60.000000	-0.014934	-0.008990	-0.074638	-0.014915	-0.008991	-0.074617	0.011819	-0.041470	0.041141	1.390249	0.479294	-0.914715	1.000000
58.000000	51.000000	-0.002073	-0.006628	-0.069554	-0.002026	-0.006587	-0.069505	0.044879	0.034345	-0.068997	-1.313642	-1.523470	-2.800885	1.000000
0.000000	68.000000	-0.011785	0.012707	-0.085577	0.000000	0.000000	0.000000	0.000000	0.000000	0.000000	0.000000	0.000000	0.000000	0.000000
65.000000	71.000000	0.011328	-0.009827	-0.086119	0.011330	-0.009833	-0.086145	0.044556	0.188757	0.068333	-0.751806	0.178535	0.853651	1.000000
39.000000	65.000000	0.007610	-0.007728	-0.084556	0.007640	-0.007708	-0.084534	0.064921	0.158752	0.032312	-0.446284	0.463171	-0.460489	1.000000
59.000000	52.000000	0.006905	0.001396	-0.080541	0.006903	0.001405	-0.080543	-0.070231	0.045630	0.086409	-1.299949	0.590523	0.571220	1.000000
67.000000	66.000000	-0.015951	0.008694	-0.070479	-0.015881	0.008654	-0.070521	-0.015473	0.042411	0.013529	1.151617	1.397723	-0.481158	1.000000
68.000000	59.000000	-0.010457	-0.014598	-0.079519	-0.010479	-0.014634	-0.079444	0.021098	-0.025085	0.050596	-1.207978	0.402352	-0.851266	1.000000
0.000000	-1.000000	-0.007262	-0.010629	-0.070725	0.000000	0.000000	0.000000	0.000000	0.000000	0.000000	0.000000	0.000000	0.000000	0.000000
46.000000	63.000000	0.012603	-0.001655	-0.077958	0.012598	-0.001662	-0.077928	-0.055458	0.150456	0.101923	0.096060	-0.943041	-2.315721	1.000000
0.000000	31.000000	0.000526	0.001971	-0.060749	0.000000	0.000000	0.000000	0.000000	0.000000	0.000000	0.000000	0.000000	0.000000	0.000000
55.000000	70.000000	0.012300	-0.001537	-0.076352	0.012305	-0.001527	-0.076332	-0.047543	0.131803	0.102239	-0.498046	-0.756843	-0.281531	1.000000
0.000000	67.000000	-0.000687	-0.014589	-0.084238	0.000000	0.000000	0.000000	0.000000	0.000000	0.000000	0.000000	0.000000	0.000000	0.000000
73.000000	72.000000	0.014792	-0.004351	-0.073825	0.014795	-0.004366	-0.073808	-0.010740	0.052009	0.144697	0.792564	-1.390955	0.046160	1.000000
74.000000	73.000000	0.000655	0.005287	-0.086582	0.000667	0.005279	-0.086605	-0.056133	-0.020077	0.019860	-0.396104	1.159590	0.891109	1.000000
75.000000	74.000000	0.007877	-0.014317	-0.063591	0.007874	-0.014327	-0.063529	-0.066944	0.158066	-0.049586	-22.079252	11.932691	3.956585	1.000000
