3.000000	15.000000	0.005636	-0.003001	-0.063129	0.005760	-0.003010	-0.063212	0.008540	0.155345	-0.048171	4.159967	-0.855850	-3.035840	1.000000
20.000000	55.000000	-0.003472	0.001776	-0.060864	-0.003412	0.001736	-0.060846	0.099986	-0.016945	-0.003165	1.256415	0.553819	-0.149068	1.000000
23.000000	21.000000	0.001452	-0.000553	-0.071164	0.001455	-0.000557	-0.071153	-0.054835	-0.036362	0.027699	-1.039518	-0.572602	0.410711	1.000000
5.000000	1.000000	0.007598	-0.002712	-0.074041	0.007603	-0.002714	-0.074004	-0.044227	0.058661	0.084737	-0.043857	-1.245208	0.717488	1.000000
4.000000	3.000000	0.000338	-0.001785	-0.079882	0.000324	-0.001772	-0.079871	-0.031023	0.078020	-0.026590	0.168616	0.279882	0.858242	1.000000
7.000000	25.000000	0.006121	-0.009675	-0.077348	0.006120	-0.009679	-0.077346	0.049049	0.019966	0.028896	1.226701	-0.189538	-0.564668	1.000000
44.000000	5.000000	0.000554	-0.000840	-0.069194	0.000557	-0.000850	-0.069206	-0.062994	0.030065	0.014089	-0.409403	0.153095	-0.141951	1.000000
1.000000	20.000000	-0.000784	0.003019	-0.069642	-0.000781	0.003044	-0.069599	-0.021482	0.013574	0.068896	-0.622299	-0.693616	0.209650	1.000000
38.000000	37.000000	-0.003400	-0.006027	-0.066580	-0.003453	-0.006055	-0.066559	-0.001749	0.093317	-0.038487	-8.714035	-0.095405	0.320929	1.000000
12.000000	8.000000	0.005768	-0.003236	-0.078268	0.005804	-0.003242	-0.078264	0.024723	0.092403	0.105420	-3.017682	-1.212436	1.276085	1.000000
6.000000	14.000000	-0.001060	-0.010132	-0.068308	-0.001076	-0.010144	-0.068312	0.001621	0.016301	-0.128227	-2.354669	-0.363361	0.381891	1.000000
11.000000	44.000000	-0.005440	-0.002149	-0.075053	-0.005452	-0.002160	-0.075062	0.019985	0.050105	-0.056696	2.718409	0.400970	1.551012	1.000000
19.000000	18.000000	-0.001639	-0.004810	-0.078579	-0.001641	-0.004814	-0.078579	-0.021693	0.050201	-0.073031	0.078308	-0.170429	-0.954456	1.000000
8.000000	26.000000	0.011130	-0.011815	-0.073006	0.011139	-0.011832	-0.072997	0.045694	-0.010903	-0.014115	0.931824	0.554438	0.878160	1.000000
26.000000	9.000000	0.009897	0.010589	-0.073947	0.009911	0.010598	-0.073987	-0.031843	0.042654	0.092484	2.404789	0.111058	-0.931640	1.000000
35.000000	7.000000	-0.002232	0.004401	-0.076567	-0.002258	0.004377	-0.076589	-0.081288	0.020442	0.054653	-0.128399	-0.839750	-0.114364	1.000000
16.000000	16.000000	-0.012646	-0.007354	-0.067393	-0.012650	-0.007352	-0.067383	-0.031437	-0.003196	0.043307	-1.454865	-1.062721	-0.878354	1.000000
32.000000	12.000000	0.011595	0.010969	-0.078313	0.011590	0.010986	-0.078306	-0.093422	0.077524	0.069427	1.207666	0.546294	1.394053	1.000000
24.000000	19.000000	-0.013538	0.006444	-0.072995	-0.013542	0.006442	-0.072999	0.003632	-0.005363	0.013029	-0.399395	-0.210333	-1.017110	1.000000
43.000000	59.000000	0.014437	0.002402	-0.066974	0.014447	0.002419	-0.066951	0.009183	0.091041	0.063862	0.578665	1.853718	0.296123	1.000000
25.000000	40.000000	-0.011191	0.008875	-0.070625	-0.011201	0.008870	-0.070611	-0.038982	-0.077463	0.076135	-0.725972	1.821220	0.574051	1.000000
9.000000	2.000000	-0.001433	-0.006981	-0.074544	-0.001449	-0.007000	-0.074585	-0.019676	0.027266	-0.062631	-1.482436	1.291420	0.959895	1.000000
13.000000	42.000000	0.004943	0.000721	-0.078657	0.005007	0.000738	-0.078698	-0.010407	0.081695	0.116654	3.320358	0.551049	1.273322	1.000000
39.000000	33.000000	-0.005898	-0.013768	-0.072742	-0.005899	-0.013744	-0.072756	-0.049174	0.103140	0.071007	-0.815366	-0.227250	0.591020	1.000000
45.000000	34.000000	-0.005966	-0.006211	-0.072521	-0.005966	-0.006206	-0.072476	-0.038834	0.084136	0.053105	1.535970	-1.162694	-3.112812	1.000000
29.000000	41.000000	-0.006340	0.009494	-0.067577	-0.006330	0.009497	-0.067541	-0.031289	0.010454	0.047554	0.936566	-0.175117	0.364275	1.000000
2.000000	4.000000	0.009662	0.004891	-0.062456	0.009631	0.004888	-0.062477	-0.011909	0.094948	-0.048483	2.469814	-0.901638	-1.777090	1.000000
27.000000	32.000000	-0.005870	0.008561	-0.082293	-0.005918	0.008583	-0.082272	-0.124370	-0.027058	0.184389	-0.194520	-4.100120	-1.686839	1.000000
15.000000	17.000000	0.004173	0.012418	-0.072023	0.004212	0.012404	-0.071975	-0.024361	0.050925	0.001759	0.910956	-0.039979	0.858272	1.000000
14.000000	6.000000	-0.003866	-0.008326	-0.068684	-0.003887	-0.008353	-0.068727	0.059521	0.070862	0.013006	0.329750	-0.480995	-2.366207	1.000000
33.000000	10.000000	-0.001234	0.011593	-0.084979	-0.001166	0.011556	-0.084949	-0.053472	-0.072902	0.046307	0.905881	-1.336459	-0.022215	1.000000
56.000000	13.000000	0.000878	0.013272	-0.083758	0.000894	0.013277	-0.083777	-0.071825	-0.044513	-0.048304	0.812654	-0.086786	-0.872515	1.000000
17.000000	-1.000000	-0.008180	-0.009670	-0.074328	0.000000	0.000000	0.000000	0.000000	0.000000	0.000000	0.000000	0.000000	0.000000	0.000000
18.000000	35.000000	0.008956	0.002835	-0.071823	0.008973	0.002820	-0.071875	-0.000699	0.026666	0.012658	0.123336	1.732966	0.410302	1.000000
10.000000	24.000000	0.009003	0.009186	-0.060879	0.009037	0.009176	-0.060863	0.015680	0.168592	-0.014721	-0.314229	-1.603019	2.516850	1.000000
41.000000	28.000000	0.012465	-0.011496	-0.073114	0.012467	-0.011501	-0.073103	0.072380	0.002535	0.041862	1.190600	0.300373	0.767816	1.000000
37.000000	39.000000	0.009460	-0.006538	-0.063479	0.009451	-0.006529	-0.063496	0.020405	0.011032	0.047374	1.468632	1.023270	-2.389818	1.000000
34.000000	57.000000	0.008614	0.000151	-0.082956	0.008628	0.000156	-0.082980	-0.049821	0.046420	0.063635	0.421498	-1.266821	0.703706	1.000000
40.000000	30.000000	-0.012010	-0.003591	-0.069910	-0.012000	-0.003592	-0.069918	-0.027406	0.043596	0.075638	0.247734	-0.923408	-0.316555	1.000000
36.000000	36.000000	0.010570	0.003072	-0.081003	0.010593	0.003041	-0.081037	-0.024235	0.021881	-0.052128	-1.332395	-1.994428	0.293010	1.000000
46.000000	45.000000	0.009320	-0.010476	-0.072305	0.009323	-0.010480	-0.072317	-0.016012	-0.023060	-0.007083	-3.410714	1.196428	14.124999	1.000000
65.000000	22.000000	-0.004982	-0.008170	-0.067963	-0.004974	-0.008172	-0.067976	0.077716	0.084678	0.039206	0.001077	0.467726	-2.529087	1.000000
42.000000	38.000000	0.001177	0.010649	-0.085187	0.001194	0.010625	-0.085198	-0.036847	-0.042954	0.031331	-0.092930	-0.621935	0.163266	1.000000
52.000000	43.000000	-0.009603	0.010379	-0.072811	-0.009596	0.010320	-0.072740	-0.104894	-0.077336	0.075669	1.489093	-3.917479	-1.922798	1.000000
51.000000	47.000000	-0.005206	-0.005662	-0.082058	-0.005223	-0.005657	-0.082075	-0.064472	0.015330	-0.095732	0.302795	0.142040	0.719984	1.000000
28.000000	53.000000	0.001227	0.006149	-0.075818	0.001223	0.006154	-0.075799	-0.019082	0.057185	0.024917	0.108198	0.748982	0.567966	1.000000
49.000000	54.000000	0.005442	-0.010720	-0.082171	0.005441	-0.010729	-0.082184	-0.001489	0.078194	-0.010375	0.504601	-0.045791	-2.756697	1.000000
0.000000	27.000000	0.009493	0.002802	-0.083773	0.000000	0.000000	0.000000	0.000000	0.000000	0.000000	0.000000	0.000000	0.000000	0.000000
21.000000	60.000000	-0.012046	-0.013239	-0.074772	-0.012046	-0.013228	-0.074808	-0.036988	0.049934	-0.019771	1.568241	-0.720140	-2.343673	1.000000
22.000000	11.000000	-0.000892	0.003339	-0.082628	-0.000892	0.003299	-0.082575	-0.118400	0.176896	0.003254	0.595969	-3.035060	-2.615687	1.000000
53.000000	52.000000	0.006850	-0.001321	-0.084068	0.006880	-0.001349	-0.084093	-0.059654	0.010592	0.172182	2.210784	-2.016576	-0.441886	1.000000
48.000000	-1.000000	0.005877	-0.012610	-0.081999	0.000000	0.000000	0.000000	0.000000	0.000000	0.000000	0.000000	0.000000	0.000000	0.000000
30.000000	31.000000	0.008742	-0.012744	-0.069840	0.008786	-0.012718	-0.069836	-0.015632	0.000070	-0.015381	-1.083333	-0.238326	-1.896414	1.000000
71.000000	58.000000	-0.001973	0.015289	-0.075362	-0.001999	0.015277	-0.075347	0.094579	-0.131269	-0.020020	-2.151099	1.825175	-3.617133	1.000000
31.000000	48.000000	-0.009027	0.004212	-0.062657	-0.009038	0.004232	-0.062662	0.036913	-0.007182	0.082301	1.797178	1.154574	0.961106	1.000000
57.000000	61.000000	-0.006163	0.011631	-0.067414	-0.006129	0.011625	-0.067419	-0.034045	0.034816	0.091738	1.073635	0.292453	0.005364	1.000000
54.000000	62.000000	-0.013099	0.011818	-0.074932	-0.013113	0.011784	-0.074759	-0.120309	-0.099887	0.011049	-9.443556	3.292457	14.176073	1.000000
59.000000	63.000000	-0.011561	-0.013693	-0.080254	-0.011559	-0.013691	-0.080258	0.041049	-0.036812	0.000724	-0.744190	0.110424	1.450944	1.000000
47.000000	56.000000	0.006315	-0.006574	-0.086092	0.006322	-0.006575	-0.086063	-0.008772	0.100929	0.097332	0.823177	3.400349	0.966783	1.000000
61.000000	68.000000	0.004439	0.010945	-0.076867	0.004431	0.010954	-0.076854	0.015482	0.128645	0.025576	0.791532	-2.140190	-0.362435	1.000000
60.000000	46.000000	-0.000049	-0.004877	-0.086168	-0.000059	-0.004902	-0.086208	-0.071988	0.083756	0.058211	-1.407819	-2.977910	-2.172944	1.000000
62.000000	49.000000	0.005563	-0.011996	-0.085340	0.005513	-0.012034	-0.085359	0.074019	0.120830	0.008410	-0.686737	0.897872	0.969917	1.000000
55.000000	64.000000	-0.011316	-0.014372	-0.077088	-0.011296	-0.014300	-0.076976	-0.012275	0.055962	0.036431	-0.569534	1.327053	-1.885494	1.000000
0.000000	66.000000	-0.011027	0.012488	-0.086269	0.000000	0.000000	0.000000	0.000000	0.000000	0.000000	0.000000	0.000000	0.000000	0.000000
50.000000	-1.000000	0.009304	0.002733	-0.083499	0.000000	0.000000	0.000000	0.000000	0.000000	0.000000	0.000000	0.000000	0.000000	0.000000
0.000000	29.000000	0.005776	-0.012819	-0.082299	0.000000	0.000000	0.000000	0.000000	0.000000	0.000000	0.000000	0.000000	0.000000	0.000000
58.000000	67.000000	-0.015054	0.008067	-0.071477	-0.015020	0.008059	-0.071412	-0.034716	0.007309	0.038753	0.372745	0.426493	-0.756796	1.000000
66.000000	50.000000	-0.012789	0.006118	-0.060909	-0.012776	0.006178	-0.060863	0.001219	0.015384	0.141392	6.911838	-1.990010	9.026223	1.000000
68.000000	69.000000	-0.005084	0.012523	-0.062505	-0.005082	0.012516	-0.062545	-0.022341	0.046038	0.161186	-0.658282	0.963558	0.633127	1.000000
70.000000	71.000000	-0.014592	-0.007663	-0.076207	-0.014574	-0.007668	-0.076177	-0.037459	-0.039834	0.039105	1.549764	-0.228669	0.011278	1.000000
69.000000	70.000000	0.011305	-0.016535	-0.074860	0.011330	-0.016523	-0.074868	0.068756	-0.045816	0.017166	8.234764	-2.623127	2.955045	1.000000
0.000000	23.000000	-0.008263	-0.009694	-0.074777	0.000000	0.000000	0.000000	0.000000	0.000000	0.000000	0.000000	0.000000	0.000000	0.000000
72.000000	72.000000	0.004998	-0.015466	-0.062689	0.005010	-0.015474	-0.062685	-0.108070	0.154515	0.024665	1.422150	-2.938450	-0.976535	1.000000
73.000000	73.000000	-0.000539	-0.014998	-0.063616	-0.000477	-0.015060	-0.063670	-0.011852	0.048767	-0.072667	6.614156	-1.540670	-0.803820	1.000000
74.000000	74.000000	0.015680	-0.006786	-0.078457	0.015675	-0.006796	-0.078461	-0.036465	0.107994	0.156005	-0.815758	-2.881190	-0.736366	1.000000
