3.000000	8.000000	-0.003126	-0.006891	-0.065620	-0.003141	-0.006902	-0.065619	0.009130	0.046196	-0.078283	-3.422923	2.500709	0.898091	1.000000
2.000000	10.000000	0.002127	-0.000094	-0.071472	0.002136	-0.000088	-0.071471	-0.040945	-0.030674	0.017948	-1.369216	-0.286197	0.434924	1.000000
5.000000	3.000000	-0.001132	0.004005	-0.077326	-0.001141	0.004004	-0.077345	-0.079739	0.033010	0.053886	-0.127589	-0.983201	-0.424805	1.000000
4.000000	7.000000	0.005135	-0.004791	-0.079541	0.005153	-0.004806	-0.079519	0.059586	0.133079	0.067019	-0.616326	-1.517021	3.437316	1.000000
13.000000	1.000000	0.008226	-0.003646	-0.075085	0.008238	-0.003641	-0.075105	-0.047315	0.071599	0.074482	-0.015751	-0.742585	0.083011	1.000000
1.000000	31.000000	0.009810	0.003425	-0.061939	0.009804	0.003459	-0.061966	-0.009082	0.112168	-0.023438	1.495371	-2.031843	-2.588962	1.000000
22.000000	6.000000	-0.001344	-0.007252	-0.073596	-0.001342	-0.007242	-0.073613	0.003583	0.008044	-0.076716	-1.295016	1.167798	1.380776	1.000000
11.000000	2.000000	-0.000550	0.002794	-0.070526	-0.000538	0.002786	-0.070560	-0.012268	0.025035	0.068259	-0.920919	-1.497191	0.287356	1.000000
8.000000	9.000000	-0.008407	-0.009636	-0.074829	-0.008395	-0.009629	-0.074805	0.009013	-0.004303	0.029564	0.633385	0.084623	0.180534	1.000000
6.000000	5.000000	0.005869	-0.004964	-0.063155	0.005706	-0.004940	-0.063087	0.018294	0.117155	0.017858	-1.421587	1.336161	-0.020283	1.000000
7.000000	12.000000	0.000774	-0.002862	-0.079482	0.000771	-0.002873	-0.079463	-0.032695	0.080263	-0.028112	0.560091	-0.427554	-0.488759	1.000000
10.000000	11.000000	-0.001289	-0.010417	-0.066686	-0.001274	-0.010428	-0.066652	0.019308	0.023038	-0.104000	-0.109773	0.051101	-1.781502	1.000000
18.000000	20.000000	0.000759	0.000701	-0.082938	0.000732	0.000718	-0.082928	-0.109634	0.176184	0.049692	-0.678675	2.598792	-3.705006	1.000000
50.000000	29.000000	0.005585	-0.000305	-0.080031	0.005614	-0.000337	-0.080096	-0.075486	0.080988	0.081797	3.434270	-1.716596	2.775409	1.000000
24.000000	18.000000	0.005559	-0.010020	-0.077786	0.005543	-0.010016	-0.077845	0.033862	0.029321	0.042120	1.086852	-0.687658	-0.577625	1.000000
0.000000	14.000000	0.010639	-0.011601	-0.072730	0.000000	0.000000	0.000000	0.000000	0.000000	0.000000	0.000000	0.000000	0.000000	0.000000
15.000000	15.000000	0.004601	0.011720	-0.071935	0.004619	0.011728	-0.071941	-0.032772	0.042674	-0.004760	0.372388	0.840203	0.650391	1.000000
20.000000	22.000000	-0.006034	-0.009262	-0.068742	-0.006027	-0.009262	-0.068746	0.071833	0.071073	0.070182	0.456358	0.918787	-1.762816	1.000000
16.000000	33.000000	0.010815	0.002596	-0.080418	0.010803	0.002611	-0.080406	-0.007258	0.033885	-0.035216	-0.863829	-0.080248	-1.010357	1.000000
25.000000	17.000000	-0.005432	-0.002807	-0.074138	-0.005434	-0.002807	-0.074144	-0.022154	0.044459	-0.071031	2.808360	0.415622	0.772593	1.000000
21.000000	52.000000	-0.012381	-0.007380	-0.068115	-0.012389	-0.007392	-0.068127	-0.004925	0.010197	0.062737	-1.474323	-1.164195	-0.636780	1.000000
12.000000	16.000000	0.010653	0.010003	-0.075264	0.010645	0.010000	-0.075254	-0.070985	0.042672	0.073278	1.877128	0.100122	4.547750	1.000000
23.000000	25.000000	-0.009301	0.004407	-0.063708	-0.009285	0.004386	-0.063700	0.000052	-0.006894	0.066189	1.274993	-1.564118	0.728387	1.000000
29.000000	23.000000	-0.001354	-0.005523	-0.077658	-0.001349	-0.005540	-0.077657	-0.019770	0.053958	-0.061806	-0.118057	-0.147203	-0.138221	1.000000
27.000000	28.000000	0.009660	0.002623	-0.083433	0.009665	0.002623	-0.083442	-0.017150	0.013343	-0.012996	-0.800245	-0.629063	1.121581	1.000000
58.000000	49.000000	0.005412	-0.011867	-0.082222	0.005417	-0.011836	-0.082267	0.006405	0.070961	0.019606	-0.815684	2.805694	-1.363636	1.000000
33.000000	32.000000	0.008972	0.002601	-0.072020	0.008973	0.002595	-0.072030	0.000614	0.007557	0.007613	-0.326424	1.168082	1.062687	1.000000
31.000000	19.000000	-0.013634	0.006468	-0.073281	-0.013639	0.006469	-0.073281	0.009572	0.002074	0.026615	-0.157546	-0.535491	-0.753440	1.000000
17.000000	53.000000	0.008718	0.006609	-0.060409	0.008716	0.006624	-0.060452	0.032079	0.193240	-0.039708	-0.657263	-0.900220	0.494866	1.000000
26.000000	24.000000	-0.005362	-0.007431	-0.073394	-0.005363	-0.007429	-0.073365	-0.042075	0.085942	0.066322	0.128250	0.763774	0.251991	1.000000
14.000000	36.000000	-0.004673	-0.009365	-0.069171	-0.004677	-0.009364	-0.069139	0.052174	0.072900	0.045838	0.678995	-0.162063	-2.241077	1.000000
63.000000	38.000000	0.001503	0.005498	-0.076149	0.001475	0.005494	-0.076139	-0.015286	0.034242	0.023808	-0.259124	1.706566	0.300692	1.000000
56.000000	13.000000	0.014358	0.001348	-0.067793	0.014335	0.001403	-0.067784	0.008844	0.053067	0.055553	-0.110234	2.110687	0.125241	1.000000
32.000000	34.000000	0.001656	0.011172	-0.085733	0.001579	0.011154	-0.085714	-0.015773	-0.035948	0.038761	-0.414032	0.114082	1.909328	1.000000
40.000000	30.000000	0.009002	-0.012710	-0.069780	0.009011	-0.012711	-0.069772	-0.018211	-0.002565	0.004431	-0.330520	0.087646	-1.337154	1.000000
36.000000	40.000000	0.011555	-0.011488	-0.073654	0.011555	-0.011516	-0.073626	0.056947	-0.000409	0.032762	1.471247	0.393459	0.476166	1.000000
28.000000	35.000000	0.009384	-0.000634	-0.083810	0.009390	-0.000655	-0.083810	-0.062402	0.070026	0.057724	1.065440	-1.354000	0.349936	1.000000
9.000000	21.000000	0.009336	-0.006491	-0.064335	0.009330	-0.006465	-0.064359	-0.004936	-0.019413	0.069343	2.303917	0.400599	-0.174195	1.000000
45.000000	37.000000	-0.010768	0.010080	-0.071572	-0.010757	0.010077	-0.071587	-0.024923	-0.091127	0.064183	-0.612344	0.195474	0.512073	1.000000
46.000000	43.000000	-0.005840	0.009355	-0.068236	-0.005813	0.009366	-0.068172	-0.041810	0.008174	0.044897	0.667925	-0.255944	-0.168601	1.000000
34.000000	48.000000	-0.000227	0.012427	-0.085588	-0.000266	0.012437	-0.085607	-0.079026	-0.050940	0.042354	1.718350	-1.627916	1.049266	1.000000
42.000000	42.000000	-0.004290	-0.005886	-0.080676	-0.004259	-0.005912	-0.080670	-0.071498	0.026834	-0.107741	-1.186127	-1.532267	1.283233	1.000000
41.000000	44.000000	-0.012431	0.005809	-0.062493	-0.012446	0.005832	-0.062528	-0.034631	0.027270	0.121037	1.672727	0.313272	-0.526700	1.000000
30.000000	27.000000	-0.008016	0.010897	-0.073835	-0.008108	0.010922	-0.073933	-0.100995	-0.013338	0.088574	-1.180013	-2.206395	0.285915	1.000000
43.000000	59.000000	0.009586	-0.010256	-0.072195	0.009596	-0.010255	-0.072171	-0.025863	-0.002976	-0.011168	0.605025	-2.434127	0.149753	1.000000
47.000000	41.000000	-0.005580	0.011200	-0.068747	-0.005563	0.011228	-0.068733	-0.040648	0.019963	0.097768	-0.950006	1.019815	-0.574371	1.000000
44.000000	66.000000	-0.014466	0.007945	-0.071941	-0.014510	0.007984	-0.071931	-0.039353	0.004623	0.027931	0.052431	-0.020380	0.923571	1.000000
0.000000	47.000000	0.007942	-0.001655	-0.086320	0.000000	0.000000	0.000000	0.000000	0.000000	0.000000	0.000000	0.000000	0.000000	0.000000
49.000000	51.000000	0.002008	0.013886	-0.083204	0.001994	0.013875	-0.083200	-0.087769	-0.037558	-0.033547	2.169440	-1.379257	-0.863906	1.000000
70.000000	71.000000	-0.013934	-0.007189	-0.076783	-0.013918	-0.007137	-0.076808	-0.059667	-0.034430	0.047875	2.112284	-0.819660	0.526427	1.000000
19.000000	50.000000	0.001421	-0.001272	-0.069448	0.001433	-0.001255	-0.069460	-0.065217	0.027279	0.023212	0.671617	0.311800	-0.982689	1.000000
55.000000	26.000000	-0.011596	-0.004320	-0.070924	-0.011589	-0.004266	-0.071044	-0.032247	0.053854	0.083216	0.259926	-1.028114	0.367849	1.000000
35.000000	4.000000	-0.004623	0.001916	-0.060743	-0.004633	0.001924	-0.060826	0.077453	-0.008195	-0.000221	-0.030895	0.067531	0.271091	1.000000
52.000000	54.000000	0.012966	0.009951	-0.079142	0.012956	0.009935	-0.079157	-0.099023	0.072733	0.055987	0.496181	0.713075	0.011315	1.000000
51.000000	56.000000	0.013141	-0.009326	-0.062222	0.013150	-0.009316	-0.062195	0.119491	0.162973	-0.032260	0.781468	-1.953671	4.030303	1.000000
54.000000	39.000000	-0.005336	-0.015227	-0.073673	-0.005329	-0.015214	-0.073671	-0.030269	0.107975	0.062120	-1.492518	-0.783475	0.229231	1.000000
37.000000	55.000000	-0.011358	-0.013976	-0.074796	-0.011395	-0.014051	-0.074767	-0.057679	0.068706	0.015323	1.583234	-1.332491	-2.360382	1.000000
57.000000	57.000000	0.012308	0.008837	-0.062168	0.012317	0.008843	-0.062160	0.107881	0.186975	-0.029515	1.048052	0.723168	0.106102	1.000000
60.000000	46.000000	-0.011221	-0.014979	-0.077552	-0.011177	-0.014946	-0.077550	-0.007478	0.034226	0.040390	0.020677	1.985155	0.241694	1.000000
62.000000	69.000000	-0.011425	-0.012049	-0.085090	-0.011425	-0.012049	-0.085090	-0.043833	-0.077000	0.019667	-8.749999	2.000000	-2.750000	1.000000
59.000000	61.000000	-0.012295	0.013593	-0.074190	-0.012303	0.013574	-0.074226	0.003943	-0.158686	-0.045968	-9.551018	3.678405	-1.244259	1.000000
64.000000	67.000000	-0.004862	0.012007	-0.064720	-0.004865	0.012012	-0.064716	-0.007752	0.023203	0.146969	-0.869944	2.056948	1.187658	1.000000
73.000000	58.000000	0.002591	-0.010986	-0.083064	0.002586	-0.010986	-0.083072	-0.022062	0.049502	-0.006073	3.601190	-2.166666	-0.839286	1.000000
38.000000	64.000000	-0.009193	0.005375	-0.059856	-0.009184	0.005385	-0.059837	0.040180	0.030588	0.009085	1.256743	1.873376	-1.328921	1.000000
0.000000	63.000000	0.004239	0.008984	-0.077300	0.000000	0.000000	0.000000	0.000000	0.000000	0.000000	0.000000	0.000000	0.000000	0.000000
65.000000	65.000000	-0.012216	-0.013170	-0.080131	-0.012220	-0.013180	-0.080134	0.053832	-0.032923	-0.013800	-0.855145	-1.018232	-0.278971	1.000000
69.000000	70.000000	-0.013391	0.007003	-0.060899	-0.013371	0.006998	-0.060913	-0.028341	0.017947	0.108506	1.229392	0.112707	1.539214	1.000000
48.000000	45.000000	-0.004389	0.008469	-0.084992	-0.004387	0.008484	-0.084985	-0.098833	0.052607	0.202953	-0.248751	-8.117881	-0.053946	1.000000
0.000000	-1.000000	-0.009042	0.012008	-0.086878	0.000000	0.000000	0.000000	0.000000	0.000000	0.000000	0.000000	0.000000	0.000000	0.000000
53.000000	68.000000	0.010687	-0.016018	-0.075115	0.010684	-0.016006	-0.075106	0.044940	-0.034986	0.029706	-0.318565	-0.616732	-1.532907	1.000000
72.000000	-1.000000	-0.014201	0.009006	-0.062071	0.000000	0.000000	0.000000	0.000000	0.000000	0.000000	0.000000	0.000000	0.000000	0.000000
74.000000	72.000000	0.004382	-0.013581	-0.085440	0.004407	-0.013599	-0.085457	0.080081	0.097068	0.003143	0.396864	2.609559	3.403761	1.000000
75.000000	73.000000	0.006634	-0.018004	-0.063124	0.006660	-0.018039	-0.063133	-0.126468	0.225251	0.039805	1.138112	-8.021977	-1.160839	1.000000
76.000000	74.000000	0.000181	-0.016112	-0.063009	0.000206	-0.016107	-0.063045	-0.072055	0.099393	-0.014777	1.691907	-2.162003	-1.284979	1.000000
