2.000000	1.000000	-0.000063	0.000644	-0.073212	-0.000070	0.000580	-0.073213	-0.076689	0.038326	0.069315	1.034927	-0.556220	-0.790922	1.000000
1.000000	24.000000	0.009082	-0.001679	-0.060556	0.009081	-0.001663	-0.060517	0.006253	0.228333	-0.025375	0.584482	-1.683809	-0.603866	1.000000
22.000000	3.000000	-0.006109	-0.006890	-0.062380	-0.006066	-0.006853	-0.062434	0.043720	-0.037768	-0.044434	0.769518	3.045685	-1.312008	1.000000
3.000000	2.000000	-0.002144	-0.007988	-0.067828	-0.002154	-0.007985	-0.067823	0.017065	0.033508	-0.106122	-0.418192	0.127730	-0.322543	1.000000
8.000000	5.000000	0.003500	0.006189	-0.076891	0.003500	0.006189	-0.076885	-0.061253	-0.014393	0.032765	-0.007021	-1.435221	-0.575730	1.000000
5.000000	12.000000	-0.001358	-0.002779	-0.070898	-0.001377	-0.002803	-0.070907	-0.025765	-0.039600	0.002720	-3.058768	-1.521843	-0.143110	1.000000
6.000000	6.000000	0.002282	0.001129	-0.072633	0.002323	0.001142	-0.072667	0.004929	-0.010398	0.047258	0.728684	-0.110769	-1.343717	1.000000
14.000000	15.000000	-0.004084	0.009751	-0.074793	-0.004084	0.009750	-0.074798	-0.063363	0.050986	0.097168	1.904536	-0.116200	1.015736	1.000000
15.000000	4.000000	0.003788	-0.007993	-0.079672	0.003785	-0.008005	-0.079691	-0.045841	0.086192	0.031398	-1.305536	0.262474	-0.619602	1.000000
27.000000	44.000000	-0.007686	-0.006461	-0.077137	-0.007738	-0.006493	-0.077125	-0.120244	-0.003762	0.000850	-3.245673	-0.588694	-5.066896	1.000000
40.000000	34.000000	0.009554	0.000935	-0.081367	0.009518	0.000913	-0.081339	0.008491	0.041684	-0.044546	0.211797	0.152716	-0.834215	1.000000
4.000000	33.000000	-0.008403	0.001081	-0.062554	-0.008433	0.001122	-0.062586	0.028615	0.064043	0.047637	-4.184523	2.080086	0.777056	1.000000
39.000000	16.000000	0.014146	0.006822	-0.072141	0.014147	0.006838	-0.072128	-0.051652	0.085795	-0.120581	-0.034221	-0.082848	2.046383	1.000000
21.000000	9.000000	-0.003469	0.007825	-0.071352	-0.003486	0.007831	-0.071377	-0.028585	0.021877	0.075305	-0.133154	0.526539	-0.066287	1.000000
25.000000	35.000000	-0.003057	-0.010561	-0.062912	-0.003048	-0.010575	-0.062876	0.049432	-0.019213	-0.052371	0.301799	1.016657	0.385257	1.000000
16.000000	13.000000	-0.008438	-0.009613	-0.077326	-0.008403	-0.009628	-0.077294	-0.021007	-0.010902	0.067505	1.379996	0.790729	0.025974	1.000000
33.000000	29.000000	0.011423	0.001707	-0.079553	0.011435	0.001701	-0.079530	-0.035983	-0.000837	-0.015262	0.279414	-0.691165	-0.225289	1.000000
17.000000	8.000000	-0.002124	-0.009501	-0.073961	-0.002129	-0.009518	-0.073964	-0.067043	-0.023001	-0.039234	-0.165607	1.761880	1.090716	1.000000
29.000000	28.000000	-0.004206	0.012337	-0.076191	-0.004211	0.012321	-0.076229	-0.018224	0.015511	-0.024605	-1.123651	-2.524532	-0.848844	1.000000
18.000000	10.000000	-0.009366	0.005910	-0.066813	-0.009349	0.005888	-0.066797	-0.119420	0.030937	0.084672	0.317706	-0.243276	1.560544	1.000000
20.000000	18.000000	-0.009176	0.002073	-0.069096	-0.009167	0.002077	-0.069077	-0.030526	0.053110	0.125404	1.710548	-0.431068	0.732889	1.000000
9.000000	11.000000	0.013016	-0.000475	-0.070357	0.013026	-0.000480	-0.070361	0.047306	0.008145	0.010989	0.494911	1.008752	1.749673	1.000000
34.000000	26.000000	-0.012864	0.007683	-0.073212	-0.012858	0.007682	-0.073208	-0.018131	-0.006417	0.031145	-1.498208	0.902348	1.354425	1.000000
26.000000	20.000000	-0.000377	-0.007466	-0.074035	-0.000389	-0.007449	-0.074063	-0.018249	-0.004601	-0.061161	0.671372	1.720148	0.451314	1.000000
12.000000	22.000000	0.007819	0.010943	-0.083710	0.007765	0.010915	-0.083828	-0.171496	0.088509	-0.014135	-2.250914	-4.647092	-0.292260	1.000000
35.000000	36.000000	-0.009641	-0.007737	-0.075312	-0.009619	-0.007748	-0.075309	-0.055919	0.048653	0.067254	1.084207	0.162048	1.148050	1.000000
36.000000	19.000000	0.005059	-0.002793	-0.072577	0.005075	-0.002806	-0.072622	-0.037248	0.030035	0.065853	-1.109387	0.196269	0.304727	1.000000
57.000000	17.000000	0.011117	-0.006529	-0.068307	0.011127	-0.006539	-0.068307	-0.005585	-0.034942	0.091347	-0.766345	0.307476	-0.421989	1.000000
11.000000	21.000000	-0.007565	0.005573	-0.068569	-0.007578	0.005550	-0.068585	-0.093898	-0.008083	0.047822	-0.053635	1.107782	0.576332	1.000000
23.000000	14.000000	0.005368	-0.009790	-0.080024	0.005341	-0.009810	-0.080050	-0.095771	0.071025	0.081782	-0.113577	-2.042416	-4.703341	1.000000
31.000000	51.000000	-0.009068	-0.000233	-0.083273	-0.009092	-0.000271	-0.083259	-0.162251	-0.051803	0.071259	-0.055975	-0.034154	-0.194122	1.000000
56.000000	31.000000	-0.005300	-0.012977	-0.073283	-0.005319	-0.012992	-0.073347	-0.011379	0.047423	0.059625	0.462859	1.268314	0.066191	1.000000
10.000000	25.000000	0.009854	0.002064	-0.069166	0.009892	0.002033	-0.069210	-0.025983	0.028340	-0.113142	0.431053	-0.582878	0.332840	1.000000
32.000000	59.000000	-0.011947	0.001273	-0.081432	-0.012038	0.001261	-0.081440	-0.180401	0.004891	-0.017378	-1.385152	-0.586845	1.516026	1.000000
38.000000	32.000000	-0.011225	0.007182	-0.068816	-0.011228	0.007208	-0.068823	-0.040191	0.012395	0.123612	0.638748	1.703386	1.042899	1.000000
41.000000	30.000000	0.004266	-0.010228	-0.062458	0.004266	-0.010219	-0.062481	-0.001660	0.042853	-0.021677	1.336473	2.328888	-0.704486	1.000000
42.000000	41.000000	-0.008490	0.013233	-0.075111	-0.008483	0.013209	-0.075117	-0.049609	-0.017693	0.057645	-1.171186	-0.692859	1.589096	1.000000
30.000000	23.000000	0.007191	0.008750	-0.069320	0.007155	0.008765	-0.069336	-0.034508	0.081488	-0.098193	-1.650304	-0.055114	2.496669	1.000000
19.000000	37.000000	0.010272	-0.012497	-0.068491	0.010211	-0.012513	-0.068454	-0.041430	-0.010772	-0.062098	0.168140	1.906022	-1.693512	1.000000
43.000000	40.000000	-0.010597	0.004360	-0.062661	-0.010615	0.004366	-0.062676	0.027739	0.034327	0.086988	-0.065344	-1.234702	-0.980809	1.000000
0.000000	27.000000	0.009913	-0.011282	-0.073006	0.000000	0.000000	0.000000	0.000000	0.000000	0.000000	0.000000	0.000000	0.000000	0.000000
37.000000	38.000000	0.011886	-0.011766	-0.076738	0.011862	-0.011761	-0.076729	-0.079963	0.045653	0.127091	0.844564	-3.471678	-2.707309	1.000000
47.000000	60.000000	-0.008686	-0.006754	-0.061190	-0.008687	-0.006753	-0.061179	0.101048	0.025407	0.048465	-2.555226	-1.002681	0.157722	1.000000
45.000000	43.000000	-0.003661	-0.007649	-0.084819	-0.003706	-0.007649	-0.084763	-0.112145	-0.013852	0.052868	2.953252	-2.469293	-0.292973	1.000000
44.000000	54.000000	-0.010816	0.008699	-0.061694	-0.010854	0.008675	-0.061632	-0.056211	0.022848	0.107002	1.081246	-1.633686	-2.321509	1.000000
51.000000	42.000000	0.004333	0.001040	-0.080068	0.004335	0.001045	-0.080083	-0.028839	0.146027	0.040960	0.627128	-0.628547	0.530895	1.000000
49.000000	61.000000	-0.014243	0.006887	-0.064856	-0.014239	0.006897	-0.064889	-0.041751	0.011440	0.073511	1.754925	-1.224176	0.344927	1.000000
50.000000	62.000000	-0.012799	-0.005310	-0.079298	-0.012804	-0.005309	-0.079298	-0.059945	-0.001861	0.004009	1.178276	-0.340880	0.500064	1.000000
7.000000	7.000000	0.013468	-0.006438	-0.065195	0.013394	-0.006406	-0.065186	0.010304	0.112240	0.086578	-5.497674	5.294622	2.626348	1.000000
28.000000	46.000000	0.003061	0.000212	-0.081523	0.003074	0.000216	-0.081526	-0.070259	0.094421	0.093510	-0.941648	0.774124	1.002860	1.000000
52.000000	48.000000	-0.012967	-0.009590	-0.071585	-0.012987	-0.009622	-0.071479	0.004598	0.056394	0.059680	3.254363	0.388561	-3.559874	1.000000
54.000000	47.000000	-0.008573	-0.011722	-0.073134	-0.008550	-0.011704	-0.073147	0.002611	0.036269	0.065149	1.139484	-0.480222	0.550046	1.000000
55.000000	45.000000	0.009024	0.013890	-0.081747	0.009015	0.013910	-0.081720	-0.126776	0.020319	0.004746	-1.184427	-0.560735	-2.644510	1.000000
13.000000	50.000000	0.010747	-0.008185	-0.078831	0.010748	-0.008182	-0.078810	-0.041825	0.074852	0.051860	-1.055484	0.895532	0.254837	1.000000
53.000000	39.000000	0.005454	-0.012512	-0.080191	0.005462	-0.012510	-0.080150	-0.024705	0.049231	0.041756	0.603933	0.061049	0.216180	1.000000
60.000000	52.000000	-0.011654	-0.014481	-0.079284	-0.011653	-0.014488	-0.079292	0.040652	-0.019080	0.061806	-4.146104	-5.295995	10.883116	1.000000
58.000000	56.000000	-0.015118	0.007776	-0.074091	-0.015136	0.007761	-0.074112	-0.020200	-0.000264	0.019615	0.246503	0.641608	1.426324	1.000000
62.000000	-1.000000	-0.013836	0.005871	-0.075425	0.000000	0.000000	0.000000	0.000000	0.000000	0.000000	0.000000	0.000000	0.000000	0.000000
61.000000	55.000000	-0.004256	-0.006158	-0.079391	-0.004249	-0.006155	-0.079345	0.011846	-0.062624	0.043960	2.345590	1.851080	0.854713	1.000000
59.000000	49.000000	0.007127	-0.015803	-0.078309	0.007110	-0.015829	-0.078346	0.056298	0.013636	0.079165	-2.198801	-0.163337	-2.249001	1.000000
63.000000	64.000000	0.008224	-0.014978	-0.073132	0.008244	-0.014975	-0.073177	0.058722	0.017073	0.012519	2.519480	1.914086	-2.330669	1.000000
48.000000	63.000000	0.010611	-0.012060	-0.071869	0.010601	-0.012073	-0.071871	-0.019831	0.040364	0.040553	1.219364	-0.261572	-0.667083	1.000000
64.000000	58.000000	-0.004998	0.012989	-0.071381	-0.004972	0.012978	-0.071371	0.006015	-0.009676	0.090230	-0.411676	-1.202175	1.397107	1.000000
46.000000	-1.000000	0.010436	0.003058	-0.086229	0.000000	0.000000	0.000000	0.000000	0.000000	0.000000	0.000000	0.000000	0.000000	0.000000
24.000000	-1.000000	0.010106	-0.011368	-0.073472	0.000000	0.000000	0.000000	0.000000	0.000000	0.000000	0.000000	0.000000	0.000000	0.000000
67.000000	65.000000	-0.009516	-0.015827	-0.077296	-0.009489	-0.015780	-0.077248	0.022397	-0.024870	0.070803	4.216991	9.579003	10.005951	1.000000
69.000000	66.000000	-0.004431	0.012918	-0.062189	-0.004425	0.012918	-0.062161	0.042637	0.026553	0.180953	-2.011803	0.964461	0.654670	1.000000
70.000000	67.000000	-0.015968	0.009371	-0.074888	-0.015944	0.009378	-0.074837	-0.050238	0.007962	0.000739	-0.110100	1.442469	-1.038114	1.000000
71.000000	68.000000	0.004501	-0.015881	-0.071789	0.004494	-0.015878	-0.071790	-0.020093	-0.034470	-0.160607	0.052198	1.255494	-5.740759	1.000000
72.000000	69.000000	0.012504	-0.005103	-0.085809	0.012507	-0.005099	-0.085815	-0.007282	0.066951	0.004898	-2.950064	0.630993	0.579185	1.000000
68.000000	-1.000000	-0.012000	-0.010181	-0.081653	0.000000	0.000000	0.000000	0.000000	0.000000	0.000000	0.000000	0.000000	0.000000	0.000000
73.000000	70.000000	0.015848	-0.003327	-0.067243	0.015848	-0.003310	-0.067231	0.024833	0.023630	0.030477	-0.567335	2.851860	-2.066673	1.000000
74.000000	71.000000	-0.000362	-0.016067	-0.073283	-0.000368	-0.016079	-0.073255	-0.043131	-0.015000	-0.035111	-1.116663	-0.882041	0.365700	1.000000
75.000000	72.000000	0.002639	0.016467	-0.060761	0.002638	0.016462	-0.060765	0.027783	0.050859	0.081487	0.032738	1.361062	-1.479422	1.000000
