2.000000	3.000000	0.004322	-0.006841	-0.064635	0.004290	-0.006798	-0.064661	-0.090667	0.206777	-0.031165	0.703260	-2.067000	-2.285796	1.000000
28.000000	1.000000	0.004516	0.001555	-0.078906	0.004535	0.001551	-0.078928	-0.051902	0.066027	0.116802	0.257883	-2.910985	-0.056696	1.000000
3.000000	4.000000	0.002474	0.003160	-0.070809	0.002491	0.003133	-0.070867	-0.081377	0.010155	0.079607	1.756976	-3.726113	-4.439344	1.000000
29.000000	5.000000	-0.009512	-0.007919	-0.067332	-0.009508	-0.007910	-0.067368	-0.064487	0.061008	0.059950	-0.159670	-0.866549	-0.735512	1.000000
16.000000	8.000000	-0.005570	0.000019	-0.069206	-0.005591	-0.000028	-0.069191	-0.099315	0.015924	-0.042634	-1.279582	-4.223550	2.090736	1.000000
8.000000	15.000000	-0.004425	-0.003701	-0.077369	-0.004435	-0.003704	-0.077386	-0.052530	0.059748	-0.030241	0.097358	0.903816	-0.057074	1.000000
6.000000	29.000000	0.006768	0.004371	-0.079553	0.006771	0.004379	-0.079511	-0.034075	0.050887	0.113264	0.680979	0.887656	1.740453	1.000000
34.000000	14.000000	0.003231	0.006078	-0.071952	0.003215	0.006089	-0.071902	-0.050853	0.038124	0.084358	-0.295217	-1.520565	-0.298085	1.000000
10.000000	10.000000	-0.002257	0.004419	-0.079648	-0.002250	0.004417	-0.079632	-0.060597	0.072530	0.000075	-0.441142	-2.172204	-0.931655	1.000000
12.000000	26.000000	-0.002291	-0.003580	-0.071306	-0.002269	-0.003576	-0.071315	-0.064052	-0.024219	-0.072551	1.831418	-2.552947	-0.596404	1.000000
13.000000	20.000000	-0.003699	-0.010007	-0.071920	-0.003711	-0.010005	-0.071929	-0.026693	-0.044135	0.004488	0.914032	0.760840	1.395331	1.000000
9.000000	35.000000	0.001357	0.009114	-0.078321	0.001379	0.009148	-0.078268	0.028629	-0.064718	-0.013709	1.952101	1.728253	3.518277	1.000000
4.000000	61.000000	-0.003933	0.006367	-0.082678	-0.003951	0.006367	-0.082733	-0.046078	-0.033035	-0.019614	-2.985015	4.940559	-1.301698	1.000000
27.000000	30.000000	-0.011362	0.005150	-0.071526	-0.011351	0.005153	-0.071509	-0.013939	-0.037564	-0.005737	-1.992031	-0.703904	-0.671679	1.000000
51.000000	23.000000	0.007486	-0.005381	-0.081706	0.007509	-0.005368	-0.081656	0.045503	0.087335	0.017031	0.843212	1.225066	1.726693	1.000000
14.000000	18.000000	0.014506	-0.003238	-0.068836	0.014504	-0.003241	-0.068833	-0.013359	0.018808	0.125387	0.015795	-0.337105	-0.887196	1.000000
19.000000	24.000000	-0.012031	0.001059	-0.068953	-0.012136	0.001104	-0.068924	-0.014074	-0.082165	0.061782	-3.122136	-0.394521	-0.356474	1.000000
17.000000	19.000000	0.000257	0.008643	-0.082410	0.000279	0.008657	-0.082411	-0.009399	-0.024020	0.007176	-2.547769	-1.094041	-1.742095	1.000000
25.000000	27.000000	-0.000571	-0.009287	-0.064485	-0.000540	-0.009273	-0.064465	-0.060626	0.024039	-0.024707	2.308716	-2.950756	-0.837558	1.000000
26.000000	22.000000	0.009434	-0.002719	-0.083816	0.009449	-0.002718	-0.083811	0.035069	0.117055	0.031054	-0.741835	-0.186335	1.243900	1.000000
40.000000	54.000000	0.010579	0.003281	-0.074171	0.010558	0.003343	-0.074145	-0.085227	0.098682	0.062247	-0.403534	-1.149101	-0.029658	1.000000
38.000000	6.000000	0.000878	0.007950	-0.072478	0.000848	0.007946	-0.072455	0.022636	-0.041617	0.087600	0.117894	-1.333933	1.439478	1.000000
18.000000	21.000000	0.004004	0.003083	-0.077151	0.004018	0.003073	-0.077166	-0.059910	0.029823	0.101200	2.700035	-1.456930	0.404135	1.000000
23.000000	37.000000	0.005188	-0.003055	-0.080286	0.005180	-0.003034	-0.080276	0.016123	0.070776	-0.020892	0.797810	5.936974	1.924760	1.000000
15.000000	25.000000	-0.000125	-0.006472	-0.063295	-0.000109	-0.006470	-0.063295	-0.044174	0.108603	-0.038742	1.180176	-0.652256	-0.943609	1.000000
47.000000	11.000000	0.007998	-0.002605	-0.083010	0.008011	-0.002632	-0.083034	0.031233	0.170995	0.054151	0.792832	1.162984	-0.242058	1.000000
24.000000	52.000000	-0.006647	0.009396	-0.062488	-0.006651	0.009401	-0.062453	-0.011994	-0.012666	0.122499	0.464113	0.312566	1.702453	1.000000
21.000000	34.000000	0.009402	0.006508	-0.070499	0.009412	0.006496	-0.070494	-0.033198	0.070837	0.001496	-1.105791	0.319445	0.232570	1.000000
45.000000	40.000000	-0.012382	-0.010403	-0.076752	-0.012416	-0.010429	-0.076759	-0.002005	0.033082	0.000581	0.357911	-0.139253	0.337655	1.000000
48.000000	32.000000	0.009191	-0.013066	-0.072804	0.009148	-0.013057	-0.072782	0.042942	-0.007051	-0.036541	0.172070	-0.319326	1.628555	1.000000
33.000000	31.000000	0.011070	-0.007224	-0.075723	0.011082	-0.007224	-0.075748	0.085081	0.062263	0.020664	0.354112	1.114446	0.026858	1.000000
35.000000	39.000000	-0.004542	-0.005030	-0.081757	-0.004540	-0.005015	-0.081783	-0.097389	-0.010576	0.042854	0.170637	2.632961	1.403675	1.000000
31.000000	63.000000	-0.002522	-0.004207	-0.070679	-0.002517	-0.004205	-0.070672	-0.034977	0.021942	-0.094151	-2.066241	-1.152025	-0.686919	1.000000
37.000000	59.000000	0.008243	0.005106	-0.076230	0.008231	0.005116	-0.076191	-0.047930	0.101996	0.115185	-0.810470	-0.072833	-0.879989	1.000000
44.000000	42.000000	0.008826	0.003726	-0.084069	0.008805	0.003731	-0.084044	-0.062882	0.103081	0.064007	-0.165064	0.340471	-0.589891	1.000000
36.000000	38.000000	-0.010859	0.006506	-0.066772	-0.010914	0.006474	-0.066783	0.034579	-0.105736	0.036916	-3.940072	-1.667761	0.422516	1.000000
32.000000	33.000000	-0.013702	0.006431	-0.074274	-0.013719	0.006398	-0.074257	-0.039097	-0.032816	-0.036706	-3.659128	-2.269072	1.395955	1.000000
11.000000	43.000000	0.010731	0.012174	-0.070199	0.010730	0.012157	-0.070210	0.058349	0.005170	0.054324	0.883548	0.706306	-0.120695	1.000000
7.000000	2.000000	-0.004922	-0.003754	-0.067582	-0.004925	-0.003746	-0.067612	0.045693	0.036189	0.031518	-2.609119	1.572699	-0.952770	1.000000
22.000000	16.000000	0.010121	0.010234	-0.063560	0.010081	0.010234	-0.063625	0.021656	0.071084	-0.043900	1.198483	-0.763017	-1.389417	1.000000
20.000000	7.000000	-0.001330	-0.006331	-0.072934	-0.001344	-0.006309	-0.072989	-0.001140	-0.010569	-0.093245	-0.180808	0.067847	0.640442	1.000000
42.000000	36.000000	-0.009325	0.013389	-0.076303	-0.009313	0.013393	-0.076294	0.001989	-0.105775	0.041629	-0.002755	1.405907	-0.643097	1.000000
57.000000	51.000000	-0.013647	-0.010018	-0.073773	-0.013643	-0.010011	-0.073822	0.042853	-0.019306	0.011522	1.302898	0.200469	-0.216912	1.000000
46.000000	55.000000	0.010659	0.003234	-0.059964	0.010657	0.003238	-0.059970	0.049863	0.112655	0.094100	-1.946803	3.760989	-1.644106	1.000000
30.000000	50.000000	-0.003701	0.000736	-0.067153	-0.003686	0.000685	-0.067068	-0.014538	0.023402	0.036584	1.771122	0.524414	0.002868	1.000000
41.000000	17.000000	-0.002115	-0.001927	-0.075056	-0.002105	-0.001865	-0.074982	0.022740	-0.050561	-0.049165	-1.525305	1.229635	-3.640717	1.000000
43.000000	41.000000	-0.013692	-0.003433	-0.065588	-0.013699	-0.003422	-0.065562	-0.041768	-0.037132	0.056683	-1.661572	-0.324920	0.422880	1.000000
0.000000	58.000000	-0.012684	-0.010491	-0.078239	0.000000	0.000000	0.000000	0.000000	0.000000	0.000000	0.000000	0.000000	0.000000	0.000000
50.000000	44.000000	0.009976	-0.010851	-0.072142	0.009964	-0.010864	-0.072125	0.023951	-0.004396	0.009652	-0.868978	-0.268195	0.320091	1.000000
0.000000	46.000000	0.007355	-0.012072	-0.083908	0.000000	0.000000	0.000000	0.000000	0.000000	0.000000	0.000000	0.000000	0.000000	0.000000
52.000000	49.000000	0.004988	-0.012906	-0.081927	0.004989	-0.012911	-0.081942	0.018543	0.117321	0.042999	-0.250736	0.594639	-0.230906	1.000000
5.000000	9.000000	0.002282	-0.000914	-0.068819	0.002300	-0.000902	-0.068879	-0.086372	-0.024110	0.044535	4.160614	-2.073524	-2.521018	1.000000
56.000000	48.000000	-0.008263	-0.009592	-0.071272	-0.008254	-0.009579	-0.071302	-0.016193	-0.004473	0.087919	0.886437	-3.639364	-5.663667	1.000000
54.000000	60.000000	-0.005342	-0.004799	-0.085651	-0.005327	-0.004782	-0.085672	-0.036997	-0.016219	0.006071	1.448535	-0.078308	0.073910	1.000000
58.000000	53.000000	0.008433	-0.005595	-0.084709	0.008435	-0.005611	-0.084743	0.065933	0.197901	0.097743	-0.279184	-0.953750	-1.816730	1.000000
53.000000	62.000000	-0.013785	-0.013161	-0.078525	-0.013793	-0.013160	-0.078518	-0.016013	0.015491	0.041783	-0.578085	-0.014934	0.427427	1.000000
55.000000	56.000000	0.002041	-0.014143	-0.083096	0.002050	-0.014166	-0.083091	0.040737	0.063141	0.004990	2.441300	2.113858	2.191704	1.000000
1.000000	13.000000	-0.002372	0.002305	-0.063611	-0.002321	0.002314	-0.063636	0.085997	0.000968	0.078143	4.422976	3.168742	-2.128377	1.000000
59.000000	71.000000	-0.014538	-0.010953	-0.065401	-0.014526	-0.010959	-0.065400	0.032396	-0.074862	0.013518	0.958112	-0.002927	-1.173660	1.000000
62.000000	57.000000	-0.000282	-0.011171	-0.086288	-0.000291	-0.011142	-0.086273	0.024362	0.078131	0.072648	2.137142	3.050394	2.617761	1.000000
61.000000	64.000000	-0.013034	0.006507	-0.079081	-0.013034	0.006495	-0.079087	-0.120487	-0.006468	0.044269	2.377700	-0.960665	2.839915	1.000000
60.000000	65.000000	-0.001124	0.010352	-0.086727	-0.001136	0.010339	-0.086696	-0.015835	-0.019103	-0.012433	-2.290759	1.685421	1.442554	1.000000
0.000000	-1.000000	0.005574	0.000043	-0.081852	0.000000	0.000000	0.000000	0.000000	0.000000	0.000000	0.000000	0.000000	0.000000	0.000000
63.000000	72.000000	0.001436	-0.013796	-0.085076	0.001501	-0.013824	-0.085139	0.063973	0.025188	-0.039413	0.044808	0.877121	-0.438185	1.000000
65.000000	47.000000	0.006084	-0.011269	-0.086336	0.006077	-0.011262	-0.086309	0.051338	0.198322	0.121058	2.936064	-0.090909	-2.581169	1.000000
0.000000	-1.000000	0.005672	-0.010623	-0.078106	0.000000	0.000000	0.000000	0.000000	0.000000	0.000000	0.000000	0.000000	0.000000	0.000000
64.000000	45.000000	-0.001824	0.004036	-0.086320	-0.001814	0.004026	-0.086309	-0.075596	-0.064874	0.012161	2.426394	0.256434	0.141616	1.000000
71.000000	70.000000	-0.005348	0.006910	-0.086632	-0.005365	0.006875	-0.086633	-0.063608	0.001470	-0.045329	0.831918	3.817932	1.983267	1.000000
39.000000	28.000000	0.009992	0.002708	-0.072731	0.009983	0.002694	-0.072740	-0.094437	0.091994	0.091637	-2.011731	-1.625962	-0.082402	1.000000
67.000000	74.000000	0.010294	0.003508	-0.074929	0.010283	0.003540	-0.074919	-0.079109	0.137290	0.066902	-0.573331	-0.624617	-0.900874	1.000000
66.000000	73.000000	0.015377	-0.011442	-0.072554	0.015371	-0.011466	-0.072532	0.043993	0.048301	0.009679	-5.546953	1.869880	-2.196054	1.000000
72.000000	75.000000	-0.016348	0.010679	-0.070592	-0.016343	0.010678	-0.070534	-0.036614	0.073687	-0.026904	-1.793344	2.148990	-1.757674	1.000000
68.000000	66.000000	-0.015133	-0.009190	-0.064550	-0.015199	-0.009166	-0.064363	0.049433	-0.065453	0.017984	-0.104554	-0.586945	-0.068563	1.000000
70.000000	12.000000	-0.007386	0.002989	-0.072950	-0.007353	0.003004	-0.072905	-0.055640	-0.052161	0.041767	1.925399	-0.011494	-1.047007	1.000000
73.000000	76.000000	0.012624	-0.003019	-0.082970	0.012606	-0.003011	-0.082942	0.030742	0.191868	0.100030	-0.526739	0.323539	0.056384	1.000000
74.000000	77.000000	-0.007583	0.013076	-0.060726	-0.007577	0.013078	-0.060721	-0.033237	0.024514	0.089650	0.221531	1.272180	-0.952556	1.000000
0.000000	67.000000	0.000962	-0.014397	-0.084918	0.000000	0.000000	0.000000	0.000000	0.000000	0.000000	0.000000	0.000000	0.000000	0.000000
0.000000	68.000000	0.010618	-0.012375	-0.086815	0.000000	0.000000	0.000000	0.000000	0.000000	0.000000	0.000000	0.000000	0.000000	0.000000
76.000000	78.000000	0.015008	-0.003852	-0.074658	0.014997	-0.003833	-0.074631	-0.041052	0.207077	0.203377	0.506687	-0.550841	0.328851	1.000000
77.000000	79.000000	-0.008882	0.015938	-0.069594	-0.008891	0.015940	-0.069601	-0.090432	-0.139968	0.002752	-4.134763	4.046326	-3.686786	1.000000
78.000000	81.000000	-0.007137	-0.016690	-0.075111	-0.007138	-0.016697	-0.075105	0.009280	0.039589	0.020467	1.124806	-0.698013	-0.127064	1.000000
