17.000000	3.000000	-0.003959	-0.007435	-0.064141	-0.003945	-0.007423	-0.064138	0.069705	0.010730	-0.079393	-0.485036	2.262900	-1.489486	1.000000
6.000000	1.000000	0.007369	-0.002268	-0.081076	0.007358	-0.002279	-0.081082	-0.114623	0.134131	0.029162	2.379902	-1.078818	2.981746	1.000000
4.000000	7.000000	0.009040	-0.005043	-0.076520	0.009040	-0.005041	-0.076519	-0.040338	0.083735	0.080528	-0.275606	-0.559920	0.398542	1.000000
20.000000	9.000000	-0.001556	-0.007234	-0.071974	-0.001561	-0.007225	-0.071979	0.017289	-0.002712	-0.102040	-0.577915	-1.021543	1.225490	1.000000
48.000000	4.000000	0.008154	0.003121	-0.059855	0.008149	0.003105	-0.059856	0.024884	0.199365	-0.033497	0.830919	-1.272228	1.577173	1.000000
49.000000	13.000000	0.000235	0.003214	-0.078482	0.000241	0.003238	-0.078447	-0.073770	0.053335	0.066897	-0.214719	-1.334365	-0.640673	1.000000
38.000000	6.000000	0.001519	-0.004409	-0.079085	0.001523	-0.004429	-0.079143	-0.052199	0.093598	-0.004275	1.125000	-0.868227	-1.242066	1.000000
3.000000	17.000000	-0.000516	0.001986	-0.071730	-0.000496	0.001981	-0.071701	0.008969	0.062987	0.051797	-1.352554	-0.881385	1.719427	1.000000
11.000000	32.000000	0.001717	0.005146	-0.076489	0.001723	0.005148	-0.076478	-0.016804	0.001964	0.008502	1.224136	2.548052	1.480844	1.000000
9.000000	10.000000	-0.009283	0.004065	-0.064835	-0.009286	0.004068	-0.064840	0.007611	0.040335	0.069391	-0.645898	-1.564241	-1.947368	1.000000
14.000000	8.000000	0.010485	0.000997	-0.062129	0.010517	0.000993	-0.062109	-0.081726	0.175265	0.042949	4.078366	-5.013415	-3.635255	1.000000
13.000000	12.000000	0.005109	-0.010666	-0.078651	0.005109	-0.010669	-0.078652	0.012852	0.043123	0.041978	1.385513	-0.610359	0.522575	1.000000
1.000000	18.000000	0.010552	0.005554	-0.061726	0.010553	0.005558	-0.061712	0.084624	0.178577	-0.021458	2.166924	0.655831	0.785475	1.000000
5.000000	23.000000	0.005239	0.011114	-0.071688	0.005223	0.011105	-0.071702	-0.036069	0.033617	-0.023667	1.061210	-0.756450	1.844040	1.000000
10.000000	15.000000	0.010836	0.002066	-0.079912	0.010837	0.002065	-0.079909	0.000179	0.026736	-0.020363	0.168086	0.446014	-0.861649	1.000000
12.000000	19.000000	-0.001516	-0.010763	-0.065067	-0.001507	-0.010760	-0.065085	0.010133	0.011337	-0.071145	-0.868292	0.779218	-1.196401	1.000000
39.000000	16.000000	-0.012480	-0.007778	-0.069238	-0.012463	-0.007784	-0.069250	0.010818	0.033610	0.059471	-0.674149	-0.950464	-0.355070	1.000000
21.000000	5.000000	0.005246	-0.007060	-0.062775	0.005268	-0.007022	-0.062845	0.009066	0.112932	-0.025345	0.079721	1.828238	-3.398929	1.000000
16.000000	11.000000	-0.001004	-0.006505	-0.076490	-0.001004	-0.006501	-0.076491	-0.020217	0.048702	-0.069037	-0.005289	0.848878	0.205882	1.000000
25.000000	25.000000	0.012114	0.009269	-0.075419	0.012108	0.009277	-0.075435	-0.081922	0.036594	-0.050785	-1.215944	0.097781	4.361906	1.000000
8.000000	42.000000	0.004179	-0.007203	-0.080093	0.004209	-0.007191	-0.080099	0.037508	0.115059	-0.001339	1.772123	3.234971	3.703044	1.000000
19.000000	30.000000	0.009870	-0.006330	-0.065440	0.009873	-0.006345	-0.065454	-0.051715	0.018254	0.053420	1.290957	-2.526767	-0.254515	1.000000
18.000000	22.000000	0.009089	0.002567	-0.072014	0.009082	0.002567	-0.072009	-0.013713	-0.001514	-0.021104	0.679258	0.012726	2.798763	1.000000
22.000000	26.000000	0.004644	-0.013374	-0.082323	0.004638	-0.013388	-0.082319	0.074689	0.103568	-0.017998	-3.680187	-1.310237	2.534583	1.000000
40.000000	24.000000	0.009811	0.002286	-0.083054	0.009838	0.002285	-0.083022	0.000687	0.024666	-0.033129	-1.041344	-0.908927	0.858359	1.000000
26.000000	29.000000	-0.006581	0.011126	-0.075315	-0.006584	0.011128	-0.075349	-0.074274	-0.019886	0.068110	-0.163635	1.484971	0.622871	1.000000
41.000000	43.000000	0.002022	0.011901	-0.085741	0.002042	0.011885	-0.085727	-0.063258	-0.036877	-0.043873	5.964589	-2.498581	3.781411	1.000000
31.000000	27.000000	0.010849	-0.011396	-0.074135	0.010824	-0.011425	-0.074164	0.027138	-0.011107	0.045394	0.204046	0.752248	-5.329670	1.000000
2.000000	2.000000	0.002573	0.000407	-0.071758	0.002607	0.000437	-0.071747	-0.011756	-0.028219	0.012637	-1.303341	-0.086107	-0.029283	1.000000
37.000000	39.000000	-0.013795	0.006343	-0.073848	-0.013801	0.006345	-0.073852	0.005456	0.010464	0.032444	0.722459	-0.229296	0.460849	1.000000
29.000000	40.000000	-0.012655	0.006680	-0.062827	-0.012659	0.006680	-0.062822	-0.051456	0.017685	0.108989	1.498903	-0.001483	-0.254708	1.000000
52.000000	60.000000	-0.011002	-0.005425	-0.072336	-0.011000	-0.005426	-0.072354	-0.030594	0.072880	0.064093	-0.387900	-0.310823	-0.567789	1.000000
34.000000	45.000000	-0.007241	-0.010392	-0.070219	-0.007238	-0.010384	-0.070206	0.062891	0.052529	0.084479	0.613777	1.192531	0.372162	1.000000
58.000000	38.000000	-0.013872	0.007881	-0.072300	-0.013849	0.007869	-0.072353	-0.036334	0.009847	0.015323	-0.310500	-0.358424	0.603586	1.000000
33.000000	35.000000	-0.004604	-0.003490	-0.072780	-0.004599	-0.003528	-0.072758	-0.070051	0.031963	-0.081246	2.621839	1.764254	0.317531	1.000000
23.000000	36.000000	0.014133	0.000692	-0.068852	0.014155	0.000679	-0.068839	0.009938	0.035848	0.061686	0.031863	-0.112745	-0.059791	1.000000
15.000000	21.000000	0.002767	-0.001675	-0.070096	0.002777	-0.001684	-0.070098	-0.080289	0.022354	0.048392	-0.245163	-0.102167	-1.431372	1.000000
28.000000	31.000000	-0.004551	-0.008701	-0.074394	-0.004573	-0.008729	-0.074329	-0.050925	0.057147	0.040158	2.120886	1.268278	0.731874	1.000000
36.000000	44.000000	0.002662	-0.001740	-0.084473	0.002632	-0.001720	-0.084474	-0.093798	0.090423	0.113379	-3.659958	4.325722	-1.113648	1.000000
30.000000	41.000000	-0.004957	0.009110	-0.069025	-0.004952	0.009105	-0.069001	-0.051540	0.025059	0.047306	-0.034701	-1.445369	-0.383127	1.000000
42.000000	37.000000	-0.010346	0.011631	-0.072689	-0.010350	0.011647	-0.072673	-0.026766	-0.077573	0.055689	1.257998	-1.859778	-0.152412	1.000000
59.000000	33.000000	-0.011527	0.005590	-0.064895	-0.011582	0.005567	-0.064926	-0.070436	-0.002909	0.135845	3.436597	1.703818	0.925890	1.000000
32.000000	46.000000	-0.005156	0.011017	-0.070613	-0.005147	0.011009	-0.070591	-0.008811	0.011356	0.110013	-0.430341	-0.715364	-0.866744	1.000000
43.000000	47.000000	0.010673	-0.002075	-0.084758	0.010663	-0.002080	-0.084743	-0.074742	0.083709	0.046322	-0.049084	-0.079657	0.310565	1.000000
44.000000	63.000000	-0.003446	-0.006732	-0.078438	-0.003478	-0.006691	-0.078499	-0.001861	0.040773	-0.104495	-4.014641	3.241808	-7.526380	1.000000
47.000000	48.000000	-0.009897	-0.010853	-0.085795	-0.009905	-0.010854	-0.085788	-0.099570	-0.056427	0.055139	2.231269	-1.215285	-2.306110	1.000000
46.000000	49.000000	-0.009776	0.005056	-0.060236	-0.009774	0.005070	-0.060217	0.027050	0.008550	0.034909	0.639061	0.250064	-2.172407	1.000000
45.000000	50.000000	0.003976	0.006284	-0.078205	0.003975	0.006284	-0.078203	0.011499	0.139471	0.056695	-0.241342	0.015152	-0.922619	1.000000
7.000000	14.000000	-0.008521	-0.009592	-0.075366	-0.008497	-0.009563	-0.075430	0.000594	-0.002132	0.071075	1.112388	-0.104146	-8.866133	1.000000
50.000000	28.000000	-0.005515	-0.010717	-0.070319	-0.005499	-0.010705	-0.070356	0.032593	0.073597	0.090408	2.614293	0.581463	-1.770188	1.000000
55.000000	-1.000000	0.009327	-0.012513	-0.069774	0.000000	0.000000	0.000000	0.000000	0.000000	0.000000	0.000000	0.000000	0.000000	0.000000
54.000000	-1.000000	0.003856	0.014210	-0.082616	0.000000	0.000000	0.000000	0.000000	0.000000	0.000000	0.000000	0.000000	0.000000	0.000000
53.000000	20.000000	-0.005940	0.001963	-0.060920	-0.005947	0.001948	-0.060850	0.072048	0.002344	0.008635	4.171911	-3.275641	1.614802	1.000000
27.000000	34.000000	-0.012462	-0.006748	-0.077370	-0.012431	-0.006700	-0.077477	-0.103007	-0.012105	0.023414	1.165957	-1.208978	1.565725	1.000000
69.000000	55.000000	0.001414	0.013097	-0.086094	0.001415	0.013082	-0.086099	-0.103653	-0.024988	0.008421	0.119630	-0.019231	2.295954	1.000000
57.000000	58.000000	-0.010111	-0.015496	-0.075415	-0.010105	-0.015491	-0.075418	-0.075090	0.076479	0.057202	-2.617654	2.277652	-1.214440	1.000000
60.000000	52.000000	0.010283	-0.011149	-0.072746	0.010323	-0.011133	-0.072695	0.007046	-0.020428	0.028179	0.795954	-0.624875	-0.717532	1.000000
56.000000	59.000000	0.010051	-0.010531	-0.071912	0.010048	-0.010522	-0.071908	-0.017116	0.030287	-0.018905	-1.849428	-1.806503	0.238785	1.000000
51.000000	51.000000	0.014167	-0.008520	-0.064274	0.014193	-0.008571	-0.064219	-0.005570	0.111719	0.072867	5.305069	1.025100	2.005494	1.000000
61.000000	61.000000	-0.004832	0.011981	-0.067156	-0.004825	0.011986	-0.067157	0.000347	-0.019122	0.125743	-0.128418	1.793408	0.943821	1.000000
70.000000	57.000000	0.011223	-0.012447	-0.061692	0.011226	-0.012444	-0.061698	0.103609	0.169703	-0.007189	-1.348485	4.619588	-0.938853	1.000000
63.000000	64.000000	-0.013328	-0.012758	-0.079883	-0.013324	-0.012757	-0.079885	0.066076	-0.015762	-0.013839	-0.310509	-1.050060	-0.092173	1.000000
64.000000	67.000000	-0.006315	-0.007854	-0.060019	0.000000	0.000000	0.000000	0.000000	0.000000	0.000000	0.000000	0.000000	0.000000	0.000000
62.000000	66.000000	-0.014359	-0.015169	-0.069859	-0.014376	-0.015199	-0.069862	0.002252	-0.062810	0.011440	-8.142856	-11.797618	-8.404761	1.000000
35.000000	62.000000	-0.012972	0.008432	-0.064225	-0.012988	0.008409	-0.064245	-0.062811	0.032647	0.126508	-0.635062	-0.070756	0.709688	1.000000
24.000000	54.000000	0.009622	-0.015530	-0.075885	0.009645	-0.015529	-0.075885	0.067467	-0.012704	0.052470	-0.749742	-1.573916	-0.651832	1.000000
67.000000	68.000000	0.009885	-0.015776	-0.073747	0.009889	-0.015776	-0.073746	-0.015216	-0.058713	0.013409	-1.372444	-0.201835	2.793019	1.000000
66.000000	53.000000	-0.005704	-0.009168	-0.085030	-0.005757	-0.009218	-0.084979	-0.044156	-0.023670	-0.108071	-1.585997	7.938311	-3.679237	1.000000
68.000000	69.000000	-0.011015	-0.015183	-0.078172	-0.011007	-0.015169	-0.078165	-0.007749	-0.008167	0.024073	-1.003870	1.335849	0.700206	1.000000
71.000000	72.000000	0.014866	0.008814	-0.080285	0.014876	0.008810	-0.080301	-0.111859	0.048829	0.073530	-0.866486	1.381385	-0.770898	1.000000
72.000000	73.000000	0.001479	-0.018089	-0.062554	0.001476	-0.018112	-0.062544	-0.054247	0.129645	-0.071457	-2.962655	-3.073400	7.563402	1.000000
