1.000000	1.000000	-0.001330	0.003189	-0.068168	-0.001328	0.003177	-0.068186	-0.032001	-0.000380	0.074482	-0.307497	-0.296045	1.374398	1.000000
6.000000	2.000000	0.007363	-0.000851	-0.064130	0.007292	-0.000831	-0.064055	0.106070	0.058715	0.013390	-0.366400	-1.802802	6.095924	1.000000
46.000000	6.000000	-0.002192	0.009830	-0.083975	-0.002168	0.009828	-0.083984	-0.053813	-0.094621	0.050713	-0.285610	-0.147441	0.159358	1.000000
3.000000	5.000000	-0.003901	0.004642	-0.075583	-0.003889	0.004633	-0.075558	-0.078852	0.004272	0.049413	0.340181	-1.222577	0.107626	1.000000
31.000000	4.000000	-0.004050	-0.003978	-0.067151	-0.004030	-0.004001	-0.067195	-0.018609	0.112542	-0.027925	1.060113	0.623387	0.670021	1.000000
11.000000	7.000000	-0.004593	-0.001144	-0.075809	-0.004597	-0.001141	-0.075799	0.059993	0.047866	-0.007767	1.060187	-1.141601	2.927137	1.000000
7.000000	9.000000	-0.002092	-0.006222	-0.075662	-0.002091	-0.006222	-0.075659	-0.040727	0.048979	-0.044522	-0.722993	0.697955	0.780721	1.000000
10.000000	15.000000	-0.013556	0.006358	-0.072947	-0.013552	0.006342	-0.072941	-0.003454	-0.003787	-0.007662	-0.072001	0.284347	-1.066406	1.000000
14.000000	12.000000	-0.001631	-0.009853	-0.070360	-0.001609	-0.009843	-0.070358	-0.044526	0.019319	-0.066384	-0.796532	0.541844	2.464538	1.000000
8.000000	8.000000	-0.000291	-0.000063	-0.080117	-0.000260	-0.000077	-0.080124	-0.026979	0.089895	0.001416	-0.008039	0.466121	1.170443	1.000000
5.000000	17.000000	0.006678	-0.001825	-0.072210	0.006677	-0.001841	-0.072184	-0.051273	0.027662	0.091749	-0.953966	-1.082083	-0.476537	1.000000
16.000000	23.000000	-0.002025	-0.003852	-0.080228	-0.002019	-0.003870	-0.080223	-0.016431	0.033383	-0.087018	-0.053612	-2.553553	0.140413	1.000000
47.000000	18.000000	-0.002933	0.005763	-0.082950	-0.002918	0.005747	-0.082958	-0.077081	0.064285	-0.051710	2.511427	-5.009197	-3.540187	1.000000
50.000000	11.000000	0.000911	0.007284	-0.075066	0.000923	0.007286	-0.075089	-0.010442	0.051245	0.045475	0.212651	-0.651186	0.521709	1.000000
20.000000	35.000000	0.008961	0.003160	-0.083186	0.008923	0.003143	-0.083191	-0.026900	0.025404	0.031698	-0.870382	0.247095	1.904626	1.000000
12.000000	19.000000	0.010099	0.012662	-0.076600	0.010117	0.012646	-0.076640	-0.044405	0.082236	0.087161	3.422278	-0.631274	-0.223900	1.000000
13.000000	47.000000	-0.006959	-0.011719	-0.071249	-0.006940	-0.011716	-0.071241	-0.048714	0.097592	0.080799	0.250401	-0.406334	0.577432	1.000000
15.000000	31.000000	0.003956	0.013333	-0.071724	0.003956	0.013349	-0.071707	-0.004145	0.045755	0.026028	0.754912	0.207744	1.975223	1.000000
30.000000	24.000000	-0.007929	0.007455	-0.079099	-0.007882	0.007469	-0.079190	-0.053641	-0.070392	0.085019	1.590567	0.478469	-8.662976	1.000000
17.000000	33.000000	0.009066	0.003746	-0.071493	0.009065	0.003746	-0.071474	0.014236	0.061857	0.033356	1.118235	0.625420	1.003551	1.000000
24.000000	26.000000	-0.000449	0.012418	-0.084888	-0.000432	0.012411	-0.084869	-0.056726	-0.044917	-0.058477	1.469026	-0.301235	-0.033419	1.000000
18.000000	40.000000	-0.006727	-0.004914	-0.071253	-0.006728	-0.004918	-0.071189	-0.027986	0.040617	0.082378	0.985423	-1.918859	1.043731	1.000000
35.000000	27.000000	0.000636	0.009673	-0.084387	0.000634	0.009688	-0.084407	-0.021130	-0.043642	0.052112	0.435808	0.801985	1.007935	1.000000
19.000000	16.000000	0.005694	-0.001309	-0.076090	0.005702	-0.001296	-0.076111	-0.028465	0.112910	0.107581	-1.796376	1.050848	0.098584	1.000000
32.000000	25.000000	-0.011099	0.008209	-0.071759	-0.011103	0.008229	-0.071733	-0.044038	-0.108085	0.030101	2.798233	0.926127	-1.496344	1.000000
26.000000	36.000000	0.005954	-0.001568	-0.081235	0.005968	-0.001549	-0.081251	-0.036814	-0.026474	0.102622	0.765847	-1.747377	-3.397285	1.000000
25.000000	28.000000	0.006913	-0.009305	-0.081575	0.006922	-0.009290	-0.081565	0.028635	0.122169	0.006724	-2.207210	-3.587091	-0.483300	1.000000
27.000000	38.000000	0.012115	-0.011997	-0.073087	0.012154	-0.012027	-0.073079	0.057732	-0.010790	0.002343	0.684775	0.278574	0.402999	1.000000
22.000000	51.000000	0.008375	-0.012771	-0.070461	0.008402	-0.012782	-0.070471	-0.022470	-0.009113	-0.033642	0.868180	0.890910	-3.446605	1.000000
9.000000	3.000000	0.000124	-0.001448	-0.070608	0.000126	-0.001420	-0.070593	-0.074907	-0.047634	0.023515	0.217480	-0.226924	-0.942309	1.000000
39.000000	14.000000	0.006245	-0.004007	-0.084045	0.006262	-0.004057	-0.084101	-0.003600	0.139606	0.095320	-0.963855	0.591072	0.359424	1.000000
28.000000	37.000000	-0.006725	0.009608	-0.066522	-0.006702	0.009604	-0.066499	-0.001475	-0.001357	0.056280	1.587603	-0.392352	0.803293	1.000000
23.000000	32.000000	-0.013499	-0.007683	-0.066625	-0.013516	-0.007711	-0.066619	-0.052798	-0.042050	0.032988	-0.291688	-2.575938	-0.508455	1.000000
29.000000	29.000000	-0.012489	-0.002966	-0.068419	-0.012488	-0.002967	-0.068424	-0.021383	0.016995	0.069343	0.136535	-1.249524	-0.471433	1.000000
38.000000	22.000000	-0.000863	-0.000216	-0.068835	-0.000860	-0.000235	-0.068861	-0.077911	0.028936	0.022783	-0.293032	-0.422130	0.714754	1.000000
57.000000	21.000000	0.010086	-0.006329	-0.063110	0.010059	-0.006364	-0.063101	0.035120	-0.010746	0.003252	0.486092	-2.157909	0.257184	1.000000
36.000000	39.000000	-0.008120	0.004466	-0.060841	-0.008125	0.004467	-0.060847	0.047585	0.027055	0.096907	-0.056519	0.743850	0.200467	1.000000
41.000000	30.000000	0.009626	0.011499	-0.072652	0.009634	0.011493	-0.072654	-0.004192	0.043122	0.045772	0.618948	-0.800796	-0.840909	1.000000
51.000000	41.000000	0.007377	-0.009221	-0.076797	0.007332	-0.009247	-0.076829	0.068054	0.026177	0.023677	0.588071	0.583598	-0.142077	1.000000
21.000000	13.000000	-0.000437	0.012778	-0.076018	-0.000395	0.012832	-0.076050	0.071708	-0.111552	-0.040437	-1.125635	1.856132	-0.573561	1.000000
37.000000	63.000000	0.007652	0.000912	-0.081547	0.007639	0.000916	-0.081534	-0.054324	0.036428	0.080062	-0.877337	0.340174	0.580091	1.000000
55.000000	42.000000	-0.001873	-0.003837	-0.085397	-0.001812	-0.003856	-0.085399	-0.094723	0.019696	0.022957	-0.286153	-3.309370	-1.948081	1.000000
42.000000	44.000000	0.009140	-0.010963	-0.072656	0.009147	-0.010964	-0.072651	-0.013923	-0.020882	0.009727	0.070691	1.470201	2.857198	1.000000
2.000000	20.000000	-0.001089	0.001665	-0.060870	-0.001066	0.001651	-0.060855	0.125022	0.020429	-0.026990	8.755952	1.476190	11.285713	1.000000
48.000000	48.000000	-0.003499	-0.006508	-0.067781	-0.003466	-0.006513	-0.067763	0.071912	0.076198	-0.016690	-1.217413	-0.845255	-2.517816	1.000000
54.000000	57.000000	0.014152	-0.011383	-0.072035	0.014137	-0.011421	-0.072022	0.091407	0.004719	0.064599	0.983351	0.448885	0.044147	1.000000
45.000000	-1.000000	-0.008088	-0.009812	-0.073690	0.000000	0.000000	0.000000	0.000000	0.000000	0.000000	0.000000	0.000000	0.000000	0.000000
43.000000	46.000000	0.006855	-0.009528	-0.084914	0.006852	-0.009508	-0.084928	0.065410	0.138754	0.031982	0.014198	1.520498	0.485468	1.000000
53.000000	49.000000	-0.011635	-0.012888	-0.076999	-0.011653	-0.012954	-0.076853	-0.022050	0.071112	-0.022144	-0.225579	-0.110902	-1.414611	1.000000
56.000000	52.000000	-0.012058	0.007853	-0.069066	-0.012061	0.007864	-0.069051	-0.038039	-0.017820	0.076111	1.708067	2.601741	-0.727473	1.000000
52.000000	55.000000	0.005796	-0.009145	-0.083071	0.005850	-0.009118	-0.083053	0.055366	0.092479	-0.066939	2.510468	1.826607	-0.020261	1.000000
58.000000	56.000000	-0.006561	0.012245	-0.065527	-0.006569	0.012231	-0.065517	-0.018204	0.021718	0.100415	0.194322	-0.656468	0.569311	1.000000
44.000000	50.000000	-0.002663	-0.007101	-0.068961	-0.002668	-0.007108	-0.068922	0.059201	0.051754	-0.031619	-0.614520	-1.209716	-2.501285	1.000000
59.000000	58.000000	0.014848	0.004456	-0.065695	0.014838	0.004451	-0.065703	0.030543	0.106957	0.053488	0.797304	0.322595	-1.287995	1.000000
4.000000	45.000000	0.005131	0.002426	-0.076337	0.005085	0.002523	-0.076426	-0.008507	0.095779	0.108903	-1.874402	0.045038	-0.651215	1.000000
34.000000	34.000000	0.009845	0.002922	-0.081684	0.009846	0.002908	-0.081639	-0.043563	-0.026213	0.019820	0.182576	0.119602	6.026144	1.000000
40.000000	43.000000	0.009856	0.006655	-0.063456	0.009842	0.006642	-0.063418	0.026167	0.083731	-0.019419	-3.606563	-0.976177	6.727644	1.000000
66.000000	-1.000000	0.009544	0.006575	-0.063343	0.000000	0.000000	0.000000	0.000000	0.000000	0.000000	0.000000	0.000000	0.000000	0.000000
49.000000	-1.000000	-0.012454	-0.012195	-0.075793	0.000000	0.000000	0.000000	0.000000	0.000000	0.000000	0.000000	0.000000	0.000000	0.000000
60.000000	59.000000	0.014624	0.008693	-0.062605	0.014630	0.008687	-0.062590	-0.042079	0.210345	0.056745	-1.594988	0.098485	-0.821095	1.000000
61.000000	60.000000	-0.015531	0.008260	-0.070599	-0.015581	0.008255	-0.070709	-0.031692	0.022804	0.019060	-0.252249	2.243697	-1.167825	1.000000
64.000000	53.000000	-0.012448	-0.012390	-0.075334	-0.012461	-0.012358	-0.075363	-0.065798	-0.013298	-0.089452	46.982138	44.982139	67.142851	1.000000
62.000000	64.000000	-0.010865	-0.014361	-0.079916	-0.010818	-0.014331	-0.079955	0.035213	-0.024921	0.029034	-0.717599	0.352172	1.566621	1.000000
67.000000	62.000000	-0.006446	-0.005202	-0.083825	-0.006460	-0.005202	-0.083848	-0.055763	0.036662	-0.094165	1.395072	2.373116	-3.246863	1.000000
65.000000	65.000000	-0.015606	0.010720	-0.074874	-0.015557	0.010721	-0.074859	-0.063952	-0.002512	-0.010631	8.523018	5.432400	-4.722610	1.000000
68.000000	66.000000	0.009412	0.012309	-0.060562	0.009424	0.012302	-0.060595	0.021118	0.151685	0.032807	-0.191558	0.139361	0.759990	1.000000
69.000000	67.000000	-0.014965	-0.008492	-0.075216	-0.014966	-0.008487	-0.075213	-0.003830	-0.041238	0.054408	1.404150	-0.016509	-0.171209	1.000000
33.000000	54.000000	0.012844	-0.003184	-0.077597	0.012846	-0.003169	-0.077580	-0.042625	0.144207	0.110006	-0.524375	-1.827354	-2.979059	1.000000
70.000000	68.000000	-0.016397	0.001559	-0.071458	-0.016365	0.001584	-0.071408	0.186203	0.103375	0.000163	0.199301	-10.413835	5.210039	1.000000
0.000000	69.000000	0.010733	-0.012084	-0.086908	0.000000	0.000000	0.000000	0.000000	0.000000	0.000000	0.000000	0.000000	0.000000	0.000000
71.000000	70.000000	0.003136	-0.012649	-0.062366	0.003140	-0.012631	-0.062377	-0.081579	0.139689	0.005279	0.745178	-0.166060	-0.901000	1.000000
72.000000	72.000000	0.000928	-0.013823	-0.064596	0.000840	-0.013781	-0.064614	0.093402	0.111120	-0.001245	-2.601229	3.621563	3.601867	1.000000
73.000000	73.000000	0.015002	-0.005097	-0.075538	0.015003	-0.005088	-0.075517	-0.024161	0.068858	0.140675	1.006672	-1.489844	-0.144833	1.000000
