1.000000	1.000000	0.008466	0.000475	-0.063903	0.008469	0.000478	-0.063906	-0.080160	0.106548	0.029971	0.672799	-0.156394	0.712681	1.000000
36.000000	20.000000	0.004168	-0.007786	-0.062469	0.004190	-0.007776	-0.062493	-0.062097	0.015833	-0.083295	-0.447088	0.539041	0.144527	1.000000
2.000000	6.000000	-0.006490	0.005450	-0.066225	-0.006502	0.005440	-0.066253	-0.084998	0.021841	-0.013485	1.421469	1.372804	0.408482	1.000000
24.000000	7.000000	0.002725	0.002331	-0.074029	0.002732	0.002365	-0.074038	-0.080256	0.042842	-0.051353	-2.195251	2.458542	0.139202	1.000000
5.000000	4.000000	-0.002448	-0.004348	-0.064348	-0.002437	-0.004354	-0.064332	-0.005103	0.055423	0.000260	-0.681253	-1.525796	-0.076013	1.000000
18.000000	10.000000	0.000938	0.006550	-0.063738	0.000921	0.006565	-0.063732	0.012811	0.004920	0.020774	-0.677375	1.881163	-0.013834	1.000000
7.000000	14.000000	0.003574	-0.000803	-0.075005	0.003571	-0.000808	-0.074990	-0.031953	0.052876	-0.049219	-1.445006	0.493061	-0.367151	1.000000
8.000000	15.000000	0.012541	-0.000312	-0.077980	0.012565	-0.000331	-0.077998	0.066890	0.106224	0.065316	0.921053	1.622549	-1.425632	1.000000
4.000000	2.000000	-0.003622	0.003156	-0.069964	-0.003626	0.003151	-0.069902	-0.026935	-0.023560	-0.011856	-0.602915	0.376802	0.282482	1.000000
12.000000	5.000000	0.004150	-0.003242	-0.081508	0.004129	-0.003253	-0.081506	0.063469	0.084898	0.048857	1.888838	0.762103	0.214464	1.000000
27.000000	13.000000	0.006818	0.003628	-0.070790	0.006804	0.003609	-0.070779	0.047306	0.052780	-0.035595	1.045908	1.238841	-0.635925	1.000000
14.000000	12.000000	0.006999	-0.006323	-0.080991	0.006987	-0.006347	-0.080963	-0.024791	0.001305	0.115958	-3.357833	4.744949	-2.981298	1.000000
49.000000	41.000000	-0.007627	0.001473	-0.069450	-0.007634	0.001483	-0.069475	-0.028739	0.059997	-0.000782	-1.324571	-0.776323	0.665614	1.000000
10.000000	11.000000	0.000834	0.004727	-0.068479	0.000838	0.004719	-0.068461	-0.009064	-0.027479	0.048429	-0.169946	-0.340604	0.007437	1.000000
13.000000	9.000000	0.001889	-0.004792	-0.074445	0.001868	-0.004795	-0.074437	-0.040406	0.025931	-0.050649	-1.553062	-0.437710	-0.088012	1.000000
15.000000	18.000000	0.006818	-0.011941	-0.075635	0.006816	-0.011944	-0.075638	-0.029407	-0.004867	0.030419	-0.749888	-0.738410	-0.652092	1.000000
6.000000	23.000000	-0.003928	-0.004760	-0.065222	-0.003917	-0.004769	-0.065189	0.018823	0.054347	0.018450	-0.809348	-0.944627	-1.230081	1.000000
11.000000	21.000000	0.012178	-0.004358	-0.071831	0.012181	-0.004354	-0.071855	-0.000584	0.091704	-0.028583	-0.303218	-0.625442	0.792936	1.000000
22.000000	33.000000	-0.004339	-0.009141	-0.064222	-0.004336	-0.009146	-0.064214	-0.001463	0.067817	-0.014429	1.833732	0.215430	-0.314786	1.000000
60.000000	8.000000	0.002577	-0.003012	-0.065837	0.002563	-0.002987	-0.065770	-0.103378	0.071295	-0.032845	0.141081	-1.444567	1.581035	1.000000
20.000000	16.000000	-0.002757	0.004083	-0.077742	-0.002750	0.004079	-0.077760	-0.080059	0.028201	0.000259	-0.191893	-0.943817	0.233580	1.000000
3.000000	3.000000	-0.000040	0.010225	-0.076763	-0.000085	0.010216	-0.076785	-0.047264	-0.033583	-0.007504	-2.970303	1.522720	-1.198215	1.000000
16.000000	19.000000	-0.006170	-0.003501	-0.082929	-0.006159	-0.003504	-0.082949	-0.032254	0.020156	-0.010544	-0.530149	0.583041	-1.635635	1.000000
35.000000	22.000000	0.013036	-0.001962	-0.070110	0.013088	-0.001957	-0.070164	-0.070399	0.094308	-0.011276	1.296703	2.053805	-0.234450	1.000000
28.000000	51.000000	0.011054	-0.013508	-0.075239	0.011036	-0.013477	-0.075249	-0.058854	-0.035131	-0.072780	-0.942420	-2.400717	1.744509	1.000000
26.000000	44.000000	0.003127	-0.005295	-0.081401	0.003147	-0.005329	-0.081392	0.088380	0.061899	0.088766	-0.386371	0.331243	-0.995379	1.000000
9.000000	43.000000	0.006556	0.005923	-0.060514	0.006583	0.005927	-0.060524	0.028826	0.124964	0.055129	-0.077935	0.519408	-0.429115	1.000000
25.000000	25.000000	-0.003992	0.003752	-0.066661	-0.004001	0.003759	-0.066662	-0.009301	0.089654	0.003217	-1.186410	0.325039	0.037854	1.000000
77.000000	76.000000	-0.012040	-0.007612	-0.075538	-0.012034	-0.007546	-0.075498	-0.035639	-0.032966	0.023446	15.232141	-9.071428	-6.785714	1.000000
42.000000	26.000000	-0.009613	0.002611	-0.077610	-0.009609	0.002611	-0.077589	-0.009821	0.064088	0.023333	1.173400	-1.300856	-0.801710	1.000000
31.000000	27.000000	-0.004652	-0.005891	-0.078528	-0.004652	-0.005883	-0.078536	-0.075508	0.013488	-0.014537	-1.200920	0.601541	-0.050432	1.000000
37.000000	37.000000	0.009742	0.011393	-0.074960	0.009722	0.011392	-0.074948	0.104242	0.100596	0.017422	-0.530476	0.735200	1.293627	1.000000
29.000000	32.000000	0.004605	0.002021	-0.080005	0.004609	0.002045	-0.079976	-0.002208	0.121130	0.020659	0.448535	0.988038	-0.352826	1.000000
43.000000	17.000000	0.004046	0.009620	-0.065956	0.004050	0.009632	-0.065999	0.022113	0.057746	0.084439	1.460868	1.264904	-2.140695	1.000000
33.000000	30.000000	-0.001971	-0.013005	-0.070892	-0.001987	-0.012987	-0.070896	-0.013331	0.036324	-0.194628	1.213405	-0.776196	0.170113	1.000000
68.000000	66.000000	-0.009095	-0.010624	-0.066759	-0.009080	-0.010629	-0.066766	-0.077324	0.009439	0.017712	-1.053924	-0.508433	-0.848264	1.000000
23.000000	31.000000	-0.000421	0.003259	-0.068072	-0.000429	0.003260	-0.068047	-0.051912	0.019318	0.036658	-0.058598	0.261925	-0.516003	1.000000
30.000000	40.000000	0.001333	0.010996	-0.084772	0.001380	0.011002	-0.084856	-0.035650	0.180516	0.014969	2.902188	-3.502377	-0.692428	1.000000
48.000000	65.000000	-0.014661	-0.007362	-0.072557	-0.014653	-0.007360	-0.072585	-0.056922	0.017470	0.037382	-0.559456	-0.134259	-0.573637	1.000000
41.000000	36.000000	-0.006882	-0.007557	-0.064408	-0.006857	-0.007548	-0.064471	0.008584	0.004036	0.014702	-1.291175	-0.598807	-0.051205	1.000000
51.000000	28.000000	0.007783	-0.002013	-0.074837	0.007780	-0.001996	-0.074797	0.049521	0.061397	0.062553	-0.621749	1.195972	-0.575359	1.000000
32.000000	29.000000	-0.005001	-0.001763	-0.067604	-0.005013	-0.001769	-0.067594	-0.036538	0.069183	-0.019837	0.003195	0.020409	0.742481	1.000000
38.000000	45.000000	-0.004240	0.009684	-0.067387	-0.004257	0.009731	-0.067408	-0.108674	-0.091871	-0.003515	-0.668289	5.675569	-3.008462	1.000000
21.000000	38.000000	-0.004671	-0.000054	-0.066337	-0.004636	-0.000060	-0.066302	0.005157	0.045382	-0.058758	-0.874617	1.246471	-0.468617	1.000000
45.000000	52.000000	0.002935	0.000704	-0.068916	0.002981	0.000718	-0.068823	0.033812	-0.016455	0.003196	5.303820	2.388213	-1.049563	1.000000
44.000000	47.000000	-0.013863	-0.006554	-0.065953	-0.013870	-0.006548	-0.065969	-0.052162	0.007272	-0.046142	-1.292757	-0.521449	-0.207829	1.000000
50.000000	24.000000	0.010423	-0.010985	-0.073510	0.010383	-0.011016	-0.073518	-0.020949	0.025312	0.053588	1.073501	-3.149670	-0.819541	1.000000
52.000000	58.000000	-0.005472	-0.013740	-0.071445	-0.005483	-0.013741	-0.071454	-0.006231	0.009782	0.025849	-1.912872	-0.128704	-1.250498	1.000000
55.000000	63.000000	-0.006062	-0.011300	-0.074388	-0.006081	-0.011313	-0.074368	-0.076210	0.028467	0.022805	1.044429	-0.641431	2.384060	1.000000
54.000000	49.000000	0.001668	0.011123	-0.069914	0.001686	0.011104	-0.069868	0.026418	-0.188865	0.062810	2.154484	0.988521	2.513499	1.000000
40.000000	42.000000	-0.009676	0.008366	-0.064639	-0.009708	0.008350	-0.064689	-0.094766	0.045768	0.022724	0.634090	1.419188	0.297119	1.000000
57.000000	53.000000	-0.005016	-0.012527	-0.086023	-0.005043	-0.012527	-0.086054	0.026173	-0.035790	0.031388	-0.482779	-1.084881	-0.480715	1.000000
53.000000	50.000000	0.005264	-0.007964	-0.072375	0.005257	-0.007953	-0.072370	-0.051814	0.045277	-0.044335	0.423438	0.794199	0.827833	1.000000
66.000000	55.000000	-0.001185	-0.004534	-0.084468	-0.001189	-0.004547	-0.084504	-0.028996	0.112242	0.125602	2.161120	1.378160	-1.517737	1.000000
61.000000	35.000000	-0.009123	-0.010715	-0.073823	-0.009118	-0.010698	-0.073901	0.008418	-0.017479	-0.017245	-2.187812	-3.521478	15.530468	1.000000
39.000000	39.000000	-0.010489	-0.007454	-0.083870	-0.010529	-0.007462	-0.083895	0.038539	-0.083795	0.055507	-1.639350	-0.840226	0.523219	1.000000
62.000000	60.000000	-0.012021	0.007159	-0.077563	-0.012010	0.007208	-0.077598	-0.094706	0.098130	-0.001811	0.990899	2.579400	-1.484762	1.000000
64.000000	61.000000	0.011443	0.011465	-0.084622	0.011458	0.011476	-0.084656	-0.085186	0.173331	-0.047731	0.627706	-0.785173	1.572511	1.000000
19.000000	62.000000	0.007028	0.013931	-0.080127	0.007031	0.013941	-0.080141	0.056617	0.127562	0.003440	3.679056	1.941473	3.031041	1.000000
82.000000	57.000000	0.007129	0.000763	-0.076244	0.007025	0.000772	-0.076204	0.022496	0.105467	0.042376	0.369736	-0.432955	-0.869669	1.000000
65.000000	-1.000000	0.003774	-0.007659	-0.079342	0.000000	0.000000	0.000000	0.000000	0.000000	0.000000	0.000000	0.000000	0.000000	0.000000
17.000000	46.000000	-0.007530	0.003484	-0.071220	-0.007525	0.003480	-0.071193	-0.101693	0.073228	-0.047280	-1.924775	-2.423081	-0.387329	1.000000
34.000000	67.000000	-0.011016	0.007367	-0.080853	-0.011008	0.007350	-0.080846	-0.072173	0.003260	0.032484	0.502804	1.036151	-0.011328	1.000000
75.000000	77.000000	0.009969	0.005637	-0.083812	0.009966	0.005652	-0.083799	-0.009819	0.246939	0.101746	-2.166963	-0.396884	-0.503326	1.000000
47.000000	71.000000	0.006821	-0.001997	-0.060457	0.006828	-0.002004	-0.060440	0.036710	0.079846	-0.028668	-0.666926	0.786155	0.554461	1.000000
46.000000	70.000000	0.005856	0.002923	-0.083487	0.005815	0.002944	-0.083523	0.117432	0.174120	0.138099	1.233447	-0.886772	1.080990	1.000000
63.000000	59.000000	-0.012423	-0.001823	-0.072276	-0.012392	-0.001840	-0.072221	-0.053643	-0.031688	0.008693	0.589411	-2.538212	5.338661	1.000000
56.000000	83.000000	0.009040	0.006329	-0.085694	0.009005	0.006352	-0.085612	0.031536	0.219602	0.000326	-1.299407	0.271583	-1.757184	1.000000
72.000000	74.000000	-0.012803	-0.004120	-0.063046	-0.012806	-0.004090	-0.063055	-0.010514	-0.010964	0.004604	-0.680518	-0.774399	-1.222614	1.000000
74.000000	72.000000	0.003677	0.003552	-0.085214	0.003663	0.003546	-0.085234	-0.007730	0.214941	0.130998	5.270294	-0.682127	-4.684362	1.000000
70.000000	68.000000	-0.008456	0.000947	-0.071539	-0.008452	0.000994	-0.071498	-0.040271	0.055780	0.003816	-1.542497	0.042081	-0.026479	1.000000
73.000000	75.000000	-0.003344	-0.010434	-0.084849	-0.003362	-0.010463	-0.084787	0.012132	-0.015791	0.088977	0.833622	-2.688488	-0.313874	1.000000
83.000000	56.000000	-0.000574	0.001899	-0.085600	-0.000544	0.001924	-0.085620	-0.106005	0.129572	0.020865	-1.200601	1.816547	-5.194408	1.000000
58.000000	54.000000	0.010286	-0.010590	-0.065111	0.010366	-0.010618	-0.065077	-0.103338	0.165058	-0.114627	-0.150929	-0.656927	0.980005	1.000000
71.000000	78.000000	0.010438	-0.015637	-0.073444	0.010448	-0.015601	-0.073579	0.062204	0.014558	-0.085178	1.534636	2.046375	-9.258771	1.000000
78.000000	79.000000	0.001986	0.000929	-0.081957	0.001997	0.000926	-0.081925	-0.022342	0.092911	0.022507	2.345448	1.003908	0.544905	1.000000
80.000000	81.000000	-0.011444	0.003109	-0.083743	-0.011464	0.003131	-0.083788	-0.047611	0.006567	0.157431	1.035839	-1.968531	-7.782051	1.000000
81.000000	82.000000	-0.014359	-0.000213	-0.061475	-0.014345	-0.000216	-0.061501	-0.008249	0.003372	-0.000893	3.038711	-3.510739	-1.675574	1.000000
79.000000	80.000000	-0.014608	0.002054	-0.062164	-0.014598	0.002061	-0.062164	-0.036424	0.011447	-0.010248	0.179307	1.464167	-0.445139	1.000000
69.000000	34.000000	0.003882	-0.007994	-0.078863	0.003861	-0.008025	-0.078898	0.001636	-0.025876	-0.000266	-1.043669	-0.713275	-2.325260	1.000000
84.000000	64.000000	0.011998	0.010692	-0.082147	0.012011	0.010680	-0.082181	-0.056714	0.214587	-0.012129	2.096308	1.341956	-1.781920	1.000000
85.000000	69.000000	-0.003155	0.002419	-0.082397	-0.003145	0.002431	-0.082418	-0.043154	0.121883	-0.021103	-0.350189	0.471307	0.726002	1.000000
0.000000	84.000000	0.008987	-0.013204	-0.062787	0.000000	0.000000	0.000000	0.000000	0.000000	0.000000	0.000000	0.000000	0.000000	0.000000
86.000000	86.000000	-0.013164	0.005854	-0.080368	-0.013178	0.005853	-0.080378	-0.066250	0.100281	0.089718	1.278339	-2.634373	0.188301	1.000000
87.000000	88.000000	-0.012399	-0.004227	-0.084941	-0.012325	-0.004240	-0.084962	0.159345	-0.021896	0.066495	-0.349974	-1.259868	0.556759	1.000000
88.000000	90.000000	-0.013262	0.002998	-0.083399	-0.013304	0.003025	-0.083381	-0.075671	0.082481	0.233926	4.330621	2.182439	-0.891608	1.000000
