21.000000	4.000000	-0.003750	0.006643	-0.082707	-0.003722	0.006641	-0.082647	-0.030949	-0.056341	-0.007492	-2.058004	2.828234	-2.738761	1.000000
2.000000	9.000000	0.003010	0.003010	-0.071443	0.003000	0.002974	-0.071437	-0.090096	0.042870	0.110390	0.776264	-4.488261	-3.082461	1.000000
1.000000	1.000000	-0.002787	0.002344	-0.064151	-0.002688	0.002387	-0.064174	0.041948	-0.025405	0.104205	6.171973	2.441068	-1.982310	1.000000
4.000000	6.000000	-0.005239	-0.003933	-0.067815	-0.005258	-0.003938	-0.067827	0.064343	0.026768	0.041789	-1.814823	1.285751	-1.720905	1.000000
5.000000	2.000000	0.002885	-0.000784	-0.069206	0.002892	-0.000816	-0.069185	-0.109544	-0.007609	0.059194	2.602046	-2.600114	-1.490185	1.000000
15.000000	3.000000	0.004859	-0.008052	-0.064550	0.004831	-0.008064	-0.064510	-0.085298	0.211810	-0.018735	-1.310952	-0.746839	-0.767028	1.000000
6.000000	44.000000	-0.002035	-0.003411	-0.070884	-0.002046	-0.003410	-0.070925	-0.053553	-0.026087	-0.068191	-4.022227	3.074925	-6.342906	1.000000
7.000000	13.000000	-0.001893	0.003945	-0.079648	-0.001893	0.003943	-0.079647	-0.057583	0.085544	0.006341	-0.674292	-1.716596	-0.815358	1.000000
10.000000	14.000000	0.004849	0.001102	-0.079638	0.004845	0.001098	-0.079619	-0.051383	0.086357	0.111667	-0.074378	-2.698126	0.212822	1.000000
9.000000	8.000000	0.006973	0.004090	-0.080166	0.006995	0.004105	-0.080150	-0.039989	0.041348	0.099672	0.818360	1.490631	2.029154	1.000000
33.000000	5.000000	0.007221	-0.005829	-0.081704	0.007239	-0.005849	-0.081695	0.043340	0.075469	0.001877	1.681454	1.168467	1.765060	1.000000
31.000000	7.000000	-0.004105	-0.004041	-0.077216	-0.004125	-0.004042	-0.077191	-0.051765	0.054617	-0.031039	-0.018426	0.599535	-0.096868	1.000000
36.000000	17.000000	0.004408	0.002880	-0.077750	0.004424	0.002863	-0.077764	-0.075919	0.039958	0.097829	2.022140	-1.284733	0.395517	1.000000
12.000000	12.000000	0.014581	-0.003356	-0.069622	0.014578	-0.003360	-0.069602	-0.011549	0.021326	0.131007	-0.249829	-0.495795	-0.831265	1.000000
14.000000	32.000000	0.008511	0.004515	-0.076886	0.008490	0.004502	-0.076907	-0.040492	0.102602	0.122072	-1.023619	0.748417	-1.242615	1.000000
17.000000	28.000000	-0.011306	0.005360	-0.071477	-0.011303	0.005368	-0.071474	-0.003189	-0.034555	-0.007863	-1.559392	0.100811	-0.079507	1.000000
57.000000	16.000000	0.000313	0.008794	-0.082529	0.000294	0.008773	-0.082492	0.001532	-0.016973	0.015017	-1.302475	-0.911951	-1.380643	1.000000
27.000000	36.000000	0.000703	0.008172	-0.072960	0.000725	0.008163	-0.072942	0.020079	-0.030364	0.073937	0.830158	-2.077283	1.842707	1.000000
19.000000	22.000000	-0.013537	0.006548	-0.074017	-0.013563	0.006529	-0.074037	-0.011980	-0.010502	-0.038240	-3.027928	-2.531947	0.317097	1.000000
51.000000	11.000000	0.003513	0.005814	-0.072431	0.003517	0.005824	-0.072429	-0.049551	0.049042	0.089589	-0.267021	-1.613658	-0.345263	1.000000
22.000000	34.000000	-0.009095	-0.008279	-0.067745	-0.009123	-0.008287	-0.067749	-0.062454	0.063679	0.071084	-0.445043	-0.599223	-1.337855	1.000000
46.000000	15.000000	-0.003541	-0.009746	-0.071955	-0.003534	-0.009743	-0.071937	-0.032694	-0.044198	-0.002123	1.129008	-0.704085	1.444025	1.000000
47.000000	37.000000	-0.001352	-0.006225	-0.072418	-0.001343	-0.006250	-0.072403	0.000330	-0.009378	-0.099015	-0.689530	-0.576622	0.700897	1.000000
24.000000	39.000000	0.000176	-0.007140	-0.063075	0.000178	-0.007140	-0.063075	-0.052849	0.114550	-0.034428	1.195667	-0.793382	-0.659462	1.000000
20.000000	40.000000	0.010506	0.002097	-0.073379	0.010510	0.002110	-0.073299	-0.081488	0.102256	0.092856	-1.917977	-1.586169	-0.289942	1.000000
29.000000	19.000000	-0.003569	0.000546	-0.067276	-0.003560	0.000557	-0.067290	-0.026141	0.020194	0.036885	2.085002	0.487332	-0.223580	1.000000
13.000000	30.000000	0.010578	-0.007585	-0.075885	0.010584	-0.007584	-0.075881	0.082216	0.056549	0.025284	0.273359	1.007378	-0.023782	1.000000
28.000000	35.000000	-0.011187	0.007090	-0.067006	-0.011184	0.007035	-0.066994	0.057168	-0.081360	0.035108	-2.074110	-3.346169	0.100144	1.000000
30.000000	27.000000	-0.003956	-0.004902	-0.081995	-0.003957	-0.004903	-0.082008	-0.096920	-0.028017	0.032598	-0.919255	2.352090	2.469969	1.000000
18.000000	57.000000	0.009936	0.009812	-0.063385	0.009997	0.009792	-0.063400	0.010964	0.075451	-0.031705	1.025372	-0.299325	-1.828375	1.000000
23.000000	66.000000	-0.002348	-0.004358	-0.070113	-0.002343	-0.004356	-0.070124	-0.022728	0.028114	-0.087784	-2.246363	-0.979503	-1.174811	1.000000
26.000000	21.000000	-0.000155	-0.009453	-0.064341	-0.000125	-0.009480	-0.064326	-0.077365	0.042079	-0.023826	1.339668	-3.207695	-0.937093	1.000000
56.000000	42.000000	0.010397	0.012122	-0.070563	0.010399	0.012141	-0.070539	0.052487	0.001223	0.054724	1.213401	0.370167	0.004963	1.000000
35.000000	26.000000	-0.006580	0.009480	-0.063157	-0.006579	0.009475	-0.063147	-0.011816	-0.011083	0.109859	-0.130264	-0.248031	1.823382	1.000000
39.000000	29.000000	0.009237	-0.003434	-0.083943	0.009218	-0.003426	-0.083965	0.041623	0.120674	0.022010	-0.754822	-0.809118	1.081800	1.000000
11.000000	41.000000	-0.002261	-0.001496	-0.074639	-0.002283	-0.001530	-0.074776	0.035588	-0.058582	-0.017864	-1.499457	0.204768	-4.590886	1.000000
52.000000	43.000000	0.009581	0.006086	-0.070511	0.009586	0.006092	-0.070493	-0.026338	0.066040	-0.000475	-1.646720	0.723097	-0.070232	1.000000
38.000000	23.000000	0.005091	-0.003370	-0.080164	0.005121	-0.003325	-0.080095	0.006126	0.026344	-0.036590	1.380910	6.472101	0.843413	1.000000
34.000000	59.000000	-0.012262	0.006512	-0.079319	-0.012280	0.006518	-0.079301	-0.130495	-0.000766	0.026933	1.325433	-0.580953	2.733640	1.000000
25.000000	33.000000	0.007825	-0.003639	-0.083397	0.007846	-0.003627	-0.083354	0.025020	0.161902	0.052216	0.376319	1.413103	0.890940	1.000000
32.000000	20.000000	-0.012108	0.001635	-0.069312	-0.012147	0.001539	-0.069268	0.019978	-0.070346	0.055311	-3.470883	-2.108695	-0.070478	1.000000
41.000000	31.000000	0.010324	0.002632	-0.060530	0.010330	0.002621	-0.060559	0.061152	0.095329	0.099828	-1.705828	2.048050	-0.369425	1.000000
42.000000	47.000000	-0.013473	-0.003189	-0.065893	-0.013478	-0.003216	-0.065894	-0.031351	-0.032705	0.050685	-1.305841	-0.833717	0.377374	1.000000
8.000000	18.000000	-0.004959	-0.000218	-0.068923	-0.005065	-0.000210	-0.068889	-0.078118	0.046447	-0.058404	-3.003989	-3.917285	1.169151	1.000000
37.000000	46.000000	0.009179	0.003126	-0.084434	0.009188	0.003129	-0.084442	-0.063360	0.097960	0.067858	0.181142	0.910020	-0.335121	1.000000
59.000000	38.000000	-0.009298	0.014048	-0.076568	-0.009319	0.014058	-0.076555	0.000355	-0.116341	0.045441	-0.058941	1.985976	-0.883254	1.000000
69.000000	24.000000	-0.012561	-0.010651	-0.078061	-0.012561	-0.010651	-0.078061	-0.021500	0.064167	-0.112750	-16.749998	-36.499997	99.499991	1.000000
60.000000	51.000000	-0.012487	-0.010681	-0.076708	-0.012404	-0.010634	-0.076751	-0.003249	0.034442	-0.002078	1.096427	0.389030	-0.207256	1.000000
40.000000	45.000000	0.009807	-0.010840	-0.072183	0.009804	-0.010845	-0.072173	0.028818	-0.002776	0.007818	-0.568865	-0.489613	0.275246	1.000000
50.000000	48.000000	-0.005032	-0.004649	-0.085748	-0.005086	-0.004696	-0.085696	-0.045330	-0.013539	0.003567	1.409648	0.340523	0.858071	1.000000
44.000000	49.000000	0.008039	-0.006822	-0.085429	0.008035	-0.006822	-0.085376	0.067648	0.207021	0.116330	-0.157056	-1.103844	-2.264190	1.000000
66.000000	64.000000	-0.001339	0.004420	-0.086343	-0.001337	0.004399	-0.086372	-0.081552	-0.058828	0.007614	0.617730	-1.178616	0.502727	1.000000
3.000000	10.000000	0.001240	0.009569	-0.078118	0.001242	0.009563	-0.078156	0.017339	-0.076886	-0.030060	0.911164	0.966046	2.822706	1.000000
48.000000	50.000000	0.004870	-0.013592	-0.082202	0.004875	-0.013601	-0.082202	0.019370	0.112344	0.045367	-0.202399	1.316692	0.755289	1.000000
16.000000	-1.000000	-0.008280	-0.009645	-0.071755	0.000000	0.000000	0.000000	0.000000	0.000000	0.000000	0.000000	0.000000	0.000000	0.000000
54.000000	54.000000	0.015009	-0.011732	-0.072629	0.015019	-0.011723	-0.072622	0.066127	0.036177	0.018399	-2.195526	2.087279	-0.792138	1.000000
49.000000	56.000000	-0.013872	-0.009859	-0.073974	-0.013869	-0.009889	-0.073903	0.040774	-0.014262	0.005104	-0.913836	-2.214036	2.731268	1.000000
53.000000	25.000000	0.008856	-0.013053	-0.072543	0.008899	-0.013034	-0.072519	0.042972	-0.003381	-0.048290	0.558508	-0.109654	0.917182	1.000000
63.000000	52.000000	0.010692	0.002745	-0.075350	0.010734	0.002708	-0.075330	-0.074203	0.142208	0.074452	-0.641601	-0.564088	-1.120078	1.000000
55.000000	55.000000	-0.013719	-0.013283	-0.078826	-0.013704	-0.013250	-0.078758	-0.012088	0.013559	0.038273	-0.824608	0.339832	0.577209	1.000000
43.000000	60.000000	-0.001056	0.010499	-0.086638	-0.001097	0.010492	-0.086596	0.000749	-0.029413	-0.022206	-1.621772	1.522229	1.226842	1.000000
58.000000	58.000000	0.001897	-0.014542	-0.083057	0.001867	-0.014515	-0.083080	0.028727	0.048823	-0.023829	0.109391	3.581668	8.128870	1.000000
67.000000	71.000000	-0.015574	-0.008845	-0.064308	-0.015499	-0.008785	-0.064475	0.049365	-0.058876	0.020742	0.688685	-2.426780	-1.448152	1.000000
0.000000	53.000000	-0.008090	-0.009629	-0.071891	0.000000	0.000000	0.000000	0.000000	0.000000	0.000000	0.000000	0.000000	0.000000	0.000000
68.000000	72.000000	-0.007000	0.003313	-0.073166	-0.006993	0.003328	-0.073180	-0.065218	-0.056250	0.048768	1.222428	-0.054593	-1.070255	1.000000
45.000000	67.000000	-0.004990	0.006881	-0.086378	-0.004974	0.006923	-0.086323	-0.061226	-0.000653	-0.055461	-1.280274	-2.377141	1.385019	1.000000
61.000000	68.000000	-0.014664	-0.010542	-0.065547	-0.014698	-0.010511	-0.065506	0.023664	-0.073745	0.019010	1.919663	-0.306034	-0.791859	1.000000
64.000000	69.000000	-0.016112	0.010240	-0.070312	-0.016164	0.010275	-0.070408	-0.023598	0.061391	-0.016135	-1.725555	1.428884	-1.732128	1.000000
65.000000	70.000000	0.001150	-0.013975	-0.084935	0.001139	-0.013959	-0.084973	0.058568	0.021907	-0.024503	-0.264577	0.502950	-0.252422	1.000000
70.000000	73.000000	0.012423	-0.004152	-0.083555	0.012406	-0.004156	-0.083544	0.034352	0.189746	0.099456	-0.178876	0.240453	0.262229	1.000000
71.000000	74.000000	-0.007379	0.012959	-0.061252	-0.007380	0.012954	-0.061263	-0.031196	0.017193	0.089220	-0.364422	0.780379	-0.393253	1.000000
72.000000	75.000000	0.016342	0.009352	-0.064235	0.016349	0.009347	-0.064246	0.033122	0.129035	0.040638	-0.817932	-0.010989	1.400100	1.000000
0.000000	62.000000	-0.000374	-0.011538	-0.086694	0.000000	0.000000	0.000000	0.000000	0.000000	0.000000	0.000000	0.000000	0.000000	0.000000
73.000000	76.000000	0.011040	0.002758	-0.074411	0.011061	0.002717	-0.074509	-0.082047	0.112500	0.057189	-0.656593	-3.456793	1.715534	1.000000
74.000000	77.000000	0.015247	-0.005086	-0.075844	0.015248	-0.005093	-0.075826	-0.043949	0.210452	0.198099	0.699285	-0.083799	0.477904	1.000000
75.000000	78.000000	-0.008442	0.016870	-0.069681	-0.008435	0.016862	-0.069686	-0.047258	-0.169864	0.028010	-10.856143	5.973776	-4.647102	1.000000
76.000000	79.000000	-0.007173	-0.016950	-0.075232	-0.007172	-0.016947	-0.075232	0.002559	0.043155	0.021042	0.864819	-0.444476	0.048346	1.000000
