5.000000	3.000000	0.006177	-0.002815	-0.066394	0.006179	-0.002805	-0.066367	-0.046463	0.170578	-0.078479	0.947949	-0.316241	1.807727	1.000000
3.000000	2.000000	0.005293	-0.001394	-0.062227	0.005290	-0.001402	-0.062254	0.040117	0.111733	0.006688	-0.264666	-0.281249	0.510936	1.000000
2.000000	43.000000	0.003410	0.001039	-0.072446	0.003425	0.001038	-0.072417	0.017978	0.002190	0.009792	2.179071	3.960040	-2.581668	1.000000
12.000000	4.000000	0.005338	0.005158	-0.072121	0.005334	0.005154	-0.072120	-0.003010	-0.037626	0.060821	0.311458	-1.077736	-0.415451	1.000000
14.000000	61.000000	0.011991	0.010922	-0.079058	0.011960	0.010915	-0.079035	0.072975	0.154532	0.058918	1.055839	1.763541	0.047848	1.000000
7.000000	5.000000	0.005457	-0.009499	-0.069760	0.005451	-0.009481	-0.069830	-0.066866	0.111477	-0.039252	-2.793931	1.564199	-3.085619	1.000000
57.000000	26.000000	0.011834	-0.005973	-0.066033	0.011862	-0.005942	-0.066077	-0.018825	0.083143	0.072288	-0.581748	0.873042	-1.363005	1.000000
18.000000	12.000000	0.005983	0.007829	-0.077179	0.005988	0.007832	-0.077183	-0.000082	0.091211	0.068263	0.286940	-4.040645	0.295823	1.000000
59.000000	1.000000	0.009984	-0.008113	-0.061533	0.009992	-0.008094	-0.061462	-0.084301	0.078844	-0.096427	-4.183181	-0.575929	0.142881	1.000000
6.000000	10.000000	-0.001884	-0.002356	-0.068736	-0.001863	-0.002356	-0.068722	-0.168385	0.048129	-0.046551	1.894982	1.725400	0.371697	1.000000
78.000000	33.000000	-0.004219	-0.001643	-0.064833	-0.004241	-0.001612	-0.064868	-0.025638	-0.001359	0.004006	-0.210290	0.887612	-2.873376	1.000000
8.000000	18.000000	0.005281	0.008060	-0.080931	0.005285	0.008073	-0.080894	0.014792	0.062408	0.055501	1.647983	2.250676	1.584066	1.000000
17.000000	15.000000	-0.009754	0.006765	-0.078794	-0.009713	0.006757	-0.078796	-0.101387	0.112754	0.050260	1.896921	1.974806	-1.084832	1.000000
15.000000	50.000000	-0.003620	0.003277	-0.064019	-0.003615	0.003274	-0.064012	-0.005315	0.035078	0.047093	-1.020966	-0.159158	0.482659	1.000000
10.000000	27.000000	-0.002681	-0.009426	-0.062261	-0.002648	-0.009450	-0.062291	-0.047059	0.068352	-0.074487	1.656884	0.418437	0.151193	1.000000
20.000000	17.000000	0.011130	0.004520	-0.079429	0.011169	0.004501	-0.079455	0.061953	0.134851	0.020333	2.396081	-1.569289	-1.850129	1.000000
60.000000	40.000000	-0.000585	0.014375	-0.077790	-0.000584	0.014380	-0.077800	0.010396	-0.135202	0.002029	-0.228360	1.583813	1.568196	1.000000
9.000000	34.000000	0.000047	0.000798	-0.077368	0.000049	0.000806	-0.077395	-0.003483	0.053792	0.010968	-1.139952	-0.105003	-0.306109	1.000000
34.000000	64.000000	-0.010620	0.003032	-0.080660	-0.010622	0.003007	-0.080659	-0.091229	-0.037572	0.060369	0.487384	0.804013	0.061503	1.000000
27.000000	6.000000	-0.003632	-0.006321	-0.065857	-0.003622	-0.006318	-0.065849	0.002725	0.093746	-0.050197	0.364870	-0.179277	1.632574	1.000000
13.000000	42.000000	-0.006761	-0.002173	-0.077421	-0.006741	-0.002178	-0.077435	-0.059996	0.061688	-0.039773	-0.485631	0.594052	0.787765	1.000000
19.000000	30.000000	0.000547	0.009187	-0.083701	0.000541	0.009180	-0.083710	-0.000775	0.110719	-0.003546	-2.246924	-0.839371	-2.607811	1.000000
23.000000	22.000000	0.011000	-0.012157	-0.080613	0.010997	-0.012162	-0.080637	0.114210	0.045294	0.101732	1.728070	0.335139	-1.128418	1.000000
56.000000	25.000000	-0.009419	-0.009815	-0.073884	-0.009447	-0.009845	-0.073852	0.024836	0.015462	-0.023895	1.441338	0.600611	0.895726	1.000000
38.000000	63.000000	-0.001752	-0.006298	-0.077978	-0.001743	-0.006300	-0.077979	-0.030704	-0.000319	-0.018823	-0.360731	0.156780	1.226210	1.000000
37.000000	31.000000	0.006521	0.009314	-0.072197	0.006510	0.009299	-0.072183	0.014165	0.040591	0.137437	-1.282170	0.325307	-0.310336	1.000000
73.000000	47.000000	0.005124	-0.009201	-0.084083	0.005122	-0.009200	-0.084036	0.032526	0.052967	0.000387	-1.529237	-2.953108	-3.555079	1.000000
29.000000	35.000000	-0.007555	-0.002688	-0.073725	-0.007550	-0.002676	-0.073740	-0.040148	0.048764	0.061404	2.029169	0.804377	1.527816	1.000000
25.000000	23.000000	-0.005751	-0.008368	-0.068031	-0.005758	-0.008360	-0.068032	0.011806	0.049632	0.063795	1.666290	0.752764	-0.662605	1.000000
32.000000	13.000000	0.001535	0.006293	-0.066001	0.001567	0.006281	-0.066031	-0.060232	0.032470	0.046733	1.651148	-0.461232	-0.190964	1.000000
33.000000	21.000000	0.005454	0.010634	-0.083660	0.005446	0.010641	-0.083679	0.003567	0.080021	-0.001610	1.494049	-1.100753	-1.920614	1.000000
35.000000	44.000000	-0.011865	-0.008401	-0.075890	-0.011912	-0.008402	-0.075837	0.012749	0.020859	0.008053	0.564026	0.004852	-0.957966	1.000000
21.000000	14.000000	0.000430	0.004644	-0.071086	0.000425	0.004637	-0.071072	0.026120	0.011957	0.006729	0.965006	-0.382270	2.587952	1.000000
26.000000	37.000000	-0.011760	0.007356	-0.075101	-0.011735	0.007350	-0.075069	-0.077211	-0.035243	-0.005551	-3.208710	1.317092	-2.767924	1.000000
42.000000	39.000000	0.005801	0.011331	-0.070227	0.005819	0.011336	-0.070256	-0.003419	0.057344	0.050098	1.178586	-0.538535	0.807518	1.000000
39.000000	29.000000	0.006917	-0.006636	-0.080502	0.006933	-0.006626	-0.080532	0.008831	0.100233	0.096917	-2.150814	0.132240	1.088115	1.000000
1.000000	36.000000	-0.001399	0.005575	-0.065897	-0.001421	0.005570	-0.065889	-0.047587	-0.020884	0.016933	-0.955021	0.560589	-1.850723	1.000000
40.000000	53.000000	0.004790	0.008174	-0.069769	0.004755	0.008174	-0.069806	-0.029253	-0.007906	0.009770	-2.205419	-3.182692	-2.691142	1.000000
22.000000	8.000000	0.003077	-0.002248	-0.071553	0.003043	-0.002349	-0.071568	-0.042642	0.010192	-0.087295	1.055930	-2.058427	-0.891512	1.000000
45.000000	32.000000	0.004822	-0.004196	-0.081046	0.004854	-0.004206	-0.081021	-0.001567	0.098375	-0.009356	-0.381891	0.383280	0.317216	1.000000
41.000000	9.000000	-0.010911	-0.001492	-0.071512	-0.010834	-0.001479	-0.071370	-0.018963	-0.010133	0.007753	-0.055405	1.379837	-2.382804	1.000000
67.000000	66.000000	0.002774	-0.008840	-0.083133	0.002812	-0.008814	-0.083110	0.010850	0.047349	0.065087	0.566109	-0.263916	1.107195	1.000000
36.000000	45.000000	-0.010626	-0.003984	-0.079374	-0.010614	-0.003980	-0.079376	-0.052728	0.017016	-0.001081	1.605092	0.125747	1.146668	1.000000
47.000000	38.000000	0.011226	-0.013083	-0.073719	0.011258	-0.013088	-0.073740	-0.000911	0.024536	-0.033806	-0.122960	1.819347	-2.932983	1.000000
31.000000	20.000000	0.002260	0.002483	-0.070278	0.002264	0.002498	-0.070268	-0.023867	-0.001387	0.018744	0.143080	1.351318	-0.466737	1.000000
28.000000	74.000000	0.007814	-0.012689	-0.080784	0.007750	-0.012705	-0.080766	-0.011343	0.061782	0.146263	-0.482280	-2.502035	-1.558352	1.000000
24.000000	57.000000	-0.007388	-0.001091	-0.069260	-0.007365	-0.001042	-0.069332	0.007763	0.020348	-0.021411	0.153846	1.173077	-1.030886	1.000000
44.000000	48.000000	0.005461	0.011995	-0.068483	0.005463	0.011996	-0.068492	-0.015780	0.097125	0.074360	-0.484970	0.579022	-1.024473	1.000000
50.000000	41.000000	-0.001066	-0.003605	-0.081752	-0.001048	-0.003596	-0.081723	-0.026828	0.105045	0.012166	-0.110115	-0.031465	-0.571102	1.000000
48.000000	49.000000	-0.000524	-0.011687	-0.070383	-0.000518	-0.011710	-0.070337	-0.035127	-0.070564	-0.061322	-2.574014	1.121749	-0.232436	1.000000
43.000000	76.000000	-0.012609	0.003161	-0.063786	-0.012588	0.003163	-0.063739	-0.017203	-0.018632	0.045091	-2.129883	-1.741059	-0.778395	1.000000
49.000000	54.000000	-0.013153	-0.003544	-0.065825	-0.013145	-0.003523	-0.065796	0.011838	-0.005983	0.040750	0.245200	1.429886	0.497771	1.000000
54.000000	79.000000	-0.006279	0.011546	-0.086116	-0.006283	0.011568	-0.086166	-0.062828	0.030776	-0.001606	1.885895	1.330946	0.684679	1.000000
53.000000	52.000000	0.010382	0.004448	-0.085358	0.010389	0.004441	-0.085380	0.068062	0.163464	-0.017481	1.025348	-2.911248	1.274703	1.000000
52.000000	84.000000	0.005447	0.011804	-0.066483	0.005437	0.011815	-0.066495	-0.038983	0.091972	0.110192	0.804444	1.666342	1.087566	1.000000
89.000000	55.000000	0.006569	0.010933	-0.078088	0.006551	0.010874	-0.078057	0.086397	0.077944	0.020826	-0.874543	-1.315039	0.193126	1.000000
55.000000	56.000000	0.008789	-0.010173	-0.070170	0.008789	-0.010168	-0.070167	-0.040850	0.033731	0.015727	-0.609736	0.448030	-1.427472	1.000000
64.000000	46.000000	-0.005876	-0.003940	-0.084155	-0.005861	-0.003910	-0.084209	0.008322	0.020915	0.033706	0.505803	-0.586132	-0.923215	1.000000
69.000000	19.000000	-0.006929	-0.010432	-0.068196	-0.006924	-0.010417	-0.068208	0.005550	-0.000316	0.027164	-1.008089	-0.075986	-0.025435	1.000000
16.000000	24.000000	-0.006061	0.006787	-0.082754	-0.006071	0.006807	-0.082769	-0.077374	0.009822	0.020673	-0.052721	1.096459	0.819690	1.000000
11.000000	7.000000	-0.007366	0.003016	-0.079396	-0.007360	0.003063	-0.079485	-0.049822	0.078414	0.003487	-0.805559	-0.517720	1.616489	1.000000
63.000000	51.000000	-0.012857	-0.009018	-0.075135	-0.012843	-0.008999	-0.075171	0.004266	0.021468	0.035713	-0.246047	0.252504	0.031650	1.000000
4.000000	11.000000	-0.002077	0.004522	-0.069861	-0.002066	0.004516	-0.069882	-0.003946	-0.026431	0.059785	-0.896750	3.305291	-2.115144	1.000000
30.000000	58.000000	0.012915	-0.011197	-0.069609	0.012938	-0.011174	-0.069612	-0.024127	0.098098	-0.052225	0.240891	0.835939	-0.057268	1.000000
61.000000	69.000000	0.012716	0.009754	-0.078886	0.012742	0.009752	-0.078858	0.080633	0.166996	0.048896	0.901282	-1.054779	-1.092997	1.000000
91.000000	60.000000	0.003379	-0.001894	-0.086031	0.003414	-0.001933	-0.086023	-0.029383	0.213432	0.035266	-3.558191	6.191308	-1.361888	1.000000
66.000000	59.000000	0.014116	0.011803	-0.074134	0.014095	0.011803	-0.074128	0.072584	0.181196	0.112960	3.343164	4.263278	-0.747253	1.000000
83.000000	28.000000	-0.003003	0.007058	-0.067269	-0.002996	0.007046	-0.067268	-0.101114	0.018931	0.056532	-0.673051	-0.240966	0.073776	1.000000
58.000000	85.000000	0.002190	-0.008805	-0.082425	0.002181	-0.008808	-0.082428	0.037136	0.059322	0.107810	-0.471998	-1.958223	-0.733306	1.000000
65.000000	16.000000	-0.008569	-0.008160	-0.063265	-0.008540	-0.008112	-0.063321	0.041529	-0.006848	-0.049329	-1.116207	1.417152	0.508603	1.000000
68.000000	68.000000	0.013613	-0.014445	-0.070405	0.013618	-0.014453	-0.070381	-0.036179	0.089837	-0.028614	2.770640	-3.552309	-0.008901	1.000000
71.000000	72.000000	0.002726	-0.005115	-0.084981	0.002718	-0.005100	-0.085004	-0.001499	0.099980	0.004752	-1.212718	-1.419886	-1.716537	1.000000
72.000000	67.000000	0.005428	-0.006307	-0.083622	0.005449	-0.006285	-0.083624	-0.047127	0.049826	0.055165	-1.175139	-1.600218	-0.230631	1.000000
70.000000	62.000000	-0.014426	0.010734	-0.073295	-0.014428	0.010740	-0.073312	-0.075772	-0.020622	-0.027081	-0.577447	0.045209	0.765981	1.000000
80.000000	73.000000	0.010010	-0.014783	-0.073168	0.010014	-0.014790	-0.073184	-0.024753	0.000735	-0.024721	-0.894982	-1.163467	0.613131	1.000000
77.000000	-1.000000	-0.013437	-0.006264	-0.063608	0.000000	0.000000	0.000000	0.000000	0.000000	0.000000	0.000000	0.000000	0.000000	0.000000
74.000000	82.000000	-0.013751	-0.015004	-0.075902	-0.013747	-0.014990	-0.075872	-0.008540	-0.069325	-0.011498	-3.089232	-1.905516	-5.715686	1.000000
75.000000	70.000000	-0.003946	-0.000998	-0.065904	-0.003927	-0.001019	-0.065921	-0.044473	0.016328	0.000437	1.242503	0.682204	-1.239636	1.000000
79.000000	80.000000	0.014032	0.008004	-0.062206	0.014040	0.008008	-0.062197	0.026508	0.104696	0.119354	-0.253320	-1.232132	0.881108	1.000000
87.000000	78.000000	-0.006962	-0.015404	-0.073006	-0.006961	-0.015409	-0.073014	0.028789	0.050436	-0.001625	0.479242	-0.698906	0.777623	1.000000
46.000000	77.000000	-0.013670	0.001281	-0.063599	-0.013665	0.001260	-0.063539	0.023846	-0.072288	0.039642	-3.310544	-1.237726	1.822127	1.000000
81.000000	-1.000000	0.012160	0.004824	-0.082318	0.000000	0.000000	0.000000	0.000000	0.000000	0.000000	0.000000	0.000000	0.000000	0.000000
0.000000	-1.000000	0.008039	0.010717	-0.067256	0.000000	0.000000	0.000000	0.000000	0.000000	0.000000	0.000000	0.000000	0.000000	0.000000
88.000000	90.000000	-0.008269	-0.006597	-0.080159	-0.008264	-0.006590	-0.080175	-0.035893	-0.004000	0.008226	-6.571428	-17.499998	-4.428571	1.000000
62.000000	71.000000	0.006780	-0.005441	-0.081093	0.006784	-0.005441	-0.081057	0.032473	0.136535	0.093134	-1.403675	-0.652501	1.230735	1.000000
84.000000	87.000000	0.012233	0.009980	-0.080033	0.012225	0.009983	-0.080040	0.064475	0.193827	0.072809	-0.735431	-1.791958	11.067015	1.000000
76.000000	86.000000	0.005460	-0.000930	-0.061255	0.005458	-0.000924	-0.061253	0.045985	0.114687	-0.003860	2.803478	0.043991	1.919804	1.000000
85.000000	88.000000	0.004920	0.008436	-0.070046	0.004893	0.008358	-0.070040	-0.015226	0.002444	0.018060	-0.429396	-0.960170	1.074802	1.000000
86.000000	89.000000	0.012357	0.001724	-0.082119	0.012347	0.001719	-0.082040	0.060137	0.170242	-0.039783	1.655903	-0.066339	0.210222	1.000000
90.000000	91.000000	-0.016200	0.001237	-0.072568	-0.016198	0.001227	-0.072570	-0.050596	-0.036056	0.001623	3.502997	2.287712	0.213037	1.000000
0.000000	81.000000	-0.000437	-0.009932	-0.086443	0.000000	0.000000	0.000000	0.000000	0.000000	0.000000	0.000000	0.000000	0.000000	0.000000
92.000000	92.000000	0.012133	-0.006748	-0.083499	0.012084	-0.006797	-0.083507	-0.021711	0.125941	0.088014	-0.289251	-1.321911	0.812231	1.000000
0.000000	93.000000	0.001331	-0.005035	-0.086807	0.000000	0.000000	0.000000	0.000000	0.000000	0.000000	0.000000	0.000000	0.000000	0.000000
0.000000	94.000000	0.016068	0.001066	-0.070957	0.000000	0.000000	0.000000	0.000000	0.000000	0.000000	0.000000	0.000000	0.000000	0.000000
