3.000000	1.000000	0.000663	0.002889	-0.078855	0.000680	0.002894	-0.078859	-0.072746	0.061565	0.070725	-0.115802	-1.505656	-0.846881	1.000000
2.000000	4.000000	0.001832	-0.005002	-0.079154	0.001856	-0.005012	-0.079141	-0.058614	0.099699	0.002900	1.032482	-0.662653	-0.832296	1.000000
4.000000	10.000000	0.008110	-0.003111	-0.081177	0.008095	-0.003095	-0.081188	-0.130494	0.135203	0.009057	2.560103	0.953997	2.162828	1.000000
5.000000	12.000000	0.011149	-0.000189	-0.062474	0.011096	-0.000158	-0.062429	-0.106385	0.207527	0.064269	2.065247	-5.068587	-3.493616	1.000000
8.000000	5.000000	0.004026	-0.007800	-0.080045	0.004016	-0.007802	-0.080028	0.026230	0.090355	-0.023395	2.058325	3.565274	4.226028	1.000000
48.000000	51.000000	-0.008529	-0.009543	-0.075606	-0.008525	-0.009561	-0.075574	0.007154	0.001213	0.051800	3.779762	-5.136904	14.613094	1.000000
7.000000	7.000000	0.010838	0.001914	-0.079800	0.010840	0.001913	-0.079801	-0.001677	0.023781	-0.015339	0.627922	0.637039	-1.042582	1.000000
6.000000	18.000000	-0.009349	0.003806	-0.065293	-0.009349	0.003803	-0.065301	0.011458	0.047248	0.085030	0.059672	-0.778846	-2.997495	1.000000
11.000000	8.000000	0.009275	-0.005556	-0.076995	0.009274	-0.005558	-0.076993	-0.038966	0.087336	0.076897	0.254781	-0.078391	1.067119	1.000000
18.000000	11.000000	0.005062	-0.010941	-0.078890	0.005061	-0.010935	-0.078890	0.003895	0.045998	0.038660	1.213343	-0.667205	0.342450	1.000000
1.000000	2.000000	0.010102	0.004479	-0.061611	0.010086	0.004495	-0.061568	0.069724	0.174463	-0.028953	3.129417	1.239199	2.346706	1.000000
20.000000	16.000000	-0.000876	-0.006753	-0.076115	-0.000882	-0.006776	-0.076077	-0.020096	0.042793	-0.069203	-0.340080	1.094659	0.075307	1.000000
17.000000	20.000000	0.010206	-0.006519	-0.065789	0.010205	-0.006516	-0.065785	-0.056783	0.034308	0.058126	-0.083576	-0.972716	-1.250229	1.000000
13.000000	15.000000	-0.004127	-0.003691	-0.072249	-0.004128	-0.003677	-0.072260	-0.086024	0.018174	-0.083653	2.283303	2.145012	-0.242001	1.000000
37.000000	3.000000	-0.000557	0.001591	-0.071943	-0.000574	0.001588	-0.071969	0.017088	0.065627	0.039778	-1.451317	0.677400	1.443035	1.000000
9.000000	6.000000	-0.001660	-0.007242	-0.071351	-0.001671	-0.007228	-0.071351	0.020432	0.006224	-0.108749	-0.922807	-2.599251	1.575415	1.000000
14.000000	13.000000	0.001846	0.005180	-0.076495	0.001853	0.005182	-0.076496	-0.026534	-0.014635	-0.001420	1.948475	3.459949	1.446509	1.000000
26.000000	47.000000	-0.012535	-0.007995	-0.069651	-0.012535	-0.007997	-0.069614	0.014146	0.037990	0.063772	-0.938591	-0.726244	-1.427036	1.000000
35.000000	25.000000	-0.005651	-0.011132	-0.070943	-0.005640	-0.011132	-0.070929	0.013419	0.068450	0.098836	3.695432	0.936449	-0.789216	1.000000
16.000000	21.000000	0.005231	-0.007641	-0.062843	0.005237	-0.007646	-0.062807	0.012216	0.095883	0.011142	-4.930631	2.476069	-5.566513	1.000000
21.000000	22.000000	0.009432	-0.012558	-0.069982	0.009434	-0.012562	-0.069993	-0.012317	-0.006403	-0.005963	-0.809524	2.787879	8.857683	1.000000
29.000000	53.000000	0.009210	-0.015486	-0.076219	0.009221	-0.015493	-0.076207	0.071743	-0.001972	0.054698	-0.017790	-0.683904	-0.495771	1.000000
32.000000	23.000000	0.014112	0.000456	-0.069224	0.014102	0.000455	-0.069214	0.009080	0.038203	0.062129	-0.394742	-0.356510	0.562783	1.000000
24.000000	24.000000	0.012586	0.009063	-0.075055	0.012580	0.009059	-0.075058	-0.071888	0.036761	-0.070775	-3.178046	-0.382366	1.623088	1.000000
33.000000	17.000000	0.009172	0.002566	-0.071856	0.009174	0.002571	-0.071832	-0.016391	0.001350	-0.037681	0.213383	-0.967383	2.726837	1.000000
49.000000	52.000000	0.004150	-0.013991	-0.082225	0.004123	-0.014021	-0.082172	0.097166	0.105313	-0.029812	-3.812163	0.728507	1.403267	1.000000
34.000000	30.000000	0.002556	0.012030	-0.085391	0.002554	0.012042	-0.085381	-0.104841	-0.014731	-0.065773	6.277068	-4.119397	1.164902	1.000000
12.000000	26.000000	0.002648	0.000595	-0.071775	0.002656	0.000606	-0.071822	-0.005117	-0.028102	0.013603	-1.085461	-0.185763	-0.649389	1.000000
53.000000	54.000000	-0.011771	-0.006622	-0.077625	-0.011806	-0.006642	-0.077620	-0.105942	-0.006148	0.016845	0.745206	-1.395281	3.608247	1.000000
52.000000	-1.000000	0.010714	-0.011399	-0.074371	0.000000	0.000000	0.000000	0.000000	0.000000	0.000000	0.000000	0.000000	0.000000	0.000000
25.000000	31.000000	0.009807	0.002128	-0.082821	0.009809	0.002122	-0.082810	0.007192	0.030579	-0.037458	-0.394204	-1.350140	0.546622	1.000000
31.000000	27.000000	-0.001580	-0.010806	-0.064683	-0.001588	-0.010812	-0.064681	0.018290	0.006497	-0.065295	-2.059416	0.583872	-0.241839	1.000000
23.000000	28.000000	-0.010835	-0.005854	-0.072794	-0.010832	-0.005860	-0.072772	-0.026791	0.072066	0.074738	0.091373	0.038233	-1.265177	1.000000
19.000000	14.000000	0.003246	-0.001819	-0.070403	0.003248	-0.001817	-0.070414	-0.076223	0.023176	0.057003	-0.897301	-0.518948	-1.446819	1.000000
54.000000	9.000000	0.005423	0.010866	-0.071539	0.005449	0.010881	-0.071522	-0.043182	0.041039	-0.036867	2.863593	-1.212656	2.649119	1.000000
42.000000	34.000000	-0.007587	-0.010670	-0.070702	-0.007602	-0.010671	-0.070694	0.058589	0.044365	0.079140	0.625687	0.852416	0.488755	1.000000
36.000000	42.000000	-0.011088	0.005621	-0.065750	-0.011094	0.005619	-0.065732	-0.093374	-0.013453	0.128490	4.424800	1.215969	2.878797	1.000000
28.000000	32.000000	-0.004644	0.008919	-0.069306	-0.004640	0.008925	-0.069291	-0.051076	0.034636	0.049632	-0.823637	-1.576411	-0.599345	1.000000
40.000000	29.000000	-0.012345	0.006571	-0.063444	-0.012321	0.006575	-0.063488	-0.061250	0.017399	0.110338	1.690557	-0.069866	0.313402	1.000000
38.000000	35.000000	-0.005097	0.010913	-0.071254	-0.005099	0.010922	-0.071271	-0.009611	0.017761	0.115759	0.825711	-1.368697	-0.675811	1.000000
10.000000	37.000000	-0.006144	0.011268	-0.075791	-0.006143	0.011280	-0.075752	-0.074575	-0.030985	0.066755	1.183850	1.967666	0.128070	1.000000
55.000000	39.000000	-0.013871	0.006308	-0.074080	-0.013821	0.006279	-0.074032	0.000698	0.011326	0.028055	1.219632	-0.056682	0.797444	1.000000
39.000000	41.000000	-0.003589	-0.006841	-0.078029	-0.003568	-0.006849	-0.078034	0.023773	0.011535	-0.042877	-0.971773	5.140769	-13.603169	1.000000
43.000000	36.000000	-0.012616	0.008211	-0.064969	-0.012626	0.008215	-0.064989	-0.058461	0.033126	0.118974	-0.539108	-0.589865	2.622670	1.000000
44.000000	38.000000	0.003138	-0.002187	-0.085193	0.003122	-0.002178	-0.085177	-0.065299	0.065188	0.115947	-6.549383	3.075657	1.732681	1.000000
56.000000	33.000000	-0.013610	0.007800	-0.072494	-0.013638	0.007795	-0.072452	-0.033150	0.012457	0.014818	-0.839420	0.226621	0.862260	1.000000
15.000000	19.000000	-0.004272	-0.009032	-0.074526	-0.004225	-0.009048	-0.074543	-0.068457	0.051443	0.041258	4.010239	0.389860	-2.607892	1.000000
47.000000	43.000000	-0.009947	0.005025	-0.060465	-0.009927	0.005022	-0.060464	0.023287	0.008739	0.049108	0.755265	-0.785728	-3.219901	1.000000
46.000000	45.000000	0.003911	0.005453	-0.078553	0.003910	0.005452	-0.078552	0.008641	0.137300	0.057936	1.194264	0.708333	0.509199	1.000000
60.000000	58.000000	0.010115	-0.010721	-0.071798	0.010110	-0.010740	-0.071797	-0.003513	0.040760	-0.020766	-2.506743	-1.437562	0.831918	1.000000
58.000000	46.000000	-0.009282	-0.010527	-0.086107	-0.009283	-0.010541	-0.086120	-0.105547	-0.047106	0.048745	-0.239011	-1.891858	4.437479	1.000000
0.000000	-1.000000	-0.008131	0.010354	-0.082436	0.000000	0.000000	0.000000	0.000000	0.000000	0.000000	0.000000	0.000000	0.000000	0.000000
51.000000	49.000000	0.004610	0.014224	-0.082397	0.004609	0.014224	-0.082396	-0.126710	-0.001394	-0.036597	0.351190	-0.399351	-0.451299	1.000000
30.000000	57.000000	0.010265	-0.011067	-0.072859	0.010293	-0.011018	-0.072851	0.004557	-0.019307	0.023667	-0.087413	0.327423	1.910090	1.000000
41.000000	65.000000	-0.005546	-0.008981	-0.084334	-0.005528	-0.008977	-0.084405	-0.030600	-0.049623	-0.081602	-2.932734	0.712787	-5.143689	1.000000
50.000000	48.000000	0.014295	-0.009234	-0.064607	0.014315	-0.009215	-0.064608	-0.033931	0.101265	0.054477	4.148601	2.459540	4.124375	1.000000
22.000000	55.000000	-0.004368	-0.007397	-0.063672	-0.004356	-0.007441	-0.063697	0.065786	-0.003841	-0.066816	1.425083	2.080047	-2.472702	1.000000
45.000000	56.000000	-0.010166	0.012094	-0.072984	-0.010160	0.012076	-0.072999	-0.037051	-0.064163	0.057258	1.897570	-2.767884	-1.871943	1.000000
27.000000	40.000000	-0.006242	0.001833	-0.060787	-0.006342	0.001897	-0.060913	0.066178	0.010614	0.019403	-2.215326	0.518939	-5.204254	1.000000
57.000000	60.000000	0.009966	-0.015422	-0.073760	0.009940	-0.015432	-0.073779	0.000699	-0.055189	-0.002130	-3.932424	-0.972968	2.386551	1.000000
61.000000	44.000000	0.011113	-0.002578	-0.085030	0.011101	-0.002578	-0.085013	-0.072199	0.082752	0.044861	-0.054797	0.061921	-0.174370	1.000000
66.000000	62.000000	-0.013727	-0.012675	-0.079819	-0.013720	-0.012677	-0.079799	0.064532	-0.011451	-0.015687	0.825211	-0.387061	0.708115	1.000000
0.000000	-1.000000	-0.011347	0.004235	-0.062460	0.000000	0.000000	0.000000	0.000000	0.000000	0.000000	0.000000	0.000000	0.000000	0.000000
0.000000	-1.000000	-0.006471	0.002034	-0.061017	0.000000	0.000000	0.000000	0.000000	0.000000	0.000000	0.000000	0.000000	0.000000	0.000000
0.000000	-1.000000	0.005662	0.010977	-0.071510	0.000000	0.000000	0.000000	0.000000	0.000000	0.000000	0.000000	0.000000	0.000000	0.000000
65.000000	67.000000	-0.010987	-0.015077	-0.078288	-0.010990	-0.015105	-0.078297	0.001005	-0.013423	0.020793	-1.290683	0.697331	0.019406	1.000000
59.000000	59.000000	-0.013081	-0.011084	-0.081352	-0.013001	-0.011095	-0.081339	-0.032359	-0.038873	0.042675	1.410714	-2.952381	8.476190	1.000000
62.000000	68.000000	-0.013259	-0.013568	-0.073454	-0.013272	-0.013571	-0.073422	0.039345	-0.068833	-0.092000	-2.285714	-7.124999	-8.999999	1.000000
67.000000	61.000000	-0.004815	0.012136	-0.067881	-0.004823	0.012132	-0.067892	0.000008	-0.028756	0.120207	-0.378973	1.238876	0.691109	1.000000
0.000000	69.000000	-0.009748	-0.015892	-0.075832	0.000000	0.000000	0.000000	0.000000	0.000000	0.000000	0.000000	0.000000	0.000000	0.000000
68.000000	71.000000	0.010628	-0.013369	-0.061760	0.010631	-0.013363	-0.061741	0.086609	0.134042	0.033114	7.015151	7.267315	-12.495670	1.000000
69.000000	72.000000	0.015560	0.008545	-0.080776	0.015538	0.008545	-0.080761	-0.103881	0.040651	0.078139	-3.356294	0.875242	-0.030826	1.000000
70.000000	73.000000	0.001719	-0.018941	-0.061931	0.001718	-0.018961	-0.061957	-0.030573	0.152059	-0.125086	-2.342194	-3.317213	9.600166	1.000000
