26.000000	1.000000	-0.000768	0.002755	-0.062556	-0.000784	0.002713	-0.062557	0.088104	0.036404	0.068472	-0.925808	0.853272	0.835225	1.000000
2.000000	3.000000	0.002174	0.008419	-0.077848	0.002187	0.008391	-0.077870	0.073063	-0.035927	0.056493	2.608279	1.415993	2.318196	1.000000
1.000000	2.000000	0.003164	-0.003907	-0.065642	0.003236	-0.003936	-0.065645	-0.022461	0.131418	-0.090133	4.650621	-7.772288	-0.957019	1.000000
5.000000	27.000000	-0.001328	-0.006389	-0.074432	-0.001326	-0.006389	-0.074443	0.005016	0.001512	-0.087146	0.414128	0.587023	0.565500	1.000000
10.000000	7.000000	0.003779	0.002190	-0.077072	0.003787	0.002232	-0.077119	-0.040215	0.019173	0.110635	0.877626	-2.717094	-0.409425	1.000000
4.000000	4.000000	0.001612	-0.001426	-0.068626	0.001632	-0.001439	-0.068615	0.005587	-0.038965	-0.011480	4.984917	-0.305061	-2.794994	1.000000
30.000000	6.000000	0.001526	0.002999	-0.070303	0.001555	0.003011	-0.070269	-0.036504	-0.007998	0.001034	1.617834	1.134231	-2.847870	1.000000
9.000000	28.000000	-0.007023	-0.000315	-0.069524	-0.007024	-0.000308	-0.069546	-0.057482	-0.029869	-0.016040	5.960539	1.821678	-2.405594	1.000000
7.000000	45.000000	-0.000267	0.008149	-0.082480	-0.000337	0.008142	-0.082538	-0.084037	-0.046400	-0.041811	-7.840409	-3.077672	-7.731268	1.000000
15.000000	36.000000	-0.007913	0.002149	-0.072369	-0.007879	0.002135	-0.072344	-0.013200	-0.062944	0.032367	0.858332	-1.923214	-0.182829	1.000000
58.000000	16.000000	0.008316	-0.003887	-0.081223	0.008302	-0.003875	-0.081287	0.048852	0.096627	0.019141	-0.171268	0.310916	-0.587261	1.000000
23.000000	11.000000	-0.001903	-0.002444	-0.076034	-0.001890	-0.002432	-0.076062	0.013588	-0.016528	-0.076213	1.142196	2.855515	0.016590	1.000000
25.000000	23.000000	0.007702	0.005343	-0.083110	0.007721	0.005337	-0.083122	-0.070764	0.091725	0.048787	0.032832	-1.849765	-0.787416	1.000000
28.000000	10.000000	-0.003742	0.001120	-0.066458	-0.003738	0.001129	-0.066455	0.002576	0.032234	0.039593	0.202227	0.425949	0.003031	1.000000
37.000000	9.000000	0.009450	-0.002509	-0.083261	0.009454	-0.002521	-0.083298	0.062175	0.192056	0.085686	-0.483892	0.124625	-0.371846	1.000000
21.000000	17.000000	0.014335	-0.002966	-0.066938	0.014331	-0.002974	-0.066943	-0.004519	0.014748	0.108706	1.437197	0.005528	-1.115152	1.000000
14.000000	50.000000	0.005410	-0.001251	-0.080318	0.005411	-0.001270	-0.080305	0.011195	0.139406	0.015319	-0.125613	2.580619	1.729383	1.000000
20.000000	8.000000	0.001136	0.007208	-0.070942	0.001127	0.007217	-0.070961	0.007274	-0.042834	0.090654	-1.785907	0.831823	-1.262913	1.000000
16.000000	18.000000	-0.004037	-0.010405	-0.071658	-0.004042	-0.010408	-0.071668	-0.018646	-0.003418	0.027476	-0.311829	2.205808	1.214352	1.000000
27.000000	19.000000	-0.005235	-0.002621	-0.077932	-0.005234	-0.002617	-0.077917	-0.045681	0.076964	-0.036167	0.702369	1.212495	-0.344654	1.000000
18.000000	32.000000	0.008637	0.000199	-0.082311	0.008612	0.000197	-0.082331	0.040560	0.180941	0.035845	0.431878	0.475995	-0.538404	1.000000
13.000000	22.000000	0.010372	0.002925	-0.060117	0.010376	0.002924	-0.060119	0.054770	0.189008	-0.027467	1.782190	-0.471392	0.041784	1.000000
24.000000	24.000000	0.006291	0.005189	-0.077590	0.006282	0.005198	-0.077531	-0.028296	0.046154	0.126845	0.157167	-0.920674	-0.451395	1.000000
8.000000	52.000000	-0.003196	-0.004047	-0.072642	-0.003150	-0.004036	-0.072686	-0.059581	-0.019511	-0.087783	-2.740245	2.756111	2.293827	1.000000
31.000000	26.000000	-0.011087	0.004868	-0.066116	-0.011091	0.004901	-0.066097	-0.050882	-0.073665	0.049557	-2.781880	3.184946	0.148273	1.000000
6.000000	12.000000	-0.004608	-0.002948	-0.067158	-0.004571	-0.002907	-0.067112	0.005287	0.066805	0.039299	-1.101177	0.727377	1.536019	1.000000
3.000000	13.000000	0.002366	0.006484	-0.070697	0.002340	0.006545	-0.070535	-0.060248	0.017631	0.085385	-0.561488	-1.390925	0.176513	1.000000
19.000000	59.000000	-0.011772	0.004491	-0.071753	-0.011774	0.004480	-0.071768	-0.036781	-0.052240	-0.020195	-0.018559	1.021662	-0.953003	1.000000
11.000000	15.000000	0.003475	0.003353	-0.075484	0.003489	0.003364	-0.075503	-0.008593	0.008321	0.108588	2.008269	-0.970073	0.759057	1.000000
34.000000	30.000000	0.005250	-0.011036	-0.081389	0.005247	-0.011039	-0.081385	0.011804	0.118765	0.025504	-0.871876	0.446180	-0.914046	1.000000
32.000000	34.000000	-0.009288	0.011811	-0.075696	-0.009297	0.011810	-0.075704	-0.001859	-0.093475	0.031050	-0.855999	0.673081	-0.240208	1.000000
40.000000	33.000000	0.012470	-0.006060	-0.075365	0.012489	-0.006043	-0.075385	0.092153	0.086461	0.028302	0.329259	1.149923	1.524429	1.000000
22.000000	21.000000	0.007436	0.006653	-0.074389	0.007425	0.006661	-0.074407	-0.049128	0.090083	0.106334	0.307825	-0.663727	-0.806614	1.000000
38.000000	31.000000	-0.005951	-0.004798	-0.081042	-0.005953	-0.004820	-0.081037	-0.076912	0.028046	0.049084	1.242823	0.650495	0.235081	1.000000
35.000000	63.000000	-0.012474	-0.009957	-0.076640	-0.012435	-0.009942	-0.076699	-0.001358	0.026361	0.013802	0.009997	-0.235552	0.822046	1.000000
33.000000	37.000000	0.014411	-0.000619	-0.071438	0.014405	-0.000604	-0.071417	-0.034351	0.192898	0.194459	0.262155	-1.750252	-0.868183	1.000000
57.000000	64.000000	0.009825	-0.013187	-0.073124	0.009811	-0.013177	-0.073152	0.038997	-0.005991	-0.014863	-0.390071	0.317513	0.767838	1.000000
39.000000	25.000000	0.009931	-0.000781	-0.083147	0.009945	-0.000795	-0.083160	0.028798	0.129088	0.049958	-0.094609	1.628748	0.904811	1.000000
36.000000	68.000000	-0.001129	-0.009194	-0.064906	-0.001151	-0.009224	-0.064984	-0.017278	-0.015168	-0.049172	2.472748	-1.715073	-3.046376	1.000000
42.000000	39.000000	0.011729	0.012351	-0.069370	0.011737	0.012354	-0.069372	0.065813	0.021293	0.049078	-0.024602	1.696618	-0.038692	1.000000
17.000000	14.000000	-0.000657	-0.004797	-0.064114	-0.000673	-0.004763	-0.064091	-0.031543	0.108022	-0.061021	-0.577491	-0.193304	-0.687576	1.000000
41.000000	40.000000	-0.005697	-0.005062	-0.085690	-0.005710	-0.005062	-0.085673	-0.012141	-0.015064	-0.006852	0.824891	0.880724	-0.238997	1.000000
44.000000	38.000000	0.007192	-0.008099	-0.084498	0.007210	-0.008081	-0.084483	0.090091	0.199147	0.115236	2.383202	-0.773282	-0.189321	1.000000
65.000000	81.000000	0.003010	-0.012913	-0.083273	0.002996	-0.012912	-0.083104	0.069533	0.090469	-0.004813	0.179664	1.292364	0.074088	1.000000
43.000000	42.000000	0.010213	-0.010944	-0.071932	0.010208	-0.010953	-0.071920	0.006337	-0.006936	0.018602	-1.145450	-0.087432	0.771056	1.000000
45.000000	44.000000	0.008447	-0.009395	-0.082599	0.008450	-0.009397	-0.082619	0.071955	0.180344	0.049404	-0.198404	1.323766	-3.581024	1.000000
70.000000	82.000000	-0.002515	0.003228	-0.086152	-0.002457	0.003242	-0.086174	0.002675	-0.018357	0.006453	5.023522	4.790075	0.697398	1.000000
66.000000	46.000000	-0.001716	0.010235	-0.086653	-0.001697	0.010251	-0.086695	-0.048354	0.008695	0.007401	-1.218379	1.293062	0.711656	1.000000
71.000000	41.000000	-0.002975	-0.010529	-0.060977	-0.002974	-0.010539	-0.060940	-0.024396	0.052225	-0.065025	9.925324	-3.563852	-11.716449	1.000000
47.000000	56.000000	0.000594	-0.011545	-0.086431	0.000549	-0.011573	-0.086409	0.038360	0.128237	0.016587	0.929442	-3.094167	-1.398454	1.000000
53.000000	20.000000	-0.010538	-0.007078	-0.066433	-0.010542	-0.007095	-0.066404	-0.064960	0.039263	0.061702	0.202725	-1.295581	0.222919	1.000000
50.000000	66.000000	-0.012813	-0.010285	-0.073633	-0.012857	-0.010283	-0.073549	0.055820	-0.010645	0.024222	0.815968	0.998202	-0.249651	1.000000
0.000000	57.000000	0.009136	0.005077	-0.073031	0.000000	0.000000	0.000000	0.000000	0.000000	0.000000	0.000000	0.000000	0.000000	0.000000
12.000000	35.000000	-0.008381	-0.010041	-0.070339	-0.008385	-0.010013	-0.070389	0.000411	-0.041341	0.037314	2.103665	-0.756838	-0.175001	1.000000
49.000000	5.000000	-0.003270	0.005242	-0.079807	-0.003258	0.005252	-0.079772	-0.065289	0.032887	-0.019604	-0.466106	-2.150985	-1.535781	1.000000
29.000000	49.000000	0.009005	0.005656	-0.073959	0.008980	0.005646	-0.073953	-0.082801	0.125327	0.054831	0.287705	-0.844029	-0.049385	1.000000
56.000000	53.000000	-0.014116	-0.012964	-0.077833	-0.014104	-0.012962	-0.077813	-0.020020	0.006933	0.046611	0.306376	-1.003774	-0.122314	1.000000
52.000000	54.000000	0.010517	0.011239	-0.064412	0.010537	0.011236	-0.064399	0.036861	0.052859	-0.046974	1.318256	-1.458758	0.543211	1.000000
51.000000	29.000000	-0.012596	0.000099	-0.068126	-0.012558	0.000081	-0.068140	-0.016861	-0.042362	0.030836	1.543203	0.838249	-1.040744	1.000000
48.000000	55.000000	0.012651	0.008296	-0.080240	0.012631	0.008287	-0.080257	0.012630	0.137786	0.044767	0.631512	-0.995810	-2.089589	1.000000
55.000000	43.000000	-0.004363	0.005951	-0.082571	-0.004384	0.005898	-0.082668	-0.036099	-0.050683	0.001028	-1.230055	-4.588585	-3.453768	1.000000
61.000000	51.000000	0.008215	0.003973	-0.071239	0.008211	0.003965	-0.071244	-0.125294	0.066625	0.097623	-1.368874	-1.861006	0.682420	1.000000
60.000000	62.000000	0.010586	-0.013427	-0.066178	0.010576	-0.013418	-0.066136	0.049412	0.113357	-0.075878	1.054437	2.497484	3.613132	1.000000
63.000000	60.000000	-0.006703	0.009321	-0.060306	-0.006701	0.009315	-0.060320	0.011666	0.012295	0.137491	2.640359	3.818681	-0.350649	1.000000
59.000000	65.000000	-0.014855	0.005683	-0.074494	-0.014827	0.005686	-0.074436	-0.088605	-0.044862	0.019190	-0.978439	1.093324	2.630977	1.000000
54.000000	61.000000	-0.003899	0.014060	-0.072569	-0.003862	0.014043	-0.072536	0.062252	-0.208292	-0.001122	-2.000929	0.225378	-6.472295	1.000000
79.000000	67.000000	-0.006827	-0.016185	-0.074827	-0.006832	-0.016183	-0.074800	0.027118	0.024321	0.021474	0.521851	-0.778901	0.973402	1.000000
64.000000	69.000000	-0.010489	0.014030	-0.069965	-0.010497	0.014018	-0.069981	-0.094393	-0.107044	-0.045604	1.422888	1.565997	-2.382010	1.000000
46.000000	47.000000	0.000142	-0.009689	-0.084950	0.000135	-0.009656	-0.084968	0.017585	0.099918	0.085912	-1.133035	0.565626	-0.008864	1.000000
68.000000	73.000000	0.010385	-0.009006	-0.086455	0.010360	-0.008999	-0.086482	-0.032917	0.205144	0.028081	-1.150461	-0.482140	1.038264	1.000000
80.000000	74.000000	0.008901	0.001896	-0.086624	0.008889	0.001892	-0.086637	0.020755	0.190822	0.054970	1.289211	0.596653	0.663337	1.000000
67.000000	76.000000	0.002465	-0.013262	-0.085618	0.002467	-0.013264	-0.085612	0.053367	0.047010	-0.011266	-0.788731	1.690258	2.530023	1.000000
0.000000	-1.000000	0.001320	-0.013354	-0.084767	0.000000	0.000000	0.000000	0.000000	0.000000	0.000000	0.000000	0.000000	0.000000	0.000000
69.000000	72.000000	-0.014444	-0.010135	-0.064017	-0.014485	-0.010127	-0.063972	0.035213	-0.048154	0.039579	-1.024332	0.802706	1.377886	1.000000
74.000000	75.000000	-0.014634	-0.003942	-0.064563	-0.014628	-0.003976	-0.064595	-0.068822	-0.029101	0.061278	0.050004	0.616215	-0.987445	1.000000
73.000000	83.000000	0.008799	0.007579	-0.070471	0.008797	0.007595	-0.070423	-0.042202	0.066654	0.010184	-0.436365	-0.120650	0.889053	1.000000
72.000000	-1.000000	0.005155	0.003115	-0.080667	0.000000	0.000000	0.000000	0.000000	0.000000	0.000000	0.000000	0.000000	0.000000	0.000000
76.000000	-1.000000	-0.014521	0.006253	-0.078022	0.000000	0.000000	0.000000	0.000000	0.000000	0.000000	0.000000	0.000000	0.000000	0.000000
77.000000	84.000000	-0.013977	-0.012122	-0.065380	-0.013995	-0.012119	-0.065362	0.027104	-0.067645	-0.014104	-1.997139	0.280632	-1.276791	1.000000
78.000000	85.000000	0.012971	0.000107	-0.081304	0.013020	0.000113	-0.081359	0.020949	0.195917	0.096574	-0.818393	-0.478396	0.138847	1.000000
81.000000	48.000000	-0.013055	-0.010396	-0.077957	-0.013058	-0.010420	-0.077906	-0.019497	0.007615	0.035808	7.220279	4.103729	-4.931526	1.000000
82.000000	58.000000	0.006829	-0.013760	-0.065845	0.006816	-0.013774	-0.065793	-0.045949	0.111109	-0.185026	-0.857642	-5.917582	12.223525	1.000000
