1.000000	2.000000	-0.002780	0.002678	-0.065070	-0.002757	0.002639	-0.065038	-0.027225	-0.038483	0.113427	5.284332	0.333933	-0.107596	1.000000
7.000000	10.000000	0.003735	0.002467	-0.072422	0.003721	0.002465	-0.072374	-0.088450	0.084624	0.122919	-0.617039	-3.697234	-0.506583	1.000000
32.000000	4.000000	0.003825	-0.000841	-0.069696	0.003828	-0.000870	-0.069659	-0.121186	0.021081	0.060892	0.049786	-2.411275	-0.614959	1.000000
3.000000	5.000000	-0.004590	-0.000696	-0.068405	-0.004588	-0.000674	-0.068420	-0.037479	0.070285	-0.056709	-3.220935	-2.875665	-0.537527	1.000000
53.000000	8.000000	0.005401	-0.009788	-0.064287	0.005420	-0.009761	-0.064334	-0.067014	0.213560	-0.022783	-0.805893	-0.311071	-0.460146	1.000000
29.000000	13.000000	-0.008634	-0.008822	-0.068377	-0.008645	-0.008808	-0.068373	-0.057648	0.067171	0.081443	-0.591481	-0.784399	-0.608346	1.000000
2.000000	7.000000	-0.001458	0.003206	-0.079717	-0.001459	0.003214	-0.079719	-0.050634	0.095822	0.010868	-0.931885	-0.948609	-0.492518	1.000000
24.000000	14.000000	-0.003275	0.000413	-0.067591	-0.003267	0.000415	-0.067605	-0.047892	0.015679	0.040892	2.200778	0.314928	-0.346362	1.000000
12.000000	9.000000	-0.005819	-0.004108	-0.068178	-0.005822	-0.004114	-0.068227	0.075510	0.018087	0.058795	0.210445	0.572900	-2.244264	1.000000
5.000000	44.000000	-0.002632	-0.001045	-0.074786	-0.002613	-0.001074	-0.074827	0.047247	-0.056609	0.025958	-1.051510	-1.587580	-3.394462	1.000000
4.000000	3.000000	0.001129	0.010197	-0.077822	0.001105	0.010176	-0.077841	0.017262	-0.075400	-0.044991	-0.515409	-0.392107	1.875992	1.000000
37.000000	35.000000	0.005121	-0.003315	-0.079775	0.005137	-0.003300	-0.079780	-0.011165	-0.031030	-0.039275	1.350389	5.168110	-2.360687	1.000000
27.000000	16.000000	0.009812	0.001913	-0.061337	0.009811	0.001895	-0.061356	0.065465	0.089437	0.097662	-0.290748	0.476542	0.267104	1.000000
10.000000	18.000000	-0.011314	0.005677	-0.071425	-0.011331	0.005666	-0.071415	0.007310	-0.041509	-0.009323	-0.720868	1.214471	-0.250215	1.000000
19.000000	19.000000	0.005087	0.002502	-0.078543	0.005085	0.002504	-0.078540	-0.087695	0.049417	0.096257	0.710801	-0.712733	0.405123	1.000000
20.000000	6.000000	-0.006409	0.003786	-0.073583	-0.006458	0.003774	-0.073613	-0.069884	-0.054247	0.058793	0.717347	-0.857447	-0.828903	1.000000
11.000000	17.000000	-0.003245	-0.009419	-0.071867	-0.003220	-0.009450	-0.071872	-0.043976	-0.027326	-0.014087	0.954300	-2.279748	1.854000	1.000000
36.000000	15.000000	-0.013555	0.006526	-0.073720	-0.013541	0.006527	-0.073746	0.005647	0.010300	-0.033022	-1.203646	-1.370605	-0.352900	1.000000
6.000000	12.000000	0.005269	0.000327	-0.080469	0.005254	0.000333	-0.080515	-0.049252	0.104512	0.110839	-0.616630	-2.079809	0.353740	1.000000
21.000000	27.000000	0.008851	-0.004421	-0.084115	0.008871	-0.004425	-0.084102	0.047183	0.130103	0.011832	-0.804675	-1.445570	0.456893	1.000000
16.000000	24.000000	-0.002240	-0.004608	-0.069467	-0.002244	-0.004600	-0.069474	-0.002319	0.033541	-0.074480	-2.361868	-1.084297	-1.380687	1.000000
39.000000	30.000000	0.000635	-0.008082	-0.062824	0.000639	-0.008078	-0.062807	-0.061267	0.120990	-0.032310	0.922828	-0.918794	-0.686350	1.000000
26.000000	23.000000	0.007635	-0.004864	-0.083728	0.007654	-0.004868	-0.083716	0.023918	0.147864	0.036976	-0.717629	1.455727	2.276167	1.000000
14.000000	20.000000	0.014669	-0.003549	-0.070670	0.014654	-0.003547	-0.070676	-0.007407	0.025734	0.136987	-0.320901	-0.737882	-0.676558	1.000000
40.000000	32.000000	0.008787	0.003717	-0.077951	0.008767	0.003715	-0.077952	-0.028828	0.091622	0.137589	-0.762719	2.503492	-0.977444	1.000000
23.000000	22.000000	-0.003694	-0.004463	-0.076989	-0.003713	-0.004466	-0.076950	-0.050156	0.050729	-0.031823	-0.167256	0.277490	0.304786	1.000000
28.000000	29.000000	-0.011682	0.007542	-0.067263	-0.011656	0.007546	-0.067276	0.058458	-0.043319	0.035053	0.682918	-3.679099	-0.175035	1.000000
41.000000	26.000000	0.009729	0.005589	-0.070494	0.009719	0.005601	-0.070486	-0.006718	0.055179	0.000991	-2.208721	0.937004	-1.204753	1.000000
8.000000	11.000000	-0.001701	-0.003125	-0.070593	-0.001715	-0.003115	-0.070544	-0.038877	-0.046362	-0.030862	-0.339058	1.798496	-3.673300	1.000000
25.000000	34.000000	0.000231	0.008860	-0.082635	0.000258	0.008871	-0.082650	0.004232	-0.008069	0.027059	0.126103	-0.236515	-1.780290	1.000000
35.000000	33.000000	-0.003229	-0.004616	-0.082184	-0.003240	-0.004598	-0.082158	-0.081133	-0.045419	0.005192	-2.379974	1.139432	3.657746	1.000000
38.000000	25.000000	0.011107	0.001238	-0.073990	0.011102	0.001240	-0.074060	-0.066495	0.115254	0.097867	-1.561547	-1.369149	-0.591266	1.000000
34.000000	37.000000	0.010019	0.012145	-0.070963	0.010025	0.012140	-0.070978	0.040282	-0.000717	0.053344	1.702495	-0.218171	0.171134	1.000000
48.000000	38.000000	0.000536	-0.009932	-0.064166	0.000522	-0.009939	-0.064171	-0.082354	0.072987	-0.013412	-1.052713	-3.297304	-1.787148	1.000000
22.000000	21.000000	0.000606	0.008335	-0.073472	0.000617	0.008321	-0.073465	0.005375	-0.008309	0.057644	1.499101	-2.648065	1.490631	1.000000
17.000000	51.000000	0.003905	0.005375	-0.073127	0.003911	0.005374	-0.073164	-0.048372	0.062871	0.093086	-0.394350	-1.556703	-0.164827	1.000000
9.000000	52.000000	0.007376	0.003833	-0.080907	0.007346	0.003851	-0.080856	-0.048489	0.022794	0.078988	0.752259	1.270402	1.085552	1.000000
31.000000	39.000000	-0.006493	0.009553	-0.063946	-0.006498	0.009544	-0.063963	-0.007514	-0.006266	0.092862	-0.680429	-0.490074	1.707807	1.000000
33.000000	46.000000	-0.012459	0.001992	-0.069721	-0.012359	0.001971	-0.069720	0.041247	-0.034573	0.054510	-3.294927	-2.945466	-0.538656	1.000000
47.000000	31.000000	0.009890	0.009168	-0.063186	0.009941	0.009200	-0.063217	0.000029	0.073679	-0.015298	0.619298	0.056146	-1.735051	1.000000
42.000000	41.000000	-0.011197	0.006507	-0.079434	-0.011206	0.006510	-0.079435	-0.134838	0.001390	0.007248	-0.032757	0.266263	2.599007	1.000000
58.000000	42.000000	-0.013258	-0.002975	-0.066293	-0.013263	-0.002992	-0.066297	-0.023401	-0.021567	0.050407	-0.541160	-1.302646	-0.321050	1.000000
45.000000	45.000000	0.009952	-0.008008	-0.076099	0.009936	-0.008005	-0.076068	0.080490	0.050178	0.022118	0.022281	0.885086	0.170064	1.000000
44.000000	43.000000	-0.004527	0.006864	-0.085821	-0.004539	0.006807	-0.085834	-0.046939	0.032404	-0.068151	-1.266723	-2.396042	1.864003	1.000000
46.000000	47.000000	0.009564	-0.010840	-0.072226	0.009554	-0.010849	-0.072223	0.032483	0.004283	0.003712	0.070522	-0.719420	0.110546	1.000000
49.000000	53.000000	0.009745	0.002374	-0.085016	0.009700	0.002387	-0.084981	-0.068001	0.086926	0.068430	1.025274	1.356357	-0.403160	1.000000
69.000000	48.000000	0.007469	-0.008527	-0.086362	0.007488	-0.008510	-0.086362	0.067538	0.215405	0.135747	0.513237	-0.964785	-3.680070	1.000000
30.000000	36.000000	-0.008309	-0.009731	-0.072478	-0.008290	-0.009702	-0.072471	0.003007	0.007516	0.067110	0.053895	0.599251	3.362233	1.000000
54.000000	28.000000	-0.001347	-0.006208	-0.071637	-0.001382	-0.006212	-0.071566	0.010113	0.000588	-0.107796	-1.387404	-1.203802	-0.018745	1.000000
52.000000	56.000000	-0.004702	-0.004577	-0.085670	-0.004697	-0.004557	-0.085661	-0.052256	-0.020415	-0.012902	1.843420	0.931625	1.226329	1.000000
50.000000	1.000000	0.004387	0.002238	-0.059897	0.004345	0.002230	-0.059949	0.133981	0.001815	0.027753	-8.755827	-1.308566	-2.573426	1.000000
18.000000	40.000000	0.008555	-0.013009	-0.072141	0.008598	-0.013005	-0.072132	0.031809	-0.002956	-0.051113	1.103264	0.135717	0.244287	1.000000
60.000000	50.000000	0.004712	-0.014464	-0.082528	0.004717	-0.014449	-0.082527	0.021069	0.097489	0.030781	-0.554089	2.749276	3.298888	1.000000
15.000000	65.000000	-0.003528	0.007153	-0.082680	-0.003528	0.007152	-0.082695	-0.019429	-0.067701	0.022082	-0.821990	0.011801	-4.654845	1.000000
61.000000	58.000000	0.007015	-0.006488	-0.081729	0.006967	-0.006408	-0.081626	0.022969	0.065722	-0.015711	3.354682	0.217557	0.672730	1.000000
56.000000	62.000000	-0.013637	-0.013346	-0.079044	-0.013637	-0.013348	-0.079016	-0.005216	0.009940	0.029056	-1.130791	0.834839	-0.235141	1.000000
65.000000	71.000000	-0.014153	-0.009660	-0.073766	-0.014227	-0.009698	-0.073905	0.059445	-0.028637	-0.014454	3.569180	-1.040709	-11.905094	1.000000
55.000000	60.000000	0.014419	-0.011934	-0.072814	0.014448	-0.011946	-0.072771	0.074285	0.020106	0.016971	-0.555672	1.640257	0.205361	1.000000
43.000000	66.000000	0.011356	0.001537	-0.075872	0.011305	0.001561	-0.075964	-0.068586	0.144254	0.079574	-0.869543	-0.283337	-0.647776	1.000000
59.000000	54.000000	-0.009386	0.015022	-0.076996	-0.009326	0.015062	-0.076951	0.002072	-0.132713	0.057306	-0.351399	1.779970	-2.333416	1.000000
68.000000	68.000000	-0.010331	-0.014984	-0.079161	-0.010328	-0.015004	-0.079129	-0.012349	-0.015225	-0.011466	-2.545704	-1.118631	1.321428	1.000000
13.000000	49.000000	0.011813	-0.007039	-0.061357	0.011786	-0.007063	-0.061315	0.081137	0.013154	0.146765	2.600899	1.356393	9.722027	1.000000
63.000000	67.000000	-0.016023	0.009818	-0.070360	-0.016026	0.009803	-0.070341	-0.010720	0.056785	-0.002655	-1.202532	0.645926	-1.437472	1.000000
71.000000	63.000000	0.000609	-0.014131	-0.084676	0.000612	-0.014117	-0.084745	0.068058	0.018350	-0.025550	0.156357	0.092165	-0.092871	1.000000
67.000000	64.000000	-0.000678	0.004807	-0.086430	-0.000710	0.004790	-0.086394	-0.074731	-0.037985	0.000331	-0.701908	-1.846934	-0.027720	1.000000
64.000000	59.000000	-0.001167	0.010750	-0.086330	-0.001144	0.010782	-0.086394	0.011244	-0.042395	-0.029068	-0.085077	1.122723	0.843116	1.000000
51.000000	-1.000000	0.010517	0.015004	-0.074089	0.000000	0.000000	0.000000	0.000000	0.000000	0.000000	0.000000	0.000000	0.000000	0.000000
66.000000	57.000000	-0.012247	-0.010969	-0.077777	-0.012244	-0.010946	-0.077918	-0.027580	0.040070	-0.055424	-6.062386	0.774589	6.868473	1.000000
70.000000	69.000000	-0.014844	-0.009941	-0.065653	-0.014796	-0.009944	-0.065687	0.001745	-0.068173	0.023934	2.722243	-0.322610	-0.436974	1.000000
72.000000	70.000000	0.012139	-0.005683	-0.084328	0.012142	-0.005668	-0.084334	0.034015	0.188178	0.096139	-0.152746	0.034808	0.803954	1.000000
73.000000	72.000000	-0.007149	0.012830	-0.061996	-0.007146	0.012823	-0.061996	-0.026563	0.015482	0.093631	-0.739019	0.158251	-0.663370	1.000000
74.000000	73.000000	0.016073	0.008301	-0.064561	0.016062	0.008322	-0.064528	0.037948	0.126672	0.029319	-0.281476	0.506579	0.872871	1.000000
0.000000	55.000000	-0.015898	-0.008409	-0.064572	0.000000	0.000000	0.000000	0.000000	0.000000	0.000000	0.000000	0.000000	0.000000	0.000000
62.000000	61.000000	-0.012262	-0.010833	-0.076938	-0.012329	-0.010885	-0.076764	-0.016802	0.031426	-0.019450	2.063187	-0.298951	7.860389	1.000000
75.000000	74.000000	0.015675	-0.006780	-0.077475	0.015623	-0.006776	-0.077387	-0.050055	0.209604	0.191135	0.975361	0.670537	0.241293	1.000000
0.000000	75.000000	-0.007177	-0.017298	-0.075391	0.000000	0.000000	0.000000	0.000000	0.000000	0.000000	0.000000	0.000000	0.000000	0.000000
