1.000000	3.000000	-0.000595	0.002827	-0.062402	-0.000606	0.002790	-0.062422	0.084658	0.036837	0.071998	-1.019765	0.673492	1.082897	1.000000
3.000000	4.000000	0.003129	-0.003656	-0.065817	0.003205	-0.003697	-0.065822	-0.008466	0.111453	-0.091173	4.242473	-8.181847	-0.210675	1.000000
2.000000	41.000000	0.002331	0.008334	-0.077722	0.002339	0.008325	-0.077753	0.078289	-0.034344	0.060298	2.589688	1.430725	1.783830	1.000000
6.000000	1.000000	0.001634	-0.001507	-0.068647	0.001651	-0.001514	-0.068647	0.016867	-0.039355	-0.016155	4.729672	-0.199516	-2.565254	1.000000
55.000000	26.000000	-0.003386	0.005304	-0.079806	-0.003388	0.005316	-0.079817	-0.066124	0.029584	-0.022861	-0.546331	-2.155963	-1.542958	1.000000
7.000000	2.000000	0.001472	0.002938	-0.070211	0.001482	0.002999	-0.070275	-0.034125	-0.003402	-0.003282	1.338242	1.497466	-2.282712	1.000000
5.000000	32.000000	0.003688	0.002215	-0.076859	0.003707	0.002264	-0.076900	-0.039027	0.013404	0.110939	0.933638	-2.640985	-0.438780	1.000000
18.000000	16.000000	0.001159	0.007111	-0.070758	0.001138	0.007135	-0.070787	0.003977	-0.040458	0.086581	-2.026494	0.974940	-1.493113	1.000000
15.000000	10.000000	0.009566	-0.002127	-0.083090	0.009577	-0.002133	-0.083125	0.060707	0.192291	0.086310	-0.590530	0.107596	-0.400264	1.000000
14.000000	14.000000	-0.003720	0.001189	-0.066373	-0.003734	0.001193	-0.066375	0.002260	0.033645	0.039014	0.070641	0.380658	-0.055930	1.000000
12.000000	20.000000	-0.001883	-0.002480	-0.076193	-0.001854	-0.002458	-0.076202	0.017675	-0.011701	-0.076194	1.366616	3.088130	0.179738	1.000000
26.000000	7.000000	-0.004563	-0.002789	-0.067044	-0.004563	-0.002773	-0.067025	0.003589	0.068620	0.044847	-0.782965	0.387597	1.591815	1.000000
27.000000	21.000000	0.002238	0.006608	-0.070307	0.002218	0.006579	-0.070360	-0.061421	0.014604	0.085891	-0.499510	-1.407464	0.194627	1.000000
41.000000	55.000000	-0.000727	-0.004553	-0.064213	-0.000739	-0.004546	-0.064215	-0.034139	0.108482	-0.062904	-0.899306	-0.369952	-0.413497	1.000000
29.000000	22.000000	0.003474	0.003377	-0.075304	0.003473	0.003380	-0.075284	-0.004772	0.006802	0.110010	1.719301	-0.917509	0.811963	1.000000
11.000000	13.000000	0.008425	-0.003687	-0.081192	0.008402	-0.003681	-0.081254	0.048803	0.096693	0.015659	-0.286754	0.300232	-0.481894	1.000000
16.000000	12.000000	0.014330	-0.002935	-0.066717	0.014328	-0.002944	-0.066726	-0.000903	0.014747	0.106728	1.584638	0.066324	-1.125940	1.000000
19.000000	19.000000	-0.004074	-0.010406	-0.071598	-0.004083	-0.010414	-0.071613	-0.019722	0.001057	0.029822	-0.442212	2.148801	1.211247	1.000000
20.000000	11.000000	-0.005319	-0.002430	-0.077966	-0.005323	-0.002459	-0.077992	-0.044116	0.079649	-0.036726	0.742793	1.201588	-0.310633	1.000000
51.000000	28.000000	-0.010663	-0.007027	-0.066225	-0.010674	-0.007017	-0.066281	-0.064839	0.036023	0.064538	0.367039	-1.265015	0.225675	1.000000
33.000000	15.000000	0.007316	0.006835	-0.074171	0.007329	0.006839	-0.074198	-0.048997	0.089359	0.104584	0.343524	-0.626267	-0.765268	1.000000
22.000000	24.000000	0.010480	0.003302	-0.060175	0.010489	0.003302	-0.060174	0.057067	0.185978	-0.028080	1.297858	-0.965364	0.214977	1.000000
13.000000	35.000000	0.007590	0.005513	-0.083040	0.007578	0.005510	-0.083026	-0.071157	0.086469	0.046489	0.202792	-1.969665	-0.689292	1.000000
23.000000	18.000000	0.006243	0.005300	-0.077286	0.006222	0.005291	-0.077281	-0.028268	0.044037	0.124736	0.175926	-1.079973	-0.654269	1.000000
38.000000	17.000000	0.010008	-0.000556	-0.083080	0.010002	-0.000528	-0.083055	0.029158	0.133883	0.052771	-0.025536	1.693223	0.739331	1.000000
25.000000	31.000000	-0.011201	0.004738	-0.066012	-0.011195	0.004759	-0.066003	-0.055035	-0.065067	0.050258	-2.181387	3.251055	0.031093	1.000000
4.000000	8.000000	-0.001352	-0.006375	-0.074678	-0.001316	-0.006384	-0.074616	0.006495	0.002290	-0.084389	0.430577	0.541004	0.529875	1.000000
8.000000	-1.000000	-0.007132	-0.000360	-0.069605	0.000000	0.000000	0.000000	0.000000	0.000000	0.000000	0.000000	0.000000	0.000000	0.000000
59.000000	34.000000	-0.012630	-0.000007	-0.068073	-0.012591	-0.000005	-0.068073	-0.009748	-0.041488	0.028678	1.592090	0.371059	-0.749888	1.000000
30.000000	53.000000	0.005285	-0.010806	-0.081333	0.005269	-0.010798	-0.081335	0.009900	0.119894	0.023899	-0.993209	0.429478	-0.880464	1.000000
34.000000	33.000000	-0.006104	-0.004740	-0.080938	-0.006104	-0.004767	-0.080940	-0.074225	0.028118	0.049422	1.191640	0.297468	0.202057	1.000000
21.000000	43.000000	0.008731	0.000553	-0.082258	0.008698	0.000560	-0.082263	0.041417	0.182096	0.034006	0.373622	0.430889	-0.354854	1.000000
32.000000	40.000000	0.012625	-0.005894	-0.075300	0.012675	-0.005869	-0.075327	0.093187	0.088886	0.032411	0.239428	1.042928	1.827120	1.000000
31.000000	30.000000	-0.009316	0.011615	-0.075652	-0.009303	0.011624	-0.075637	-0.003837	-0.092122	0.031140	-1.000319	0.683178	-0.188185	1.000000
54.000000	23.000000	-0.008329	-0.010125	-0.070200	-0.008379	-0.010104	-0.070308	0.005118	-0.043686	0.038943	2.462400	0.128892	0.245623	1.000000
10.000000	42.000000	-0.007900	0.002005	-0.072283	-0.007901	0.002000	-0.072279	-0.010368	-0.069149	0.031154	0.251649	-2.062758	-0.132456	1.000000
36.000000	27.000000	0.014346	-0.000228	-0.071029	0.014336	-0.000222	-0.071027	-0.033996	0.189205	0.192501	0.266954	-1.941120	-0.958877	1.000000
43.000000	52.000000	0.007429	-0.007650	-0.084202	0.007398	-0.007685	-0.084251	0.095501	0.197304	0.115148	2.277415	-1.083323	-0.355553	1.000000
40.000000	65.000000	0.011861	0.012392	-0.069260	0.011868	0.012400	-0.069274	0.065319	0.025366	0.048863	-0.176535	1.897188	0.115454	1.000000
42.000000	44.000000	-0.005730	-0.005093	-0.085694	-0.005732	-0.005087	-0.085687	-0.011725	-0.013678	-0.006670	0.616356	1.017341	-0.072402	1.000000
49.000000	45.000000	-0.002963	-0.010439	-0.061114	-0.002996	-0.010444	-0.061100	0.006549	0.042487	-0.098492	21.020020	-6.173701	-21.750539	1.000000
45.000000	46.000000	0.010219	-0.010955	-0.071905	0.010218	-0.010967	-0.071881	0.003973	-0.007578	0.020978	-1.168356	-0.050076	0.779042	1.000000
61.000000	39.000000	-0.004487	0.005789	-0.082650	-0.004458	0.005787	-0.082677	-0.039900	-0.058292	-0.001764	-2.034978	-3.463397	-1.754038	1.000000
46.000000	49.000000	0.008593	-0.009026	-0.082507	0.008592	-0.009033	-0.082528	0.070909	0.183258	0.042025	-0.405677	1.286755	-3.219963	1.000000
9.000000	-1.000000	-0.000560	0.008037	-0.082681	0.000000	0.000000	0.000000	0.000000	0.000000	0.000000	0.000000	0.000000	0.000000	0.000000
48.000000	48.000000	-0.001820	0.010258	-0.086644	-0.001796	0.010269	-0.086677	-0.050387	0.011548	0.007886	-1.090136	1.152152	0.668571	1.000000
69.000000	50.000000	0.000192	-0.009448	-0.084827	0.000170	-0.009451	-0.084791	0.014565	0.100696	0.085822	-1.217012	0.325671	-0.384372	1.000000
81.000000	54.000000	-0.013072	-0.010412	-0.077800	-0.013084	-0.010397	-0.077842	-0.007240	0.014541	0.028831	5.036713	2.822844	-2.046037	1.000000
56.000000	56.000000	0.008821	0.005915	-0.073834	0.008817	0.005897	-0.073842	-0.081029	0.123699	0.055654	0.389425	-0.910874	0.152635	1.000000
17.000000	58.000000	0.005415	-0.000993	-0.080265	0.005435	-0.000987	-0.080272	0.011232	0.143685	0.018246	-0.107395	2.226069	1.628362	1.000000
62.000000	6.000000	0.007975	0.004102	-0.071054	0.007955	0.004091	-0.071042	-0.128816	0.061922	0.098999	-1.143325	-1.869795	0.605508	1.000000
24.000000	61.000000	-0.003236	-0.004051	-0.072937	-0.003285	-0.004069	-0.072867	-0.064157	-0.013420	-0.080508	-1.949301	3.336663	4.859390	1.000000
57.000000	60.000000	-0.014153	-0.012955	-0.077741	-0.014145	-0.012950	-0.077723	-0.019251	0.004017	0.044840	0.475972	-1.120977	-0.219241	1.000000
58.000000	57.000000	0.010597	0.011343	-0.064499	0.010611	0.011338	-0.064493	0.041499	0.048967	-0.045459	1.450778	-1.530565	0.733306	1.000000
60.000000	64.000000	0.012672	0.008564	-0.080181	0.012657	0.008561	-0.080171	0.014096	0.135806	0.040519	0.693885	-0.951625	-2.001870	1.000000
50.000000	59.000000	0.000623	-0.011350	-0.086366	0.000628	-0.011321	-0.086377	0.040039	0.121987	0.013748	0.729476	-2.978331	-1.224736	1.000000
53.000000	25.000000	0.008953	0.005321	-0.073034	0.008944	0.005278	-0.072966	-0.102179	0.090795	0.050367	1.272727	1.292707	-1.666833	1.000000
82.000000	66.000000	0.006725	-0.013546	-0.066184	0.006724	-0.013565	-0.066132	-0.047322	0.099674	-0.161440	-0.942557	-5.037212	9.297701	1.000000
28.000000	68.000000	-0.011838	0.004382	-0.071826	-0.011846	0.004379	-0.071813	-0.037465	-0.050903	-0.021210	-0.475975	0.604503	-0.544777	1.000000
64.000000	-1.000000	-0.006668	0.009349	-0.060046	0.000000	0.000000	0.000000	0.000000	0.000000	0.000000	0.000000	0.000000	0.000000	0.000000
66.000000	62.000000	-0.003713	0.013599	-0.072546	-0.003738	0.013628	-0.072554	0.057252	-0.208083	-0.011021	-2.344376	0.140945	-4.211982	1.000000
63.000000	67.000000	0.010702	-0.013196	-0.066313	0.010672	-0.013187	-0.066278	0.048378	0.117995	-0.067424	0.223146	2.375201	3.367671	1.000000
35.000000	63.000000	-0.012421	-0.009892	-0.076668	-0.012436	-0.009887	-0.076673	0.000364	0.027701	0.013162	-0.186081	-0.293021	0.767866	1.000000
37.000000	38.000000	0.009903	-0.013220	-0.073176	0.009885	-0.013188	-0.073178	0.038267	-0.004549	-0.014761	-0.397255	0.378057	0.655993	1.000000
65.000000	71.000000	-0.015027	0.005606	-0.074436	-0.015004	0.005601	-0.074394	-0.089195	-0.040892	0.025370	-0.557959	1.411580	2.323063	1.000000
52.000000	72.000000	-0.012773	-0.010277	-0.073592	-0.012749	-0.010299	-0.073508	0.055969	-0.008607	0.024904	0.931536	0.994012	-0.470898	1.000000
67.000000	70.000000	-0.006772	-0.016132	-0.074773	-0.006775	-0.016134	-0.074754	0.028292	0.023193	0.024394	0.320351	-0.777601	1.162746	1.000000
39.000000	47.000000	-0.001184	-0.009245	-0.065042	-0.001179	-0.009256	-0.065095	-0.012612	-0.019343	-0.057473	2.429567	-1.504532	-3.210051	1.000000
68.000000	69.000000	-0.010723	0.013822	-0.070065	-0.010683	0.013809	-0.070077	-0.090025	-0.104780	-0.050527	1.730698	1.456470	-2.243447	1.000000
0.000000	5.000000	0.004555	-0.007864	-0.059864	0.000000	0.000000	0.000000	0.000000	0.000000	0.000000	0.000000	0.000000	0.000000	0.000000
0.000000	-1.000000	0.002438	-0.011796	-0.081044	0.000000	0.000000	0.000000	0.000000	0.000000	0.000000	0.000000	0.000000	0.000000	0.000000
74.000000	75.000000	-0.014405	-0.010222	-0.063857	-0.014421	-0.010224	-0.063878	0.033249	-0.047218	0.038778	-0.872277	0.578821	0.891980	1.000000
70.000000	74.000000	0.010312	-0.008580	-0.086424	0.010293	-0.008592	-0.086422	-0.034459	0.203355	0.030952	-0.795954	-0.305901	1.082552	1.000000
71.000000	76.000000	0.008923	0.002267	-0.086530	0.008933	0.002277	-0.086522	0.023186	0.191501	0.055397	1.137664	0.049913	-0.279812	1.000000
75.000000	78.000000	-0.014794	-0.004043	-0.064545	-0.014766	-0.004033	-0.064475	-0.069299	-0.028201	0.058666	0.528122	0.615390	-1.343137	1.000000
72.000000	73.000000	0.002576	-0.013171	-0.085646	0.002577	-0.013171	-0.085626	0.050852	0.050735	-0.004404	-0.867098	1.854557	2.594133	1.000000
0.000000	-1.000000	0.001424	-0.013004	-0.085063	0.000000	0.000000	0.000000	0.000000	0.000000	0.000000	0.000000	0.000000	0.000000	0.000000
0.000000	51.000000	0.006871	0.003842	-0.087110	0.000000	0.000000	0.000000	0.000000	0.000000	0.000000	0.000000	0.000000	0.000000	0.000000
0.000000	9.000000	-0.000285	0.008128	-0.082576	0.000000	0.000000	0.000000	0.000000	0.000000	0.000000	0.000000	0.000000	0.000000	0.000000
0.000000	29.000000	-0.007123	-0.000414	-0.069157	0.000000	0.000000	0.000000	0.000000	0.000000	0.000000	0.000000	0.000000	0.000000	0.000000
44.000000	37.000000	0.003112	-0.012619	-0.083254	0.003130	-0.012731	-0.083101	0.067852	0.092335	-0.005580	-0.084943	1.226284	-0.100129	1.000000
47.000000	77.000000	-0.002452	0.003198	-0.086160	-0.002439	0.003219	-0.086157	0.014513	-0.006493	0.007223	4.847343	5.048872	1.003522	1.000000
76.000000	36.000000	0.008721	0.007723	-0.070418	0.008715	0.007729	-0.070400	-0.043575	0.067229	0.011520	-0.495527	-0.124773	0.923712	1.000000
79.000000	79.000000	-0.013939	-0.012256	-0.065403	-0.013945	-0.012253	-0.065400	0.021055	-0.067159	-0.015315	-2.456670	0.136809	-0.751352	1.000000
80.000000	80.000000	0.013062	0.000508	-0.081168	0.013060	0.000503	-0.081165	0.019520	0.194868	0.096217	-0.908121	-0.665162	0.304604	1.000000
0.000000	83.000000	0.011393	-0.015159	-0.071328	0.000000	0.000000	0.000000	0.000000	0.000000	0.000000	0.000000	0.000000	0.000000	0.000000
