5.000000	5.000000	0.008136	-0.003497	-0.074953	0.008144	-0.003499	-0.074955	-0.046999	0.070463	0.074454	0.069757	-0.774109	0.238380	1.000000
8.000000	6.000000	-0.000566	0.002829	-0.070430	-0.000564	0.002837	-0.070419	-0.014002	0.022168	0.068332	-0.871735	-1.364528	0.151349	1.000000
3.000000	3.000000	-0.001298	0.004061	-0.077215	-0.001297	0.004069	-0.077236	-0.079970	0.030941	0.052986	-0.149313	-0.965296	-0.324423	1.000000
53.000000	20.000000	-0.004468	0.001908	-0.060774	-0.004478	0.001908	-0.060827	0.077872	-0.008622	-0.001112	0.397704	-0.135836	0.055470	1.000000
10.000000	26.000000	0.005925	-0.004726	-0.063081	0.005731	-0.004689	-0.063077	0.007419	0.120863	0.018225	-1.288976	1.442636	-0.772764	1.000000
7.000000	7.000000	-0.001329	-0.007228	-0.073761	-0.001338	-0.007223	-0.073763	0.001348	0.010481	-0.075129	-1.358123	1.199307	1.239888	1.000000
4.000000	24.000000	0.005264	-0.004550	-0.079412	0.005271	-0.004550	-0.079380	0.058462	0.126927	0.074325	-1.077729	-1.821421	3.331533	1.000000
1.000000	9.000000	-0.003112	-0.006794	-0.065781	-0.003134	-0.006805	-0.065771	0.000827	0.051210	-0.075276	-2.932100	2.767141	0.877688	1.000000
9.000000	15.000000	-0.008386	-0.009643	-0.074765	-0.008376	-0.009638	-0.074745	0.010204	-0.004678	0.030624	0.749742	0.189370	0.306373	1.000000
2.000000	2.000000	0.002078	-0.000136	-0.071423	0.002054	-0.000146	-0.071436	-0.044695	-0.031529	0.018524	-1.340991	-0.429441	0.540009	1.000000
12.000000	8.000000	-0.001249	-0.010378	-0.066860	-0.001236	-0.010382	-0.066867	0.020004	0.022890	-0.108306	-0.365954	-0.077246	-1.702599	1.000000
11.000000	4.000000	0.000722	-0.002709	-0.079511	0.000704	-0.002715	-0.079518	-0.032722	0.079860	-0.028454	0.463335	-0.316324	-0.372812	1.000000
33.000000	27.000000	0.014349	0.001510	-0.067655	0.014353	0.001515	-0.067670	0.007833	0.058705	0.056153	-0.097529	2.264904	0.207242	1.000000
16.000000	11.000000	0.010691	-0.011653	-0.072786	0.010689	-0.011648	-0.072771	0.025499	-0.022179	-0.016910	2.439560	1.512238	-1.260489	1.000000
17.000000	18.000000	0.004575	0.011793	-0.072012	0.004554	0.011815	-0.071954	-0.032111	0.045331	-0.004112	0.442977	0.798397	0.636780	1.000000
22.000000	12.000000	0.010484	0.010095	-0.075097	0.010508	0.010085	-0.075101	-0.066523	0.042517	0.083079	2.095396	0.076436	3.756612	1.000000
20.000000	13.000000	-0.005476	-0.002719	-0.074292	-0.005471	-0.002717	-0.074283	-0.017009	0.044996	-0.069616	2.828160	0.380829	0.793025	1.000000
15.000000	10.000000	0.005617	-0.009956	-0.077748	0.005614	-0.009957	-0.077760	0.035854	0.027869	0.040980	1.084869	-0.710549	-0.724880	1.000000
28.000000	29.000000	-0.013617	0.006473	-0.073235	-0.013622	0.006472	-0.073230	0.009107	0.000995	0.025027	-0.200192	-0.523671	-0.797981	1.000000
13.000000	33.000000	0.000536	0.001058	-0.082813	0.000506	0.001078	-0.082837	-0.111832	0.182479	0.041810	-0.587937	1.892946	-3.587239	1.000000
38.000000	16.000000	0.009309	-0.006525	-0.064238	0.009323	-0.006498	-0.064226	-0.000270	-0.016347	0.068998	2.196231	0.836875	-0.448639	1.000000
18.000000	21.000000	-0.005888	-0.009122	-0.068610	-0.005882	-0.009117	-0.068608	0.072566	0.072643	0.065465	0.438587	0.894818	-1.946090	1.000000
24.000000	22.000000	-0.001359	-0.005425	-0.077768	-0.001388	-0.005431	-0.077784	-0.020187	0.053670	-0.063035	-0.130999	-0.245134	-0.211054	1.000000
30.000000	39.000000	-0.005452	-0.007254	-0.073264	-0.005454	-0.007258	-0.073229	-0.043692	0.087889	0.066599	0.256092	0.549734	-0.157583	1.000000
23.000000	19.000000	-0.009300	0.004385	-0.063568	-0.009279	0.004371	-0.063566	0.003935	-0.010715	0.068405	1.581919	-1.200125	0.855055	1.000000
52.000000	31.000000	-0.011655	-0.004165	-0.070849	-0.011654	-0.004162	-0.070881	-0.030977	0.052177	0.082019	0.323635	-0.941648	0.169047	1.000000
44.000000	41.000000	-0.008305	0.010889	-0.073765	-0.008315	0.010885	-0.073756	-0.104573	-0.018928	0.089764	-0.900138	-2.756857	-0.014919	1.000000
25.000000	30.000000	0.009608	0.002649	-0.083451	0.009628	0.002649	-0.083467	-0.019483	0.012432	-0.011836	-0.759997	-0.650477	1.208204	1.000000
14.000000	17.000000	0.005454	-0.000223	-0.079990	0.005475	-0.000179	-0.079928	-0.067776	0.076594	0.087052	3.665146	-1.295447	2.717458	1.000000
35.000000	32.000000	0.008962	-0.012712	-0.069769	0.008975	-0.012714	-0.069766	-0.018306	-0.001836	0.001681	-0.212531	0.106486	-1.367732	1.000000
6.000000	1.000000	0.009815	0.003609	-0.062055	0.009786	0.003678	-0.062014	-0.007702	0.110098	-0.028916	1.005654	-1.811057	-2.386757	1.000000
27.000000	28.000000	0.008971	0.002610	-0.072016	0.008971	0.002616	-0.072012	-0.000239	0.010258	0.009642	0.241009	0.688312	0.695804	1.000000
19.000000	23.000000	0.010789	0.002658	-0.080470	0.010788	0.002680	-0.080481	-0.009241	0.034663	-0.037794	-0.966648	-0.288946	-0.998611	1.000000
34.000000	36.000000	0.001615	0.011101	-0.085628	0.001543	0.011079	-0.085639	-0.020360	-0.034323	0.039926	-0.721574	0.044496	1.332135	1.000000
37.000000	40.000000	0.009272	-0.000511	-0.083712	0.009271	-0.000517	-0.083699	-0.059020	0.066708	0.057183	1.018953	-1.460727	0.410740	1.000000
31.000000	34.000000	-0.004577	-0.009227	-0.069049	-0.004568	-0.009218	-0.069047	0.054008	0.073457	0.041189	0.582387	-0.171885	-2.356816	1.000000
39.000000	37.000000	-0.010808	0.009898	-0.071457	-0.010809	0.009895	-0.071458	-0.025976	-0.090568	0.065901	-0.686387	0.418957	0.597544	1.000000
32.000000	38.000000	0.001416	0.005556	-0.076074	0.001443	0.005568	-0.076090	-0.016547	0.038123	0.023550	-0.268032	1.662144	0.243076	1.000000
56.000000	45.000000	-0.005362	-0.014994	-0.073605	-0.005392	-0.015000	-0.073547	-0.033565	0.106548	0.062696	-1.466525	-0.660023	0.307405	1.000000
36.000000	35.000000	0.011697	-0.011522	-0.073542	0.011670	-0.011517	-0.073566	0.059982	0.000443	0.034517	1.401483	0.377366	0.665807	1.000000
46.000000	48.000000	-0.005626	0.011266	-0.068534	-0.005645	0.011271	-0.068540	-0.042520	0.022829	0.096478	-0.606831	1.020090	-0.520164	1.000000
42.000000	47.000000	-0.004423	-0.005845	-0.080874	-0.004402	-0.005857	-0.080890	-0.071052	0.021511	-0.103404	-0.699984	-1.462049	1.343212	1.000000
40.000000	25.000000	-0.005906	0.009381	-0.068080	-0.005896	0.009383	-0.068087	-0.040627	0.008364	0.044503	0.706135	-0.156327	-0.040246	1.000000
43.000000	46.000000	-0.012481	0.005871	-0.062224	-0.012512	0.005885	-0.062286	-0.030738	0.029129	0.119650	1.765112	0.030680	-0.229967	1.000000
68.000000	43.000000	-0.004598	0.008585	-0.084570	-0.004586	0.008575	-0.084571	-0.099623	0.036846	0.201555	-0.537499	-7.661114	-1.433757	1.000000
59.000000	57.000000	-0.011169	-0.014842	-0.077417	-0.011191	-0.014874	-0.077462	-0.006724	0.038501	0.042390	-0.070039	1.859216	-0.060358	1.000000
48.000000	62.000000	0.007857	-0.001617	-0.086112	0.007797	-0.001614	-0.086086	-0.091226	0.026342	0.132650	1.663087	0.451548	10.330419	1.000000
41.000000	44.000000	-0.000441	0.012330	-0.085556	-0.000420	0.012333	-0.085523	-0.074793	-0.053785	0.043734	1.748960	-1.640873	0.934530	1.000000
26.000000	52.000000	0.005434	-0.011700	-0.082195	0.005431	-0.011684	-0.082230	0.005128	0.076518	0.016663	-1.080419	1.340659	-1.651848	1.000000
51.000000	59.000000	0.001302	-0.001220	-0.069411	0.001303	-0.001200	-0.069414	-0.063431	0.028203	0.022116	0.542059	0.289912	-0.870033	1.000000
49.000000	54.000000	0.001836	0.013803	-0.083281	0.001820	0.013797	-0.083269	-0.085121	-0.040271	-0.035629	1.884991	-1.140068	-0.947833	1.000000
21.000000	55.000000	-0.012406	-0.007409	-0.067951	-0.012402	-0.007375	-0.068003	-0.009031	0.007956	0.059574	-1.625100	-1.123897	-0.862351	1.000000
29.000000	14.000000	0.008802	0.007010	-0.060492	0.008774	0.007006	-0.060522	0.029472	0.192029	-0.038875	-0.751813	-1.070574	0.737823	1.000000
54.000000	53.000000	0.012769	0.010097	-0.079042	0.012758	0.010080	-0.079043	-0.099070	0.073389	0.056477	0.457034	0.613101	0.225363	1.000000
57.000000	42.000000	-0.011464	-0.013848	-0.074849	-0.011506	-0.013914	-0.074734	-0.053379	0.064222	0.011541	1.584705	-1.368480	-2.559184	1.000000
55.000000	51.000000	0.013396	-0.008962	-0.062164	0.013390	-0.008995	-0.062252	0.120765	0.157961	-0.024556	0.492133	-3.057983	3.674242	1.000000
58.000000	56.000000	0.012527	0.009210	-0.062236	0.012535	0.009219	-0.062221	0.110117	0.188819	-0.030042	1.017262	0.728870	0.468351	1.000000
63.000000	68.000000	0.002548	-0.010887	-0.083083	0.002549	-0.010891	-0.083085	-0.015192	0.045877	-0.007585	3.267857	-1.458333	-0.672619	1.000000
45.000000	50.000000	0.009556	-0.010258	-0.072170	0.009547	-0.010265	-0.072190	-0.024146	-0.007840	-0.010434	0.707040	-2.634615	-0.142628	1.000000
0.000000	-1.000000	0.012235	-0.011284	-0.070986	0.000000	0.000000	0.000000	0.000000	0.000000	0.000000	0.000000	0.000000	0.000000	0.000000
61.000000	49.000000	-0.012329	0.013281	-0.074265	-0.012314	0.013264	-0.074319	-0.014864	-0.151025	-0.047402	-9.256256	3.983294	-0.190144	1.000000
0.000000	-1.000000	-0.007396	-0.009051	-0.086489	0.000000	0.000000	0.000000	0.000000	0.000000	0.000000	0.000000	0.000000	0.000000	0.000000
65.000000	63.000000	0.004273	0.009290	-0.077221	0.004269	0.009274	-0.077223	0.014894	0.145058	0.041102	-0.799450	0.531219	-2.530469	1.000000
64.000000	-1.000000	-0.009090	0.005458	-0.059813	0.000000	0.000000	0.000000	0.000000	0.000000	0.000000	0.000000	0.000000	0.000000	0.000000
66.000000	64.000000	-0.012124	-0.013249	-0.080146	-0.012113	-0.013248	-0.080166	0.052208	-0.034738	-0.014386	-1.054945	-0.855644	0.712787	1.000000
47.000000	58.000000	-0.014555	0.008021	-0.071711	-0.014584	0.007992	-0.071867	-0.039178	0.005337	0.031557	0.106771	0.048025	0.878228	1.000000
62.000000	60.000000	-0.004891	0.012055	-0.064452	-0.004883	0.012062	-0.064418	-0.009916	0.027562	0.150099	-0.911602	1.943408	1.106808	1.000000
70.000000	70.000000	0.010815	-0.016095	-0.075037	0.010773	-0.016078	-0.075048	0.044377	-0.035122	0.024714	0.054707	-0.533474	-1.549523	1.000000
60.000000	-1.000000	-0.011551	-0.012191	-0.085053	0.000000	0.000000	0.000000	0.000000	0.000000	0.000000	0.000000	0.000000	0.000000	0.000000
67.000000	69.000000	-0.013426	0.007032	-0.060684	-0.013426	0.007033	-0.060695	-0.025771	0.018264	0.112464	1.332917	0.199800	2.388361	1.000000
50.000000	71.000000	-0.014017	-0.007236	-0.076638	-0.014034	-0.007204	-0.076721	-0.055558	-0.036348	0.049282	2.029458	-0.761516	0.422345	1.000000
72.000000	72.000000	0.004559	-0.013384	-0.085428	0.004562	-0.013403	-0.085434	0.082136	0.103139	0.006137	0.675743	2.752424	1.504161	1.000000
73.000000	73.000000	0.006403	-0.017603	-0.063050	0.006410	-0.017606	-0.063055	-0.124071	0.209784	0.037647	1.046703	-6.830169	-1.352647	1.000000
74.000000	74.000000	0.000073	-0.015920	-0.063030	0.000058	-0.015916	-0.063084	-0.068612	0.094969	-0.022123	2.459753	-2.417709	-1.988142	1.000000
