4.000000	1.000000	-0.000706	0.002985	-0.069880	-0.000699	0.002985	-0.069871	-0.019172	0.015742	0.067085	-0.669990	-0.795982	0.123458	1.000000
1.000000	2.000000	0.009716	0.004507	-0.062271	0.009680	0.004498	-0.062291	-0.014847	0.099376	-0.043015	1.323613	-1.091603	-1.921019	1.000000
3.000000	9.000000	-0.001392	-0.007100	-0.074313	-0.001382	-0.007097	-0.074330	-0.012942	0.021705	-0.066182	-1.591860	1.325559	1.086466	1.000000
7.000000	4.000000	0.000436	-0.002078	-0.079749	0.000450	-0.002087	-0.079757	-0.032256	0.077304	-0.030420	0.174574	0.087878	0.421959	1.000000
17.000000	17.000000	-0.008283	-0.009667	-0.074506	-0.008263	-0.009661	-0.074484	0.017148	-0.002463	0.035101	0.786214	0.104895	0.723027	1.000000
26.000000	5.000000	0.007760	-0.002961	-0.074346	0.007780	-0.002960	-0.074333	-0.044214	0.064185	0.080017	0.050232	-1.085389	0.661825	1.000000
10.000000	6.000000	-0.001084	-0.010206	-0.067788	-0.001101	-0.010214	-0.067808	0.012606	0.018971	-0.124732	-1.802260	-0.399626	-0.628555	1.000000
5.000000	23.000000	0.001663	-0.000394	-0.071247	0.001670	-0.000417	-0.071257	-0.050653	-0.034059	0.023287	-1.045395	-0.427048	0.528857	1.000000
11.000000	7.000000	0.005928	-0.009760	-0.077492	0.005936	-0.009761	-0.077468	0.044200	0.021912	0.031981	1.118629	-0.446945	-0.725698	1.000000
8.000000	14.000000	-0.004130	-0.008650	-0.068809	-0.004119	-0.008636	-0.068797	0.058141	0.072161	0.023046	0.367685	-0.370843	-2.323910	1.000000
6.000000	13.000000	0.005078	0.000400	-0.079190	0.005091	0.000426	-0.079129	-0.029680	0.075187	0.109482	3.841102	0.201878	1.670295	1.000000
15.000000	11.000000	-0.005518	-0.002353	-0.074814	-0.005505	-0.002346	-0.074815	0.007659	0.046675	-0.062459	2.823204	0.319140	1.183757	1.000000
34.000000	12.000000	0.005701	-0.003599	-0.078657	0.005673	-0.003632	-0.078668	0.040259	0.102208	0.101440	-2.664150	-1.903786	1.889655	1.000000
13.000000	10.000000	0.008983	0.008504	-0.060835	0.008963	0.008482	-0.060777	0.017230	0.177796	-0.025846	-0.608131	-1.616482	1.981782	1.000000
9.000000	15.000000	0.004325	0.012196	-0.071947	0.004310	0.012201	-0.071984	-0.028508	0.051545	-0.002458	0.839334	0.251345	0.844943	1.000000
12.000000	37.000000	0.009401	-0.006573	-0.063709	0.009380	-0.006554	-0.063707	0.014093	0.003491	0.058773	1.702108	1.420896	-1.912494	1.000000
23.000000	26.000000	0.010046	0.010427	-0.074368	0.010066	0.010426	-0.074365	-0.044760	0.042774	0.097593	2.511456	0.078791	0.354416	1.000000
32.000000	18.000000	0.008971	0.002729	-0.071933	0.008975	0.002728	-0.071922	-0.000086	0.019452	0.011174	-0.006385	1.486777	0.253160	1.000000
19.000000	24.000000	-0.013571	0.006464	-0.073063	-0.013560	0.006461	-0.073060	0.004670	-0.003510	0.016321	-0.424240	-0.383020	-0.967562	1.000000
22.000000	28.000000	0.001301	0.005918	-0.075906	0.001299	0.005936	-0.075894	-0.019855	0.052635	0.024728	-0.055930	1.155725	0.279176	1.000000
30.000000	32.000000	0.011969	0.010686	-0.078573	0.011967	0.010680	-0.078572	-0.097121	0.075131	0.062166	0.916067	0.464241	1.127255	1.000000
35.000000	25.000000	-0.011044	0.009194	-0.070917	-0.011053	0.009194	-0.070907	-0.034517	-0.083565	0.071191	-0.848428	1.332632	0.714650	1.000000
29.000000	36.000000	0.010676	0.002935	-0.080824	0.010679	0.002941	-0.080834	-0.018446	0.030091	-0.048453	-1.261092	-1.432568	-0.441380	1.000000
18.000000	31.000000	-0.009192	0.004248	-0.062994	-0.009161	0.004272	-0.062981	0.026538	-0.013185	0.077919	2.071436	0.488863	0.997786	1.000000
31.000000	30.000000	0.008840	-0.012723	-0.069797	0.008848	-0.012716	-0.069793	-0.014415	-0.000317	-0.007640	-0.511057	-0.084171	-1.605422	1.000000
40.000000	19.000000	-0.001560	-0.005037	-0.078333	-0.001555	-0.005018	-0.078298	-0.021844	0.050129	-0.067866	-0.023002	-0.181566	-0.822580	1.000000
47.000000	3.000000	0.005676	-0.003637	-0.062910	0.005739	-0.003605	-0.063092	-0.012270	0.148600	-0.019368	2.011560	0.722785	-3.392775	1.000000
16.000000	16.000000	-0.012511	-0.007328	-0.067589	-0.012540	-0.007346	-0.067566	-0.024854	-0.000129	0.046797	-1.586436	-0.993811	-1.083405	1.000000
20.000000	43.000000	0.014409	0.002054	-0.067221	0.014414	0.002077	-0.067201	0.007823	0.081925	0.061076	0.299370	2.181402	0.409648	1.000000
36.000000	27.000000	-0.005431	0.008664	-0.082959	-0.005428	0.008658	-0.083020	-0.117120	-0.010959	0.185988	-1.439886	-4.912925	-1.558243	1.000000
24.000000	50.000000	0.009473	0.002724	-0.083534	0.009461	0.002728	-0.083522	-0.028047	0.006793	-0.000414	-2.405594	-0.842158	2.084415	1.000000
43.000000	34.000000	0.008823	-0.000039	-0.083211	0.008830	-0.000041	-0.083235	-0.051425	0.052568	0.060133	0.618562	-1.445451	0.717369	1.000000
28.000000	33.000000	-0.000964	0.011856	-0.085173	-0.000954	0.011845	-0.085146	-0.057899	-0.068999	0.051531	1.512712	-1.554110	0.244331	1.000000
33.000000	48.000000	0.005518	-0.013521	-0.082283	0.005503	-0.013553	-0.082302	0.089417	0.206375	0.026875	-3.892857	2.785714	11.785713	1.000000
37.000000	40.000000	-0.011886	-0.003767	-0.070228	-0.011890	-0.003769	-0.070237	-0.027506	0.045657	0.077594	0.284607	-0.867359	-0.219717	1.000000
39.000000	45.000000	-0.005798	-0.006540	-0.072701	-0.005800	-0.006550	-0.072710	-0.043020	0.087232	0.061253	0.860423	-0.579979	-1.779541	1.000000
41.000000	42.000000	0.001305	0.010787	-0.085304	0.001330	0.010787	-0.085332	-0.035778	-0.038548	0.033915	-0.588026	-0.538389	0.009391	1.000000
38.000000	41.000000	0.012168	-0.011513	-0.073257	0.012184	-0.011506	-0.073268	0.067174	0.001455	0.039284	1.191759	0.225438	0.708721	1.000000
64.000000	21.000000	-0.011951	-0.013449	-0.074730	-0.011893	-0.013440	-0.074750	-0.043854	0.054741	-0.014401	1.612655	-0.930228	-2.356415	1.000000
42.000000	54.000000	-0.012702	0.012222	-0.074637	-0.012714	0.012208	-0.074687	-0.084136	-0.114485	-0.031870	-8.321564	4.161437	6.504297	1.000000
49.000000	29.000000	-0.006199	0.009457	-0.067708	-0.006199	0.009457	-0.067737	-0.034347	0.010311	0.045098	0.861875	-0.064318	0.440897	1.000000
44.000000	20.000000	-0.003754	0.001797	-0.060711	-0.003802	0.001806	-0.060840	0.094562	-0.017773	-0.000968	1.429537	-0.054021	-0.075136	1.000000
48.000000	51.000000	-0.004954	-0.005727	-0.081678	-0.004962	-0.005715	-0.081684	-0.065861	0.014577	-0.098282	0.255112	-0.346949	0.672643	1.000000
51.000000	60.000000	0.000231	-0.005292	-0.086486	0.000222	-0.005264	-0.086453	-0.066913	0.095406	0.067380	-1.512414	-2.520795	-2.992713	1.000000
50.000000	-1.000000	0.009374	-0.010443	-0.072329	0.000000	0.000000	0.000000	0.000000	0.000000	0.000000	0.000000	0.000000	0.000000	0.000000
25.000000	22.000000	-0.000430	0.002543	-0.082588	-0.000420	0.002573	-0.082614	-0.119689	0.188173	0.014004	0.025721	-1.395160	-2.948126	1.000000
14.000000	8.000000	0.010945	-0.011825	-0.072851	0.010962	-0.011785	-0.072930	0.041947	-0.013295	-0.018558	1.518173	0.807562	0.538252	1.000000
52.000000	49.000000	0.005450	-0.011040	-0.082114	0.005448	-0.011044	-0.082163	-0.001211	0.079273	-0.000496	-0.246001	-0.002322	-2.414409	1.000000
53.000000	56.000000	0.001204	0.013440	-0.083608	0.001193	0.013458	-0.083598	-0.075405	-0.045225	-0.045559	0.978714	-0.390532	-0.813167	1.000000
2.000000	64.000000	-0.003201	-0.006286	-0.066310	-0.003211	-0.006299	-0.066340	-0.004856	0.082112	-0.073680	2.836663	5.557192	-1.179570	1.000000
54.000000	39.000000	-0.005718	-0.014191	-0.073018	-0.005707	-0.014159	-0.073035	-0.045398	0.103257	0.068032	-1.151795	-0.313367	0.686328	1.000000
46.000000	55.000000	-0.011238	-0.014507	-0.077043	-0.011255	-0.014519	-0.077135	-0.008571	0.051764	0.039930	-0.421394	1.553857	-0.998113	1.000000
21.000000	35.000000	-0.001963	0.004282	-0.076868	-0.001934	0.004289	-0.076803	-0.080904	0.024133	0.053357	-0.169678	-0.884662	-0.119587	1.000000
0.000000	38.000000	-0.003545	-0.006447	-0.066334	0.000000	0.000000	0.000000	0.000000	0.000000	0.000000	0.000000	0.000000	0.000000	0.000000
59.000000	-1.000000	0.002515	-0.010542	-0.083166	0.000000	0.000000	0.000000	0.000000	0.000000	0.000000	0.000000	0.000000	0.000000	0.000000
0.000000	71.000000	-0.002434	0.015794	-0.075333	0.000000	0.000000	0.000000	0.000000	0.000000	0.000000	0.000000	0.000000	0.000000	0.000000
58.000000	58.000000	-0.014881	0.008047	-0.071576	-0.014878	0.008032	-0.071568	-0.036434	0.006133	0.038185	0.296440	0.277477	0.005031	1.000000
62.000000	52.000000	-0.009165	0.010627	-0.072994	-0.009171	0.010583	-0.073056	-0.109531	-0.055766	0.082675	0.575010	-4.000676	-1.407352	1.000000
45.000000	57.000000	-0.005995	0.011486	-0.067746	-0.005984	0.011493	-0.067790	-0.041270	0.032636	0.091775	0.760186	0.631557	-0.180919	1.000000
56.000000	66.000000	-0.012750	0.006145	-0.061369	-0.012720	0.006106	-0.061348	-0.017422	0.023683	0.121088	3.328041	-1.808783	2.837656	1.000000
60.000000	59.000000	-0.011721	-0.013547	-0.080271	-0.011729	-0.013543	-0.080250	0.043709	-0.037062	-0.004667	-0.908733	-0.035539	1.381256	1.000000
57.000000	53.000000	0.007108	-0.001399	-0.084781	0.007135	-0.001410	-0.084784	-0.068492	0.019124	0.171466	2.931425	-1.720840	1.277984	1.000000
55.000000	62.000000	0.005233	-0.012453	-0.085315	0.005212	-0.012508	-0.085387	0.077610	0.118246	0.003575	-0.597963	1.298659	0.640524	1.000000
0.000000	47.000000	0.006364	-0.006954	-0.086423	0.000000	0.000000	0.000000	0.000000	0.000000	0.000000	0.000000	0.000000	0.000000	0.000000
27.000000	65.000000	-0.005280	-0.008535	-0.068205	-0.005285	-0.008498	-0.068149	0.077534	0.080757	0.047971	0.251419	0.650725	-2.348398	1.000000
61.000000	61.000000	0.004379	0.010433	-0.076950	0.004374	0.010423	-0.076960	0.013232	0.136644	0.028044	0.333450	-1.859459	-0.871297	1.000000
68.000000	68.000000	-0.004990	0.012341	-0.063207	-0.005000	0.012340	-0.063186	-0.018950	0.041533	0.158536	-0.824075	1.328467	0.840063	1.000000
70.000000	70.000000	-0.014380	-0.007480	-0.076367	-0.014425	-0.007511	-0.076352	-0.041553	-0.039115	0.041986	1.695815	-0.309229	-0.092662	1.000000
67.000000	44.000000	0.000804	-0.000958	-0.069266	0.000805	-0.000969	-0.069263	-0.061165	0.029720	0.016321	-0.096303	0.175718	-0.484777	1.000000
66.000000	67.000000	0.013446	0.010766	-0.062414	0.013452	0.010756	-0.062430	0.112385	0.191335	-0.026040	-1.505744	-0.468781	-0.401099	1.000000
69.000000	69.000000	0.011073	-0.016353	-0.074974	0.011123	-0.016360	-0.074913	0.048071	-0.037829	0.012066	3.270873	-1.520618	0.259696	1.000000
71.000000	72.000000	0.005455	-0.016113	-0.062792	0.005454	-0.016116	-0.062792	-0.113902	0.167299	0.028809	1.379257	-4.041731	-1.030057	1.000000
72.000000	73.000000	-0.000357	-0.015234	-0.063372	-0.000395	-0.015289	-0.063410	-0.041183	0.065915	-0.059302	5.553954	-2.439901	-2.206001	1.000000
73.000000	74.000000	0.015813	-0.007236	-0.079072	0.015816	-0.007255	-0.079098	-0.031970	0.120342	0.159141	-1.805415	-2.925585	0.050696	1.000000
