1.000000	2.000000	0.009760	0.004339	-0.062243	0.009702	0.004298	-0.062207	-0.014893	0.101478	-0.039342	1.107522	-1.200541	-2.059377	1.000000
6.000000	50.000000	-0.003225	-0.006463	-0.066214	-0.003191	-0.006450	-0.066197	-0.009751	0.071363	-0.071438	0.682318	4.456543	-0.222527	1.000000
5.000000	3.000000	-0.001366	-0.007137	-0.074186	-0.001362	-0.007136	-0.074191	-0.009084	0.018808	-0.068920	-1.557164	1.300105	1.051599	1.000000
14.000000	1.000000	-0.000652	0.002946	-0.070000	-0.000664	0.002954	-0.070008	-0.018251	0.017205	0.067073	-0.652805	-0.908303	0.087491	1.000000
4.000000	8.000000	0.001772	-0.000337	-0.071307	0.001769	-0.000348	-0.071304	-0.050136	-0.033823	0.022544	-1.024867	-0.397679	0.505468	1.000000
51.000000	11.000000	0.005122	0.000280	-0.079364	0.005159	0.000280	-0.079336	-0.040892	0.073606	0.103863	3.949218	-0.200013	1.828390	1.000000
8.000000	4.000000	0.000509	-0.002244	-0.079704	0.000509	-0.002244	-0.079695	-0.032706	0.077463	-0.030467	0.284615	-0.017935	0.165896	1.000000
12.000000	10.000000	-0.004248	-0.008796	-0.068867	-0.004232	-0.008778	-0.068837	0.057621	0.072705	0.027688	0.388162	-0.352551	-2.479219	1.000000
10.000000	15.000000	0.004384	0.012097	-0.071938	0.004369	0.012101	-0.071977	-0.029870	0.050399	-0.003403	0.683854	0.409789	0.690199	1.000000
7.000000	7.000000	-0.001120	-0.010255	-0.067527	-0.001127	-0.010253	-0.067562	0.016575	0.020146	-0.121086	-1.451172	-0.362574	-1.022668	1.000000
11.000000	9.000000	0.005841	-0.009805	-0.077552	0.005851	-0.009806	-0.077535	0.041880	0.022578	0.032428	1.072706	-0.523678	-0.780454	1.000000
23.000000	16.000000	0.009359	-0.006580	-0.063808	0.009354	-0.006554	-0.063829	0.011160	-0.001353	0.062831	1.811161	1.474947	-1.557424	1.000000
20.000000	14.000000	0.008956	0.008150	-0.060761	0.008921	0.008126	-0.060718	0.019718	0.181765	-0.030639	-0.706269	-1.580507	1.606467	1.000000
13.000000	47.000000	0.010887	-0.011752	-0.072893	0.010881	-0.011757	-0.072891	0.038624	-0.014971	-0.019711	1.828310	0.960555	0.241502	1.000000
17.000000	12.000000	-0.005531	-0.002447	-0.074689	-0.005514	-0.002439	-0.074688	0.001289	0.045666	-0.064787	2.849319	0.296770	1.067246	1.000000
15.000000	28.000000	-0.012478	-0.007340	-0.067686	-0.012496	-0.007347	-0.067667	-0.020836	0.001593	0.049941	-1.613681	-1.024488	-1.090136	1.000000
9.000000	5.000000	-0.008280	-0.009654	-0.074512	-0.008296	-0.009657	-0.074553	0.015600	-0.002714	0.033712	0.761187	0.149086	0.671009	1.000000
16.000000	24.000000	-0.009229	0.004282	-0.063132	-0.009209	0.004299	-0.063136	0.020006	-0.014156	0.075284	2.149514	0.043055	1.042089	1.000000
28.000000	19.000000	-0.013582	0.006468	-0.073102	-0.013574	0.006467	-0.073096	0.006170	-0.002567	0.018588	-0.364654	-0.432962	-0.952948	1.000000
21.000000	29.000000	0.014398	0.001898	-0.067324	0.014400	0.001920	-0.067323	0.007725	0.076565	0.059573	0.158430	2.289228	0.418645	1.000000
2.000000	53.000000	-0.001797	0.004225	-0.076930	-0.001775	0.004239	-0.076909	-0.080024	0.026030	0.052966	-0.144135	-0.898370	-0.187145	1.000000
44.000000	20.000000	0.001341	0.005818	-0.075946	0.001335	0.005832	-0.075945	-0.019695	0.049340	0.024216	-0.092016	1.369104	0.273589	1.000000
19.000000	17.000000	0.010147	0.010348	-0.074537	0.010162	0.010339	-0.074557	-0.050438	0.042431	0.097988	2.432093	0.095501	1.134097	1.000000
32.000000	31.000000	0.009501	0.002714	-0.083524	0.009509	0.002712	-0.083516	-0.024033	0.008408	-0.004174	-1.563745	-0.771012	1.658940	1.000000
39.000000	46.000000	-0.000178	0.002199	-0.082638	-0.000186	0.002200	-0.082649	-0.118565	0.189649	0.019785	-0.176974	-0.578145	-3.151438	1.000000
25.000000	6.000000	0.007876	-0.003081	-0.074496	0.007870	-0.003090	-0.074494	-0.044404	0.066612	0.078300	0.085069	-0.983424	0.609149	1.000000
22.000000	65.000000	-0.005446	-0.008670	-0.068253	-0.005435	-0.008659	-0.068252	0.076486	0.078886	0.052486	0.297000	0.747838	-2.226455	1.000000
34.000000	33.000000	-0.000802	0.011953	-0.085224	-0.000837	0.011981	-0.085249	-0.063373	-0.064746	0.049123	1.728432	-1.691142	0.559459	1.000000
18.000000	23.000000	0.010718	0.002873	-0.080719	0.010712	0.002881	-0.080736	-0.016030	0.032713	-0.045437	-1.176142	-1.129209	-0.723209	1.000000
24.000000	21.000000	0.012149	0.010537	-0.078694	0.012163	0.010527	-0.078696	-0.098296	0.074190	0.059628	0.724568	0.484115	0.951469	1.000000
26.000000	25.000000	0.008874	-0.012726	-0.069772	0.008880	-0.012716	-0.069780	-0.014272	-0.000094	-0.004751	-0.342900	-0.019755	-1.481084	1.000000
31.000000	18.000000	0.008968	0.002695	-0.071943	0.008974	0.002693	-0.071944	0.000350	0.016472	0.010569	0.020753	1.316569	0.136068	1.000000
50.000000	34.000000	0.005300	-0.013993	-0.082357	0.005310	-0.013972	-0.082344	0.105702	0.217679	0.021679	-12.392856	-14.089284	-6.589285	1.000000
45.000000	13.000000	0.005608	-0.003819	-0.078858	0.005587	-0.003847	-0.078871	0.046386	0.107506	0.095748	-2.360887	-1.991552	2.486872	1.000000
27.000000	22.000000	-0.010972	0.009360	-0.071055	-0.010985	0.009362	-0.071047	-0.032040	-0.086356	0.069235	-0.873347	1.123733	0.645383	1.000000
40.000000	30.000000	-0.005200	0.008680	-0.083358	-0.005200	0.008671	-0.083393	-0.111312	-0.001774	0.187948	-1.660926	-5.513996	-1.827335	1.000000
37.000000	35.000000	-0.011834	-0.003866	-0.070389	-0.011833	-0.003861	-0.070400	-0.028633	0.047112	0.080121	0.301502	-0.909626	-0.094483	1.000000
33.000000	38.000000	0.012041	-0.011519	-0.073334	0.012047	-0.011508	-0.073346	0.065318	0.000812	0.038021	1.229360	0.207777	0.679656	1.000000
38.000000	36.000000	-0.005697	-0.006729	-0.072838	-0.005712	-0.006726	-0.072836	-0.044916	0.088980	0.064628	0.595524	-0.325658	-1.310113	1.000000
30.000000	26.000000	-0.001513	-0.005105	-0.078154	-0.001512	-0.005121	-0.078162	-0.021644	0.050418	-0.065648	-0.076652	-0.175072	-0.766835	1.000000
29.000000	37.000000	0.001388	0.010855	-0.085364	0.001393	0.010862	-0.085404	-0.033477	-0.037031	0.037053	-0.785744	-0.414321	0.110531	1.000000
43.000000	40.000000	-0.012543	0.012453	-0.074558	-0.012563	0.012444	-0.074606	-0.067573	-0.123157	-0.041664	-8.439950	4.282576	4.228008	1.000000
42.000000	32.000000	0.008934	-0.000153	-0.083330	0.008936	-0.000150	-0.083355	-0.052373	0.055738	0.058764	0.723684	-1.497511	0.646423	1.000000
36.000000	42.000000	-0.004031	0.001873	-0.060867	-0.003983	0.001834	-0.060846	0.086790	-0.013801	-0.002884	1.344624	-0.163905	0.157553	1.000000
41.000000	59.000000	-0.005863	0.011422	-0.067969	-0.005903	0.011430	-0.067973	-0.043210	0.030662	0.093593	0.459494	0.793448	-0.332744	1.000000
55.000000	52.000000	-0.011215	-0.014562	-0.077186	-0.011239	-0.014621	-0.077216	-0.007654	0.047970	0.040709	-0.307372	1.690585	-0.702220	1.000000
3.000000	27.000000	0.005752	-0.004029	-0.062993	0.005742	-0.003890	-0.063066	-0.013899	0.141604	-0.005740	0.915042	1.187881	-3.040350	1.000000
47.000000	43.000000	-0.004837	-0.005747	-0.081503	-0.004828	-0.005744	-0.081487	-0.066875	0.014944	-0.099418	0.183572	-0.624402	0.705801	1.000000
35.000000	41.000000	-0.006066	0.009424	-0.067704	-0.006129	0.009437	-0.067827	-0.035887	0.009884	0.044174	0.840879	-0.033389	0.323256	1.000000
58.000000	45.000000	0.009423	-0.010337	-0.072212	0.009418	-0.010360	-0.072256	-0.020215	-0.029468	-0.017970	0.662837	-4.889110	-2.526723	1.000000
61.000000	44.000000	0.000342	-0.005445	-0.086567	0.000352	-0.005468	-0.086585	-0.064070	0.098943	0.075179	-1.342158	-1.106893	-4.706293	1.000000
52.000000	48.000000	0.005472	-0.011167	-0.082127	0.005448	-0.011204	-0.082162	0.000005	0.079547	0.002670	-0.530400	0.104009	-2.538580	1.000000
66.000000	49.000000	0.001353	0.013527	-0.083506	0.001349	0.013546	-0.083515	-0.078717	-0.044796	-0.043531	1.017489	-0.557617	-0.781732	1.000000
46.000000	51.000000	-0.005629	-0.014398	-0.073146	-0.005622	-0.014368	-0.073164	-0.042314	0.103999	0.065202	-1.207837	-0.358480	0.552944	1.000000
54.000000	63.000000	0.005002	-0.012810	-0.085389	0.005055	-0.012742	-0.085393	0.079061	0.115921	0.002464	-0.487423	1.619195	0.375580	1.000000
56.000000	60.000000	-0.012682	0.006096	-0.061565	-0.012676	0.006054	-0.061582	-0.022115	0.026190	0.117567	2.596506	-1.209749	1.722250	1.000000
62.000000	62.000000	0.007301	-0.001471	-0.085149	0.007279	-0.001453	-0.085131	-0.075003	0.022579	0.169254	3.207485	-1.496539	2.645914	1.000000
69.000000	57.000000	-0.014822	0.008035	-0.071666	-0.014804	0.008019	-0.071642	-0.037066	0.006452	0.036961	0.226595	0.252443	0.197404	1.000000
68.000000	55.000000	0.002516	-0.010627	-0.083125	0.002510	-0.010630	-0.083140	0.001415	0.043502	-0.010121	2.267857	0.666667	-0.172619	1.000000
60.000000	61.000000	-0.011818	-0.013468	-0.080247	-0.011818	-0.013469	-0.080237	0.045602	-0.037036	-0.007573	-1.009945	-0.133495	1.320750	1.000000
48.000000	66.000000	0.004351	0.010117	-0.077025	0.004348	0.010146	-0.077018	0.012794	0.140223	0.030041	0.104409	-1.719093	-1.125727	1.000000
64.000000	58.000000	-0.008944	0.010717	-0.073251	-0.008956	0.010687	-0.073223	-0.109623	-0.045081	0.086365	0.164032	-3.909640	-1.127091	1.000000
0.000000	-1.000000	0.014431	-0.011031	-0.070520	0.000000	0.000000	0.000000	0.000000	0.000000	0.000000	0.000000	0.000000	0.000000	0.000000
53.000000	39.000000	-0.011814	-0.013630	-0.074730	-0.011795	-0.013550	-0.074723	-0.046527	0.056922	-0.006275	1.361110	-1.062424	-2.626274	1.000000
49.000000	-1.000000	0.014114	-0.008112	-0.062312	0.000000	0.000000	0.000000	0.000000	0.000000	0.000000	0.000000	0.000000	0.000000	0.000000
67.000000	70.000000	0.013222	0.010377	-0.062380	0.013214	0.010371	-0.062387	0.115933	0.192168	-0.024502	0.879121	0.012737	1.272727	1.000000
65.000000	69.000000	0.000927	-0.001024	-0.069296	0.000926	-0.001027	-0.069294	-0.060777	0.029342	0.017080	0.112745	0.194827	-0.637991	1.000000
57.000000	67.000000	-0.004951	0.012269	-0.063458	-0.004964	0.012260	-0.063502	-0.017032	0.038652	0.156852	-0.874253	1.507088	0.957852	1.000000
70.000000	71.000000	0.011071	-0.016288	-0.074960	0.011038	-0.016289	-0.074933	0.045440	-0.036311	0.014476	1.810531	-0.992780	-0.706067	1.000000
59.000000	68.000000	-0.014301	-0.007417	-0.076436	-0.014339	-0.007433	-0.076438	-0.043683	-0.038266	0.044058	1.794474	-0.389313	-0.155473	1.000000
72.000000	72.000000	0.005685	-0.016457	-0.062846	0.005685	-0.016458	-0.062851	-0.116797	0.175664	0.030812	1.322414	-4.684701	-1.066492	1.000000
73.000000	73.000000	-0.000252	-0.015374	-0.063272	-0.000317	-0.015421	-0.063304	-0.049864	0.074012	-0.049368	4.954872	-2.690503	-2.498291	1.000000
74.000000	74.000000	0.015885	-0.007523	-0.079444	0.015877	-0.007501	-0.079414	-0.027725	0.126400	0.159019	-2.426573	-3.122377	0.090659	1.000000
