2.000000	3.000000	0.003240	-0.004195	-0.065467	0.003293	-0.004213	-0.065475	-0.037270	0.149151	-0.086706	4.797037	-7.137262	-1.628273	1.000000
4.000000	2.000000	0.002038	0.008499	-0.077978	0.002045	0.008464	-0.077971	0.067756	-0.036218	0.052764	2.659039	1.406713	2.667746	1.000000
5.000000	27.000000	0.002465	0.006502	-0.070730	0.002459	0.006507	-0.070703	-0.058480	0.020579	0.086269	-0.599364	-1.401750	0.046487	1.000000
6.000000	6.000000	0.001615	-0.001354	-0.068601	0.001633	-0.001362	-0.068595	-0.005935	-0.037643	-0.005470	5.186810	-0.454932	-3.029651	1.000000
10.000000	4.000000	-0.001328	-0.006392	-0.074257	-0.001335	-0.006392	-0.074266	0.003804	0.000204	-0.088730	0.414403	0.671320	0.525610	1.000000
7.000000	26.000000	-0.004576	-0.003051	-0.067213	-0.004584	-0.003039	-0.067189	0.007463	0.064059	0.035207	-1.411803	1.055418	1.350293	1.000000
9.000000	9.000000	-0.000180	0.008232	-0.082446	-0.000181	0.008227	-0.082480	-0.069406	-0.040504	-0.026344	-7.526223	-2.357892	-4.694055	1.000000
61.000000	24.000000	-0.003026	-0.003966	-0.072453	-0.003036	-0.003992	-0.072506	-0.054884	-0.024415	-0.091489	-1.956925	2.148105	1.412683	1.000000
3.000000	8.000000	-0.006897	-0.000237	-0.069516	-0.006898	-0.000246	-0.069527	-0.068640	-0.032316	-0.011259	5.310689	0.793706	0.227522	1.000000
8.000000	5.000000	0.003857	0.002135	-0.077286	0.003871	0.002187	-0.077339	-0.041827	0.024335	0.111468	0.812936	-2.754636	-0.419834	1.000000
20.000000	29.000000	0.003512	0.003348	-0.075682	0.003514	0.003345	-0.075718	-0.013427	0.010424	0.107155	2.260453	-1.041963	0.704196	1.000000
31.000000	54.000000	-0.008381	-0.009931	-0.070466	-0.008381	-0.009932	-0.070463	-0.000503	-0.039647	0.041358	1.547213	-1.120743	-1.211236	1.000000
35.000000	22.000000	0.010273	0.002550	-0.060073	0.010265	0.002547	-0.060065	0.051686	0.189289	-0.027266	2.612812	-0.177683	-0.154668	1.000000
19.000000	17.000000	0.005388	-0.001522	-0.080357	0.005387	-0.001542	-0.080326	0.011526	0.134622	0.012413	-0.157449	2.927167	1.695949	1.000000
76.000000	10.000000	-0.007868	0.002262	-0.072417	-0.007849	0.002262	-0.072411	-0.017062	-0.058018	0.031872	1.317922	-1.730200	-0.202837	1.000000
14.000000	19.000000	-0.004007	-0.010403	-0.071724	-0.004004	-0.010392	-0.071720	-0.018246	-0.008568	0.024306	-0.135717	2.230534	1.253967	1.000000
13.000000	41.000000	-0.000605	-0.004995	-0.063954	-0.000608	-0.004978	-0.063971	-0.030617	0.106973	-0.058106	-0.287587	-0.118057	-0.900933	1.000000
16.000000	21.000000	0.008542	-0.000163	-0.082389	0.008535	-0.000164	-0.082399	0.041001	0.180165	0.037299	0.355887	0.501196	-0.772096	1.000000
40.000000	28.000000	-0.011716	0.004583	-0.071712	-0.011701	0.004585	-0.071726	-0.037389	-0.054970	-0.017544	0.607892	1.681818	-1.661089	1.000000
26.000000	18.000000	0.001105	0.007297	-0.071117	0.001110	0.007303	-0.071142	0.009892	-0.044975	0.093513	-1.582573	0.651126	-0.978699	1.000000
21.000000	16.000000	0.014343	-0.003003	-0.067174	0.014339	-0.003003	-0.067162	-0.008032	0.015371	0.111479	1.292297	-0.086132	-1.161639	1.000000
50.000000	33.000000	0.007527	0.006469	-0.074606	0.007525	0.006477	-0.074621	-0.049807	0.091417	0.109089	0.229502	-0.634632	-0.775825	1.000000
28.000000	12.000000	-0.001889	-0.002404	-0.075977	-0.001918	-0.002401	-0.075914	0.011063	-0.021495	-0.073392	0.797431	2.795670	-0.297832	1.000000
48.000000	23.000000	0.006330	0.005088	-0.077776	0.006341	0.005102	-0.077786	-0.028438	0.048286	0.127842	0.152486	-0.763440	-0.157687	1.000000
18.000000	13.000000	0.007857	0.005148	-0.083218	0.007864	0.005150	-0.083220	-0.070135	0.094942	0.052193	-0.123466	-1.549600	-0.918081	1.000000
1.000000	1.000000	-0.000970	0.002649	-0.062792	-0.000965	0.002642	-0.062681	0.092779	0.037577	0.066226	-0.803902	1.006887	0.408608	1.000000
12.000000	20.000000	-0.005122	-0.002775	-0.077876	-0.005142	-0.002769	-0.077844	-0.047061	0.074357	-0.035830	0.660562	1.193431	-0.363198	1.000000
29.000000	14.000000	-0.003769	0.001056	-0.066538	-0.003742	0.001066	-0.066535	0.002404	0.030860	0.039844	0.388689	0.457376	0.061711	1.000000
46.000000	56.000000	0.009162	0.005371	-0.074098	0.009146	0.005390	-0.074065	-0.083964	0.127369	0.055175	0.104089	-0.748358	-0.228454	1.000000
15.000000	7.000000	0.001651	0.003004	-0.070279	0.001634	0.003031	-0.070276	-0.040408	-0.011669	0.007094	1.882686	0.659299	-3.376266	1.000000
27.000000	25.000000	-0.010984	0.005015	-0.066221	-0.010999	0.005060	-0.066193	-0.044252	-0.082515	0.047831	-3.361296	2.974033	0.322588	1.000000
30.000000	31.000000	-0.009288	0.012002	-0.075758	-0.009296	0.011995	-0.075768	-0.000174	-0.095190	0.032527	-0.652493	0.743402	-0.394142	1.000000
32.000000	36.000000	0.014468	-0.000987	-0.071795	0.014475	-0.000993	-0.071808	-0.034646	0.196171	0.196599	0.278730	-1.537059	-0.801220	1.000000
33.000000	30.000000	0.005218	-0.011274	-0.081449	0.005223	-0.011277	-0.081437	0.013397	0.117596	0.027459	-0.776821	0.410993	-0.960771	1.000000
23.000000	35.000000	-0.012454	-0.010015	-0.076669	-0.012429	-0.009994	-0.076722	-0.003375	0.026623	0.010108	-0.030712	-0.342472	0.980076	1.000000
17.000000	39.000000	-0.001113	-0.009166	-0.064880	-0.001113	-0.009198	-0.064888	-0.021874	-0.010367	-0.041745	2.495839	-1.904299	-2.806614	1.000000
24.000000	15.000000	0.009308	-0.002949	-0.083566	0.009330	-0.002903	-0.083462	0.062796	0.191834	0.085982	-0.414098	-0.024978	-0.627099	1.000000
44.000000	34.000000	-0.005785	-0.004851	-0.081151	-0.005796	-0.004871	-0.081135	-0.079791	0.026621	0.048598	1.244851	1.025788	0.307565	1.000000
25.000000	38.000000	0.009872	-0.001074	-0.083274	0.009888	-0.001049	-0.083259	0.029389	0.125431	0.048410	-0.171231	1.425607	1.012719	1.000000
60.000000	32.000000	0.012260	-0.006236	-0.075419	0.012306	-0.006212	-0.075439	0.090975	0.083385	0.025282	0.381193	1.245713	1.261397	1.000000
39.000000	42.000000	-0.005672	-0.005029	-0.085670	-0.005684	-0.005033	-0.085661	-0.013621	-0.016253	-0.006466	1.055529	0.750698	-0.414544	1.000000
38.000000	40.000000	0.011619	0.012309	-0.069447	0.011606	0.012314	-0.069472	0.065305	0.018349	0.049677	0.104016	1.500487	-0.153302	1.000000
41.000000	45.000000	0.010200	-0.010922	-0.071968	0.010193	-0.010939	-0.071957	0.008490	-0.006371	0.016157	-1.122931	-0.125888	0.771665	1.000000
64.000000	43.000000	0.007044	-0.008487	-0.084739	0.007033	-0.008481	-0.084714	0.084338	0.199995	0.115379	2.416488	-0.461000	-0.071752	1.000000
43.000000	46.000000	0.008305	-0.009749	-0.082699	0.008306	-0.009755	-0.082725	0.072849	0.179003	0.059259	0.065338	1.379450	-3.823852	1.000000
65.000000	69.000000	0.000139	-0.009818	-0.085101	0.000094	-0.009856	-0.085139	0.022010	0.099823	0.084228	-0.992548	0.749517	0.215549	1.000000
47.000000	50.000000	0.000491	-0.011864	-0.086433	0.000477	-0.011839	-0.086443	0.036688	0.134038	0.019936	0.769231	-2.745754	-1.931318	1.000000
45.000000	60.000000	0.012614	0.008007	-0.080337	0.012609	0.008010	-0.080347	0.011035	0.139683	0.048453	0.413098	-1.101258	-2.436799	1.000000
51.000000	55.000000	-0.003142	0.005175	-0.079766	-0.003129	0.005178	-0.079736	-0.064940	0.036475	-0.016807	-0.394076	-2.157293	-1.451009	1.000000
34.000000	52.000000	-0.012924	-0.010253	-0.073639	-0.012960	-0.010260	-0.073595	0.056033	-0.012843	0.021276	0.684946	0.958951	0.005936	1.000000
36.000000	59.000000	-0.012567	0.000184	-0.068189	-0.012512	0.000173	-0.068215	-0.024560	-0.044849	0.034509	1.251582	1.258106	-1.218179	1.000000
49.000000	58.000000	0.010447	0.011129	-0.064324	0.010466	0.011130	-0.064302	0.033355	0.056225	-0.048052	1.232340	-1.393444	0.355962	1.000000
59.000000	51.000000	-0.010425	-0.007152	-0.066577	-0.010414	-0.007178	-0.066528	-0.064095	0.042617	0.060352	0.157263	-1.299281	0.222295	1.000000
52.000000	66.000000	-0.003993	0.014472	-0.072544	-0.003995	0.014461	-0.072545	0.065500	-0.208662	0.014212	-1.295205	0.151099	-8.828920	1.000000
11.000000	61.000000	-0.004305	0.006011	-0.082624	-0.004316	0.005989	-0.082667	-0.034292	-0.040447	0.008844	-0.337152	-5.633664	-5.824858	1.000000
53.000000	57.000000	-0.014075	-0.012975	-0.077912	-0.014065	-0.012976	-0.077902	-0.021041	0.008022	0.044335	0.192792	-0.907783	-0.044964	1.000000
37.000000	37.000000	0.009712	-0.013180	-0.073138	0.009737	-0.013163	-0.073122	0.038903	-0.007038	-0.015713	-0.427554	0.223209	0.865761	1.000000
75.000000	11.000000	0.008125	-0.004057	-0.081424	0.008207	-0.004073	-0.081329	0.049849	0.097036	0.023042	-0.190845	0.447710	-0.485237	1.000000
57.000000	65.000000	-0.014675	0.005760	-0.074521	-0.014653	0.005779	-0.074465	-0.086794	-0.048035	0.012209	-1.419782	0.687613	2.858837	1.000000
58.000000	63.000000	0.010478	-0.013640	-0.066014	0.010478	-0.013641	-0.065974	0.047814	0.108919	-0.085230	2.106488	2.690080	3.627451	1.000000
66.000000	62.000000	0.008451	0.003838	-0.071414	0.008459	0.003833	-0.071432	-0.122097	0.070252	0.094827	-1.530840	-1.858391	0.493410	1.000000
22.000000	-1.000000	0.009355	0.004781	-0.073484	0.000000	0.000000	0.000000	0.000000	0.000000	0.000000	0.000000	0.000000	0.000000	0.000000
54.000000	64.000000	-0.006730	0.009292	-0.060606	-0.006719	0.009300	-0.060596	0.006704	0.005035	0.137870	2.388112	2.954046	-0.069930	1.000000
63.000000	68.000000	-0.010279	0.014251	-0.069899	-0.010302	0.014232	-0.069894	-0.098667	-0.109248	-0.040760	1.024191	1.699998	-2.535982	1.000000
62.000000	44.000000	0.002908	-0.013127	-0.083169	0.002859	-0.013085	-0.083099	0.070312	0.087606	-0.005918	0.545313	1.289518	0.076889	1.000000
67.000000	48.000000	-0.001592	0.010228	-0.086718	-0.001602	0.010238	-0.086709	-0.046076	0.005409	0.006396	-1.354475	1.432932	0.759525	1.000000
71.000000	72.000000	0.002405	-0.013364	-0.085662	0.002355	-0.013349	-0.085580	0.056272	0.044375	-0.016293	-0.739026	1.500572	2.274072	1.000000
68.000000	70.000000	0.010428	-0.009417	-0.086523	0.010423	-0.009410	-0.086536	-0.030277	0.207689	0.025092	-1.536829	-0.536507	0.905637	1.000000
69.000000	74.000000	-0.014571	-0.010023	-0.064012	-0.014555	-0.010015	-0.064046	0.037403	-0.052037	0.036764	-1.131809	0.734554	1.580649	1.000000
42.000000	47.000000	-0.002493	0.003291	-0.086124	-0.002449	0.003290	-0.086189	-0.009690	-0.028711	0.007313	5.010646	4.373361	0.456388	1.000000
73.000000	49.000000	-0.002927	-0.010634	-0.060798	-0.002913	-0.010649	-0.060827	-0.033152	0.056743	-0.051627	-1.169372	-0.954004	-1.682359	1.000000
74.000000	77.000000	0.005191	0.002783	-0.080818	0.000000	0.000000	0.000000	0.000000	0.000000	0.000000	0.000000	0.000000	0.000000	0.000000
55.000000	76.000000	0.008908	0.007451	-0.070446	0.008881	0.007459	-0.070438	-0.041722	0.066524	0.008377	-0.477399	-0.094839	0.768463	1.000000
72.000000	75.000000	-0.014474	-0.003923	-0.064621	-0.014492	-0.003916	-0.064718	-0.068130	-0.030514	0.062412	-0.367763	0.613331	-0.661972	1.000000
70.000000	-1.000000	0.001358	-0.013313	-0.085240	0.000000	0.000000	0.000000	0.000000	0.000000	0.000000	0.000000	0.000000	0.000000	0.000000
77.000000	78.000000	-0.014400	0.006278	-0.078187	-0.014395	0.006282	-0.078183	-0.067098	-0.018999	0.084184	5.091908	0.492757	2.581668	1.000000
80.000000	79.000000	-0.014041	-0.011978	-0.065353	-0.014051	-0.011978	-0.065343	0.031001	-0.069755	-0.009211	-1.572446	0.297379	-1.477674	1.000000
81.000000	80.000000	0.012995	-0.000288	-0.081562	0.012977	-0.000280	-0.081555	0.022264	0.196625	0.097036	-0.753856	-0.298137	0.034592	1.000000
82.000000	67.000000	-0.006894	-0.016224	-0.074825	-0.006884	-0.016235	-0.074845	0.025878	0.025768	0.019124	0.652909	-0.802245	0.820797	1.000000
83.000000	71.000000	0.008872	0.001515	-0.086748	0.008850	0.001511	-0.086745	0.018260	0.189128	0.053267	1.310689	0.951798	1.121628	1.000000
84.000000	81.000000	-0.013016	-0.010400	-0.078060	-0.013003	-0.010426	-0.077989	-0.036121	-0.001874	0.048557	9.403845	5.384615	-7.817016	1.000000
0.000000	82.000000	0.006894	-0.014025	-0.065351	0.000000	0.000000	0.000000	0.000000	0.000000	0.000000	0.000000	0.000000	0.000000	0.000000
