1.000000	2.000000	-0.002081	0.003028	-0.066527	-0.002074	0.003041	-0.066453	-0.053535	-0.013254	0.094822	-0.979477	-2.112834	-1.896013	1.000000
2.000000	1.000000	0.008927	0.000621	-0.062678	0.008921	0.000622	-0.062702	0.062852	0.092572	0.093509	-0.673319	0.769711	1.099468	1.000000
4.000000	19.000000	-0.003336	-0.000590	-0.075434	-0.003344	-0.000611	-0.075392	0.057084	-0.005162	0.043686	-0.702926	-3.519807	0.743558	1.000000
18.000000	23.000000	0.005852	-0.001301	-0.082005	0.005856	-0.001304	-0.082026	-0.036194	0.128797	0.108364	-1.218506	-1.353710	0.144640	1.000000
25.000000	6.000000	-0.005424	0.004389	-0.074489	-0.005430	0.004387	-0.074478	-0.077158	-0.030872	0.060404	0.293820	-1.804311	0.329282	1.000000
7.000000	3.000000	-0.003225	0.008034	-0.082960	-0.003199	0.008034	-0.082977	-0.029025	-0.082068	0.049129	5.977022	0.232080	0.390227	1.000000
8.000000	13.000000	0.010880	-0.006977	-0.062626	0.010880	-0.006970	-0.062638	0.051528	-0.029566	0.055110	1.549675	1.936815	4.654949	1.000000
17.000000	12.000000	-0.002513	-0.009368	-0.071447	-0.002537	-0.009380	-0.071451	-0.050793	0.016623	-0.046125	-0.095389	-1.926996	1.647077	1.000000
45.000000	14.000000	0.013442	-0.012103	-0.072957	0.013436	-0.012111	-0.072969	0.068057	0.005579	0.009404	0.388117	0.997667	0.548872	1.000000
22.000000	4.000000	-0.000862	0.001845	-0.079887	-0.000856	0.001824	-0.079913	-0.035783	0.099920	0.015715	-0.849282	0.150933	0.088368	1.000000
21.000000	51.000000	-0.007913	-0.009842	-0.069507	-0.007897	-0.009856	-0.069541	-0.050290	0.083355	0.085405	-0.416506	-1.154150	-0.092120	1.000000
15.000000	18.000000	0.000286	0.009034	-0.083220	0.000284	0.009037	-0.083234	-0.010559	-0.019853	0.055936	0.964278	1.153645	-1.239829	1.000000
14.000000	10.000000	0.000705	0.008153	-0.074158	0.000697	0.008154	-0.074166	-0.012771	0.030269	0.045998	0.408712	-2.012875	0.353510	1.000000
24.000000	27.000000	-0.009392	0.006563	-0.079287	-0.009382	0.006569	-0.079215	-0.117772	-0.014427	-0.035580	-3.009993	2.127648	0.330976	1.000000
32.000000	22.000000	-0.013159	0.002246	-0.070646	-0.013252	0.002249	-0.070615	0.094718	-0.009392	0.067631	-5.526382	-2.695734	0.993254	1.000000
51.000000	46.000000	-0.011485	0.006435	-0.071397	-0.011460	0.006429	-0.071360	0.005244	-0.069644	0.004245	1.366905	2.034800	-1.325983	1.000000
26.000000	20.000000	-0.013581	0.006355	-0.073292	-0.013598	0.006362	-0.073323	-0.000795	0.008388	-0.029042	0.280439	0.547966	-0.457391	1.000000
6.000000	50.000000	0.002066	0.002091	-0.060493	0.002058	0.002081	-0.060454	0.160876	0.019007	0.034598	4.913752	-1.147436	1.595571	1.000000
28.000000	63.000000	0.012162	-0.000501	-0.077117	0.012154	-0.000475	-0.077153	-0.055589	0.145858	0.093185	-0.309533	-0.434601	-1.284319	1.000000
10.000000	30.000000	0.005390	-0.002475	-0.079731	0.005381	-0.002505	-0.079761	-0.021560	-0.068433	0.041383	0.679515	-0.012824	-4.632069	1.000000
3.000000	9.000000	0.004515	0.004374	-0.074453	0.004528	0.004352	-0.074458	-0.038282	0.079267	0.089989	-0.729806	-1.169173	-0.186321	1.000000
35.000000	32.000000	-0.006480	0.009563	-0.065110	-0.006500	0.009572	-0.065126	0.008616	0.000864	0.076191	-0.787304	-0.051391	0.749517	1.000000
34.000000	7.000000	-0.001670	-0.006362	-0.070072	-0.001707	-0.006365	-0.070142	0.035934	0.021742	-0.089215	-1.409447	-1.491939	-2.193809	1.000000
42.000000	24.000000	-0.002381	0.000211	-0.068232	-0.002404	0.000209	-0.068221	-0.073179	0.016199	0.043539	1.093807	-0.363904	0.646000	1.000000
33.000000	25.000000	0.007169	-0.006826	-0.083882	0.007148	-0.006824	-0.083927	0.052285	0.132886	-0.010604	-1.903771	1.348480	3.357997	1.000000
38.000000	28.000000	-0.002435	-0.003903	-0.081819	-0.002432	-0.003939	-0.081784	-0.034317	-0.040249	-0.056916	-2.405963	-2.147448	3.229070	1.000000
27.000000	39.000000	0.009979	0.014082	-0.075025	0.009996	0.014079	-0.075007	0.027644	0.063104	0.076005	2.244517	-0.136674	-1.154928	1.000000
53.000000	33.000000	-0.012259	0.007855	-0.067829	-0.012255	0.007832	-0.067803	0.023181	-0.003157	0.044428	2.858881	-1.518864	-1.391074	1.000000
13.000000	15.000000	-0.008247	-0.009745	-0.073140	-0.008262	-0.009745	-0.073161	-0.007839	-0.000106	0.040023	0.555989	-0.168233	0.890673	1.000000
39.000000	64.000000	0.009942	0.008230	-0.063116	0.009948	0.008194	-0.063179	-0.002123	0.070747	0.010378	-0.190979	-0.325270	-1.200147	1.000000
23.000000	26.000000	0.004855	0.001013	-0.073944	0.004817	0.001038	-0.073969	-0.064979	0.112766	0.104589	-1.944701	-1.134781	0.444144	1.000000
43.000000	36.000000	0.001387	-0.011256	-0.064215	0.001389	-0.011265	-0.064240	-0.033809	0.113791	0.021410	-4.562037	-2.159737	-1.079133	1.000000
5.000000	62.000000	-0.001090	-0.002391	-0.070442	-0.001134	-0.002395	-0.070356	-0.048665	-0.051763	-0.000674	1.175525	-0.076102	-1.717243	1.000000
12.000000	16.000000	-0.006726	-0.004336	-0.069323	-0.006681	-0.004364	-0.069309	0.040602	0.019455	0.093127	3.185288	-0.421119	-1.378993	1.000000
40.000000	43.000000	-0.012934	-0.002829	-0.067076	-0.012929	-0.002829	-0.067095	-0.023356	-0.002226	0.063673	-0.162887	-1.122582	-0.567201	1.000000
19.000000	11.000000	0.012397	-0.000043	-0.076357	0.012443	-0.000089	-0.076397	-0.049016	0.130144	0.092334	-0.848930	-0.866865	-0.768548	1.000000
11.000000	8.000000	0.000753	0.011144	-0.077018	0.000730	0.011115	-0.077048	0.037188	-0.065471	-0.061905	-1.670986	0.824631	-0.103227	1.000000
36.000000	53.000000	-0.012103	-0.011624	-0.077240	-0.012061	-0.011612	-0.077231	-0.012491	0.059129	-0.026898	0.086585	-1.085894	-1.741731	1.000000
65.000000	35.000000	0.006314	0.001779	-0.079831	0.006291	0.001790	-0.079832	-0.081766	0.050113	0.089915	-0.921298	0.301287	0.348027	1.000000
46.000000	38.000000	0.009645	0.012077	-0.071711	0.009660	0.012075	-0.071716	0.012401	0.012974	0.051766	1.565760	-1.318516	0.358272	1.000000
41.000000	41.000000	-0.003971	0.006223	-0.084684	-0.003974	0.006319	-0.084648	-0.037946	0.026733	-0.099335	0.441573	0.710028	0.544489	1.000000
44.000000	40.000000	-0.001174	0.011455	-0.085943	-0.001161	0.011447	-0.085924	-0.014519	-0.049984	-0.041127	2.060559	0.118384	1.196477	1.000000
20.000000	45.000000	-0.002464	-0.005174	-0.068541	-0.002431	-0.005201	-0.068550	0.028406	0.052345	-0.057539	-2.284429	-1.335693	-1.466299	1.000000
47.000000	48.000000	0.009146	-0.010983	-0.072296	0.009155	-0.010992	-0.072306	0.020491	0.013383	0.010979	1.514020	0.415807	-0.685072	1.000000
0.000000	-1.000000	0.005985	0.015089	-0.075562	0.000000	0.000000	0.000000	0.000000	0.000000	0.000000	0.000000	0.000000	0.000000	0.000000
30.000000	5.000000	-0.004280	-0.001829	-0.067811	-0.004289	-0.001847	-0.067773	-0.016752	0.103911	-0.035955	1.349558	-5.588507	-0.397353	1.000000
62.000000	31.000000	0.005353	-0.001347	-0.070489	0.005345	-0.001327	-0.070540	-0.089275	0.034843	0.068501	-2.389127	0.348673	-1.168363	1.000000
0.000000	21.000000	0.007069	-0.007410	-0.081493	0.000000	0.000000	0.000000	0.000000	0.000000	0.000000	0.000000	0.000000	0.000000	0.000000
31.000000	29.000000	0.009143	0.002814	-0.079933	0.009146	0.002813	-0.079941	-0.028106	0.032779	0.134805	0.326325	4.144796	2.740965	1.000000
71.000000	54.000000	0.006933	-0.012799	-0.063846	0.006900	-0.012798	-0.063835	-0.142749	0.209774	-0.031336	3.128205	0.994464	0.605769	1.000000
16.000000	17.000000	-0.003032	-0.005168	-0.076437	-0.003019	-0.005177	-0.076458	-0.049481	0.052769	-0.036642	-0.170681	-0.125650	0.274094	1.000000
29.000000	34.000000	0.008267	-0.012938	-0.071441	0.008269	-0.012926	-0.071435	0.011725	-0.008125	-0.049668	1.693854	0.166840	0.023054	1.000000
50.000000	65.000000	-0.012460	-0.011572	-0.076011	-0.012479	-0.011543	-0.076036	0.008745	0.044292	-0.029702	1.372752	1.600462	-4.699113	1.000000
54.000000	56.000000	0.014721	-0.003997	-0.072652	0.014730	-0.003995	-0.072659	-0.005442	0.040200	0.144026	0.365219	-1.312884	-0.134016	1.000000
49.000000	52.000000	-0.003770	-0.004149	-0.085368	-0.003695	-0.004133	-0.085388	-0.088940	-0.036440	-0.019569	1.449805	-0.533270	-0.903288	1.000000
52.000000	37.000000	0.008809	-0.008601	-0.076373	0.008799	-0.008611	-0.076373	0.080864	0.037311	0.022415	0.450719	0.731560	-0.011709	1.000000
58.000000	57.000000	-0.014772	-0.009295	-0.074285	-0.014782	-0.009289	-0.074277	0.024031	-0.034938	0.039846	1.960009	0.633203	-1.581049	1.000000
37.000000	42.000000	0.001582	-0.009855	-0.062424	0.001583	-0.009868	-0.062455	-0.073986	0.133006	-0.015815	0.670376	-0.706745	-1.242667	1.000000
56.000000	58.000000	-0.010364	-0.014818	-0.079090	-0.010349	-0.014808	-0.079129	0.009748	-0.021024	0.032235	-1.272659	0.697224	-3.124634	1.000000
69.000000	71.000000	0.011594	-0.008327	-0.085487	0.011655	-0.008319	-0.085562	0.037298	0.189363	0.077869	-0.621311	0.062617	1.258648	1.000000
59.000000	61.000000	-0.000293	-0.014398	-0.084321	-0.000297	-0.014397	-0.084304	0.056779	0.023263	-0.031951	3.402001	-0.642911	-3.871202	1.000000
61.000000	60.000000	0.000184	0.005123	-0.086378	0.000204	0.005141	-0.086441	-0.056829	-0.016289	0.008885	-0.194870	-0.241510	-2.106880	1.000000
9.000000	47.000000	0.009565	0.004920	-0.070706	0.009564	0.004903	-0.070708	0.027056	0.049295	0.031445	-1.099676	-0.381378	-1.623785	1.000000
63.000000	67.000000	-0.014477	-0.009022	-0.066052	-0.014507	-0.008990	-0.066055	-0.040162	-0.069868	0.025255	1.857039	-0.027571	0.064794	1.000000
57.000000	66.000000	0.011912	-0.000483	-0.075477	0.011910	-0.000486	-0.075501	-0.051276	0.129021	0.106816	-0.705311	-0.651104	-0.098019	1.000000
64.000000	68.000000	0.008093	0.003635	-0.081918	0.008080	0.003593	-0.081985	-0.052788	0.017283	0.080737	-0.373005	-0.105167	0.951648	1.000000
66.000000	69.000000	-0.006856	0.012585	-0.063364	-0.006875	0.012588	-0.063397	-0.013962	0.017716	0.105868	-0.336637	0.002043	-0.509874	1.000000
48.000000	59.000000	0.008146	-0.006439	-0.084321	0.008131	-0.006444	-0.084312	0.058829	0.156905	0.023501	-0.722198	-0.806814	-0.979568	1.000000
68.000000	70.000000	-0.015964	0.009015	-0.070404	-0.015962	0.009037	-0.070428	-0.002480	0.052178	0.012528	0.609409	0.857707	-0.546926	1.000000
70.000000	72.000000	0.015539	0.006625	-0.064929	0.015538	0.006636	-0.064926	0.037337	0.113740	0.028410	0.139878	0.703624	-0.430436	1.000000
72.000000	49.000000	0.010824	0.001326	-0.086024	0.010787	0.001316	-0.085986	-0.099902	0.069978	0.086549	5.681568	0.339910	-4.443806	1.000000
73.000000	55.000000	-0.013701	-0.013338	-0.079488	-0.013706	-0.013375	-0.079506	0.016503	-0.009960	0.053678	-1.702918	2.490667	-5.359155	1.000000
