1.000000	35.000000	0.009509	0.002742	-0.061182	0.009536	0.002772	-0.061196	0.042936	0.175103	-0.037925	2.364624	-1.206923	-0.006063	1.000000
4.000000	4.000000	0.002492	-0.006020	-0.079211	0.002486	-0.006009	-0.079211	-0.065601	0.097418	0.011316	0.180629	0.392679	-0.848383	1.000000
47.000000	43.000000	-0.004885	-0.007269	-0.063213	-0.004909	-0.007315	-0.063236	0.052576	-0.017778	-0.031994	0.292862	0.692673	-1.433831	1.000000
18.000000	3.000000	0.002661	0.000869	-0.072006	0.002627	0.000857	-0.071997	0.010978	-0.020532	0.020165	-1.094393	-0.777274	-0.600894	1.000000
5.000000	5.000000	0.009670	-0.006426	-0.077675	0.009686	-0.006419	-0.077663	-0.044628	0.084532	0.058487	0.544934	0.276011	1.212124	1.000000
3.000000	17.000000	0.001439	0.002187	-0.079649	0.001423	0.002192	-0.079620	-0.075168	0.077186	0.077950	0.101526	-1.349230	-0.577944	1.000000
8.000000	10.000000	0.006006	0.010389	-0.070998	0.005984	0.010392	-0.071020	-0.044562	0.058345	-0.055953	-3.527972	-2.345155	0.517233	1.000000
20.000000	18.000000	0.004808	-0.008538	-0.063007	0.004822	-0.008569	-0.062940	0.048758	0.093478	0.000110	-0.337439	0.770848	1.599639	1.000000
33.000000	12.000000	-0.003159	-0.003733	-0.071481	-0.003119	-0.003710	-0.071497	-0.109954	-0.014858	-0.065467	0.075359	3.115828	-2.537230	1.000000
2.000000	1.000000	-0.000804	0.001040	-0.072360	-0.000792	0.001078	-0.072290	0.015638	0.036098	0.025519	2.231567	2.270416	0.271301	1.000000
41.000000	11.000000	0.010259	-0.011046	-0.073206	0.010255	-0.011063	-0.073197	-0.004766	0.017307	0.015790	-1.338661	0.515984	2.342907	1.000000
11.000000	15.000000	0.010875	0.001721	-0.079709	0.010891	0.001734	-0.079707	-0.009790	0.011555	-0.005567	1.046532	1.045150	-0.451447	1.000000
32.000000	13.000000	-0.004938	0.010676	-0.072452	-0.004953	0.010670	-0.072450	-0.019440	0.030582	0.116682	1.270290	-1.064861	0.413868	1.000000
12.000000	16.000000	-0.004204	0.008517	-0.069857	-0.004197	0.008526	-0.069845	-0.039536	0.040828	0.060310	-0.883384	0.092982	-0.962138	1.000000
17.000000	21.000000	0.005072	-0.011414	-0.079276	0.005084	-0.011416	-0.079275	-0.008314	0.049726	0.037847	1.044422	-0.189396	0.037951	1.000000
15.000000	19.000000	0.009358	0.002501	-0.071312	0.009363	0.002490	-0.071300	-0.022207	0.013303	-0.067655	0.422754	-0.816265	2.751545	1.000000
14.000000	7.000000	-0.000720	-0.007149	-0.075378	-0.000721	-0.007142	-0.075392	-0.014115	0.030049	-0.065820	-0.199181	1.320946	-0.491122	1.000000
16.000000	24.000000	-0.001882	-0.010843	-0.064050	-0.001895	-0.010835	-0.064047	0.041760	-0.002930	-0.060324	-1.745995	0.914827	-0.672264	1.000000
21.000000	31.000000	0.009569	-0.012488	-0.069792	0.009565	-0.012514	-0.069792	-0.014492	0.000136	-0.037964	0.611604	-0.286762	3.535699	1.000000
19.000000	6.000000	0.012122	-0.002455	-0.063159	0.012128	-0.002418	-0.063183	-0.098396	0.229183	0.082938	-1.546376	0.749212	-1.378585	1.000000
7.000000	22.000000	0.002253	0.005490	-0.076473	0.002243	0.005497	-0.076467	-0.047636	-0.039953	0.000781	1.428779	0.892946	-0.930406	1.000000
36.000000	25.000000	0.013939	0.000052	-0.069772	0.013928	0.000054	-0.069777	0.026506	0.038519	0.047602	-1.438676	0.641133	1.726961	1.000000
27.000000	26.000000	-0.009973	0.005724	-0.066855	-0.009958	0.005680	-0.066871	-0.121734	0.004436	0.105346	0.756248	-0.993432	1.986812	1.000000
23.000000	32.000000	-0.013346	0.007694	-0.072601	-0.013340	0.007695	-0.072613	-0.027603	0.007765	0.018921	-0.477554	0.532895	-0.764319	1.000000
24.000000	53.000000	-0.003658	-0.009397	-0.074756	-0.003624	-0.009431	-0.074702	-0.066388	0.027867	0.005179	-0.163120	0.156050	9.832534	1.000000
31.000000	29.000000	0.013130	0.008614	-0.074333	0.013119	0.008584	-0.074331	-0.045244	0.060304	-0.080216	-1.117804	-2.045774	1.680176	1.000000
9.000000	27.000000	0.009746	0.001758	-0.082381	0.009741	0.001772	-0.082388	0.007379	0.036518	-0.046356	-0.289786	-0.429404	0.513544	1.000000
57.000000	23.000000	-0.009429	0.003303	-0.066309	-0.009425	0.003292	-0.066335	0.003063	0.055056	0.115232	0.938408	-0.537185	-1.829467	1.000000
28.000000	8.000000	0.003944	-0.002072	-0.071021	0.003954	-0.002086	-0.071065	-0.065562	0.029993	0.070663	-1.147062	-0.498611	-0.703000	1.000000
26.000000	28.000000	0.010716	-0.006833	-0.066439	0.010706	-0.006817	-0.066456	-0.041837	0.021013	0.074281	-1.727466	2.081510	-1.180629	1.000000
29.000000	34.000000	0.003904	0.011992	-0.084718	0.003904	0.011980	-0.084742	-0.156215	0.021205	-0.061762	3.480727	-2.780030	-0.613740	1.000000
53.000000	52.000000	-0.005359	-0.008558	-0.084013	-0.005304	-0.008535	-0.083965	-0.029108	-0.050524	-0.014073	1.941046	0.359097	-5.654536	1.000000
35.000000	33.000000	-0.010585	-0.006560	-0.073558	-0.010571	-0.006552	-0.073570	-0.029651	0.064348	0.083372	0.849683	0.818137	-0.362722	1.000000
13.000000	30.000000	-0.011622	0.006410	-0.064541	-0.011627	0.006399	-0.064576	-0.078422	0.017901	0.109520	2.108339	-0.211143	0.316206	1.000000
22.000000	20.000000	-0.012719	-0.008439	-0.070324	-0.012693	-0.008406	-0.070324	0.014499	0.045462	0.069203	-0.039147	-1.006887	0.984643	1.000000
34.000000	37.000000	-0.005549	-0.011752	-0.071863	-0.005616	-0.011770	-0.071851	-0.010402	0.060861	0.085047	1.357670	0.593398	1.385531	1.000000
25.000000	36.000000	-0.005319	0.011713	-0.076297	-0.005323	0.011725	-0.076350	-0.080935	-0.051904	0.043220	-1.100092	0.096340	3.720318	1.000000
59.000000	41.000000	0.010639	0.007984	-0.061138	0.010628	0.007988	-0.061135	0.143807	0.045557	0.005645	0.670996	5.194264	2.107684	1.000000
30.000000	62.000000	-0.012160	0.007870	-0.066280	0.000000	0.000000	0.000000	0.000000	0.000000	0.000000	0.000000	0.000000	0.000000	0.000000
38.000000	39.000000	-0.003743	-0.006789	-0.078277	-0.003756	-0.006835	-0.078223	0.020023	-0.004715	0.042067	-0.379276	1.843093	-4.186981	1.000000
37.000000	40.000000	-0.009736	0.012585	-0.073680	-0.009704	0.012594	-0.073643	-0.052195	-0.042850	0.066352	0.951707	-1.791182	-0.610858	1.000000
40.000000	59.000000	0.003462	-0.002743	-0.086130	0.003458	-0.002746	-0.086158	-0.011059	0.060945	0.090292	-4.116798	-2.554118	0.914236	1.000000
39.000000	38.000000	0.003909	0.004124	-0.079096	0.003907	0.004113	-0.079090	-0.006635	0.132904	0.049780	1.503933	0.063561	1.128122	1.000000
0.000000	-1.000000	-0.008285	-0.007158	-0.060414	0.000000	0.000000	0.000000	0.000000	0.000000	0.000000	0.000000	0.000000	0.000000	0.000000
58.000000	60.000000	-0.010093	0.004892	-0.061092	-0.010123	0.004882	-0.061063	0.018505	0.017334	0.064587	0.118689	-0.553144	-1.105330	1.000000
42.000000	14.000000	-0.010688	-0.006685	-0.077519	-0.010670	-0.006660	-0.077511	-0.124044	0.003620	-0.020962	2.314536	0.241937	0.033319	1.000000
10.000000	54.000000	-0.008551	-0.009646	-0.075950	-0.008543	-0.009645	-0.075970	0.000363	0.006906	0.044880	0.381708	0.284314	-0.921698	1.000000
54.000000	46.000000	-0.012754	-0.010707	-0.081767	-0.012760	-0.010704	-0.081725	-0.026546	-0.036833	0.025511	1.558441	-0.831169	2.567495	1.000000
46.000000	48.000000	-0.001847	-0.007342	-0.070301	-0.001853	-0.007360	-0.070259	0.015139	0.017718	-0.110500	0.295068	-1.121943	0.313130	1.000000
50.000000	42.000000	0.009522	-0.004371	-0.081223	0.009481	-0.004390	-0.081235	-0.144172	0.130889	0.006224	1.155186	-0.454528	-1.488390	1.000000
48.000000	45.000000	0.005934	0.014205	-0.082094	0.005934	0.014213	-0.082086	-0.139071	0.002315	-0.025544	0.837376	-0.721832	-0.722214	1.000000
49.000000	50.000000	0.008417	-0.015567	-0.076816	0.008445	-0.015543	-0.076822	0.076767	0.010280	0.065954	0.679255	-0.742734	-0.604164	1.000000
44.000000	44.000000	0.010677	-0.011392	-0.074840	0.010661	-0.011382	-0.074865	-0.016380	-0.001126	0.048809	4.163334	-0.531165	-1.356380	1.000000
43.000000	9.000000	0.003862	-0.008620	-0.079666	0.003895	-0.008559	-0.079674	-0.010558	0.063505	-0.033887	4.520914	1.882129	-1.499138	1.000000
52.000000	47.000000	-0.008102	-0.011088	-0.071518	-0.008094	-0.011062	-0.071493	0.040309	0.031676	0.081675	1.662204	0.944404	0.090790	1.000000
45.000000	51.000000	0.014865	-0.010118	-0.064946	0.014873	-0.010129	-0.064975	-0.082728	0.091337	0.034826	5.473893	-0.527550	-0.784135	1.000000
6.000000	2.000000	-0.007102	0.001847	-0.061482	-0.007110	0.001808	-0.061379	0.062034	0.029815	0.040597	4.882867	-6.187562	3.489760	1.000000
51.000000	49.000000	-0.011039	-0.014954	-0.078533	-0.011075	-0.014955	-0.078505	0.014099	-0.017856	0.024793	-0.437242	0.801148	-1.999613	1.000000
55.000000	58.000000	-0.013874	0.006184	-0.074488	-0.013842	0.006177	-0.074430	0.001068	0.010598	0.044677	0.210779	-0.170473	-0.622559	1.000000
0.000000	57.000000	0.003076	-0.014937	-0.081989	0.000000	0.000000	0.000000	0.000000	0.000000	0.000000	0.000000	0.000000	0.000000	0.000000
56.000000	56.000000	0.009730	-0.014958	-0.073580	0.009690	-0.014967	-0.073569	0.045342	-0.034618	-0.033449	-3.162345	-2.639350	0.852730	1.000000
66.000000	64.000000	-0.015575	0.007710	-0.073646	0.000000	0.000000	0.000000	0.000000	0.000000	0.000000	0.000000	0.000000	0.000000	0.000000
63.000000	-1.000000	-0.006715	-0.006428	-0.060037	0.000000	0.000000	0.000000	0.000000	0.000000	0.000000	0.000000	0.000000	0.000000	0.000000
60.000000	63.000000	-0.014587	0.002915	-0.063320	0.000000	0.000000	0.000000	0.000000	0.000000	0.000000	0.000000	0.000000	0.000000	0.000000
65.000000	61.000000	-0.004912	0.012454	-0.068974	-0.004854	0.012467	-0.069041	0.004192	-0.034539	0.113735	-0.240505	-0.172620	0.530053	1.000000
62.000000	66.000000	-0.012692	-0.001515	-0.081616	0.000000	0.000000	0.000000	0.000000	0.000000	0.000000	0.000000	0.000000	0.000000	0.000000
67.000000	67.000000	-0.016044	0.001296	-0.081244	0.000000	0.000000	0.000000	0.000000	0.000000	0.000000	0.000000	0.000000	0.000000	0.000000
68.000000	65.000000	-0.016988	0.009868	-0.074940	0.000000	0.000000	0.000000	0.000000	0.000000	0.000000	0.000000	0.000000	0.000000	0.000000
69.000000	68.000000	0.016179	-0.002000	-0.066637	0.000000	0.000000	0.000000	0.000000	0.000000	0.000000	0.000000	0.000000	0.000000	0.000000
