4.000000	3.000000	0.001734	0.001876	-0.079942	0.001726	0.001875	-0.079928	-0.076629	0.082806	0.079905	0.021048	-1.301554	-0.809667	1.000000
3.000000	2.000000	-0.000832	0.000918	-0.072409	-0.000820	0.000960	-0.072384	0.002616	0.021770	0.023435	3.242347	1.852722	-0.745067	1.000000
6.000000	19.000000	0.012485	-0.003303	-0.063513	0.012518	-0.003320	-0.063521	-0.089992	0.222129	0.086313	-2.734145	2.599223	-1.078821	1.000000
1.000000	1.000000	0.009391	0.002044	-0.061065	0.009384	0.002052	-0.061050	0.033493	0.183195	-0.035937	2.175466	-1.784488	-0.370724	1.000000
9.000000	5.000000	0.009850	-0.006764	-0.077893	0.009875	-0.006755	-0.077886	-0.048680	0.082837	0.052417	0.388258	0.357930	0.853071	1.000000
8.000000	7.000000	0.002452	0.005667	-0.076467	0.002444	0.005657	-0.076485	-0.053134	-0.041215	0.007871	1.133310	0.050574	-1.293954	1.000000
2.000000	18.000000	0.002568	0.000942	-0.072100	0.002574	0.000931	-0.072075	0.016305	-0.016306	0.022060	-0.715393	-0.757192	-0.835121	1.000000
29.000000	9.000000	0.009725	0.001616	-0.082189	0.009700	0.001621	-0.082205	0.010335	0.037549	-0.046249	-0.148608	-0.265699	0.409247	1.000000
10.000000	47.000000	-0.005082	-0.007231	-0.063129	-0.005127	-0.007250	-0.063106	0.053519	-0.016886	-0.026407	0.152976	0.512705	-0.586258	1.000000
14.000000	14.000000	-0.000664	-0.007253	-0.075116	-0.000665	-0.007250	-0.075139	-0.013190	0.024433	-0.062135	-0.042691	1.364260	-0.397902	1.000000
16.000000	12.000000	-0.004053	0.008363	-0.070105	-0.004048	0.008368	-0.070095	-0.035026	0.038443	0.065629	-0.735698	0.466931	-0.913311	1.000000
13.000000	15.000000	0.009452	0.002437	-0.070996	0.009456	0.002433	-0.071010	-0.024175	0.016668	-0.077823	0.253388	-0.751954	2.701024	1.000000
0.000000	6.000000	-0.007310	0.001631	-0.061490	0.000000	0.000000	0.000000	0.000000	0.000000	0.000000	0.000000	0.000000	0.000000	0.000000
7.000000	4.000000	0.002768	-0.006394	-0.079232	0.002751	-0.006394	-0.079265	-0.066050	0.094659	0.013846	-0.245394	0.533679	-0.853012	1.000000
32.000000	17.000000	0.005148	-0.011611	-0.079422	0.005124	-0.011615	-0.079426	-0.012013	0.049772	0.038614	0.915012	-0.091801	-0.099030	1.000000
30.000000	13.000000	-0.011274	0.006325	-0.065018	-0.011287	0.006326	-0.065010	-0.088647	0.018635	0.108324	2.118926	-0.333992	0.520877	1.000000
56.000000	21.000000	0.009629	-0.012489	-0.069614	0.009631	-0.012522	-0.069610	-0.018369	0.002109	-0.051231	1.028151	-0.049749	2.708097	1.000000
27.000000	11.000000	0.010917	0.001692	-0.079670	0.010940	0.001697	-0.079686	-0.014791	0.006607	-0.004056	1.213439	0.976240	-0.168110	1.000000
21.000000	20.000000	0.004567	-0.008927	-0.062934	0.004643	-0.008936	-0.062924	0.045503	0.092798	-0.015203	0.847224	1.171253	1.937873	1.000000
11.000000	28.000000	0.004219	-0.002211	-0.071365	0.004206	-0.002212	-0.071348	-0.060084	0.032615	0.073090	-1.238484	-0.360122	-0.421870	1.000000
18.000000	31.000000	0.013285	0.008327	-0.073969	0.013300	0.008324	-0.073994	-0.042549	0.071548	-0.086975	-0.521509	-1.919552	1.729279	1.000000
23.000000	25.000000	-0.005033	0.011903	-0.076528	-0.005018	0.011927	-0.076471	-0.074368	-0.051641	0.021468	-1.894893	-1.048196	4.023039	1.000000
20.000000	23.000000	-0.013234	0.007670	-0.072711	-0.013235	0.007670	-0.072697	-0.025315	0.005066	0.022951	-0.313296	0.571897	-1.136740	1.000000
15.000000	33.000000	-0.002738	-0.003666	-0.071256	-0.002687	-0.003618	-0.071262	-0.110257	-0.031463	-0.052532	-1.315240	2.778604	-3.041554	1.000000
26.000000	26.000000	0.010866	-0.006896	-0.066757	0.010852	-0.006873	-0.066763	-0.031552	0.007483	0.079423	-1.906178	2.570544	-1.026152	1.000000
24.000000	30.000000	-0.011922	0.007693	-0.066598	0.000000	0.000000	0.000000	0.000000	0.000000	0.000000	0.000000	0.000000	0.000000	0.000000
49.000000	49.000000	0.008109	-0.015577	-0.077175	0.008160	-0.015588	-0.077087	0.072966	0.013066	0.067473	0.875546	-0.503960	-0.445021	1.000000
31.000000	34.000000	-0.005575	-0.012004	-0.072182	-0.005569	-0.012010	-0.072175	-0.012442	0.060128	0.073518	0.861875	0.538924	1.520260	1.000000
36.000000	16.000000	-0.002046	-0.010818	-0.063807	-0.002079	-0.010815	-0.063815	0.050679	-0.006974	-0.057466	-1.328628	0.868986	-0.666625	1.000000
19.000000	27.000000	-0.009428	0.005694	-0.067253	-0.009479	0.005651	-0.067289	-0.121878	0.012431	0.098790	-0.203966	-0.542074	2.340939	1.000000
25.000000	29.000000	0.004528	0.011864	-0.084459	0.004549	0.011882	-0.084500	-0.168053	0.030995	-0.056885	2.663482	-2.645784	-1.126519	1.000000
22.000000	36.000000	0.013825	-0.000100	-0.070009	0.013813	-0.000092	-0.069945	0.033685	0.034762	0.038381	-1.424076	0.966314	1.790150	1.000000
35.000000	37.000000	-0.009492	0.012752	-0.073904	-0.009488	0.012749	-0.073923	-0.055245	-0.035629	0.070823	0.612626	-1.517742	-0.217391	1.000000
34.000000	38.000000	-0.003826	-0.006804	-0.078461	-0.003850	-0.006798	-0.078408	0.021253	-0.009811	0.052282	-0.167026	2.004688	-2.483209	1.000000
60.000000	35.000000	-0.010464	-0.006803	-0.073909	-0.010436	-0.006803	-0.073909	-0.035210	0.061041	0.082460	0.917167	0.891542	0.095426	1.000000
33.000000	32.000000	-0.004867	0.010546	-0.072934	-0.004863	0.010540	-0.072911	-0.024469	0.034510	0.114318	1.519584	-1.027735	0.698171	1.000000
38.000000	59.000000	0.010047	0.007851	-0.061121	0.010066	0.007843	-0.061134	0.135896	0.028052	-0.007755	3.284632	3.557900	4.592532	1.000000
57.000000	58.000000	-0.010180	0.004834	-0.061279	-0.010191	0.004816	-0.061326	0.017469	0.018865	0.066843	-0.211656	-0.639737	-0.912731	1.000000
42.000000	39.000000	0.003946	0.003580	-0.079279	0.003946	0.003582	-0.079280	-0.012204	0.133393	0.044821	1.318431	-0.289710	1.362637	1.000000
41.000000	64.000000	0.010280	-0.011400	-0.071512	0.010280	-0.011398	-0.071509	-0.021107	0.062857	0.026643	-1.053571	18.303570	20.696427	1.000000
12.000000	41.000000	0.010242	-0.011144	-0.073221	0.010247	-0.011126	-0.073223	-0.002634	0.015469	0.011450	0.758741	0.352398	-0.804321	1.000000
43.000000	42.000000	-0.010138	-0.006689	-0.077386	-0.010156	-0.006682	-0.077393	-0.134333	0.001210	-0.017583	2.966206	1.998982	-5.653952	1.000000
28.000000	44.000000	0.010712	-0.011391	-0.075084	0.010758	-0.011384	-0.075075	-0.031782	0.002612	0.057443	3.794569	-1.182727	-2.431243	1.000000
47.000000	53.000000	-0.005193	-0.008366	-0.083941	-0.005165	-0.008330	-0.083956	-0.042845	-0.051222	0.015951	3.138793	-0.328390	-5.286078	1.000000
44.000000	10.000000	-0.008524	-0.009669	-0.076077	-0.008543	-0.009670	-0.076160	-0.000036	0.005367	0.050486	0.447167	0.527848	-1.232073	1.000000
48.000000	46.000000	-0.001904	-0.007424	-0.069843	-0.001910	-0.007442	-0.069816	0.013135	0.022229	-0.112632	0.221730	-1.006902	0.188178	1.000000
54.000000	45.000000	0.015255	-0.010505	-0.065136	0.015246	-0.010496	-0.065124	-0.107957	0.102865	0.042927	7.002247	-4.595904	-2.994255	1.000000
5.000000	43.000000	0.003963	-0.008786	-0.079543	0.003988	-0.008794	-0.079560	-0.032256	0.055525	-0.022796	4.706885	1.191514	-3.121549	1.000000
58.000000	24.000000	-0.003404	-0.009557	-0.074618	-0.003360	-0.009540	-0.074649	-0.066896	0.022412	-0.023068	0.136476	1.676761	5.774911	1.000000
52.000000	51.000000	-0.011112	-0.014878	-0.078647	-0.011139	-0.014880	-0.078620	0.016099	-0.020588	0.034060	0.381388	1.155417	-3.250540	1.000000
53.000000	48.000000	0.006441	0.014187	-0.081990	0.006502	0.014187	-0.081975	-0.142880	0.007668	-0.025407	0.415124	-0.845122	-0.885242	1.000000
45.000000	54.000000	-0.012614	-0.010566	-0.081761	-0.012638	-0.010563	-0.081808	-0.035011	-0.033103	0.015998	2.673826	-1.033966	2.188998	1.000000
50.000000	52.000000	-0.008231	-0.011202	-0.071799	-0.008242	-0.011176	-0.071820	0.032150	0.026353	0.082921	1.737065	0.509629	0.360092	1.000000
63.000000	50.000000	0.010067	-0.004848	-0.081231	0.010063	-0.004914	-0.081277	-0.147737	0.133044	0.015342	1.155974	-1.128811	-2.874380	1.000000
51.000000	22.000000	-0.012788	-0.008550	-0.070651	-0.012758	-0.008607	-0.070558	0.013855	0.051779	0.056411	0.183453	-0.812684	0.859424	1.000000
55.000000	55.000000	-0.013865	0.006136	-0.074664	-0.013844	0.006133	-0.074612	0.000923	0.011265	0.048563	0.153698	-0.272970	-0.403014	1.000000
0.000000	-1.000000	0.002739	-0.015175	-0.081758	0.000000	0.000000	0.000000	0.000000	0.000000	0.000000	0.000000	0.000000	0.000000	0.000000
64.000000	56.000000	0.009543	-0.014854	-0.073467	0.009485	-0.014861	-0.073445	0.059961	-0.020681	-0.034254	-2.534503	-2.827498	-0.147575	1.000000
0.000000	8.000000	0.006091	0.010137	-0.070809	0.000000	0.000000	0.000000	0.000000	0.000000	0.000000	0.000000	0.000000	0.000000	0.000000
59.000000	65.000000	-0.004848	0.012628	-0.069477	-0.004872	0.012599	-0.069493	0.005063	-0.031714	0.112533	-0.213877	-0.589698	0.622470	1.000000
17.000000	-1.000000	0.006336	0.010164	-0.070809	0.000000	0.000000	0.000000	0.000000	0.000000	0.000000	0.000000	0.000000	0.000000	0.000000
39.000000	57.000000	-0.009441	0.003036	-0.066907	-0.009430	0.003066	-0.066805	-0.001491	0.057106	0.121357	1.137679	-0.274102	-1.356920	1.000000
0.000000	-1.000000	0.013073	0.010614	-0.073694	0.000000	0.000000	0.000000	0.000000	0.000000	0.000000	0.000000	0.000000	0.000000	0.000000
40.000000	63.000000	-0.007118	-0.006445	-0.060269	-0.007108	-0.006454	-0.060259	0.089951	0.007348	0.056175	2.086913	-1.460789	1.443806	1.000000
61.000000	66.000000	-0.015466	0.007777	-0.073689	0.000000	0.000000	0.000000	0.000000	0.000000	0.000000	0.000000	0.000000	0.000000	0.000000
62.000000	40.000000	0.003470	-0.003032	-0.086515	0.003471	-0.003017	-0.086509	0.004196	0.074962	0.094577	-3.646603	-4.455544	-2.476024	1.000000
37.000000	62.000000	-0.012000	-0.001168	-0.081830	0.000000	0.000000	0.000000	0.000000	0.000000	0.000000	0.000000	0.000000	0.000000	0.000000
65.000000	67.000000	-0.015321	0.001240	-0.081313	0.000000	0.000000	0.000000	0.000000	0.000000	0.000000	0.000000	0.000000	0.000000	0.000000
66.000000	68.000000	-0.016823	0.009726	-0.074915	0.000000	0.000000	0.000000	0.000000	0.000000	0.000000	0.000000	0.000000	0.000000	0.000000
68.000000	69.000000	0.016165	-0.002352	-0.066791	0.000000	0.000000	0.000000	0.000000	0.000000	0.000000	0.000000	0.000000	0.000000	0.000000
