1.000000	18.000000	-0.003337	0.004225	-0.069905	-0.003340	0.004222	-0.069889	-0.161125	0.091502	0.044487	1.277995	-3.685540	3.169262	1.000000
2.000000	1.000000	0.000839	-0.000380	-0.075122	0.000861	-0.000384	-0.075113	0.003147	0.027387	0.001129	1.471856	1.081198	0.502786	1.000000
5.000000	3.000000	0.008088	-0.000942	-0.081129	0.008113	-0.000931	-0.081105	0.044939	0.073640	0.028445	2.019584	-1.352737	0.762660	1.000000
7.000000	5.000000	-0.004766	-0.006730	-0.078515	-0.004755	-0.006718	-0.078489	-0.041162	-0.014006	0.063171	1.152686	1.867945	-2.794169	1.000000
8.000000	16.000000	-0.006048	0.006130	-0.066390	-0.006063	0.006134	-0.066390	-0.124702	0.080249	0.082561	-0.497162	-0.747132	1.422115	1.000000
11.000000	45.000000	0.011036	-0.009473	-0.068395	0.011051	-0.009483	-0.068409	-0.006176	-0.081817	0.042027	0.215177	-1.109379	0.470943	1.000000
4.000000	4.000000	0.004704	-0.012019	-0.081653	0.004691	-0.012012	-0.081615	-0.002936	0.096357	0.052485	-0.099178	-0.694047	-0.565344	1.000000
10.000000	7.000000	-0.001119	0.008611	-0.077455	-0.001132	0.008576	-0.077461	-0.014275	0.026978	0.012672	-1.719627	-2.589995	0.488803	1.000000
29.000000	11.000000	-0.005917	0.000655	-0.081069	-0.005953	0.000635	-0.081107	-0.105314	0.050137	0.005208	-0.521799	-3.866548	-1.287245	1.000000
13.000000	8.000000	0.007791	-0.012142	-0.074295	0.007795	-0.012149	-0.074315	0.026043	0.063699	0.018058	1.423319	-1.993573	1.715682	1.000000
44.000000	69.000000	0.011219	-0.008352	-0.065501	0.011229	-0.008329	-0.065442	0.047688	0.004869	-0.049280	0.294866	-0.210328	2.440403	1.000000
14.000000	12.000000	0.013478	-0.000893	-0.068150	0.013488	-0.000878	-0.068135	-0.079880	0.015535	-0.110719	2.724651	-1.104489	1.378096	1.000000
15.000000	17.000000	-0.006965	-0.008957	-0.080144	-0.006986	-0.008987	-0.080075	-0.023812	-0.008805	0.058281	-0.675741	-0.320099	-0.345382	1.000000
3.000000	31.000000	-0.002853	-0.008548	-0.062619	-0.002847	-0.008539	-0.062658	0.012873	-0.007844	-0.117510	-1.294511	0.491382	-0.560774	1.000000
33.000000	10.000000	0.001745	-0.002950	-0.068830	0.001740	-0.002962	-0.068833	-0.107939	0.055157	-0.057685	-0.989732	-1.612685	-0.601793	1.000000
9.000000	15.000000	0.002190	-0.005330	-0.070874	0.002189	-0.005336	-0.070967	-0.116611	-0.070498	0.008384	1.551354	-2.486240	-7.080596	1.000000
19.000000	67.000000	0.011137	0.000324	-0.064908	0.011137	0.000334	-0.064881	0.001078	0.026433	-0.074519	-2.270342	1.476641	-0.618213	1.000000
16.000000	19.000000	-0.011550	0.001846	-0.066744	-0.011530	0.001866	-0.066741	-0.006184	0.044860	0.083965	2.890873	0.795722	-1.034845	1.000000
12.000000	9.000000	-0.002605	0.011187	-0.077083	-0.002600	0.011181	-0.077078	-0.032644	0.040201	0.043146	-0.960987	-1.183497	-0.331741	1.000000
6.000000	20.000000	-0.003229	0.005515	-0.071435	-0.003233	0.005491	-0.071429	-0.049800	0.019926	0.066188	-2.043601	0.823400	0.285088	1.000000
22.000000	54.000000	0.005275	-0.004833	-0.074969	0.005264	-0.004830	-0.074970	0.034052	0.059087	0.018723	0.075656	0.779681	1.222020	1.000000
23.000000	24.000000	-0.012328	0.008170	-0.074724	-0.012336	0.008169	-0.074717	-0.014633	-0.002349	0.043019	0.152308	-0.913771	-0.814162	1.000000
20.000000	13.000000	0.000811	-0.006543	-0.071104	0.000863	-0.006498	-0.071185	-0.082404	-0.109083	-0.010624	-0.261345	-0.690971	-6.869386	1.000000
0.000000	6.000000	-0.008096	-0.003468	-0.064581	0.000000	0.000000	0.000000	0.000000	0.000000	0.000000	0.000000	0.000000	0.000000	0.000000
18.000000	33.000000	-0.008372	0.006400	-0.072862	-0.008397	0.006407	-0.072854	-0.054167	0.068963	0.082626	-2.030803	-1.247347	-0.118741	1.000000
47.000000	22.000000	0.002366	0.000970	-0.075703	0.002348	0.000990	-0.075680	-0.002582	0.022973	0.072391	0.138325	-0.667018	0.678311	1.000000
24.000000	25.000000	0.004733	-0.012410	-0.069023	0.004742	-0.012410	-0.069012	0.029588	-0.092902	-0.000868	0.247953	0.892224	1.266798	1.000000
32.000000	23.000000	0.004976	-0.010902	-0.061996	0.004997	-0.010896	-0.061979	-0.078123	-0.001714	-0.012721	4.736975	-2.094809	-0.334846	1.000000
34.000000	27.000000	0.010467	-0.006147	-0.071111	0.010478	-0.006148	-0.071096	0.031103	-0.003416	-0.009751	0.480817	0.908950	2.996835	1.000000
28.000000	28.000000	-0.007419	0.013743	-0.076160	-0.007416	0.013746	-0.076158	-0.015232	-0.012428	0.005046	0.425414	0.224435	0.711039	1.000000
31.000000	36.000000	-0.005425	-0.007765	-0.060032	-0.005440	-0.007764	-0.060069	0.049171	-0.099655	-0.032291	0.382374	0.355427	-2.628354	1.000000
21.000000	26.000000	0.011562	-0.010529	-0.080832	0.011558	-0.010542	-0.080861	0.002320	0.043981	0.033915	-1.078620	1.491637	4.003945	1.000000
26.000000	32.000000	-0.006771	-0.001809	-0.073467	-0.006781	-0.001807	-0.073453	-0.057435	0.115140	0.073213	-0.098978	-0.638028	0.359966	1.000000
35.000000	40.000000	-0.010782	0.004906	-0.068743	-0.010780	0.004905	-0.068720	-0.122017	0.090970	0.073572	2.107113	-1.717027	1.159908	1.000000
30.000000	21.000000	0.006699	0.005242	-0.078868	0.006668	0.005300	-0.078843	-0.117266	0.041204	0.082881	4.547141	0.184842	-1.450689	1.000000
40.000000	38.000000	-0.005775	0.012109	-0.074470	-0.005777	0.012113	-0.074465	0.017036	0.036080	0.046207	0.342796	0.042126	0.737860	1.000000
38.000000	61.000000	-0.002430	-0.003995	-0.080465	-0.002412	-0.004023	-0.080443	-0.057821	0.004520	-0.005877	-0.618228	-1.171662	1.816495	1.000000
27.000000	49.000000	0.010970	0.014629	-0.077260	0.010924	0.014641	-0.077357	0.004970	0.133558	-0.030631	4.031304	-0.825915	2.762204	1.000000
37.000000	37.000000	-0.011640	-0.008113	-0.067222	-0.011657	-0.008116	-0.067287	-0.085005	0.127226	0.115675	-0.372752	-2.176023	1.465838	1.000000
42.000000	59.000000	-0.008617	-0.004602	-0.082362	-0.008630	-0.004612	-0.082343	-0.102158	-0.031244	0.130785	0.061938	0.410714	1.429196	1.000000
39.000000	-1.000000	-0.012911	0.000742	-0.067851	0.000000	0.000000	0.000000	0.000000	0.000000	0.000000	0.000000	0.000000	0.000000	0.000000
43.000000	30.000000	-0.006851	-0.009926	-0.077225	-0.006855	-0.009882	-0.077288	-0.032985	0.039235	0.026425	-0.136215	0.340575	0.881542	1.000000
17.000000	52.000000	-0.009062	-0.000772	-0.066902	-0.009058	-0.000721	-0.066927	-0.048320	0.034602	0.121602	7.056276	-2.458874	4.202922	1.000000
58.000000	2.000000	0.007516	0.005765	-0.061973	0.007495	0.005773	-0.062008	0.009974	0.044057	-0.225670	-2.317792	1.138319	4.541033	1.000000
45.000000	70.000000	0.002154	-0.009718	-0.086076	0.002125	-0.009673	-0.086138	-0.065419	0.090929	-0.028443	-3.774235	0.902568	1.370479	1.000000
46.000000	42.000000	-0.013121	-0.011998	-0.072620	-0.013112	-0.012022	-0.072638	-0.000527	0.054242	0.005880	0.362210	-0.883979	1.313189	1.000000
52.000000	44.000000	0.007336	-0.014544	-0.082831	0.007344	-0.014531	-0.082829	-0.046298	0.030745	0.094212	-1.468282	4.180569	0.933816	1.000000
48.000000	55.000000	-0.010870	-0.009880	-0.081508	-0.010872	-0.009868	-0.081520	-0.027602	0.003579	0.012450	0.450549	-1.401598	2.449051	1.000000
51.000000	43.000000	-0.008068	-0.013605	-0.076312	-0.008030	-0.013571	-0.076344	-0.032021	0.036317	0.077009	1.263678	0.660889	-0.178282	1.000000
57.000000	35.000000	0.009169	-0.010459	-0.061382	0.009143	-0.010488	-0.061336	-0.097956	0.235320	0.045810	-0.974775	-2.631868	-0.037962	1.000000
49.000000	29.000000	-0.004281	-0.014042	-0.075761	-0.004291	-0.014084	-0.075756	-0.020390	0.019264	0.042920	-0.814355	-0.808871	0.446208	1.000000
55.000000	53.000000	0.007056	-0.013232	-0.067921	0.007048	-0.013193	-0.067860	-0.059133	-0.085448	-0.007533	2.329644	0.876987	-1.222931	1.000000
65.000000	58.000000	-0.014059	0.007101	-0.075808	-0.014037	0.007092	-0.075814	-0.037843	0.029678	0.046383	0.744056	-0.512861	0.039890	1.000000
0.000000	51.000000	-0.014137	0.004668	-0.077034	0.000000	0.000000	0.000000	0.000000	0.000000	0.000000	0.000000	0.000000	0.000000	0.000000
0.000000	-1.000000	-0.011362	-0.015193	-0.078554	0.000000	0.000000	0.000000	0.000000	0.000000	0.000000	0.000000	0.000000	0.000000	0.000000
25.000000	68.000000	-0.002322	0.006919	-0.074899	-0.002322	0.006902	-0.074930	-0.014440	0.024709	0.082602	-0.944471	-0.855932	0.407516	1.000000
59.000000	39.000000	0.000444	-0.014946	-0.071319	0.000461	-0.014954	-0.071333	-0.019419	-0.049385	-0.084612	0.232696	0.280655	4.189708	1.000000
0.000000	62.000000	-0.008772	0.013897	-0.067106	0.000000	0.000000	0.000000	0.000000	0.000000	0.000000	0.000000	0.000000	0.000000	0.000000
66.000000	57.000000	-0.007143	-0.012766	-0.084449	-0.007126	-0.012758	-0.084479	-0.009317	-0.075741	0.054391	1.078593	0.969201	-2.102645	1.000000
56.000000	60.000000	0.010169	-0.013875	-0.073391	0.010181	-0.013843	-0.073362	0.071730	0.020310	-0.007862	-0.458632	2.586466	3.883094	1.000000
0.000000	56.000000	-0.013797	0.009939	-0.075569	0.000000	0.000000	0.000000	0.000000	0.000000	0.000000	0.000000	0.000000	0.000000	0.000000
36.000000	63.000000	0.001118	0.010677	-0.063876	0.001102	0.010693	-0.063896	0.035244	0.039388	0.026435	-0.500111	-0.346073	-2.097603	1.000000
0.000000	-1.000000	-0.013778	-0.014729	-0.079890	0.000000	0.000000	0.000000	0.000000	0.000000	0.000000	0.000000	0.000000	0.000000	0.000000
61.000000	65.000000	0.005826	-0.005657	-0.081763	0.005840	-0.005643	-0.081680	-0.025835	0.143029	0.023598	-0.623295	-0.245089	0.604988	1.000000
62.000000	64.000000	-0.011330	0.011637	-0.078878	-0.011313	0.011631	-0.078899	-0.045519	0.028763	0.029144	-0.194915	0.464827	-1.294785	1.000000
50.000000	34.000000	-0.008380	-0.003423	-0.064382	-0.008311	-0.003424	-0.064465	-0.046009	-0.014074	0.099911	-9.170079	-0.259740	2.129870	1.000000
41.000000	41.000000	-0.011804	-0.008006	-0.065672	-0.011862	-0.008072	-0.065503	-0.111538	0.093978	0.142018	5.517422	-4.769190	1.925919	1.000000
63.000000	48.000000	-0.014564	0.010536	-0.072215	-0.014605	0.010607	-0.072347	-0.100153	-0.036331	0.064123	-0.360635	6.506812	0.485104	1.000000
54.000000	14.000000	0.005487	-0.002543	-0.082809	0.005439	-0.002582	-0.082869	-0.027081	0.059870	-0.015533	-0.837046	0.234836	-0.588286	1.000000
67.000000	50.000000	-0.007688	-0.011704	-0.085600	-0.007749	-0.011761	-0.085372	-0.038341	-0.110428	0.065986	2.182609	-0.212468	-1.820771	1.000000
60.000000	71.000000	-0.015954	-0.006977	-0.067831	-0.015966	-0.006982	-0.067823	-0.040121	0.028764	0.026098	0.303181	0.113830	0.334965	1.000000
68.000000	72.000000	0.002883	0.014685	-0.067229	0.002882	0.014644	-0.067271	-0.073911	0.083764	0.161937	2.733201	-4.996849	4.631995	1.000000
69.000000	73.000000	0.009085	-0.018437	-0.068894	0.009081	-0.018440	-0.068895	0.021812	-0.086578	-0.012184	-1.746503	-0.524475	-1.411339	1.000000
