3.000000	20.000000	0.001038	0.000007	-0.074795	0.001042	0.000011	-0.074811	0.012366	0.015037	0.037878	-1.336020	-1.091451	1.641416	1.000000
2.000000	2.000000	-0.005786	0.005153	-0.068891	-0.005780	0.005146	-0.068909	-0.140318	0.027932	0.069675	1.854015	-2.259770	0.473253	1.000000
1.000000	12.000000	0.002337	0.001265	-0.074506	0.002318	0.001268	-0.074493	-0.001988	0.010852	0.072011	0.050001	-0.995133	-0.561941	1.000000
4.000000	4.000000	-0.000032	-0.002426	-0.069832	-0.000025	-0.002425	-0.069833	-0.103177	0.011351	-0.065892	2.555306	-2.201202	0.467800	1.000000
22.000000	1.000000	0.007736	-0.007124	-0.060614	0.007771	-0.007152	-0.060602	-0.058491	0.180353	0.045445	3.717666	-3.073293	-0.220111	1.000000
12.000000	7.000000	0.000695	-0.006538	-0.071816	0.000731	-0.006520	-0.071789	-0.064024	-0.062564	-0.090160	2.529607	1.871868	-1.906921	1.000000
15.000000	16.000000	-0.007590	-0.004147	-0.062887	-0.007532	-0.004202	-0.062812	0.055144	-0.080658	0.105900	3.266233	-7.376123	-10.656343	1.000000
5.000000	31.000000	-0.005339	-0.006676	-0.077706	-0.005332	-0.006680	-0.077700	-0.041733	0.012912	0.043993	-1.913707	0.179919	-0.278049	1.000000
6.000000	17.000000	0.005282	0.005981	-0.077883	0.005261	0.005973	-0.077869	-0.066064	0.035559	0.037869	1.894677	-1.498142	-1.758210	1.000000
7.000000	22.000000	0.008379	-0.011429	-0.073903	0.008388	-0.011433	-0.073900	0.047225	0.027473	0.033930	0.990587	-1.968283	0.646557	1.000000
28.000000	13.000000	0.007526	0.006598	-0.065105	0.007543	0.006595	-0.065154	0.001620	0.057923	-0.173841	-0.576302	0.954999	2.461982	1.000000
26.000000	9.000000	0.010855	0.000934	-0.066185	0.010871	0.000934	-0.066187	-0.030668	0.044195	-0.089799	-1.079846	0.166104	-0.860590	1.000000
18.000000	11.000000	0.005662	-0.003863	-0.074457	0.005644	-0.003880	-0.074445	0.007353	0.052834	0.047896	-1.979019	-1.086600	1.499123	1.000000
10.000000	8.000000	0.004595	-0.010554	-0.080846	0.004598	-0.010557	-0.080844	-0.011072	0.087399	0.046195	-0.826102	-0.321562	-0.357537	1.000000
17.000000	18.000000	-0.007748	0.000973	-0.081222	-0.007743	0.000992	-0.081168	-0.118780	0.005287	-0.002140	-0.937844	-0.908140	0.343197	1.000000
16.000000	29.000000	0.012550	-0.000655	-0.069589	0.012549	-0.000656	-0.069582	-0.035780	0.013905	-0.066928	3.351489	-0.402263	2.772994	1.000000
13.000000	15.000000	-0.007413	-0.009142	-0.079247	-0.007431	-0.009157	-0.079196	-0.030955	-0.012461	0.056641	-0.383629	-0.309400	0.408422	1.000000
23.000000	19.000000	0.011521	-0.009879	-0.080193	0.011528	-0.009882	-0.080183	-0.005807	0.041266	0.048757	-2.632422	0.991064	-1.003037	1.000000
19.000000	30.000000	-0.007693	-0.000095	-0.072216	-0.007691	-0.000095	-0.072210	-0.055682	0.096805	0.085444	0.135108	-1.447992	1.075656	1.000000
24.000000	24.000000	-0.009494	0.007204	-0.071584	-0.009485	0.007190	-0.071591	-0.074180	0.024395	0.073921	0.074274	-2.876423	0.040573	1.000000
14.000000	27.000000	-0.008090	0.007310	-0.064913	-0.008086	0.007313	-0.064900	-0.123406	0.065953	0.101880	1.001434	-1.124848	0.765810	1.000000
25.000000	23.000000	-0.003224	0.011662	-0.076454	-0.003236	0.011660	-0.076465	-0.045860	0.022207	0.030962	-0.183631	-0.577580	-1.085641	1.000000
21.000000	28.000000	-0.012540	0.008038	-0.074131	-0.012538	0.008041	-0.074123	-0.010337	-0.012366	0.031977	0.210333	-0.322053	-0.309207	1.000000
29.000000	25.000000	0.004744	-0.001758	-0.083005	0.004751	-0.001772	-0.083033	-0.055574	0.043948	0.008090	-0.442873	0.224828	2.445964	1.000000
9.000000	26.000000	0.011009	-0.010958	-0.067804	0.011032	-0.010933	-0.067870	-0.002064	-0.092684	0.016875	-1.046071	1.011241	-2.059147	1.000000
20.000000	33.000000	-0.004612	-0.013764	-0.075088	-0.004620	-0.013758	-0.075107	-0.023258	0.016293	0.046759	0.063119	0.068789	-0.927507	1.000000
50.000000	52.000000	0.011760	0.007081	-0.081574	0.011740	0.007109	-0.081586	-0.106629	0.099640	-0.134375	-4.531374	0.857575	-5.414540	1.000000
11.000000	14.000000	-0.000235	-0.008063	-0.072023	-0.000225	-0.008055	-0.072008	-0.057233	-0.083777	-0.075112	0.277148	1.830426	-1.599059	1.000000
33.000000	41.000000	-0.007655	0.013545	-0.075979	-0.007645	0.013564	-0.075993	-0.015703	-0.010595	0.013469	-0.275365	0.071109	0.416914	1.000000
45.000000	10.000000	-0.002711	-0.008622	-0.064680	-0.002721	-0.008602	-0.064567	0.008554	0.001235	-0.115773	0.532713	0.987102	0.542074	1.000000
8.000000	21.000000	0.009071	-0.000036	-0.080599	0.009004	-0.000054	-0.080657	0.052113	0.034372	0.013394	-1.754926	-1.680867	-2.480891	1.000000
0.000000	6.000000	-0.004387	0.005798	-0.070476	0.000000	0.000000	0.000000	0.000000	0.000000	0.000000	0.000000	0.000000	0.000000	0.000000
39.000000	36.000000	0.004327	-0.011006	-0.062194	0.004360	-0.010968	-0.062177	-0.009177	0.004309	-0.009879	2.378488	1.358725	0.250238	1.000000
27.000000	34.000000	0.010964	-0.006097	-0.070797	0.010946	-0.006095	-0.070800	0.022046	0.006424	0.048824	-1.017838	-0.362767	3.370107	1.000000
31.000000	35.000000	-0.011299	0.002781	-0.065414	-0.011326	0.002773	-0.065416	0.023464	0.065196	0.086663	0.631460	0.216938	0.486471	1.000000
30.000000	-1.000000	0.011983	-0.008093	-0.065956	0.000000	0.000000	0.000000	0.000000	0.000000	0.000000	0.000000	0.000000	0.000000	0.000000
40.000000	48.000000	-0.004402	0.001210	-0.085744	-0.004338	0.001215	-0.085800	-0.144889	-0.034893	0.070737	-1.940476	0.125000	0.349206	1.000000
37.000000	40.000000	-0.003326	-0.004298	-0.080282	-0.003324	-0.004288	-0.080284	-0.052996	-0.039038	0.020546	0.543976	-2.343487	1.072268	1.000000
35.000000	37.000000	-0.007553	-0.009200	-0.076845	-0.007568	-0.009183	-0.076841	-0.061145	0.046072	0.031979	-1.542535	0.046688	1.347142	1.000000
36.000000	43.000000	-0.005464	0.012660	-0.073630	-0.005464	0.012665	-0.073629	0.021644	0.030494	0.060768	0.082618	-0.890910	1.080017	1.000000
41.000000	42.000000	-0.012417	0.006086	-0.067398	-0.012423	0.006091	-0.067419	-0.084440	0.056665	0.083684	2.045714	-2.331607	0.404633	1.000000
38.000000	45.000000	-0.004614	-0.009226	-0.060919	-0.004614	-0.009223	-0.060953	0.055934	-0.078656	-0.072771	0.240133	1.915451	-0.892664	1.000000
64.000000	47.000000	-0.012973	-0.006452	-0.065260	-0.012958	-0.006462	-0.065238	-0.058315	0.069787	0.145877	5.253625	-4.820826	1.535915	1.000000
44.000000	46.000000	-0.012444	-0.007475	-0.063059	-0.012454	-0.007469	-0.063073	0.055366	-0.006902	0.133274	12.060904	-1.114233	-7.285244	1.000000
46.000000	53.000000	-0.010133	-0.004996	-0.080308	-0.010132	-0.005028	-0.080244	-0.087937	-0.021361	0.107917	-3.444305	-0.268981	-7.935564	1.000000
47.000000	64.000000	0.000549	-0.008368	-0.086253	0.000472	-0.008325	-0.086210	-0.135119	0.066796	0.025473	-2.720957	-2.658229	3.121006	1.000000
48.000000	49.000000	0.005352	-0.003363	-0.081207	0.005354	-0.003356	-0.081200	-0.034640	0.143513	0.035910	-0.321637	0.153719	0.347885	1.000000
55.000000	50.000000	0.014579	-0.009542	-0.064549	0.014585	-0.009538	-0.064551	0.041749	0.130434	0.053968	-2.437937	2.920163	7.113636	1.000000
51.000000	54.000000	-0.013109	-0.011280	-0.072327	-0.013091	-0.011246	-0.072387	0.001935	0.045497	0.023421	-0.010976	0.110949	0.442219	1.000000
54.000000	55.000000	0.006507	-0.013890	-0.081435	0.006515	-0.013879	-0.081427	-0.050207	0.039083	0.069871	0.641305	0.111745	-2.469304	1.000000
59.000000	32.000000	0.007297	-0.012754	-0.083660	0.007318	-0.012732	-0.083619	-0.054525	0.098606	0.134108	1.658048	1.728412	-1.160027	1.000000
70.000000	38.000000	0.015292	-0.003119	-0.069487	0.015295	-0.003119	-0.069497	-0.007708	-0.030864	0.091219	1.833785	2.371388	1.657443	1.000000
52.000000	57.000000	-0.008377	-0.012931	-0.075118	-0.008379	-0.012917	-0.075136	-0.014842	0.043829	0.073862	0.744472	0.107217	-0.481872	1.000000
53.000000	56.000000	-0.001747	0.008710	-0.077036	-0.001750	0.008730	-0.077039	-0.065425	0.004714	0.044976	-2.475593	0.785016	2.196291	1.000000
32.000000	58.000000	-0.002659	0.007245	-0.073588	-0.002654	0.007240	-0.073601	-0.025025	0.019707	0.080129	-0.411498	-0.086674	-0.508611	1.000000
34.000000	39.000000	0.008875	-0.008941	-0.060466	0.008871	-0.008932	-0.060451	0.003355	0.245634	0.047404	1.033950	1.383875	-5.147180	1.000000
56.000000	-1.000000	0.005048	-0.013982	-0.068963	0.000000	0.000000	0.000000	0.000000	0.000000	0.000000	0.000000	0.000000	0.000000	0.000000
63.000000	5.000000	-0.009370	-0.000273	-0.065110	-0.009375	-0.000334	-0.065142	0.005976	0.037409	0.098786	4.623751	5.569930	-0.200425	1.000000
62.000000	60.000000	-0.013889	0.005154	-0.076462	-0.013883	0.005160	-0.076444	0.011498	0.031169	0.034232	-0.915383	-0.460439	-0.151893	1.000000
0.000000	61.000000	0.015539	0.004279	-0.067533	0.000000	0.000000	0.000000	0.000000	0.000000	0.000000	0.000000	0.000000	0.000000	0.000000
0.000000	-1.000000	-0.011124	-0.009902	-0.081510	0.000000	0.000000	0.000000	0.000000	0.000000	0.000000	0.000000	0.000000	0.000000	0.000000
57.000000	59.000000	-0.014542	0.007506	-0.075017	-0.014537	0.007506	-0.075035	-0.025350	0.021328	0.048806	0.625451	-1.002580	-0.938274	1.000000
58.000000	65.000000	-0.007053	0.013001	-0.066165	-0.007009	0.012959	-0.066160	0.109422	-0.033688	0.058026	-0.243644	2.468985	2.561665	1.000000
0.000000	-1.000000	-0.014591	0.009540	-0.075178	0.000000	0.000000	0.000000	0.000000	0.000000	0.000000	0.000000	0.000000	0.000000	0.000000
42.000000	66.000000	-0.008160	-0.013624	-0.084605	-0.008145	-0.013544	-0.084493	-0.018421	-0.114793	0.038521	-1.149951	-1.719122	-1.261559	1.000000
43.000000	44.000000	0.010965	-0.013252	-0.073024	0.010922	-0.013268	-0.072982	0.015079	0.044248	0.041691	-2.404599	0.226536	-0.157814	1.000000
67.000000	68.000000	-0.012096	0.012075	-0.078692	-0.012098	0.012075	-0.078690	-0.055125	0.025499	-0.003242	-0.914216	-0.210462	-1.619840	1.000000
0.000000	3.000000	0.011964	-0.008378	-0.065986	0.000000	0.000000	0.000000	0.000000	0.000000	0.000000	0.000000	0.000000	0.000000	0.000000
49.000000	51.000000	-0.011333	-0.009878	-0.081282	-0.011256	-0.009927	-0.081298	-0.021137	0.000018	-0.006721	0.221374	2.257360	-5.554555	1.000000
60.000000	62.000000	-0.015833	0.010613	-0.071111	-0.015886	0.010640	-0.071228	-0.044174	0.014484	0.082342	5.031970	-2.095628	3.287667	1.000000
65.000000	69.000000	0.001711	0.011390	-0.063655	0.001697	0.011384	-0.063653	0.050143	0.051025	0.009331	2.759740	1.354645	-0.252997	1.000000
68.000000	70.000000	0.011699	-0.006988	-0.085651	0.011644	-0.006995	-0.085626	0.038099	0.074190	-0.027917	1.446553	-2.561688	2.738511	1.000000
71.000000	71.000000	-0.007180	-0.014022	-0.083862	-0.007188	-0.014090	-0.083820	-0.003422	-0.097723	0.041866	-0.542609	-1.024273	1.689092	1.000000
72.000000	72.000000	0.000244	-0.015651	-0.072262	0.000268	-0.015635	-0.072268	-0.003699	-0.029441	-0.041003	0.069163	1.532192	1.591020	1.000000
73.000000	73.000000	-0.016586	-0.006553	-0.067315	-0.016575	-0.006542	-0.067337	-0.032416	0.026251	0.034220	1.158363	0.011499	-0.096687	1.000000
74.000000	74.000000	0.002086	0.015409	-0.064395	0.002111	0.015415	-0.064439	-0.018425	0.025110	0.174155	3.505936	-1.252363	-1.797862	1.000000
