1.000000	4.000000	0.007378	-0.004902	-0.060009	0.007385	-0.004906	-0.059994	-0.000462	0.144801	0.039463	2.652568	-1.406740	-1.277182	1.000000
3.000000	1.000000	0.012631	-0.007657	-0.066024	0.012674	-0.007663	-0.065990	0.060574	0.055106	0.012962	0.202786	2.071530	3.210655	1.000000
4.000000	3.000000	0.002301	0.001300	-0.073559	0.002304	0.001298	-0.073562	0.000103	-0.006277	0.061457	0.125784	-0.823033	-0.688430	1.000000
6.000000	32.000000	-0.001101	-0.002457	-0.070663	-0.001041	-0.002434	-0.070643	-0.039818	-0.009639	-0.045890	3.320396	-1.436053	2.480348	1.000000
5.000000	10.000000	-0.007487	0.005432	-0.067937	-0.007523	0.005443	-0.067962	-0.111790	0.021533	0.063961	0.814838	0.300730	0.320812	1.000000
8.000000	19.000000	0.004355	-0.009368	-0.080249	0.004349	-0.009363	-0.080257	-0.025769	0.084507	0.038295	-1.148392	-0.017801	-0.400599	1.000000
7.000000	20.000000	-0.006144	-0.006526	-0.077364	-0.006138	-0.006512	-0.077372	-0.072801	0.010047	0.018535	-6.471490	-2.244142	-1.189291	1.000000
15.000000	9.000000	-0.003035	0.007514	-0.072546	-0.003028	0.007513	-0.072539	-0.027499	0.018662	0.071817	-0.170042	0.021174	-0.285959	1.000000
2.000000	44.000000	0.008965	-0.005450	-0.060188	0.008977	-0.005454	-0.060205	0.008248	0.245120	-0.006387	0.010914	-0.756828	-2.609126	1.000000
10.000000	8.000000	-0.002849	0.008995	-0.076197	-0.002849	0.009005	-0.076194	-0.085498	0.035895	0.074684	-0.057632	1.686766	1.818598	1.000000
11.000000	2.000000	0.012431	-0.000537	-0.070239	0.012437	-0.000540	-0.070248	0.018261	0.003123	-0.029206	2.971113	-0.277690	2.705994	1.000000
28.000000	7.000000	-0.006686	-0.005704	-0.062126	-0.006720	-0.005668	-0.062110	0.047533	-0.105329	0.010232	-1.088258	1.482657	-4.849238	1.000000
9.000000	15.000000	0.007495	0.007498	-0.067384	0.007485	0.007509	-0.067391	-0.010123	0.071908	-0.144392	-0.983566	0.895591	2.521189	1.000000
17.000000	12.000000	0.006598	-0.011257	-0.081814	0.006589	-0.011260	-0.081801	-0.056291	0.106037	0.125162	-1.406364	-0.736835	-1.356080	1.000000
35.000000	16.000000	0.004035	-0.001067	-0.082706	0.004031	-0.001066	-0.082697	-0.050829	0.062069	0.043691	-0.612262	1.896037	3.301911	1.000000
19.000000	13.000000	0.000993	0.000072	-0.074164	0.000938	0.000112	-0.074190	-0.033685	0.009770	0.046163	-3.502162	1.416350	1.007140	1.000000
12.000000	35.000000	0.010013	0.008749	-0.083443	0.010082	0.008849	-0.083294	-0.125408	0.147990	-0.081003	-1.896022	0.479464	5.339787	1.000000
14.000000	6.000000	-0.001073	-0.009012	-0.073115	-0.001062	-0.008988	-0.073099	-0.064539	-0.047176	-0.072563	-0.427256	2.302304	1.479732	1.000000
30.000000	14.000000	-0.005965	0.005752	-0.069544	-0.005938	0.005768	-0.069540	-0.114034	-0.013692	0.075550	0.540506	-0.752451	-0.051922	1.000000
25.000000	24.000000	0.009419	0.000311	-0.080803	0.009420	0.000337	-0.080771	0.008899	0.028717	-0.026826	-1.551940	0.447242	-1.779399	1.000000
20.000000	25.000000	-0.003857	0.011951	-0.076165	-0.003841	0.011954	-0.076153	-0.036132	0.022431	0.011931	1.222139	0.070017	-1.568130	1.000000
23.000000	54.000000	0.011298	-0.009234	-0.079548	0.011276	-0.009214	-0.079564	-0.026908	0.054738	0.041789	-1.068932	1.077781	0.117299	1.000000
54.000000	5.000000	-0.008545	-0.008530	-0.076256	-0.008552	-0.008527	-0.076233	-0.076161	0.049449	0.049142	0.085849	0.083182	0.940102	1.000000
13.000000	18.000000	0.004427	0.006264	-0.077429	0.004433	0.006261	-0.077414	-0.056402	0.005983	0.031752	0.198676	-1.645242	-0.099423	1.000000
26.000000	26.000000	-0.010440	0.007256	-0.070515	-0.010440	0.007240	-0.070506	-0.059583	-0.009246	0.084501	1.152248	-0.512772	1.665257	1.000000
34.000000	30.000000	0.004370	-0.010689	-0.062248	0.004334	-0.010735	-0.062280	-0.001294	0.027216	-0.005206	-0.007318	1.039905	-0.265208	1.000000
27.000000	28.000000	-0.012680	0.007855	-0.073665	-0.012672	0.007856	-0.073668	-0.009649	-0.013240	0.031753	-0.123139	0.133800	-0.247281	1.000000
46.000000	48.000000	0.005924	-0.013268	-0.080770	0.005925	-0.013301	-0.080738	-0.033644	0.048563	0.036493	0.847752	0.655762	-0.825106	1.000000
24.000000	38.000000	0.011953	0.001522	-0.079420	0.011966	0.001526	-0.079419	-0.036651	0.020771	0.008203	2.503578	0.199868	-2.521991	1.000000
39.000000	21.000000	0.010380	0.001512	-0.067483	0.010393	0.001507	-0.067507	-0.035304	0.036277	-0.098309	0.103621	-0.440355	-0.716990	1.000000
37.000000	27.000000	-0.009660	0.008117	-0.063410	-0.009652	0.008110	-0.063418	-0.096404	0.046969	0.109977	2.295618	-1.426937	0.348539	1.000000
31.000000	22.000000	0.005549	-0.003274	-0.073665	0.005541	-0.003281	-0.073656	-0.020307	0.033099	0.062650	-1.474776	-0.880197	0.615241	1.000000
32.000000	47.000000	-0.004984	-0.013514	-0.074362	-0.004996	-0.013529	-0.074360	-0.027857	0.020296	0.061599	0.443854	1.069311	0.642211	1.000000
36.000000	31.000000	0.011142	-0.006104	-0.069826	0.011139	-0.006114	-0.069804	0.005884	-0.012665	0.089567	-0.982615	-1.545544	1.617953	1.000000
33.000000	36.000000	-0.007909	0.013422	-0.075786	-0.007899	0.013423	-0.075755	-0.023381	-0.009739	0.024791	-1.135888	-0.221626	1.403719	1.000000
66.000000	17.000000	-0.003863	-0.010065	-0.061937	-0.003844	-0.010092	-0.061944	0.052870	-0.045120	-0.064911	-0.303798	2.107700	0.724286	1.000000
48.000000	23.000000	0.010809	-0.012032	-0.067903	0.010815	-0.012007	-0.067845	-0.029864	-0.055694	-0.013676	-1.442019	2.874156	-2.465222	1.000000
51.000000	33.000000	0.014912	0.005476	-0.069930	0.014917	0.005480	-0.069910	-0.044525	0.084508	-0.157013	-0.220008	-0.125451	1.972007	1.000000
16.000000	29.000000	-0.010967	0.003652	-0.064097	-0.011015	0.003640	-0.064146	0.020023	0.055154	0.093406	0.211425	-0.999762	0.052498	1.000000
40.000000	39.000000	-0.003999	-0.005034	-0.079904	-0.004008	-0.005051	-0.079913	-0.039670	-0.066323	0.029537	2.083710	-1.040714	0.561384	1.000000
42.000000	40.000000	-0.013054	-0.006044	-0.063072	-0.013028	-0.006042	-0.063075	0.053070	-0.005906	0.149330	7.306372	-3.616099	-3.253612	1.000000
43.000000	42.000000	-0.011558	-0.005270	-0.079414	-0.011530	-0.005265	-0.079415	-0.099171	-0.008611	0.020415	1.071358	0.942715	-3.748425	1.000000
62.000000	62.000000	-0.013418	0.006632	-0.066220	-0.013421	0.006632	-0.066184	-0.060495	0.024112	0.089830	1.421989	-1.558783	-0.402902	1.000000
22.000000	46.000000	-0.008468	0.001083	-0.070875	-0.008463	0.001100	-0.070904	-0.053368	0.073753	0.102471	0.670206	-1.614743	1.340716	1.000000
44.000000	45.000000	-0.009488	0.001076	-0.081113	-0.009498	0.001095	-0.081170	-0.134952	0.012486	-0.004463	-2.094223	0.181922	-1.072729	1.000000
45.000000	50.000000	-0.013078	-0.010565	-0.072031	-0.013067	-0.010553	-0.072069	-0.001705	0.051388	0.027025	-1.592907	-0.328671	2.551448	1.000000
18.000000	43.000000	-0.007933	-0.009401	-0.078284	-0.007906	-0.009375	-0.078346	-0.036051	-0.018610	0.065275	0.095813	-0.034139	0.301554	1.000000
47.000000	55.000000	0.015407	-0.003375	-0.068145	0.015411	-0.003383	-0.068183	0.022932	-0.008900	0.088103	1.309638	1.574385	-1.959672	1.000000
21.000000	49.000000	-0.002499	-0.008451	-0.066125	-0.002494	-0.008451	-0.066128	0.022664	0.020921	-0.106032	0.343004	1.200905	0.379261	1.000000
56.000000	52.000000	-0.009099	0.000323	-0.063681	-0.009071	0.000272	-0.063814	0.018833	0.034150	0.082823	-3.312937	-1.332667	-3.525474	1.000000
29.000000	37.000000	0.000034	-0.007158	-0.072999	0.000033	-0.007162	-0.072995	-0.036770	-0.031021	-0.075315	1.593933	1.820470	1.066956	1.000000
0.000000	11.000000	0.010979	0.013482	-0.082174	0.000000	0.000000	0.000000	0.000000	0.000000	0.000000	0.000000	0.000000	0.000000	0.000000
60.000000	34.000000	0.009126	-0.011238	-0.073412	0.009125	-0.011231	-0.073368	0.056315	0.003276	0.036425	0.496287	-1.451153	-2.429736	1.000000
49.000000	53.000000	-0.011471	-0.009977	-0.081590	-0.011470	-0.009964	-0.081614	-0.030782	-0.006545	-0.008676	-1.975399	-2.315809	5.037587	1.000000
41.000000	51.000000	-0.006511	0.000499	-0.084497	-0.006520	0.000514	-0.084502	-0.163671	-0.056656	0.090599	1.448302	3.513986	-3.414835	1.000000
57.000000	57.000000	0.013155	-0.013040	-0.078915	0.013123	-0.013017	-0.078970	-0.070097	0.117997	0.145308	-1.651348	-5.802697	-0.162587	1.000000
50.000000	56.000000	-0.005509	0.012673	-0.064857	-0.005525	0.012698	-0.064815	0.096453	-0.004244	0.138806	-2.310299	2.191477	4.478342	1.000000
0.000000	61.000000	-0.015184	0.009456	-0.075049	0.000000	0.000000	0.000000	0.000000	0.000000	0.000000	0.000000	0.000000	0.000000	0.000000
0.000000	-1.000000	-0.013742	0.005526	-0.076103	0.000000	0.000000	0.000000	0.000000	0.000000	0.000000	0.000000	0.000000	0.000000	0.000000
0.000000	-1.000000	0.005624	0.011759	-0.067632	0.000000	0.000000	0.000000	0.000000	0.000000	0.000000	0.000000	0.000000	0.000000	0.000000
0.000000	41.000000	-0.010708	-0.007268	-0.061978	0.000000	0.000000	0.000000	0.000000	0.000000	0.000000	0.000000	0.000000	0.000000	0.000000
38.000000	60.000000	-0.001546	-0.007702	-0.085595	-0.001586	-0.007706	-0.085598	-0.145285	0.022337	0.052042	0.895450	-2.721893	0.583011	1.000000
55.000000	65.000000	0.010975	-0.012710	-0.072616	0.010993	-0.012690	-0.072579	0.027231	0.038399	-0.011986	8.236013	-0.425325	-10.499000	1.000000
59.000000	-1.000000	-0.012972	0.012418	-0.078861	0.000000	0.000000	0.000000	0.000000	0.000000	0.000000	0.000000	0.000000	0.000000	0.000000
61.000000	64.000000	-0.005106	0.013026	-0.072538	-0.005166	0.012966	-0.072683	0.019020	0.011678	0.074458	-0.595092	-1.349587	0.987540	1.000000
69.000000	69.000000	0.004859	-0.001366	-0.080655	0.004858	-0.001319	-0.080695	-0.035602	0.147301	0.037140	0.141156	0.130108	0.182970	1.000000
68.000000	68.000000	0.004792	-0.015178	-0.069773	0.004824	-0.015145	-0.069822	-0.026311	-0.062320	-0.078526	1.669375	2.974651	-7.544181	1.000000
67.000000	67.000000	-0.008493	-0.012285	-0.074230	-0.008513	-0.012315	-0.074178	-0.005305	0.040768	0.066409	0.466708	-0.331823	-0.123436	1.000000
70.000000	70.000000	0.012254	-0.006108	-0.085823	0.012231	-0.006100	-0.085822	0.038051	0.059851	-0.004798	-1.465319	-0.205770	1.042913	1.000000
64.000000	66.000000	-0.007382	-0.015534	-0.082889	-0.007353	-0.015552	-0.082863	-0.021612	-0.098514	0.092314	-1.089925	3.667380	0.511015	1.000000
71.000000	71.000000	0.000172	-0.015895	-0.072735	0.000142	-0.015903	-0.072733	-0.017718	-0.010861	-0.029472	-1.456945	0.584906	0.164061	1.000000
72.000000	72.000000	-0.016867	-0.006164	-0.066925	-0.016882	-0.006155	-0.066935	-0.010608	0.026308	0.028080	1.462288	-0.940559	1.414336	1.000000
73.000000	73.000000	0.002205	0.015789	-0.062341	0.002192	0.015792	-0.062349	0.024554	0.033585	0.121321	1.565091	0.873198	-3.201194	1.000000
