2.000000	2.000000	0.009908	-0.001460	-0.064428	0.009917	-0.001457	-0.064423	-0.077123	0.108007	0.028211	-0.684842	0.071540	0.080619	1.000000
4.000000	1.000000	0.000969	0.005081	-0.069317	0.000967	0.005078	-0.069302	-0.004214	-0.009537	0.044653	-0.485869	-1.248625	0.018195	1.000000
3.000000	4.000000	0.000104	0.010904	-0.076909	0.000122	0.010891	-0.076929	0.017945	-0.035180	0.022879	-1.632619	0.278262	-1.006612	1.000000
7.000000	50.000000	0.003459	0.001982	-0.073272	0.003417	0.001950	-0.073363	0.007242	0.022940	-0.018232	-2.454984	-0.728283	-0.967740	1.000000
12.000000	6.000000	-0.004413	-0.005832	-0.065731	-0.004413	-0.005834	-0.065728	0.036399	0.060152	0.042029	-0.493841	0.046391	-1.120055	1.000000
5.000000	25.000000	0.002399	-0.005411	-0.073452	0.002416	-0.005417	-0.073454	-0.031995	0.047727	-0.063471	1.210638	-1.734405	1.565232	1.000000
17.000000	8.000000	0.012111	-0.006167	-0.071357	0.012113	-0.006176	-0.071338	0.001650	0.110664	-0.026014	0.907285	-0.963803	0.073383	1.000000
61.000000	3.000000	-0.003136	0.003567	-0.069601	-0.003155	0.003610	-0.069606	-0.028444	-0.030760	-0.014566	0.245022	0.520394	-0.187933	1.000000
40.000000	16.000000	0.006849	-0.002912	-0.076008	0.006857	-0.002913	-0.076016	0.044085	0.045805	0.078612	1.911305	-0.487058	-1.469865	1.000000
15.000000	34.000000	-0.004306	-0.002992	-0.067055	-0.004299	-0.002992	-0.067063	-0.043240	0.065429	-0.035100	-0.245802	0.308731	-0.108309	1.000000
13.000000	9.000000	0.006151	0.003114	-0.070365	0.006128	0.003122	-0.070379	0.031480	-0.007877	-0.000124	0.322090	3.616794	-2.716135	1.000000
10.000000	5.000000	-0.004809	0.005252	-0.066057	-0.004800	0.005210	-0.065939	-0.099986	0.005827	-0.019356	-0.086436	0.730393	-0.631557	1.000000
8.000000	19.000000	-0.005989	0.001731	-0.070460	-0.005995	0.001729	-0.070455	-0.071056	0.112334	-0.039251	-0.994665	-0.479494	-0.051985	1.000000
18.000000	7.000000	-0.007325	0.000387	-0.069476	-0.007341	0.000390	-0.069444	-0.002555	0.052053	-0.001540	-0.869580	1.219026	-0.180384	1.000000
65.000000	48.000000	0.007836	0.009974	-0.075215	0.007858	0.009968	-0.075268	0.093262	0.051558	0.026428	1.738915	2.378362	-0.521590	1.000000
64.000000	11.000000	0.004486	-0.004483	-0.064945	0.004492	-0.004471	-0.064893	-0.114528	0.091121	-0.064457	1.183891	-0.416402	1.428296	1.000000
26.000000	15.000000	0.003369	-0.004540	-0.082389	0.003386	-0.004537	-0.082390	0.010032	0.054666	0.045621	3.774896	1.673801	1.398778	1.000000
11.000000	21.000000	-0.001385	0.003376	-0.077713	-0.001389	0.003368	-0.077717	-0.067752	0.051064	-0.006248	-1.287341	-1.120873	0.800499	1.000000
20.000000	20.000000	-0.004019	-0.010300	-0.063910	-0.004030	-0.010310	-0.063901	-0.026312	0.061565	-0.028967	0.052089	0.568888	2.640190	1.000000
22.000000	27.000000	-0.005684	-0.003717	-0.083061	-0.005684	-0.003724	-0.083059	-0.019355	0.002563	0.019313	-0.863428	0.876616	-0.973134	1.000000
16.000000	14.000000	0.000488	0.002958	-0.068826	0.000493	0.002960	-0.068821	-0.050801	0.013626	0.048349	-0.115590	0.269919	-0.205756	1.000000
9.000000	46.000000	0.003904	0.008871	-0.067791	0.003880	0.008831	-0.067736	-0.001666	0.036223	0.090211	1.214719	0.301922	3.222394	1.000000
25.000000	28.000000	-0.010212	0.005900	-0.077928	-0.010218	0.005902	-0.077932	-0.095849	0.055716	0.037657	-1.137738	0.862188	-1.291688	1.000000
19.000000	32.000000	-0.011515	-0.001436	-0.072016	-0.011494	-0.001440	-0.071962	-0.033855	-0.018309	-0.017468	-3.732693	-0.984538	-1.285722	1.000000
54.000000	31.000000	0.010804	-0.011996	-0.074285	0.010821	-0.011943	-0.074314	-0.026741	0.058913	0.029641	-0.572926	0.723766	2.544888	1.000000
24.000000	30.000000	-0.007900	-0.010763	-0.067194	-0.007895	-0.010761	-0.067209	-0.051557	0.000013	0.029113	-1.588866	0.927219	-0.004480	1.000000
53.000000	35.000000	0.004997	-0.008016	-0.061023	0.004978	-0.008021	-0.061001	-0.019683	0.027269	-0.076564	-0.729957	1.327860	-5.184503	1.000000
27.000000	23.000000	0.007240	-0.011882	-0.076262	0.007233	-0.011899	-0.076288	-0.015656	-0.001877	0.046654	-0.758759	-0.176016	-1.939463	1.000000
30.000000	33.000000	-0.003522	-0.006050	-0.078286	-0.003516	-0.006054	-0.078288	-0.052981	0.008059	-0.012415	-0.795692	0.047728	-0.310945	1.000000
23.000000	36.000000	0.004619	0.000102	-0.080402	0.004613	0.000125	-0.080449	0.002598	0.094106	0.033686	0.054244	0.614825	-0.201544	1.000000
37.000000	45.000000	0.011905	-0.013228	-0.073703	0.011921	-0.013230	-0.073697	-0.047220	0.009433	-0.093037	0.264770	-2.181974	0.056302	1.000000
1.000000	78.000000	0.006059	0.003654	-0.061303	0.006061	0.003662	-0.061350	0.023755	0.128497	0.034830	1.096429	0.078836	0.955786	1.000000
28.000000	17.000000	0.003764	-0.001776	-0.074170	0.003742	-0.001765	-0.074130	0.017343	0.054621	-0.045604	-2.305291	0.380858	0.137716	1.000000
45.000000	40.000000	0.011819	-0.002021	-0.079453	0.011830	-0.002042	-0.079466	0.013807	0.092317	0.088826	1.720950	-0.657835	-0.058590	1.000000
14.000000	13.000000	-0.004840	-0.000650	-0.065392	-0.004805	-0.000681	-0.065394	0.010235	0.028464	-0.036727	0.637486	0.031455	-1.153366	1.000000
43.000000	41.000000	0.002404	0.007361	-0.084893	0.002366	0.007372	-0.084791	-0.047465	0.211490	-0.047285	-3.336332	0.487110	2.086362	1.000000
34.000000	39.000000	-0.002512	0.000481	-0.082080	-0.002486	0.000455	-0.082020	-0.030298	0.096283	-0.021875	-0.244517	1.148452	0.008239	1.000000
6.000000	18.000000	0.006776	-0.001118	-0.076953	0.006806	-0.001038	-0.076975	-0.004828	0.087313	0.052091	1.321659	1.060707	-1.939337	1.000000
31.000000	42.000000	0.002826	-0.000586	-0.082221	0.002857	-0.000573	-0.082214	-0.073209	0.076784	0.024570	1.985705	-0.371623	-3.053857	1.000000
63.000000	10.000000	-0.002577	-0.005553	-0.064457	-0.002557	-0.005585	-0.064403	0.020655	0.082460	0.000555	-0.996330	-1.509279	1.480163	1.000000
41.000000	38.000000	0.000647	0.006696	-0.064130	0.000646	0.006712	-0.064149	0.011643	-0.014260	0.029200	0.816577	-0.103123	-0.764748	1.000000
32.000000	59.000000	-0.004900	0.004657	-0.061160	-0.004912	0.004662	-0.061139	-0.048273	0.031550	0.088377	0.446594	0.072110	0.979231	1.000000
33.000000	29.000000	0.014223	-0.003393	-0.070082	0.014223	-0.003453	-0.070072	-0.065627	0.098335	-0.004854	5.212150	-5.282606	0.570630	1.000000
0.000000	53.000000	0.006085	-0.003264	-0.059829	0.000000	0.000000	0.000000	0.000000	0.000000	0.000000	0.000000	0.000000	0.000000	0.000000
66.000000	68.000000	-0.013172	-0.006736	-0.065211	-0.013186	-0.006736	-0.065189	-0.016159	0.012657	-0.040692	-2.535157	0.416766	0.203134	1.000000
46.000000	66.000000	-0.007264	-0.007837	-0.064643	-0.007224	-0.007775	-0.064692	0.028841	0.017603	0.003799	-0.433950	-0.095025	1.404388	1.000000
38.000000	51.000000	-0.007856	0.007746	-0.065151	-0.007880	0.007752	-0.065156	-0.108598	0.023190	0.031762	0.680882	0.834527	-0.676335	1.000000
48.000000	55.000000	-0.012748	-0.003949	-0.063428	-0.012756	-0.003948	-0.063431	0.004698	-0.007270	0.035184	-0.721277	0.200392	-1.525498	1.000000
47.000000	52.000000	0.006300	-0.008607	-0.071424	0.006312	-0.008608	-0.071415	-0.066190	0.030698	-0.059530	0.450504	0.135346	0.026271	1.000000
55.000000	58.000000	0.007332	0.012134	-0.068013	0.007301	0.012148	-0.068038	0.051670	0.094189	0.056280	5.419080	-0.271478	-0.248002	1.000000
74.000000	57.000000	0.008218	0.002486	-0.085876	0.008230	0.002503	-0.085854	0.043582	0.202889	0.029059	2.026749	2.022894	-2.402804	1.000000
59.000000	60.000000	0.000874	-0.000619	-0.086141	0.000901	-0.000604	-0.086178	-0.040772	0.138446	0.030554	-1.833805	2.952448	-0.827744	1.000000
58.000000	62.000000	0.003877	-0.000385	-0.085468	0.003873	-0.000369	-0.085484	0.082617	0.188451	0.055442	5.905550	1.811508	8.690603	1.000000
60.000000	63.000000	-0.009199	0.004920	-0.084124	-0.009199	0.004920	-0.084124	-0.027000	0.066167	0.085333	4.500000	-2.250000	10.249999	1.000000
62.000000	64.000000	-0.009158	-0.010240	-0.074091	-0.009190	-0.010219	-0.074125	0.007389	-0.020566	0.010613	1.454304	-0.242913	0.011589	1.000000
29.000000	26.000000	0.006992	-0.006576	-0.082790	0.007021	-0.006547	-0.082800	0.017203	0.031272	0.094370	-1.888545	-3.504128	2.503031	1.000000
49.000000	49.000000	-0.005655	-0.014020	-0.072043	-0.005643	-0.013955	-0.072108	0.019732	0.016235	0.041602	-0.919507	-0.612968	0.131155	1.000000
50.000000	54.000000	-0.011720	-0.007616	-0.075375	-0.011687	-0.007561	-0.075373	-0.014265	0.016233	0.016643	1.239510	-2.887529	-5.694638	1.000000
21.000000	12.000000	0.006391	0.011956	-0.079825	0.006377	0.011940	-0.079833	0.026260	0.099430	-0.029142	0.652976	0.829987	0.047899	1.000000
35.000000	22.000000	-0.009654	0.007306	-0.081542	-0.009673	0.007305	-0.081512	-0.073729	0.002887	0.037796	0.242385	-0.054964	0.204872	1.000000
73.000000	65.000000	-0.004526	-0.011980	-0.074246	-0.004469	-0.011954	-0.074274	-0.109667	0.039091	-0.039424	1.813070	0.537817	4.560655	1.000000
39.000000	43.000000	-0.013724	-0.007771	-0.073305	-0.013712	-0.007750	-0.073350	-0.048353	0.026050	0.048172	-0.735245	-0.401290	-0.151119	1.000000
36.000000	-1.000000	0.003455	-0.007746	-0.079345	0.000000	0.000000	0.000000	0.000000	0.000000	0.000000	0.000000	0.000000	0.000000	0.000000
44.000000	44.000000	0.001723	-0.006392	-0.082903	0.001676	-0.006426	-0.082912	0.067223	0.064723	0.074710	1.585649	-0.634060	0.851623	1.000000
71.000000	69.000000	-0.002303	0.012371	-0.068010	-0.002329	0.012378	-0.068005	-0.106649	-0.176689	0.078680	-0.224562	-1.516946	-6.372671	1.000000
72.000000	37.000000	-0.009198	0.001292	-0.078114	-0.009193	0.001278	-0.078115	-0.044409	0.080995	0.052814	3.762737	-0.290460	-6.275973	1.000000
51.000000	24.000000	0.003506	0.001228	-0.069006	0.003546	0.001180	-0.068922	-0.086451	-0.017630	-0.004943	2.579601	-2.847491	2.352893	1.000000
67.000000	70.000000	-0.012996	0.011605	-0.077301	-0.012996	0.011597	-0.077328	-0.076330	0.085110	0.036440	0.214267	-0.963106	1.329270	1.000000
68.000000	74.000000	-0.013968	-0.000441	-0.061647	-0.013970	-0.000432	-0.061689	-0.023089	0.004674	0.022496	-0.345731	1.170599	-1.082759	1.000000
70.000000	72.000000	-0.012561	-0.003581	-0.078096	-0.012574	-0.003589	-0.078071	-0.063458	-0.011320	0.049503	-1.581670	-1.262714	0.674671	1.000000
75.000000	67.000000	-0.003509	-0.010722	-0.086078	-0.003514	-0.010712	-0.086066	0.002870	0.026896	0.077252	5.301948	2.517496	-10.547438	1.000000
42.000000	73.000000	-0.004085	0.002132	-0.066684	-0.004079	0.002131	-0.066683	0.015098	0.094421	-0.002759	-0.562922	-0.396795	0.667070	1.000000
57.000000	61.000000	-0.013938	0.002026	-0.062137	-0.013927	0.002055	-0.062124	-0.036302	-0.008371	0.015505	-0.329374	0.828175	-3.524361	1.000000
56.000000	-1.000000	0.007812	0.005101	-0.059872	0.000000	0.000000	0.000000	0.000000	0.000000	0.000000	0.000000	0.000000	0.000000	0.000000
79.000000	81.000000	0.007204	0.013854	-0.085413	0.007174	0.013831	-0.085336	0.047446	0.090221	-0.051875	-1.752839	-0.499398	5.074388	1.000000
76.000000	79.000000	0.008616	0.011811	-0.072702	0.008647	0.011791	-0.072690	-0.031704	0.066145	-0.033814	7.156565	-7.010461	0.323773	1.000000
0.000000	-1.000000	-0.005674	-0.012021	-0.086825	0.000000	0.000000	0.000000	0.000000	0.000000	0.000000	0.000000	0.000000	0.000000	0.000000
52.000000	56.000000	-0.007970	-0.000087	-0.071550	-0.007949	-0.000067	-0.071564	-0.016419	0.064301	0.007783	-1.352484	-0.327447	-1.300692	1.000000
77.000000	-1.000000	-0.000357	0.014090	-0.085382	0.000000	0.000000	0.000000	0.000000	0.000000	0.000000	0.000000	0.000000	0.000000	0.000000
78.000000	80.000000	0.003565	-0.007443	-0.079988	0.003570	-0.007466	-0.080016	0.016180	0.001955	0.056113	0.138839	-2.728617	-2.743569	1.000000
81.000000	-1.000000	0.002927	-0.013443	-0.086858	0.000000	0.000000	0.000000	0.000000	0.000000	0.000000	0.000000	0.000000	0.000000	0.000000
80.000000	82.000000	-0.017161	0.006101	-0.075442	-0.017191	0.006123	-0.075517	-0.147674	-0.024927	-0.013586	-0.439278	0.734446	1.930457	1.000000
82.000000	83.000000	0.003797	0.016508	-0.060795	0.003788	0.016524	-0.060752	-0.048319	0.086631	0.154730	-1.177822	-2.185314	2.698551	1.000000
83.000000	84.000000	0.003984	0.015793	-0.066410	0.003975	0.015831	-0.066406	-0.047675	0.043656	0.022295	0.452206	-3.676793	-1.621517	1.000000
0.000000	71.000000	-0.001539	-0.013739	-0.067362	0.000000	0.000000	0.000000	0.000000	0.000000	0.000000	0.000000	0.000000	0.000000	0.000000
0.000000	75.000000	-0.011764	-0.006140	-0.084844	0.000000	0.000000	0.000000	0.000000	0.000000	0.000000	0.000000	0.000000	0.000000	0.000000
84.000000	77.000000	-0.011080	0.010689	-0.085031	-0.011082	0.010675	-0.085029	-0.024628	0.143291	0.013131	0.264867	-0.295205	-2.356441	1.000000
85.000000	85.000000	0.009407	-0.015634	-0.073427	0.009409	-0.015664	-0.073297	0.048122	-0.011119	0.013623	3.442509	2.821819	3.583225	1.000000
86.000000	86.000000	0.001446	0.014555	-0.070590	0.001450	0.014550	-0.070596	0.012572	-0.191176	0.029084	-1.296346	-0.223316	0.093528	1.000000
