2.000000	13.000000	-0.000758	-0.001471	-0.066181	-0.000772	-0.001451	-0.066182	-0.100622	0.034950	-0.000281	0.427598	-0.426186	0.375769	1.000000
5.000000	5.000000	0.005466	-0.005475	-0.078726	0.005456	-0.005472	-0.078710	-0.036248	0.026275	0.017508	3.180807	-1.941419	-2.136245	1.000000
19.000000	3.000000	0.000507	0.004345	-0.074902	0.000513	0.004340	-0.074903	-0.047676	0.051668	-0.009049	0.759911	-1.036695	0.464598	1.000000
6.000000	2.000000	0.000393	0.004099	-0.066996	0.000383	0.004099	-0.066998	-0.034741	-0.001825	0.038039	-2.997252	1.194306	-1.123626	1.000000
7.000000	6.000000	-0.003515	-0.003637	-0.065135	-0.003515	-0.003641	-0.065126	0.015569	0.020721	-0.008226	0.382604	-0.526583	-0.519451	1.000000
14.000000	10.000000	0.007842	0.003518	-0.075725	0.007861	0.003498	-0.075713	0.035994	0.052826	0.028190	-0.489286	-1.354669	3.056294	1.000000
1.000000	1.000000	0.006708	0.003826	-0.062241	0.006713	0.003848	-0.062262	-0.023883	0.115206	0.073021	2.440726	0.892493	1.611957	1.000000
9.000000	14.000000	0.005737	-0.003226	-0.079824	0.005725	-0.003229	-0.079834	0.086384	0.064721	0.007410	-0.701425	-0.611541	-2.006055	1.000000
8.000000	7.000000	0.006555	-0.000646	-0.079283	0.006554	-0.000625	-0.079291	0.071996	0.079410	0.109864	-0.444352	0.578435	2.630420	1.000000
4.000000	4.000000	-0.002549	-0.003424	-0.064140	-0.002555	-0.003403	-0.064192	0.004113	0.010705	0.001051	0.629484	-0.382151	-0.994586	1.000000
53.000000	31.000000	0.007562	0.000903	-0.061228	0.007575	0.000912	-0.061227	0.017735	0.106791	-0.023535	0.367916	0.654276	-0.508113	1.000000
13.000000	17.000000	0.011042	-0.011287	-0.073370	0.011033	-0.011265	-0.073346	0.062321	-0.009256	-0.026486	0.383191	0.534228	0.119788	1.000000
35.000000	15.000000	0.012726	-0.001262	-0.072280	0.012724	-0.001283	-0.072277	0.064328	0.105802	-0.017621	3.028619	-0.406015	-0.149172	1.000000
15.000000	22.000000	-0.002285	0.010299	-0.077130	-0.002268	0.010292	-0.077107	-0.071446	0.024176	0.008030	0.484271	0.588740	1.599438	1.000000
11.000000	12.000000	-0.003654	-0.007236	-0.065144	-0.003652	-0.007225	-0.065139	0.029920	0.038556	-0.042095	-0.066882	-1.336629	-0.657605	1.000000
25.000000	11.000000	0.002519	0.001422	-0.076833	0.002521	0.001424	-0.076831	-0.020921	0.086491	-0.059883	1.307253	0.818724	0.473194	1.000000
10.000000	30.000000	-0.002059	0.004002	-0.067001	-0.002062	0.004005	-0.066997	-0.047122	0.027684	0.030518	0.340010	0.141445	-0.404774	1.000000
12.000000	49.000000	0.000890	0.007681	-0.063022	0.000886	0.007678	-0.063035	-0.004113	0.043981	0.021883	0.800676	-0.804364	0.422803	1.000000
16.000000	16.000000	-0.000151	-0.003872	-0.076356	-0.000145	-0.003857	-0.076370	-0.065516	0.034842	-0.072654	1.436387	-0.033158	-0.209189	1.000000
18.000000	18.000000	-0.004535	0.006108	-0.082616	-0.004542	0.006138	-0.082658	-0.054811	0.124088	-0.019634	-1.503284	0.876088	-0.564036	1.000000
51.000000	34.000000	0.009211	0.007980	-0.080784	0.009146	0.008010	-0.080717	0.002754	0.158696	0.011918	-6.538812	1.334787	-1.769867	1.000000
27.000000	19.000000	0.004998	0.002060	-0.069195	0.005015	0.002063	-0.069179	0.053802	0.085719	-0.003539	-1.520424	1.273500	0.041420	1.000000
20.000000	23.000000	0.008244	-0.011143	-0.067713	0.008237	-0.011157	-0.067662	-0.012503	0.051533	-0.155553	0.441447	-0.691016	1.762630	1.000000
0.000000	8.000000	0.001848	-0.007105	-0.065109	0.000000	0.000000	0.000000	0.000000	0.000000	0.000000	0.000000	0.000000	0.000000	0.000000
30.000000	21.000000	-0.005235	0.004699	-0.077727	-0.005229	0.004717	-0.077735	-0.073862	0.017051	-0.007662	0.311822	0.536212	-0.855010	1.000000
21.000000	39.000000	-0.006386	0.000377	-0.068121	-0.006376	0.000379	-0.068157	-0.051918	0.065305	-0.024508	-0.800990	0.166535	-0.224888	1.000000
38.000000	27.000000	-0.004423	0.006566	-0.066419	-0.004447	0.006548	-0.066409	-0.022877	0.054448	0.030102	-2.664336	-1.869335	1.389588	1.000000
22.000000	26.000000	-0.006983	-0.007378	-0.064403	-0.006983	-0.007374	-0.064388	-0.003983	0.013611	-0.009735	0.208260	0.679894	-0.402166	1.000000
29.000000	29.000000	-0.007395	-0.005162	-0.079075	-0.007381	-0.005165	-0.079081	-0.082371	0.023461	-0.020961	0.500914	-0.407092	0.406810	1.000000
63.000000	20.000000	-0.005090	0.002769	-0.070584	-0.005029	0.002741	-0.070519	-0.058178	-0.005994	-0.043710	-0.951477	0.029250	-1.853287	1.000000
24.000000	38.000000	0.005186	0.006118	-0.079217	0.005154	0.006124	-0.079207	0.023201	0.134650	0.041650	-1.356281	0.203424	0.567974	1.000000
47.000000	9.000000	0.005069	0.010390	-0.081868	0.005002	0.010432	-0.081865	0.057846	0.232584	0.100402	-1.075931	1.158905	-2.521219	1.000000
40.000000	25.000000	-0.007504	-0.002732	-0.083786	-0.007495	-0.002728	-0.083796	-0.060811	0.024519	-0.025078	-1.774362	0.061406	0.912553	1.000000
26.000000	78.000000	-0.012559	0.004941	-0.078951	-0.012572	0.005003	-0.078959	-0.068212	0.092145	0.164042	-1.893191	3.393667	-0.391171	1.000000
33.000000	33.000000	-0.011166	0.004891	-0.072089	-0.011178	0.004899	-0.072099	-0.092669	0.023049	0.010920	1.519020	-0.829646	1.542081	1.000000
31.000000	37.000000	-0.001896	-0.012413	-0.076557	-0.001909	-0.012417	-0.076567	0.014976	-0.004420	-0.141749	0.910488	-1.042772	2.794429	1.000000
28.000000	28.000000	-0.011942	-0.011116	-0.066442	-0.011943	-0.011110	-0.066432	-0.101316	-0.042379	0.012084	-0.371660	-1.142976	-0.200756	1.000000
3.000000	-1.000000	0.001488	-0.007017	-0.065189	0.000000	0.000000	0.000000	0.000000	0.000000	0.000000	0.000000	0.000000	0.000000	0.000000
32.000000	35.000000	0.003423	0.006157	-0.066934	0.003410	0.006171	-0.066905	0.048564	-0.102921	0.116059	-0.649083	3.465266	1.083554	1.000000
44.000000	40.000000	-0.013935	-0.002569	-0.071910	-0.013931	-0.002582	-0.071896	-0.042250	-0.006692	0.026107	1.783272	1.935832	-0.123931	1.000000
65.000000	36.000000	-0.002418	-0.011472	-0.082936	-0.002426	-0.011493	-0.082938	0.048368	-0.029828	0.008188	1.379424	0.345449	-3.121563	1.000000
52.000000	32.000000	0.008909	0.000584	-0.072992	0.008921	0.000574	-0.072962	0.028034	0.097006	0.064009	0.071027	0.713491	0.809088	1.000000
45.000000	46.000000	-0.005168	0.001797	-0.068012	-0.005164	0.001804	-0.068046	-0.028588	0.057702	-0.042339	1.085084	-0.940963	-0.056932	1.000000
42.000000	44.000000	-0.008960	-0.009319	-0.082222	-0.008945	-0.009356	-0.082225	0.043479	-0.008315	0.019122	-2.170986	1.089059	-1.653682	1.000000
37.000000	54.000000	-0.010470	0.002972	-0.071341	-0.010497	0.002955	-0.071351	-0.080976	0.060927	0.016315	-0.477109	-0.129855	1.694396	1.000000
34.000000	41.000000	-0.008379	0.006894	-0.066175	-0.008392	0.006914	-0.066188	-0.043219	0.063304	0.030286	0.290061	0.228276	0.023738	1.000000
50.000000	53.000000	-0.008053	-0.010773	-0.072843	-0.008043	-0.010769	-0.072857	-0.042786	-0.000197	0.066873	1.053961	-0.986649	0.326756	1.000000
49.000000	50.000000	-0.006617	-0.013448	-0.071319	-0.006602	-0.013441	-0.071327	-0.053501	0.003670	-0.016574	-0.767266	-0.736069	-1.142226	1.000000
17.000000	47.000000	0.012513	0.002089	-0.070137	0.012507	0.002112	-0.070175	0.032673	0.145825	0.018461	2.870226	1.082283	1.510000	1.000000
23.000000	24.000000	-0.009135	0.002861	-0.068965	-0.009217	0.002903	-0.068882	-0.066735	0.043858	0.034323	0.082105	-0.063977	0.602158	1.000000
66.000000	48.000000	0.001953	0.004283	-0.081059	0.001976	0.004286	-0.081103	0.010112	0.109738	0.022252	0.923965	0.852403	-1.600426	1.000000
43.000000	43.000000	0.003998	-0.008336	-0.078913	0.003980	-0.008322	-0.078924	0.012270	-0.033155	0.003342	-0.149365	-1.146504	-0.252417	1.000000
54.000000	56.000000	0.009549	0.013114	-0.081748	0.009568	0.013087	-0.081748	0.015088	0.190533	0.028299	3.602677	-3.276041	-0.652337	1.000000
55.000000	62.000000	-0.004505	0.006384	-0.085896	-0.004481	0.006406	-0.085926	-0.132508	0.139685	-0.039960	2.724068	0.725849	-5.512500	1.000000
72.000000	55.000000	0.003676	-0.006536	-0.073324	0.003659	-0.006533	-0.073315	-0.052026	0.024980	-0.006855	-0.839304	-1.558605	1.263128	1.000000
58.000000	58.000000	-0.004053	0.013244	-0.073283	-0.004062	0.013262	-0.073305	0.008718	-0.124003	0.084482	-1.291227	1.870298	-1.687989	1.000000
57.000000	61.000000	-0.013344	-0.005446	-0.063180	-0.013355	-0.005458	-0.063215	-0.028479	-0.096200	-0.028483	-1.667850	-2.820195	-2.438453	1.000000
75.000000	76.000000	-0.009719	0.003928	-0.077569	-0.009701	0.003904	-0.077540	-0.013659	0.020118	-0.022777	-1.454085	-1.149819	-0.508990	1.000000
0.000000	59.000000	-0.000394	-0.010349	-0.060036	0.000000	0.000000	0.000000	0.000000	0.000000	0.000000	0.000000	0.000000	0.000000	0.000000
59.000000	63.000000	0.007094	-0.010475	-0.085601	0.007123	-0.010424	-0.085585	-0.092893	0.092333	0.247886	-8.466283	-4.672577	7.165584	1.000000
73.000000	60.000000	0.010568	-0.008201	-0.084491	0.010598	-0.008194	-0.084459	0.024348	0.121444	0.190522	-2.280719	-1.114386	3.804445	1.000000
39.000000	64.000000	-0.001692	-0.000659	-0.080336	-0.001697	-0.000727	-0.080361	-0.046340	0.062183	0.146360	-2.275431	-7.296004	-2.451841	1.000000
62.000000	65.000000	-0.013158	-0.008821	-0.074735	-0.013180	-0.008777	-0.074736	-0.052392	-0.050391	0.031988	-0.162657	-0.159448	0.986270	1.000000
60.000000	42.000000	-0.009580	-0.005486	-0.084073	-0.009569	-0.005470	-0.084117	-0.012979	-0.032543	-0.035930	-5.778760	0.570626	-1.659856	1.000000
0.000000	-1.000000	0.008098	0.009457	-0.061292	0.000000	0.000000	0.000000	0.000000	0.000000	0.000000	0.000000	0.000000	0.000000	0.000000
64.000000	66.000000	0.009046	-0.015439	-0.076616	0.009064	-0.015457	-0.076657	-0.049245	-0.063953	-0.046917	0.514190	1.169118	-3.497162	1.000000
67.000000	52.000000	0.003826	-0.009126	-0.078955	0.003880	-0.009098	-0.078964	0.008736	-0.034584	0.002735	0.511672	0.054719	0.320634	1.000000
68.000000	69.000000	-0.012982	0.008496	-0.079963	-0.012995	0.008495	-0.079970	-0.058100	0.064562	0.033284	0.313725	1.387126	1.293731	1.000000
69.000000	57.000000	-0.008127	0.008813	-0.067870	-0.008138	0.008817	-0.067839	-0.134395	0.010189	0.022569	2.546453	-0.121379	-3.368631	1.000000
46.000000	68.000000	0.005470	-0.012808	-0.075086	0.005459	-0.012813	-0.075036	-0.051384	-0.048673	0.002957	-0.090664	-0.875249	-0.987124	1.000000
36.000000	74.000000	0.008992	0.004931	-0.072053	0.008978	0.004871	-0.071916	0.099886	-0.011539	-0.005273	1.974525	-8.369630	8.953795	1.000000
41.000000	45.000000	-0.009377	-0.011615	-0.073203	-0.009328	-0.011640	-0.073070	-0.025666	-0.035886	0.030505	-0.832410	-0.412330	0.294600	1.000000
0.000000	-1.000000	0.010714	-0.007959	-0.086622	0.000000	0.000000	0.000000	0.000000	0.000000	0.000000	0.000000	0.000000	0.000000	0.000000
48.000000	51.000000	0.006961	-0.005213	-0.068669	0.006984	-0.005251	-0.068609	-0.101115	0.171225	-0.113192	0.247957	0.364045	0.072959	1.000000
71.000000	72.000000	-0.016066	-0.006705	-0.067308	-0.016056	-0.006737	-0.067364	-0.075272	-0.017157	-0.028071	0.638628	-0.266193	2.232967	1.000000
74.000000	79.000000	-0.003885	-0.013893	-0.085348	-0.003883	-0.013897	-0.085334	0.049309	-0.041766	0.009145	0.241597	0.550640	-0.577045	1.000000
0.000000	-1.000000	0.014838	-0.017071	-0.074026	0.000000	0.000000	0.000000	0.000000	0.000000	0.000000	0.000000	0.000000	0.000000	0.000000
78.000000	80.000000	-0.015974	-0.008676	-0.063293	-0.015987	-0.008698	-0.063224	-0.089048	0.023409	-0.136784	-3.977272	-1.780844	14.393938	1.000000
79.000000	81.000000	0.005327	0.011825	-0.064435	0.005333	0.011825	-0.064408	0.040101	0.076611	0.022392	-1.526130	1.702223	-4.464112	1.000000
80.000000	82.000000	-0.012578	0.010340	-0.063716	-0.012526	0.010333	-0.063790	-0.078884	0.070700	0.017993	0.560849	0.618369	-0.120338	1.000000
81.000000	83.000000	-0.015727	0.003087	-0.062380	-0.015741	0.003087	-0.062372	-0.046157	0.036148	0.008763	-1.341882	-0.664232	1.120130	1.000000
70.000000	-1.000000	-0.014586	0.010776	-0.077592	0.000000	0.000000	0.000000	0.000000	0.000000	0.000000	0.000000	0.000000	0.000000	0.000000
56.000000	67.000000	0.012830	0.013979	-0.073211	0.012827	0.013990	-0.073176	0.118360	0.066739	0.095436	3.688014	1.321798	4.004612	1.000000
83.000000	71.000000	-0.014095	0.006354	-0.076592	-0.014109	0.006348	-0.076581	0.005712	0.152863	0.132481	-1.737540	1.797847	-5.923548	1.000000
84.000000	77.000000	0.009569	-0.015055	-0.069211	0.009568	-0.015072	-0.069159	-0.013517	0.025187	-0.092697	1.185719	-1.291606	0.948275	1.000000
0.000000	84.000000	0.013784	0.003576	-0.077220	0.000000	0.000000	0.000000	0.000000	0.000000	0.000000	0.000000	0.000000	0.000000	0.000000
85.000000	85.000000	0.011621	-0.016109	-0.075186	0.011583	-0.016005	-0.075161	-0.088174	-0.013109	-0.038842	-5.072602	1.346912	1.354238	1.000000
