1.000000	9.000000	-0.001696	0.002387	-0.063183	-0.001767	0.002385	-0.063198	0.102471	0.026147	0.062424	1.717829	2.584423	-1.174619	1.000000
3.000000	4.000000	0.004233	0.001913	-0.078257	0.004233	0.001899	-0.078249	-0.048121	0.047912	0.114648	0.593190	-2.970333	-0.120999	1.000000
2.000000	1.000000	0.003767	-0.005600	-0.064847	0.003777	-0.005590	-0.064917	-0.083118	0.193647	-0.051032	2.899529	-4.045127	-2.989234	1.000000
18.000000	2.000000	-0.006225	-0.000016	-0.069445	-0.006204	-0.000017	-0.069404	-0.103163	-0.012960	-0.026521	1.993937	-3.727296	2.408411	1.000000
6.000000	15.000000	0.010053	0.003942	-0.073760	0.010041	0.003929	-0.073783	-0.086890	0.098710	0.056834	-0.150475	1.158591	-1.774850	1.000000
5.000000	8.000000	0.002035	0.003127	-0.070475	0.002053	0.003131	-0.070481	-0.064172	-0.011417	0.045463	2.357938	-1.903080	-4.754911	1.000000
31.000000	3.000000	0.001593	0.008800	-0.078310	0.001596	0.008810	-0.078249	0.045090	-0.046963	0.017805	2.518663	1.760936	3.887077	1.000000
8.000000	47.000000	-0.002626	0.004818	-0.079636	-0.002618	0.004806	-0.079645	-0.062666	0.056922	-0.006251	-0.393236	-2.394766	-1.201507	1.000000
29.000000	36.000000	0.006581	0.004716	-0.078778	0.006572	0.004690	-0.078800	-0.030600	0.053330	0.123247	0.515743	0.093844	1.084014	1.000000
16.000000	5.000000	-0.000368	-0.005825	-0.063544	-0.000346	-0.005828	-0.063556	-0.035725	0.105200	-0.047505	0.816896	-0.303820	-1.049080	1.000000
13.000000	14.000000	0.001836	-0.001083	-0.068673	0.001874	-0.001075	-0.068669	-0.054840	-0.032222	0.022944	5.161319	-1.243313	-3.192784	1.000000
20.000000	27.000000	0.002891	0.006318	-0.071324	0.002905	0.006296	-0.071392	-0.053122	0.031232	0.086530	-0.511835	-1.314363	0.014510	1.000000
4.000000	18.000000	-0.004712	-0.003506	-0.067429	-0.004713	-0.003492	-0.067439	0.024771	0.048629	0.028083	-2.453200	1.665049	0.136936	1.000000
15.000000	7.000000	-0.001357	-0.006368	-0.073553	-0.001355	-0.006358	-0.073543	0.000176	-0.006259	-0.093853	0.288434	0.455734	0.463067	1.000000
14.000000	13.000000	0.014425	-0.003129	-0.068100	0.014425	-0.003133	-0.068098	-0.012275	0.016992	0.120162	0.448565	-0.221931	-0.867678	1.000000
10.000000	12.000000	0.008218	-0.001591	-0.082719	0.008225	-0.001593	-0.082744	0.038481	0.175744	0.045778	0.547929	0.837655	-0.626482	1.000000
17.000000	10.000000	-0.008303	-0.009649	-0.070859	-0.008333	-0.009668	-0.070859	-0.010827	-0.024401	0.060977	1.033798	-2.690660	-3.693434	1.000000
9.000000	37.000000	0.003715	0.003221	-0.076587	0.003721	0.003224	-0.076553	-0.039235	0.019945	0.102733	2.918207	-1.352083	0.415421	1.000000
11.000000	46.000000	-0.009894	-0.007562	-0.066978	-0.009894	-0.007563	-0.067003	-0.064792	0.054906	0.057648	-0.094780	-1.195823	-0.264926	1.000000
24.000000	23.000000	-0.012405	-0.010216	-0.076782	-0.012430	-0.010244	-0.076726	0.000829	0.031739	-0.000896	0.245111	-0.119157	0.019168	1.000000
30.000000	21.000000	-0.003863	-0.010256	-0.071875	-0.003851	-0.010231	-0.071873	-0.021263	-0.030881	0.013236	0.568538	1.902441	1.385658	1.000000
12.000000	11.000000	-0.004763	-0.003319	-0.077574	-0.004744	-0.003326	-0.077573	-0.050764	0.065661	-0.033341	0.283820	0.973736	-0.313405	1.000000
26.000000	38.000000	0.001002	0.007680	-0.071935	0.000980	0.007676	-0.071899	0.019849	-0.047206	0.096256	-0.684820	-0.413281	0.402798	1.000000
28.000000	20.000000	-0.003712	0.000828	-0.066827	-0.003741	0.000834	-0.066845	-0.004341	0.026241	0.038321	1.269280	0.529042	0.105887	1.000000
70.000000	24.000000	-0.007624	0.002662	-0.072673	-0.007634	0.002692	-0.072677	-0.037943	-0.050825	0.036409	2.240958	-0.457480	-0.708052	1.000000
21.000000	17.000000	0.007818	-0.004850	-0.081566	0.007798	-0.004829	-0.081518	0.051036	0.091227	0.024675	0.409566	0.827655	0.609357	1.000000
33.000000	31.000000	0.009411	-0.013105	-0.072959	0.009409	-0.013108	-0.072960	0.040581	-0.008139	-0.024149	-0.168311	0.007452	1.364624	1.000000
38.000000	25.000000	0.008432	0.004347	-0.083660	0.008409	0.004354	-0.083667	-0.066855	0.103144	0.060296	-0.304207	-0.494569	-0.807795	1.000000
34.000000	26.000000	0.009185	0.006929	-0.070479	0.009203	0.006913	-0.070486	-0.036401	0.068891	0.002322	-0.795588	-0.034013	0.501100	1.000000
41.000000	33.000000	-0.010792	0.005813	-0.066529	-0.010816	0.005837	-0.066552	-0.001802	-0.109629	0.040194	-4.648362	0.715497	0.609186	1.000000
37.000000	34.000000	-0.009298	0.012788	-0.076061	-0.009299	0.012774	-0.076049	0.000777	-0.100688	0.038845	-0.241255	0.992897	-0.630650	1.000000
36.000000	51.000000	-0.012286	0.000602	-0.068558	-0.012268	0.000651	-0.068579	-0.036109	-0.070988	0.056769	-1.301784	1.261092	-1.221411	1.000000
39.000000	29.000000	0.009607	-0.002021	-0.083589	0.009648	-0.002017	-0.083604	0.030615	0.117152	0.037940	-0.501055	0.494851	1.166067	1.000000
25.000000	53.000000	0.010101	-0.010892	-0.072042	0.010089	-0.010889	-0.072069	0.017721	-0.004253	0.009935	-1.048367	-0.235089	0.528188	1.000000
19.000000	35.000000	-0.000852	-0.009194	-0.064676	-0.000858	-0.009180	-0.064618	-0.041858	0.008489	-0.025544	2.674359	-2.526776	-1.369669	1.000000
46.000000	28.000000	0.005301	-0.002529	-0.080314	0.005271	-0.002512	-0.080365	0.015787	0.104841	-0.004905	0.116764	4.800521	2.274005	1.000000
40.000000	16.000000	-0.001974	-0.002106	-0.075278	-0.002004	-0.002149	-0.075327	0.011975	-0.040772	-0.067041	-0.766657	1.993915	-2.261902	1.000000
23.000000	39.000000	-0.011445	0.004926	-0.071521	-0.011466	0.004919	-0.071554	-0.028592	-0.045686	-0.013752	-3.505744	-2.661588	-2.556693	1.000000
7.000000	6.000000	0.000216	0.008478	-0.082422	0.000174	0.008492	-0.082393	-0.026966	-0.030473	-0.000217	-3.978457	-0.995162	-2.333527	1.000000
44.000000	32.000000	0.011121	0.012204	-0.069862	0.011094	0.012198	-0.069891	0.061860	0.009933	0.053866	0.532787	1.028188	-0.160213	1.000000
52.000000	56.000000	-0.013389	-0.010142	-0.073688	-0.013372	-0.010124	-0.073756	0.046308	-0.018330	0.012435	0.849974	0.375774	0.479296	1.000000
43.000000	57.000000	0.011571	-0.006858	-0.075591	0.011591	-0.006830	-0.075621	0.086111	0.069731	0.019602	0.456366	1.373785	0.379120	1.000000
58.000000	22.000000	0.007942	0.005735	-0.075461	0.007932	0.005717	-0.075509	-0.050547	0.097689	0.112552	-0.280543	-0.509436	-0.602380	1.000000
42.000000	60.000000	-0.013982	-0.003655	-0.065224	-0.013992	-0.003642	-0.065212	-0.055025	-0.035637	0.060660	-1.530981	0.207859	0.191484	1.000000
45.000000	41.000000	-0.000129	-0.010590	-0.085803	-0.000118	-0.010627	-0.085802	0.030337	0.090251	0.079947	0.276574	1.757611	0.981102	1.000000
47.000000	40.000000	-0.005534	-0.004865	-0.085617	-0.005512	-0.004886	-0.085655	-0.026830	-0.018852	0.001468	1.353658	0.080166	-0.335159	1.000000
49.000000	67.000000	-0.002175	0.003639	-0.086271	-0.002192	0.003651	-0.086245	-0.052691	-0.059480	0.010123	3.900725	2.147790	-0.114550	1.000000
64.000000	42.000000	0.007725	-0.011176	-0.083371	0.007741	-0.011138	-0.083333	0.067592	0.166019	0.092124	0.947571	1.773708	-3.889077	1.000000
32.000000	44.000000	-0.005124	-0.005055	-0.081502	-0.005106	-0.005015	-0.081514	-0.091182	0.008975	0.045474	0.873793	2.317394	0.694902	1.000000
0.000000	45.000000	0.012532	0.006865	-0.080813	0.000000	0.000000	0.000000	0.000000	0.000000	0.000000	0.000000	0.000000	0.000000	0.000000
50.000000	48.000000	-0.006710	0.009343	-0.061675	-0.006710	0.009333	-0.061687	-0.007047	-0.009458	0.132956	1.201174	1.083978	1.149316	1.000000
57.000000	49.000000	-0.013915	-0.013071	-0.078297	-0.013903	-0.013071	-0.078264	-0.019750	0.014783	0.043942	-0.303887	-0.390918	0.307008	1.000000
0.000000	19.000000	0.009957	0.001046	-0.059858	0.000000	0.000000	0.000000	0.000000	0.000000	0.000000	0.000000	0.000000	0.000000	0.000000
53.000000	30.000000	0.005100	-0.012191	-0.081659	0.005098	-0.012211	-0.081698	0.017364	0.115994	0.036068	-0.417472	0.254272	-0.785506	1.000000
54.000000	70.000000	-0.012817	-0.010358	-0.078338	-0.012816	-0.010356	-0.078337	-0.026655	0.020405	-0.024798	-5.785714	15.535713	-11.232142	1.000000
48.000000	69.000000	-0.002748	-0.004089	-0.071239	-0.002764	-0.004093	-0.071247	-0.046951	0.014398	-0.096719	-1.827735	-1.553399	-0.079310	1.000000
27.000000	55.000000	0.010260	0.010641	-0.063907	0.010218	0.010645	-0.063912	0.024858	0.064665	-0.050553	1.134209	-1.047312	-0.454553	1.000000
51.000000	52.000000	0.008817	-0.004431	-0.084164	0.008822	-0.004439	-0.084177	0.062943	0.192208	0.090098	-0.235237	-0.538872	-1.084638	1.000000
60.000000	54.000000	-0.014021	0.006177	-0.074449	-0.014038	0.006166	-0.074437	-0.067146	-0.046647	-0.021453	-3.114223	-1.257823	2.841050	1.000000
55.000000	59.000000	0.002338	-0.013794	-0.083174	0.002347	-0.013745	-0.083073	0.058202	0.076935	-0.001726	1.999144	1.816903	0.056193	1.000000
61.000000	61.000000	-0.013719	0.006444	-0.078794	-0.013709	0.006434	-0.078769	-0.103063	-0.014067	0.061705	3.683452	-1.143781	2.868816	1.000000
22.000000	50.000000	-0.002613	-0.003674	-0.071725	-0.002626	-0.003754	-0.071767	-0.051762	-0.031872	-0.088692	1.176353	-0.283918	-2.111895	1.000000
62.000000	64.000000	-0.001278	0.010254	-0.086739	-0.001281	0.010255	-0.086740	-0.033471	-0.010774	0.000886	-2.099215	1.638384	1.365375	1.000000
0.000000	-1.000000	0.005404	0.001300	-0.081381	0.000000	0.000000	0.000000	0.000000	0.000000	0.000000	0.000000	0.000000	0.000000	0.000000
67.000000	65.000000	0.001831	-0.013666	-0.085271	0.001885	-0.013654	-0.085376	0.063108	0.030514	-0.034102	-0.491790	1.234264	1.265959	1.000000
66.000000	66.000000	0.001066	-0.013989	-0.085115	0.001038	-0.014001	-0.085139	0.021352	0.078398	0.024628	3.003246	2.863636	7.560064	1.000000
69.000000	72.000000	0.009374	0.003213	-0.072213	0.009377	0.003220	-0.072193	-0.106964	0.082609	0.094081	-1.906810	-1.672821	0.299942	1.000000
68.000000	43.000000	0.006434	-0.010048	-0.085549	0.006442	-0.010074	-0.085623	0.065569	0.198044	0.113921	1.833374	0.017157	-0.319449	1.000000
63.000000	63.000000	-0.014902	-0.009582	-0.064266	-0.014910	-0.009551	-0.064238	0.046925	-0.063403	0.022624	-0.560217	0.390480	0.620955	1.000000
65.000000	68.000000	0.010589	-0.011116	-0.086732	0.010578	-0.011096	-0.086719	-0.012441	0.211243	0.021022	-1.191184	0.083013	0.598431	1.000000
56.000000	71.000000	-0.014340	-0.011429	-0.065307	-0.014313	-0.011403	-0.065353	0.034876	-0.074358	0.007933	-0.138303	0.202703	-1.183163	1.000000
71.000000	73.000000	0.012773	-0.001838	-0.082320	0.012781	-0.001847	-0.082344	0.026410	0.194960	0.101305	-0.619550	0.189991	-0.073687	1.000000
59.000000	74.000000	0.009834	0.004334	-0.074560	0.009801	0.004357	-0.074540	-0.079208	0.131466	0.061409	-0.284964	-0.805150	-0.643897	1.000000
72.000000	75.000000	-0.016575	0.011128	-0.070673	-0.016598	0.011164	-0.070737	-0.046014	0.087943	-0.034482	-0.973526	2.430070	0.089411	1.000000
73.000000	76.000000	-0.007771	0.013252	-0.060201	-0.007769	0.013250	-0.060207	-0.028732	0.035397	0.085757	1.287462	2.359390	-0.428571	1.000000
74.000000	58.000000	0.014759	-0.002600	-0.073409	0.014757	-0.002600	-0.073405	-0.036582	0.204148	0.201911	0.556220	-0.796398	-0.407330	1.000000
75.000000	62.000000	-0.009516	0.015168	-0.069636	-0.009485	0.015160	-0.069651	-0.103191	-0.122764	-0.019017	-1.222975	2.516318	-3.223426	1.000000
76.000000	79.000000	0.010213	-0.014400	-0.065139	0.010198	-0.014414	-0.065150	0.010811	0.085285	-0.107715	7.906593	2.900100	-0.295455	1.000000
77.000000	80.000000	-0.007068	-0.016474	-0.074984	-0.007057	-0.016476	-0.074994	0.017087	0.034347	0.018091	1.050886	-0.845857	0.117262	1.000000
