2.000000	1.000000	0.006828	0.003383	-0.062535	0.006821	0.003396	-0.062535	-0.031106	0.108593	0.067543	2.245304	0.946417	1.315797	1.000000
1.000000	2.000000	-0.000367	-0.001603	-0.066168	-0.000363	-0.001593	-0.066173	-0.102101	0.035702	-0.001998	0.301718	-0.477295	0.533500	1.000000
4.000000	3.000000	0.002004	-0.007186	-0.064843	0.001982	-0.007182	-0.064859	-0.101305	0.032381	-0.077401	-3.194805	2.066433	1.283966	1.000000
5.000000	19.000000	0.000722	0.004132	-0.074867	0.000711	0.004124	-0.074855	-0.053463	0.056961	-0.010398	1.133592	-1.050789	0.504005	1.000000
11.000000	6.000000	0.000487	0.004119	-0.067160	0.000501	0.004115	-0.067156	-0.023913	-0.006912	0.042727	-2.375835	1.299221	-1.086565	1.000000
12.000000	25.000000	0.002612	0.001054	-0.076516	0.002613	0.001080	-0.076585	-0.025534	0.084274	-0.061827	1.100530	0.930042	0.177947	1.000000
10.000000	5.000000	0.005617	-0.005589	-0.078804	0.005624	-0.005591	-0.078798	-0.046177	0.032367	0.027563	2.168472	-1.129773	-2.877773	1.000000
8.000000	4.000000	-0.002569	-0.003443	-0.064227	-0.002567	-0.003450	-0.064204	0.001251	0.012532	0.004680	0.653702	-0.696207	-0.686726	1.000000
6.000000	7.000000	-0.003584	-0.003721	-0.065105	-0.003571	-0.003729	-0.065095	0.013960	0.023590	-0.006418	0.341830	-0.666558	-0.493306	1.000000
9.000000	27.000000	0.004781	0.001731	-0.069157	0.004791	0.001729	-0.069160	0.058778	0.081467	-0.006376	-1.282334	1.780112	0.543783	1.000000
13.000000	8.000000	0.006245	-0.000951	-0.079712	0.006259	-0.000942	-0.079708	0.075508	0.077124	0.098737	-0.481092	0.274488	2.785365	1.000000
17.000000	10.000000	-0.001871	0.003897	-0.067118	-0.001871	0.003896	-0.067121	-0.048569	0.026273	0.031237	0.330961	0.227837	-0.276093	1.000000
7.000000	12.000000	0.000915	0.007499	-0.063108	0.000907	0.007496	-0.063123	-0.006350	0.046502	0.021268	0.430451	-0.306272	0.217636	1.000000
18.000000	53.000000	0.007499	0.000492	-0.061154	0.007507	0.000493	-0.061132	0.015435	0.102936	-0.023477	0.132812	0.865122	-0.210712	1.000000
16.000000	9.000000	0.005398	-0.003508	-0.079856	0.005379	-0.003488	-0.079881	0.088337	0.065885	0.014215	-0.062260	-0.419299	-2.252830	1.000000
22.000000	17.000000	0.012393	0.001548	-0.070240	0.012401	0.001533	-0.070239	0.020424	0.142815	0.011772	2.956380	1.048939	1.363064	1.000000
23.000000	16.000000	0.000137	-0.003994	-0.076040	0.000123	-0.003996	-0.076081	-0.070610	0.033564	-0.069615	0.873741	0.193780	-0.597618	1.000000
19.000000	13.000000	0.010793	-0.011242	-0.073257	0.010795	-0.011222	-0.073240	0.059885	-0.012885	-0.028437	1.430236	0.506323	-0.579118	1.000000
28.000000	23.000000	-0.008925	0.002712	-0.069005	-0.008947	0.002729	-0.069025	-0.064503	0.041870	0.030085	-0.570039	0.149039	0.892857	1.000000
76.000000	47.000000	0.004776	0.009491	-0.082324	0.004763	0.009513	-0.082271	0.065069	0.223539	0.109855	-0.394016	1.377470	-1.440652	1.000000
35.000000	18.000000	-0.004316	0.005643	-0.082558	-0.004334	0.005653	-0.082590	-0.048071	0.115691	-0.009688	-1.264644	0.945934	-1.040477	1.000000
42.000000	20.000000	0.008309	-0.011387	-0.067036	0.008298	-0.011370	-0.067007	-0.016992	0.053261	-0.166615	0.816049	-0.476849	0.856021	1.000000
15.000000	35.000000	0.012479	-0.001706	-0.072204	0.012492	-0.001704	-0.072213	0.050301	0.106799	-0.015490	3.285892	0.069252	-0.438274	1.000000
21.000000	24.000000	0.005064	0.005588	-0.079395	0.005053	0.005590	-0.079363	0.029507	0.133376	0.034963	-0.732845	0.359892	1.022668	1.000000
25.000000	15.000000	-0.001990	0.010188	-0.077130	-0.001982	0.010199	-0.077123	-0.074485	0.021807	0.002505	0.302074	0.786123	1.508054	1.000000
39.000000	46.000000	0.005677	-0.012628	-0.075092	0.005661	-0.012623	-0.075060	-0.050747	-0.045529	0.009670	-0.237080	-1.114216	-1.035328	1.000000
37.000000	28.000000	-0.011537	-0.010955	-0.066484	-0.011545	-0.010950	-0.066488	-0.097685	-0.037821	0.012149	-0.543129	-1.407820	0.170042	1.000000
27.000000	67.000000	0.003878	-0.008931	-0.079004	0.003854	-0.008954	-0.078968	0.004416	-0.037171	0.000965	0.564541	0.046235	0.225705	1.000000
3.000000	63.000000	-0.004775	0.002739	-0.070258	-0.004803	0.002764	-0.070369	-0.055292	-0.005899	-0.031514	-0.891973	0.207785	-1.771367	1.000000
46.000000	43.000000	0.003934	-0.008206	-0.078942	0.003926	-0.008200	-0.078939	0.008250	-0.030558	0.005297	1.731518	-0.348152	-0.619880	1.000000
26.000000	48.000000	0.007381	-0.005928	-0.068152	0.007392	-0.005934	-0.068151	-0.103517	0.170518	-0.113472	0.358280	0.261241	-0.214873	1.000000
31.000000	22.000000	-0.006977	-0.007421	-0.064343	-0.006965	-0.007422	-0.064350	-0.005074	0.010523	-0.009897	0.226173	0.642352	-0.578189	1.000000
49.000000	38.000000	-0.004361	0.006339	-0.066525	-0.004373	0.006302	-0.066509	-0.012258	0.066833	0.022223	-1.741285	-2.252414	1.540224	1.000000
58.000000	21.000000	-0.006158	0.000137	-0.068020	-0.006169	0.000112	-0.068076	-0.047898	0.064186	-0.022146	-0.796918	0.130806	-0.251828	1.000000
29.000000	51.000000	0.009130	0.007340	-0.080800	0.009043	0.007396	-0.080793	0.043582	0.148011	0.018217	-7.320707	0.894484	-3.227421	1.000000
40.000000	37.000000	-0.010173	0.002717	-0.071387	-0.010178	0.002707	-0.071402	-0.078688	0.062272	0.008845	-0.698431	-0.123466	1.332008	1.000000
34.000000	30.000000	-0.004938	0.004639	-0.077714	-0.004925	0.004654	-0.077719	-0.072976	0.017276	-0.000988	0.132961	0.117678	-0.727347	1.000000
57.000000	40.000000	-0.007261	-0.002798	-0.083744	-0.007270	-0.002833	-0.083681	-0.053749	0.025770	-0.028965	-1.524867	0.063798	0.546361	1.000000
33.000000	52.000000	0.008810	0.000196	-0.073192	0.008807	0.000193	-0.073211	0.028326	0.093572	0.060305	-0.123562	0.869840	0.730787	1.000000
38.000000	29.000000	-0.007016	-0.005257	-0.078950	-0.007047	-0.005263	-0.079002	-0.085724	0.025145	-0.021056	0.489168	-0.242073	0.138050	1.000000
32.000000	31.000000	-0.001911	-0.012409	-0.076042	-0.001963	-0.012410	-0.075977	0.012340	0.000356	-0.153234	0.805871	-1.209516	2.641334	1.000000
47.000000	49.000000	-0.006401	-0.013462	-0.071255	-0.006392	-0.013463	-0.071271	-0.050462	0.006879	-0.011295	-0.894870	-0.572959	-1.195711	1.000000
55.000000	39.000000	-0.001535	-0.000990	-0.081046	-0.001542	-0.001040	-0.080943	-0.032726	0.097219	0.149886	-2.533337	-6.165383	-0.743633	1.000000
62.000000	11.000000	-0.003807	-0.007358	-0.064973	-0.003772	-0.007397	-0.064974	0.029564	0.044915	-0.039676	0.109929	-1.391824	-0.726002	1.000000
41.000000	54.000000	0.009539	0.012319	-0.081856	0.009532	0.012294	-0.081877	-0.000558	0.208544	0.030326	2.948780	-3.311948	-1.204233	1.000000
51.000000	50.000000	-0.007871	-0.010777	-0.073124	-0.007859	-0.010774	-0.073122	-0.048865	0.003200	0.065235	1.100352	-1.158675	0.823160	1.000000
36.000000	26.000000	-0.012286	0.004669	-0.079745	-0.012322	0.004677	-0.079597	-0.059218	0.072883	0.158528	-2.189879	3.040097	0.455311	1.000000
44.000000	56.000000	0.012439	0.013736	-0.073600	0.012381	0.013730	-0.073531	0.105101	0.064524	0.083489	2.794182	0.277477	3.101070	1.000000
24.000000	45.000000	-0.005005	0.001575	-0.067926	-0.005042	0.001567	-0.067874	-0.030994	0.060525	-0.042538	0.201041	-0.556538	0.370846	1.000000
52.000000	57.000000	-0.013254	-0.005080	-0.063116	-0.013255	-0.005102	-0.063124	-0.021225	-0.081049	-0.016135	-1.252689	-3.291517	-2.219575	1.000000
45.000000	66.000000	0.001968	0.003876	-0.081275	0.001938	0.003849	-0.081192	0.005734	0.108225	0.027724	0.816027	0.477473	-1.017712	1.000000
74.000000	55.000000	-0.003977	0.005895	-0.085818	-0.003935	0.005849	-0.085805	-0.138229	0.139976	-0.022770	0.966267	0.128096	-3.666666	1.000000
48.000000	72.000000	0.003855	-0.006637	-0.073300	0.003865	-0.006645	-0.073271	-0.048943	0.032581	-0.013344	-0.567580	-1.581221	1.399061	1.000000
50.000000	44.000000	-0.013698	-0.002544	-0.072041	-0.013747	-0.002539	-0.072004	-0.051373	-0.014158	0.026549	2.708791	1.841408	-0.190060	1.000000
14.000000	14.000000	0.007699	0.003291	-0.075827	0.007714	0.003258	-0.075785	0.036650	0.062686	0.009870	0.121868	-1.723075	2.489145	1.000000
53.000000	42.000000	-0.009108	-0.009308	-0.082265	-0.009150	-0.009304	-0.082339	0.055089	-0.013158	0.033109	-1.542096	2.233365	-2.032935	1.000000
56.000000	62.000000	-0.012979	-0.008620	-0.074916	-0.012981	-0.008569	-0.074870	-0.050896	-0.053888	0.030472	-0.633598	-0.381446	0.528306	1.000000
30.000000	60.000000	-0.009582	-0.005351	-0.083949	-0.009564	-0.005326	-0.084022	0.010570	-0.037127	-0.024251	-6.054711	0.665302	-2.620501	1.000000
54.000000	34.000000	-0.008203	0.006625	-0.066345	-0.008218	0.006662	-0.066283	-0.042534	0.061208	0.023935	0.486240	0.634588	0.829616	1.000000
60.000000	33.000000	-0.010782	0.004802	-0.072123	-0.010779	0.004796	-0.072130	-0.100582	0.027508	0.003973	1.596585	-1.058137	2.149596	1.000000
59.000000	64.000000	0.009257	-0.015159	-0.076475	0.009274	-0.015193	-0.076501	-0.054061	-0.068058	-0.033760	0.714539	0.793729	-2.110091	1.000000
65.000000	65.000000	-0.002656	-0.011434	-0.083004	-0.002607	-0.011366	-0.083002	0.042237	-0.032441	0.023756	1.326837	0.390940	-3.291695	1.000000
0.000000	-1.000000	-0.012592	-0.013958	-0.081219	0.000000	0.000000	0.000000	0.000000	0.000000	0.000000	0.000000	0.000000	0.000000	0.000000
43.000000	32.000000	0.003212	0.006590	-0.067370	0.003202	0.006616	-0.067351	0.054048	-0.118089	0.107146	-0.783664	3.434322	1.279681	1.000000
61.000000	68.000000	-0.012749	0.008255	-0.080075	-0.012763	0.008249	-0.080089	-0.058055	0.058467	0.026848	0.049218	1.541210	1.434150	1.000000
20.000000	36.000000	0.008595	0.004840	-0.071839	0.008592	0.004847	-0.071816	0.091200	0.015490	-0.031680	2.524259	-4.697258	3.529198	1.000000
66.000000	41.000000	-0.009229	-0.011560	-0.072986	-0.009242	-0.011508	-0.073165	-0.023657	-0.032065	0.023820	-0.971314	-0.387805	0.245810	1.000000
70.000000	70.000000	-0.014276	0.010477	-0.077835	-0.014287	0.010479	-0.077823	-0.077747	0.092526	0.023234	1.118382	-6.059690	10.128620	1.000000
68.000000	71.000000	-0.015743	-0.006679	-0.067232	-0.015752	-0.006671	-0.067238	-0.076090	-0.016001	-0.034234	0.136545	-0.442079	1.625322	1.000000
69.000000	78.000000	-0.015660	-0.008825	-0.062517	-0.015651	-0.008801	-0.062584	-0.081669	0.026168	-0.177996	0.287879	0.400974	6.212121	1.000000
64.000000	-1.000000	-0.007601	0.008663	-0.067592	0.000000	0.000000	0.000000	0.000000	0.000000	0.000000	0.000000	0.000000	0.000000	0.000000
63.000000	75.000000	-0.009624	0.003788	-0.077480	-0.009660	0.003816	-0.077456	-0.006730	0.023894	-0.019631	-1.240809	-1.159797	-0.982080	1.000000
71.000000	83.000000	-0.014077	0.005734	-0.077012	-0.014130	0.005777	-0.077192	0.009850	0.139650	0.165232	-0.164789	2.655576	-5.989717	1.000000
72.000000	58.000000	-0.004115	0.013774	-0.073651	-0.004106	0.013772	-0.073656	0.013072	-0.131436	0.091181	-1.139448	1.644479	-1.570562	1.000000
73.000000	74.000000	-0.004086	-0.013720	-0.085388	-0.004074	-0.013730	-0.085370	0.048130	-0.041792	0.012411	0.471203	0.357121	-0.805247	1.000000
75.000000	76.000000	-0.009351	0.007587	-0.082096	-0.009354	0.007594	-0.082094	-0.046521	0.113822	-0.064941	-1.841408	4.296453	-5.415334	1.000000
0.000000	73.000000	0.010508	-0.008666	-0.085166	0.000000	0.000000	0.000000	0.000000	0.000000	0.000000	0.000000	0.000000	0.000000	0.000000
77.000000	79.000000	0.005147	0.011549	-0.064549	0.005162	0.011528	-0.064524	0.045175	0.072956	0.031810	-0.912732	1.015093	-2.761029	1.000000
79.000000	80.000000	-0.012221	0.010055	-0.063844	-0.012200	0.010053	-0.063876	-0.082189	0.067250	0.019612	0.561837	0.567543	-0.432071	1.000000
80.000000	81.000000	-0.015580	0.002933	-0.062391	-0.015566	0.002937	-0.062394	-0.040399	0.038611	0.002001	-1.117700	-0.363829	1.168972	1.000000
81.000000	82.000000	-0.015273	0.008475	-0.078646	-0.015285	0.008478	-0.078656	-0.108878	0.073723	0.045435	-3.383616	-4.988261	4.317682	1.000000
0.000000	59.000000	0.007437	-0.010775	-0.086465	0.000000	0.000000	0.000000	0.000000	0.000000	0.000000	0.000000	0.000000	0.000000	0.000000
82.000000	84.000000	0.009619	-0.015171	-0.068796	0.009643	-0.015165	-0.068796	-0.020295	0.026749	-0.093716	1.569103	-1.431721	0.678579	1.000000
83.000000	85.000000	0.011939	-0.015968	-0.075048	0.011868	-0.015953	-0.074961	-0.058151	-0.021368	-0.053006	-6.290833	0.756077	1.660926	1.000000
