4.000000	4.000000	-0.003031	0.009912	-0.072596	-0.002992	0.009933	-0.072573	0.035120	-0.193409	0.032658	-0.012452	2.225274	2.832632	1.000000
17.000000	7.000000	0.000926	0.003319	-0.070481	0.000929	0.003317	-0.070487	-0.031761	0.034873	-0.013147	0.201247	1.057691	0.024941	1.000000
8.000000	3.000000	0.001066	0.006632	-0.068694	0.001052	0.006624	-0.068736	-0.066320	-0.011212	0.090328	-0.131980	-1.361526	-0.324519	1.000000
3.000000	56.000000	0.003185	0.002096	-0.075003	0.003202	0.002108	-0.075003	-0.014032	-0.028795	0.099923	1.538069	-1.381140	-1.267757	1.000000
20.000000	1.000000	0.004629	-0.006049	-0.061393	0.004625	-0.006064	-0.061381	-0.003517	0.101762	-0.085882	-0.377117	0.056055	2.080036	1.000000
16.000000	10.000000	-0.005972	-0.000827	-0.078722	-0.005976	-0.000838	-0.078712	-0.029419	0.096815	-0.040158	0.554496	0.186692	0.551591	1.000000
10.000000	12.000000	-0.002001	0.007562	-0.082572	-0.002043	0.007531	-0.082577	-0.106625	-0.027172	-0.009958	-0.603358	0.093756	-0.780929	1.000000
2.000000	26.000000	0.002540	-0.002152	-0.069275	0.002542	-0.002176	-0.069273	0.067662	-0.032530	-0.044751	0.208892	0.570827	-0.647768	1.000000
5.000000	16.000000	0.005728	0.005865	-0.075262	0.005720	0.005861	-0.075231	-0.025897	0.016910	0.099054	0.609981	-1.813984	-1.758113	1.000000
23.000000	14.000000	0.010531	0.001413	-0.081592	0.010529	0.001412	-0.081626	0.042196	0.202348	0.080203	-0.804177	0.129432	-0.580158	1.000000
55.000000	6.000000	-0.004326	-0.004202	-0.074731	-0.004331	-0.004200	-0.074751	-0.059282	0.008695	-0.086870	1.494006	3.359390	1.531968	1.000000
7.000000	57.000000	-0.004488	-0.001676	-0.065920	-0.004482	-0.001685	-0.065964	0.008809	0.040385	0.061683	0.754153	-2.427442	-0.394848	1.000000
44.000000	8.000000	0.011193	-0.010723	-0.067101	0.011221	-0.010724	-0.067136	0.016528	0.147712	-0.043654	0.256241	-0.091028	0.757846	1.000000
13.000000	15.000000	-0.003757	0.001815	-0.065682	-0.003739	0.001808	-0.065673	-0.000609	0.031988	0.038562	0.266130	-0.179738	-0.191499	1.000000
21.000000	61.000000	-0.001149	-0.006282	-0.076079	-0.001160	-0.006279	-0.076082	0.005768	0.006027	-0.074260	-0.593591	-0.206908	1.295662	1.000000
9.000000	11.000000	0.007476	0.007967	-0.072725	0.007453	0.007949	-0.072746	-0.068107	0.101314	0.060314	1.216997	-1.342922	-0.179924	1.000000
27.000000	20.000000	-0.001644	-0.002748	-0.065261	-0.001645	-0.002771	-0.065241	-0.063101	0.078057	-0.043310	-0.352982	-2.547267	1.396349	1.000000
46.000000	23.000000	-0.011712	-0.006521	-0.065141	-0.011710	-0.006523	-0.065164	-0.048364	0.020124	0.056013	0.598621	-0.921818	-0.582974	1.000000
18.000000	78.000000	0.003440	-0.003215	-0.067091	0.003382	-0.003192	-0.067032	-0.011781	-0.031955	-0.032039	-4.721351	-2.316993	2.333828	1.000000
22.000000	30.000000	0.003501	0.003391	-0.073147	0.003498	0.003378	-0.073140	-0.001695	-0.008598	0.124032	-1.017757	-1.133117	-0.793300	1.000000
39.000000	18.000000	-0.007962	-0.010599	-0.069670	-0.007962	-0.010585	-0.069684	0.035790	-0.004334	0.039714	0.020860	2.051013	0.301861	1.000000
19.000000	39.000000	0.008688	0.003782	-0.060285	0.008682	0.003784	-0.060318	0.061979	0.100935	-0.053692	1.307082	0.841202	-1.270640	1.000000
62.000000	22.000000	0.009566	0.003898	-0.081613	0.009500	0.003875	-0.081607	0.049229	0.181911	0.045512	0.561257	-0.564489	1.044801	1.000000
54.000000	36.000000	-0.007554	-0.001030	-0.069273	-0.007572	-0.001038	-0.069372	0.003485	-0.024679	0.018959	1.617757	1.163607	0.591810	1.000000
11.000000	25.000000	0.006549	0.008339	-0.072423	0.006539	0.008344	-0.072431	-0.039943	0.077268	0.095648	0.443416	-0.546963	-0.147159	1.000000
37.000000	28.000000	0.010460	-0.013197	-0.073327	0.010468	-0.013212	-0.073326	0.029586	-0.001841	-0.003980	-0.217896	-0.065463	0.062922	1.000000
31.000000	31.000000	-0.000995	-0.009697	-0.066729	-0.001004	-0.009691	-0.066715	0.027698	-0.022345	-0.106369	1.068464	-0.149938	-0.091087	1.000000
28.000000	17.000000	0.005234	-0.008553	-0.081028	0.005220	-0.008557	-0.081044	-0.014787	0.124530	0.008676	-0.720467	-0.841890	-0.513329	1.000000
25.000000	27.000000	0.009444	-0.004470	-0.082297	0.009422	-0.004494	-0.082327	0.115453	0.149526	0.088718	-1.041249	-2.521977	-2.694300	1.000000
33.000000	35.000000	-0.007268	-0.004406	-0.080054	-0.007274	-0.004392	-0.080025	-0.062073	0.013071	0.051025	-0.635769	-0.660822	-0.687650	1.000000
26.000000	37.000000	-0.012754	0.003459	-0.072250	-0.012756	0.003465	-0.072269	-0.067054	-0.052029	-0.027473	-1.614327	-0.084794	0.212176	1.000000
82.000000	21.000000	0.005647	0.001811	-0.079684	0.005645	0.001796	-0.079725	0.011226	0.159721	0.039784	-0.075522	0.064861	0.983996	1.000000
29.000000	69.000000	0.007871	0.008900	-0.069994	0.007860	0.008896	-0.069988	-0.051203	0.059945	0.034563	-0.550321	-0.394514	1.758492	1.000000
35.000000	34.000000	-0.012628	-0.000942	-0.067459	-0.012637	-0.000961	-0.067450	-0.008601	-0.070770	0.043119	-1.128392	-1.430830	0.109936	1.000000
36.000000	24.000000	0.000268	-0.007615	-0.083452	0.000227	-0.007663	-0.083429	-0.010655	0.094881	0.069653	-2.242974	-0.111425	0.402950	1.000000
24.000000	43.000000	-0.008346	0.000353	-0.071724	-0.008404	0.000374	-0.071683	-0.060575	-0.096683	0.028713	-2.788292	1.308924	-1.383607	1.000000
15.000000	19.000000	-0.004607	-0.010119	-0.070930	-0.004598	-0.010103	-0.070897	-0.037419	0.032884	0.050994	-0.658534	1.299459	1.115977	1.000000
47.000000	5.000000	0.005543	0.004877	-0.069131	0.005581	0.004900	-0.069156	-0.125043	0.032908	0.104332	1.336838	-0.846422	-0.796918	1.000000
85.000000	41.000000	0.000749	0.006636	-0.069601	0.000745	0.006640	-0.069604	-0.050156	-0.014349	0.047615	-2.705548	1.364676	-1.068070	1.000000
1.000000	-1.000000	0.000827	0.003595	-0.060871	0.000000	0.000000	0.000000	0.000000	0.000000	0.000000	0.000000	0.000000	0.000000	0.000000
38.000000	13.000000	-0.001154	-0.002054	-0.077253	-0.001189	-0.002007	-0.077318	0.050524	0.057674	-0.039829	0.553374	2.380368	2.645940	1.000000
40.000000	45.000000	-0.005925	-0.005061	-0.085745	-0.005913	-0.005054	-0.085742	-0.007409	0.018595	0.004569	0.488633	1.505267	1.482176	1.000000
14.000000	33.000000	0.009244	-0.001885	-0.080985	0.009171	-0.001857	-0.080971	0.036815	0.110463	0.027240	0.102039	1.525253	1.389521	1.000000
48.000000	42.000000	0.010088	-0.011079	-0.071407	0.010097	-0.011070	-0.071399	-0.015836	0.001979	0.028432	-0.892939	1.049325	0.085686	1.000000
42.000000	29.000000	0.006417	0.006603	-0.082186	0.006415	0.006668	-0.082243	-0.056276	0.044589	0.040323	1.039741	-1.789890	-0.554177	1.000000
45.000000	38.000000	0.010556	0.002227	-0.082033	0.010552	0.002230	-0.082047	0.030835	0.171910	0.055390	-0.553322	0.869082	-0.800886	1.000000
43.000000	44.000000	0.009490	0.005670	-0.085755	0.009506	0.005702	-0.085765	0.038231	0.190027	0.025912	0.036702	-0.095263	-0.831889	1.000000
41.000000	65.000000	-0.002961	-0.009678	-0.062488	-0.002955	-0.009679	-0.062565	-0.022800	0.048726	-0.080671	-1.451759	0.950410	-0.479646	1.000000
60.000000	46.000000	0.009727	-0.004887	-0.085672	0.009701	-0.004873	-0.085675	-0.024928	0.218932	0.046577	1.175020	1.492622	-0.498113	1.000000
51.000000	51.000000	-0.002826	0.010558	-0.086415	-0.002823	0.010575	-0.086412	-0.064586	0.020083	0.023848	-1.044652	0.066191	0.938527	1.000000
52.000000	53.000000	0.001354	-0.009482	-0.086182	0.001335	-0.009489	-0.086144	0.034554	0.088247	0.021266	-0.161706	-0.655859	0.921023	1.000000
77.000000	52.000000	-0.011063	-0.006151	-0.060846	-0.011067	-0.006152	-0.060827	0.047826	-0.044746	-0.056142	2.001498	-1.339377	-2.891384	1.000000
53.000000	49.000000	0.006044	0.006057	-0.085563	0.006047	0.006058	-0.085537	-0.030413	0.126860	0.077138	1.384614	-0.259009	-1.024655	1.000000
76.000000	48.000000	0.009708	-0.005501	-0.082074	0.009701	-0.005539	-0.082122	0.052731	0.203605	0.021876	-0.341016	0.769367	2.421277	1.000000
81.000000	55.000000	-0.011516	-0.010267	-0.073407	-0.011574	-0.010266	-0.073327	0.074580	0.006064	0.008640	1.157093	-1.082417	4.880369	1.000000
12.000000	60.000000	-0.005825	0.004670	-0.082505	-0.005850	0.004663	-0.082521	-0.118362	-0.050539	0.028001	-2.555621	1.509933	1.047854	1.000000
91.000000	58.000000	-0.004682	-0.004034	-0.074004	-0.004650	-0.004048	-0.074051	-0.085271	0.017254	-0.034047	0.846298	0.990647	0.958333	1.000000
86.000000	74.000000	0.003415	-0.011904	-0.085213	0.003393	-0.011987	-0.085323	0.040127	0.070218	0.027960	-0.842157	-0.014131	0.855872	1.000000
58.000000	66.000000	0.013034	0.010870	-0.079733	0.013050	0.010882	-0.079696	0.029206	0.124305	0.017433	0.413512	-0.571978	-0.802409	1.000000
69.000000	59.000000	0.009968	-0.010287	-0.061622	0.009963	-0.010361	-0.061503	-0.099660	0.157015	-0.162756	-2.082162	1.610442	4.119007	1.000000
50.000000	70.000000	0.001934	-0.011585	-0.084563	0.001961	-0.011568	-0.084615	0.035181	0.079906	0.021612	-0.370432	0.247868	0.431270	1.000000
79.000000	62.000000	-0.004712	0.005496	-0.080528	-0.004691	0.005455	-0.080498	-0.082850	-0.020028	-0.038810	-1.843442	-2.027371	2.455920	1.000000
34.000000	32.000000	-0.009617	0.010052	-0.074995	-0.009625	0.010071	-0.075055	-0.032189	-0.082908	0.029441	-1.011419	0.288790	-0.905963	1.000000
59.000000	47.000000	-0.012226	0.004071	-0.065253	-0.012226	0.004059	-0.065213	-0.044501	-0.024653	0.036732	2.375657	0.642723	-0.626564	1.000000
0.000000	68.000000	-0.013045	-0.010033	-0.077090	0.000000	0.000000	0.000000	0.000000	0.000000	0.000000	0.000000	0.000000	0.000000	0.000000
66.000000	40.000000	-0.011923	0.012160	-0.071280	-0.011928	0.012166	-0.071284	-0.049759	-0.076898	-0.076092	1.757461	1.340915	0.165832	1.000000
67.000000	67.000000	0.005822	-0.012353	-0.068167	0.005879	-0.012338	-0.068175	-0.030187	0.049604	-0.088568	2.859817	-1.251672	2.726314	1.000000
30.000000	79.000000	0.007169	0.006878	-0.071923	0.007183	0.006859	-0.071922	-0.093751	0.077177	0.067344	1.049095	-1.356526	-0.257296	1.000000
64.000000	82.000000	0.014346	-0.004182	-0.074340	0.014335	-0.004179	-0.074350	0.079210	0.091968	0.069744	-2.864385	-0.726523	-0.095405	1.000000
65.000000	72.000000	0.003682	0.014206	-0.072734	0.003680	0.014206	-0.072687	0.083830	0.035383	0.071877	-1.555195	11.402222	1.706044	1.000000
56.000000	76.000000	0.011563	0.006333	-0.060510	0.011533	0.006379	-0.060480	0.050381	0.153913	-0.000293	-0.968639	-1.572246	1.590664	1.000000
0.000000	-1.000000	-0.013830	-0.012554	-0.078688	0.000000	0.000000	0.000000	0.000000	0.000000	0.000000	0.000000	0.000000	0.000000	0.000000
6.000000	-1.000000	0.004149	0.008052	-0.076554	0.000000	0.000000	0.000000	0.000000	0.000000	0.000000	0.000000	0.000000	0.000000	0.000000
70.000000	50.000000	0.005237	-0.011030	-0.086363	0.005282	-0.010966	-0.086309	0.052243	0.123746	0.068282	0.292828	3.461171	2.657701	1.000000
75.000000	71.000000	-0.006288	-0.015824	-0.074051	-0.006305	-0.015820	-0.074047	0.021366	0.012930	0.051663	-0.522660	-0.620969	1.207777	1.000000
49.000000	63.000000	0.004909	-0.011032	-0.084186	0.004992	-0.010982	-0.084034	0.056494	0.090566	0.063606	2.224617	2.591728	0.221833	1.000000
92.000000	64.000000	0.008476	-0.013739	-0.085689	0.008483	-0.013731	-0.085603	0.036496	0.041964	0.074087	-1.642608	-1.993098	1.773800	1.000000
71.000000	75.000000	0.010724	-0.015126	-0.072000	0.010738	-0.015118	-0.072005	-0.030102	-0.005213	-0.036375	1.013854	-0.120301	0.644596	1.000000
0.000000	-1.000000	0.005870	-0.006048	-0.059893	0.000000	0.000000	0.000000	0.000000	0.000000	0.000000	0.000000	0.000000	0.000000	0.000000
73.000000	54.000000	-0.001493	0.004060	-0.085650	-0.001514	0.004018	-0.085690	0.072469	0.086062	0.044363	0.957696	3.384588	1.667702	1.000000
0.000000	2.000000	0.000673	0.003413	-0.061221	0.000000	0.000000	0.000000	0.000000	0.000000	0.000000	0.000000	0.000000	0.000000	0.000000
32.000000	80.000000	0.013766	0.002765	-0.067721	0.013779	0.002764	-0.067754	-0.022708	0.140242	0.164820	1.311852	-2.326963	-2.167419	1.000000
0.000000	-1.000000	-0.001204	-0.001848	-0.077628	0.000000	0.000000	0.000000	0.000000	0.000000	0.000000	0.000000	0.000000	0.000000	0.000000
0.000000	9.000000	0.004067	0.007801	-0.076671	0.000000	0.000000	0.000000	0.000000	0.000000	0.000000	0.000000	0.000000	0.000000	0.000000
57.000000	81.000000	-0.012491	-0.009483	-0.076203	-0.012417	-0.009425	-0.076364	0.012906	0.025374	0.007288	-1.449301	-0.088661	3.174076	1.000000
68.000000	77.000000	-0.014370	-0.013123	-0.077066	-0.014349	-0.013088	-0.076977	-0.001756	-0.018119	0.039188	1.357031	-1.191922	-0.301621	1.000000
84.000000	84.000000	0.011573	0.011956	-0.065128	0.011578	0.011953	-0.065124	0.062910	0.021982	-0.020074	0.797665	-0.844685	2.295278	1.000000
72.000000	73.000000	0.009679	0.001867	-0.060464	0.009642	0.001923	-0.060413	0.086628	0.238941	-0.052458	14.027214	-6.596965	-0.076005	1.000000
78.000000	83.000000	-0.008273	0.007549	-0.086839	-0.008292	0.007528	-0.086769	-0.102836	0.052664	0.019762	-2.172084	2.337655	1.536700	1.000000
87.000000	85.000000	-0.013939	-0.011093	-0.063051	-0.013931	-0.011088	-0.063065	0.026570	-0.050765	0.043120	0.252386	-0.439564	-1.446014	1.000000
88.000000	86.000000	-0.016504	0.005229	-0.073762	-0.016505	0.005226	-0.073778	-0.076726	-0.003111	0.031795	0.614662	1.006499	-0.013075	1.000000
89.000000	87.000000	-0.014148	-0.013516	-0.065641	-0.014139	-0.013512	-0.065634	-0.045796	-0.073799	-0.003379	-3.949045	-0.064564	1.538248	1.000000
63.000000	88.000000	0.004204	-0.010904	-0.083167	0.004193	-0.010897	-0.083158	0.058266	0.110942	-0.009565	2.092379	0.207876	-0.298893	1.000000
83.000000	89.000000	0.014644	-0.002608	-0.064955	0.014656	-0.002628	-0.064988	0.040713	0.022573	0.084180	2.849126	0.745899	-1.397300	1.000000
