13.000000	1.000000	0.006504	-0.005919	-0.063691	0.006528	-0.005904	-0.063715	-0.138614	0.084917	-0.074779	0.602291	0.583078	0.041101	1.000000
40.000000	3.000000	-0.002702	0.004184	-0.069390	-0.002674	0.004142	-0.069354	-0.030514	-0.027636	-0.015159	-0.046331	-1.210459	-1.004517	1.000000
2.000000	6.000000	0.003293	0.001414	-0.073058	0.003319	0.001447	-0.073059	-0.004887	0.028007	-0.025077	0.722020	0.881141	0.627678	1.000000
4.000000	8.000000	0.000965	0.005056	-0.070035	0.000965	0.005049	-0.070041	0.004654	0.012562	0.048058	-0.815002	-0.895717	0.040402	1.000000
31.000000	10.000000	-0.004798	-0.001192	-0.064897	-0.004796	-0.001198	-0.064895	-0.016494	0.036142	-0.044248	2.986014	-0.593906	5.232767	1.000000
5.000000	9.000000	0.005981	0.010400	-0.079513	0.005981	0.010399	-0.079535	0.025569	0.094285	0.005525	-0.069222	0.473907	-3.439730	1.000000
10.000000	7.000000	0.003194	-0.006433	-0.072160	0.003191	-0.006441	-0.072141	-0.065321	0.081873	-0.100005	1.969583	-2.262764	0.854996	1.000000
9.000000	58.000000	-0.002941	-0.007112	-0.064066	-0.002951	-0.007097	-0.064089	0.021774	0.101907	-0.042769	1.170986	0.098376	2.310031	1.000000
14.000000	5.000000	0.011048	-0.003164	-0.064889	0.011023	-0.003158	-0.064865	-0.056737	0.104841	0.026987	-1.920309	0.133221	-0.334029	1.000000
16.000000	22.000000	0.011687	-0.003758	-0.080827	0.011690	-0.003718	-0.080847	0.005829	0.113525	0.087843	0.997006	-0.145027	-0.662092	1.000000
7.000000	11.000000	-0.004928	0.000003	-0.069829	-0.004927	-0.000009	-0.069831	-0.068011	0.102479	-0.037654	1.058077	0.725594	-0.118072	1.000000
12.000000	14.000000	0.005613	0.003679	-0.070762	0.005619	0.003679	-0.070750	0.028974	-0.054866	0.039888	0.908593	1.404915	-1.291829	1.000000
3.000000	55.000000	0.000602	0.006858	-0.064742	0.000603	0.006842	-0.064725	-0.009034	0.001428	0.041704	1.611482	-1.337157	-0.580649	1.000000
15.000000	15.000000	-0.004995	-0.006788	-0.066504	-0.005000	-0.006785	-0.066492	0.035928	0.058984	0.049903	0.263893	0.091177	-0.283262	1.000000
25.000000	12.000000	-0.000187	0.011539	-0.077345	-0.000200	0.011546	-0.077340	0.016518	-0.055588	0.025477	0.686145	3.303599	-0.705302	1.000000
27.000000	43.000000	-0.007279	-0.010614	-0.067611	-0.007258	-0.010628	-0.067606	-0.029093	-0.014153	0.018037	-1.267043	0.174277	0.419953	1.000000
20.000000	16.000000	0.006968	-0.002344	-0.078141	0.006973	-0.002343	-0.078141	-0.013166	0.082476	0.095842	-0.296049	-1.046108	-2.037111	1.000000
37.000000	20.000000	0.004609	-0.001382	-0.080944	0.004620	-0.001390	-0.080931	-0.006118	0.098269	0.021060	0.609505	-0.371549	1.309749	1.000000
23.000000	30.000000	-0.002731	-0.006191	-0.078153	-0.002733	-0.006190	-0.078151	-0.044657	0.009456	-0.005064	-0.732563	0.122701	-0.323435	1.000000
28.000000	29.000000	-0.005486	-0.003675	-0.083455	-0.005502	-0.003698	-0.083426	-0.000072	0.000251	0.022586	-1.487577	-0.233231	-0.306970	1.000000
1.000000	4.000000	-0.003309	0.005201	-0.065886	-0.003300	0.005203	-0.065807	-0.085327	-0.005868	-0.001436	-1.093888	0.711455	-0.365152	1.000000
22.000000	19.000000	-0.007667	-0.008014	-0.064553	-0.007662	-0.008009	-0.064552	0.024899	0.009547	-0.024783	-0.046339	0.498165	1.917828	1.000000
45.000000	37.000000	0.006645	0.009378	-0.075710	0.006637	0.009365	-0.075728	0.058231	0.033134	0.034067	2.728848	-0.197061	-0.950797	1.000000
6.000000	2.000000	0.004871	0.000839	-0.068317	0.004873	0.000889	-0.068375	-0.064154	0.058523	-0.066102	-2.366265	-5.909645	2.755371	1.000000
8.000000	36.000000	0.012260	-0.008105	-0.070860	0.012275	-0.008073	-0.070863	-0.021107	0.122335	-0.034419	0.842365	0.168920	0.665339	1.000000
29.000000	33.000000	-0.001984	-0.000983	-0.081670	-0.001967	-0.000965	-0.081676	-0.036155	0.083278	-0.015903	0.193631	0.073932	-1.061190	1.000000
21.000000	26.000000	-0.008897	0.005036	-0.078628	-0.008913	0.005026	-0.078633	-0.066338	0.058208	0.047334	-1.494004	-0.654002	0.074074	1.000000
24.000000	32.000000	-0.011596	-0.007845	-0.075481	-0.011566	-0.007847	-0.075515	0.002789	0.020276	0.011846	-2.850425	-0.487939	1.423503	1.000000
30.000000	31.000000	0.001290	0.002766	-0.069572	0.001287	0.002766	-0.069568	-0.047458	0.011270	0.040378	-0.518916	0.023797	1.032675	1.000000
47.000000	24.000000	0.005174	-0.008467	-0.060068	0.005171	-0.008466	-0.060076	-0.002430	0.037021	-0.062966	-1.482517	-1.841159	3.810939	1.000000
26.000000	17.000000	0.002408	0.004233	-0.084094	0.002402	0.004300	-0.084255	0.021787	0.177226	0.023856	1.462993	-1.142872	-6.664172	1.000000
35.000000	38.000000	-0.007333	-0.000258	-0.069469	-0.007318	-0.000259	-0.069480	-0.001374	0.030100	0.005313	-0.221031	0.595045	0.307162	1.000000
11.000000	51.000000	0.004156	0.008508	-0.068994	0.004143	0.008439	-0.068974	-0.016027	0.027340	0.026225	2.181366	0.792175	-1.739301	1.000000
66.000000	39.000000	0.003738	-0.005232	-0.082807	0.003756	-0.005208	-0.082791	-0.053496	0.032037	0.005560	2.547995	0.504532	0.555782	1.000000
36.000000	41.000000	0.003090	-0.007755	-0.080047	0.003099	-0.007753	-0.080079	0.028005	0.017155	0.056872	-0.383082	-1.774599	-1.908449	1.000000
33.000000	42.000000	-0.006065	0.007457	-0.065781	-0.006069	0.007466	-0.065773	-0.115964	0.012897	0.045775	0.030677	0.288701	-0.789280	1.000000
39.000000	28.000000	-0.008466	0.007230	-0.082042	-0.008412	0.007241	-0.082065	-0.085558	0.006897	0.030614	0.460393	-0.698119	0.476314	1.000000
72.000000	34.000000	-0.003713	-0.011182	-0.062979	-0.003728	-0.011203	-0.062916	-0.006372	0.047439	-0.095904	-1.711693	1.629879	3.548908	1.000000
41.000000	48.000000	0.012737	-0.013588	-0.072251	0.012743	-0.013586	-0.072245	-0.050071	0.024839	-0.089052	-0.991812	0.509309	-0.425510	1.000000
17.000000	18.000000	0.007409	-0.011860	-0.077308	0.007393	-0.011911	-0.077406	-0.006896	0.006119	0.097078	0.043070	-1.012734	-2.589802	1.000000
38.000000	40.000000	0.006312	0.012555	-0.084399	0.006288	0.012539	-0.084382	0.057046	0.066532	-0.048504	0.765795	1.033448	-1.475371	1.000000
78.000000	21.000000	-0.004226	0.004163	-0.062409	-0.004210	0.004166	-0.062414	-0.035092	0.030350	0.072417	-0.985118	0.012824	1.035343	1.000000
19.000000	23.000000	-0.000580	0.002369	-0.077513	-0.000519	0.002421	-0.077482	-0.040766	0.064023	-0.020026	-1.595396	-0.045090	-0.334430	1.000000
42.000000	44.000000	-0.013066	-0.008212	-0.074072	-0.013071	-0.008223	-0.074073	-0.029622	0.031272	0.043421	-1.509161	-0.020840	0.253024	1.000000
70.000000	45.000000	-0.007874	-0.001101	-0.071927	-0.007876	-0.001097	-0.071946	0.004655	0.062869	0.042387	-0.237102	0.320381	-2.291323	1.000000
43.000000	53.000000	0.005923	0.001660	-0.061807	0.005896	0.001668	-0.061816	0.001882	0.118429	0.022600	-0.140651	0.812610	0.686179	1.000000
44.000000	57.000000	-0.002519	-0.012402	-0.072955	-0.002545	-0.012412	-0.072936	-0.116394	0.016745	-0.120863	-1.954278	1.853324	1.833509	1.000000
18.000000	64.000000	-0.003685	-0.004010	-0.066662	-0.003734	-0.004002	-0.066600	-0.022714	0.065155	-0.019881	-1.573531	-0.805135	-0.591229	1.000000
63.000000	68.000000	-0.008455	-0.000100	-0.078220	-0.008474	-0.000112	-0.078240	-0.042084	0.089877	-0.033303	3.602397	0.370130	-3.224026	1.000000
46.000000	46.000000	-0.011422	-0.001399	-0.071789	-0.011377	-0.001394	-0.071723	-0.044125	0.010833	-0.087625	7.535714	-3.071428	13.357142	1.000000
49.000000	52.000000	-0.000096	0.012261	-0.084627	-0.000100	0.012262	-0.084602	-0.024991	0.116943	-0.052435	0.848233	0.266882	-0.683889	1.000000
51.000000	47.000000	-0.013291	-0.006793	-0.064463	-0.013284	-0.006800	-0.064454	0.024048	-0.009141	-0.048911	-0.670926	1.506456	-0.154722	1.000000
67.000000	49.000000	0.007073	0.002663	-0.060640	0.007066	0.002655	-0.060664	0.052581	0.144960	0.044909	-0.652818	1.136313	1.180442	1.000000
64.000000	56.000000	-0.006038	-0.014288	-0.072701	-0.006046	-0.014291	-0.072689	0.030355	0.026799	0.027353	-0.524785	-0.908430	1.127775	1.000000
53.000000	54.000000	-0.011755	-0.003583	-0.078763	-0.011747	-0.003591	-0.078779	-0.043058	0.009582	0.039244	-0.807008	-0.761969	0.840159	1.000000
0.000000	63.000000	-0.009089	-0.009853	-0.074142	0.000000	0.000000	0.000000	0.000000	0.000000	0.000000	0.000000	0.000000	0.000000	0.000000
50.000000	59.000000	-0.012909	-0.003750	-0.064178	-0.012916	-0.003756	-0.064217	0.012274	-0.016383	0.062710	0.174233	0.034325	-0.857693	1.000000
48.000000	69.000000	0.003295	-0.007683	-0.081208	0.003321	-0.007682	-0.081136	0.014752	0.020116	0.073838	-0.177457	-1.308389	-0.095040	1.000000
52.000000	50.000000	0.006834	0.010745	-0.069070	0.006859	0.010742	-0.069081	0.015157	0.069855	0.083332	0.569464	3.905337	-3.560840	1.000000
57.000000	62.000000	-0.013392	0.002316	-0.062637	-0.013382	0.002310	-0.062658	-0.036692	-0.027130	0.043606	-1.429666	1.947167	2.622745	1.000000
59.000000	60.000000	-0.013714	-0.000313	-0.062122	-0.013732	-0.000324	-0.062174	-0.006756	-0.019253	0.038680	-0.482986	2.180221	-1.049979	1.000000
75.000000	-1.000000	0.004861	0.008668	-0.085755	0.000000	0.000000	0.000000	0.000000	0.000000	0.000000	0.000000	0.000000	0.000000	0.000000
76.000000	76.000000	0.001246	-0.002500	-0.086489	0.001236	-0.002490	-0.086521	-0.002401	0.100136	0.008413	-1.377708	1.570188	1.058219	1.000000
32.000000	35.000000	-0.011822	0.010088	-0.077974	-0.011857	0.010071	-0.077830	-0.064421	0.106770	0.030085	-0.186514	-1.269674	0.145888	1.000000
61.000000	25.000000	0.006528	-0.003822	-0.077480	0.006539	-0.003844	-0.077485	-0.006042	0.078109	0.105856	2.408675	-2.342313	-1.255215	1.000000
69.000000	73.000000	0.000811	-0.007566	-0.083990	0.000808	-0.007593	-0.084035	0.044874	0.081982	0.069490	0.388540	-0.573063	-0.321169	1.000000
68.000000	67.000000	0.014656	0.007771	-0.067173	0.014635	0.007761	-0.067146	0.023643	0.292315	0.116179	-0.126023	5.914888	-4.246687	1.000000
34.000000	27.000000	0.006414	-0.007467	-0.083985	0.006403	-0.007505	-0.083961	0.061323	0.080872	0.046232	-0.841578	-0.923779	3.531969	1.000000
54.000000	71.000000	0.004203	-0.002004	-0.083254	0.004213	-0.001978	-0.083220	-0.084442	0.114171	0.111987	-2.254128	-5.067982	-6.820497	1.000000
80.000000	66.000000	0.011026	-0.012608	-0.074468	0.011061	-0.012646	-0.074362	0.009012	0.043490	-0.070895	-4.944555	-2.900599	18.456292	1.000000
0.000000	-1.000000	0.007986	-0.000537	-0.086686	0.000000	0.000000	0.000000	0.000000	0.000000	0.000000	0.000000	0.000000	0.000000	0.000000
56.000000	70.000000	0.005962	0.012917	-0.069129	0.005937	0.012892	-0.069149	-0.003439	0.054979	0.007419	-3.208291	-1.394106	-6.309440	1.000000
0.000000	-1.000000	0.004023	0.008221	-0.068764	0.000000	0.000000	0.000000	0.000000	0.000000	0.000000	0.000000	0.000000	0.000000	0.000000
73.000000	74.000000	0.002546	-0.013555	-0.086201	0.002549	-0.013562	-0.086206	0.033748	0.015327	-0.033076	-0.196338	-1.460904	0.167133	1.000000
55.000000	61.000000	0.007387	-0.009129	-0.070508	0.007379	-0.009140	-0.070536	-0.062916	0.036830	-0.044411	-0.722733	-0.265602	-1.784146	1.000000
74.000000	75.000000	0.003030	-0.002766	-0.085620	0.003023	-0.002775	-0.085550	0.037775	0.094794	-0.032529	0.751831	4.225988	0.272005	1.000000
0.000000	-1.000000	-0.011166	-0.001371	-0.071716	0.000000	0.000000	0.000000	0.000000	0.000000	0.000000	0.000000	0.000000	0.000000	0.000000
62.000000	13.000000	0.003224	-0.002532	-0.073341	0.003221	-0.002527	-0.073361	0.041048	0.032049	-0.046234	0.219561	2.987087	0.060774	1.000000
65.000000	77.000000	-0.013028	0.002719	-0.079139	-0.013009	0.002681	-0.079089	-0.091084	0.009407	0.067675	-1.151084	-2.284568	3.445227	1.000000
79.000000	78.000000	-0.004336	0.000573	-0.066525	-0.004331	0.000567	-0.066528	0.012755	0.096202	-0.018313	1.020847	1.234264	1.159574	1.000000
71.000000	65.000000	-0.014889	0.006555	-0.075306	-0.014895	0.006567	-0.075345	-0.137085	-0.028337	-0.004972	-1.091154	-0.048300	-0.097722	1.000000
82.000000	79.000000	-0.007516	0.013283	-0.086184	-0.007511	0.013319	-0.086254	-0.035029	0.093448	-0.009906	0.475168	1.357327	-0.281863	1.000000
60.000000	-1.000000	-0.009416	-0.009967	-0.074035	0.000000	0.000000	0.000000	0.000000	0.000000	0.000000	0.000000	0.000000	0.000000	0.000000
84.000000	80.000000	-0.016682	0.010294	-0.073687	-0.016683	0.010296	-0.073673	-0.093563	-0.011296	-0.009646	-2.058801	0.100646	-0.846370	1.000000
86.000000	81.000000	0.004463	0.014893	-0.063000	0.004472	0.014894	-0.063002	-0.038769	0.113686	0.132372	-0.476203	-0.851214	0.707614	1.000000
87.000000	82.000000	0.013947	0.006040	-0.083079	0.013911	0.006066	-0.083116	-0.005819	0.147942	-0.042647	-7.117449	-0.005116	0.004392	1.000000
88.000000	72.000000	0.009170	-0.015229	-0.073436	0.009161	-0.015232	-0.073404	-0.028727	-0.014287	0.039796	-0.651635	3.319838	8.427847	1.000000
89.000000	83.000000	0.004697	0.014758	-0.066842	0.004689	0.014763	-0.066841	-0.038525	0.085048	0.033353	-0.650443	-1.914529	-1.566451	1.000000
90.000000	84.000000	-0.010769	0.008349	-0.085469	-0.010754	0.008339	-0.085478	-0.012398	0.147281	0.038771	-1.307469	0.165441	-0.656798	1.000000
