2.000000	1.000000	-0.002374	0.004318	-0.069282	-0.002367	0.004322	-0.069293	-0.029468	-0.008267	0.004786	-0.756731	-0.751560	-2.406253	1.000000
6.000000	25.000000	0.007962	-0.006717	-0.062945	0.007926	-0.006714	-0.062966	-0.137507	0.077330	-0.073836	-1.270060	0.366957	0.314430	1.000000
3.000000	2.000000	-0.002510	0.005289	-0.065782	-0.002508	0.005292	-0.065791	-0.071520	-0.010663	-0.003909	-1.266107	0.469665	-0.374432	1.000000
62.000000	5.000000	0.005375	-0.000006	-0.067617	0.005373	0.000004	-0.067631	-0.042178	0.127306	-0.084630	-0.592389	-10.188494	2.673620	1.000000
21.000000	4.000000	0.003393	0.001218	-0.072780	0.003418	0.001222	-0.072762	-0.010539	0.015298	-0.031175	-1.002478	0.610623	-0.503023	1.000000
12.000000	3.000000	0.012494	-0.009272	-0.070478	0.012509	-0.009261	-0.070475	-0.024767	0.115161	-0.042571	0.170399	0.754346	0.605612	1.000000
5.000000	7.000000	0.000886	0.004883	-0.070514	0.000865	0.004892	-0.070521	0.015738	0.017969	0.045985	-1.033864	-0.105754	0.912991	1.000000
16.000000	6.000000	0.000771	0.006747	-0.065157	0.000782	0.006746	-0.065176	-0.027113	0.017161	0.048650	1.767281	-1.205912	-0.244599	1.000000
15.000000	13.000000	-0.003093	-0.008083	-0.063547	-0.003082	-0.008067	-0.063565	0.002183	0.090286	-0.060272	2.380227	1.246894	1.584311	1.000000
9.000000	12.000000	-0.004174	-0.000995	-0.069469	-0.004173	-0.001015	-0.069457	-0.087052	0.097635	-0.036983	3.099691	1.467941	0.115813	1.000000
4.000000	23.000000	0.002850	-0.002662	-0.072910	0.002849	-0.002607	-0.072902	0.028707	-0.013835	-0.047906	2.749769	2.414165	1.601377	1.000000
11.000000	41.000000	-0.000191	0.001795	-0.077348	-0.000193	0.001804	-0.077350	-0.025636	0.058168	-0.007503	-1.404982	0.398645	-1.001397	1.000000
18.000000	22.000000	0.005785	0.011906	-0.083978	0.005802	0.011905	-0.083990	0.038438	0.062236	-0.030915	1.864394	-0.211240	-1.483863	1.000000
29.000000	14.000000	-0.008309	0.004393	-0.079080	-0.008315	0.004396	-0.079088	-0.054730	0.068548	0.041144	-0.666476	-0.824274	1.379491	1.000000
7.000000	40.000000	0.011461	-0.004181	-0.065143	0.011469	-0.004207	-0.065161	-0.031883	0.104217	0.032940	-1.832246	0.380509	-1.153459	1.000000
63.000000	73.000000	-0.000305	0.012329	-0.077693	-0.000321	0.012311	-0.077656	0.009057	-0.099393	0.042941	0.639860	4.967782	-2.248751	1.000000
14.000000	16.000000	0.004391	-0.005504	-0.082853	0.004387	-0.005535	-0.082895	-0.069350	0.033758	0.017379	0.251412	-0.508083	-1.717309	1.000000
10.000000	10.000000	0.005759	0.009503	-0.079821	0.005718	0.009484	-0.079804	0.026646	0.087970	0.047980	0.065604	0.799793	-2.871846	1.000000
19.000000	15.000000	-0.011221	0.008952	-0.078101	-0.011205	0.008936	-0.078112	-0.067200	0.119228	0.026019	0.925926	-0.757437	-0.488796	1.000000
17.000000	20.000000	0.005392	0.004271	-0.071185	0.005397	0.004261	-0.071179	0.014095	-0.059146	0.044919	1.304036	-0.213595	-0.687420	1.000000
45.000000	47.000000	0.007500	-0.012018	-0.078467	0.007482	-0.012032	-0.078466	-0.011191	0.020097	0.116183	0.464197	-1.583338	-1.711284	1.000000
8.000000	9.000000	0.005811	0.000534	-0.061999	0.005830	0.000538	-0.062028	0.015002	0.107701	0.019706	-1.428274	0.555566	0.603591	1.000000
22.000000	8.000000	0.006203	0.008975	-0.076147	0.006199	0.008991	-0.076147	0.026551	0.042806	0.049815	4.085730	-0.901045	-0.339016	1.000000
20.000000	27.000000	0.007110	-0.003250	-0.079188	0.007067	-0.003261	-0.079171	-0.003276	0.101833	0.107367	-1.506479	-1.879863	-0.651981	1.000000
23.000000	17.000000	-0.007350	-0.000531	-0.069491	-0.007326	-0.000539	-0.069491	0.001987	0.030583	-0.003240	0.039898	-1.598872	1.024160	1.000000
42.000000	21.000000	-0.005337	-0.007383	-0.067005	-0.005340	-0.007371	-0.067004	0.031788	0.058197	0.052308	0.647961	0.181625	-0.371987	1.000000
13.000000	24.000000	-0.004669	-0.001455	-0.064875	-0.004667	-0.001450	-0.064867	-0.016862	0.019131	0.000398	1.385273	0.887105	-0.843656	1.000000
24.000000	28.000000	-0.007934	-0.008090	-0.064188	-0.007923	-0.008084	-0.064214	0.027221	0.004286	-0.041802	-0.495758	0.426521	1.421654	1.000000
34.000000	11.000000	0.003934	-0.007372	-0.071091	0.003964	-0.007391	-0.071141	-0.085534	0.107604	-0.098238	0.806019	-1.790187	-1.218647	1.000000
27.000000	48.000000	-0.011672	-0.008054	-0.075660	-0.011671	-0.008051	-0.075628	0.012595	0.020107	0.014813	-0.552973	0.001880	0.009161	1.000000
35.000000	18.000000	0.004712	-0.002391	-0.081058	0.004714	-0.002395	-0.081068	-0.011537	0.102451	0.006373	0.075805	-0.066681	1.227065	1.000000
61.000000	26.000000	-0.002320	-0.006261	-0.078125	-0.002331	-0.006268	-0.078121	-0.036427	0.006181	-0.001798	-0.628533	0.416038	0.134618	1.000000
26.000000	32.000000	-0.004398	-0.000304	-0.066284	-0.004382	-0.000301	-0.066260	-0.003460	0.074053	-0.031794	1.913459	2.990817	-0.048776	1.000000
31.000000	42.000000	-0.007023	-0.010491	-0.067758	-0.007023	-0.010498	-0.067784	-0.018655	-0.010719	0.018424	-1.276591	-0.468714	-0.243462	1.000000
60.000000	36.000000	-0.012150	0.002583	-0.079680	-0.012148	0.002592	-0.079662	-0.081583	-0.001621	0.052011	-0.377934	1.795618	0.665063	1.000000
73.000000	80.000000	-0.009160	-0.009729	-0.074099	-0.009147	-0.009724	-0.074144	0.077347	0.026466	0.003704	-20.464284	-13.327380	-10.803570	1.000000
39.000000	60.000000	0.006670	0.010157	-0.069992	0.006679	0.010128	-0.069965	0.010332	0.043106	0.116010	0.295455	-2.401598	1.710539	1.000000
40.000000	49.000000	-0.001600	-0.001814	-0.081589	-0.001597	-0.001819	-0.081586	-0.037086	0.088763	-0.001726	-0.367723	-0.789867	-1.267586	1.000000
37.000000	43.000000	-0.007922	-0.001717	-0.072494	-0.007905	-0.001702	-0.072506	-0.001603	0.058305	0.066441	1.238551	0.421090	-1.262742	1.000000
30.000000	19.000000	0.001718	0.002658	-0.069903	0.001726	0.002644	-0.069902	-0.039772	0.012541	0.026599	-0.900933	0.185563	0.983632	1.000000
46.000000	38.000000	-0.001545	-0.012487	-0.071696	-0.001546	-0.012477	-0.071745	-0.081284	-0.006287	-0.110155	-2.970422	3.160785	-2.234717	1.000000
32.000000	29.000000	0.004376	0.008199	-0.069292	0.004398	0.008264	-0.069346	-0.031734	0.004376	0.047529	0.694347	1.900329	-0.746699	1.000000
49.000000	45.000000	-0.003923	0.003860	-0.063080	-0.003907	0.003860	-0.063073	-0.025890	0.030910	0.059948	-0.965229	-0.088190	1.005602	1.000000
44.000000	35.000000	-0.012861	-0.008536	-0.074481	-0.012865	-0.008530	-0.074495	-0.011923	0.029517	0.041306	-1.475296	0.219977	0.352128	1.000000
38.000000	33.000000	-0.007565	0.007108	-0.082373	-0.007549	0.007108	-0.082344	-0.086723	0.018300	0.025594	-0.111430	-0.413660	0.347507	1.000000
25.000000	46.000000	0.000156	0.011144	-0.084135	0.000190	0.011127	-0.084145	-0.030685	0.111505	-0.041641	-0.296799	0.370791	-1.253351	1.000000
41.000000	39.000000	0.002803	-0.008008	-0.080824	0.002799	-0.007994	-0.080747	0.030635	0.031123	0.078086	-0.295663	-1.562483	-1.875108	1.000000
50.000000	31.000000	-0.004920	0.007349	-0.066262	-0.004920	0.007335	-0.066273	-0.112839	0.013218	0.052962	-0.480631	-0.099357	-0.446774	1.000000
0.000000	61.000000	0.011176	-0.012666	-0.074393	0.000000	0.000000	0.000000	0.000000	0.000000	0.000000	0.000000	0.000000	0.000000	0.000000
51.000000	44.000000	0.002366	0.002467	-0.084970	0.002491	0.002307	-0.084870	-0.040440	0.218379	0.096001	3.296353	-2.649625	-1.834178	1.000000
43.000000	51.000000	-0.013069	0.002645	-0.063021	-0.013061	0.002637	-0.063026	-0.030356	-0.034782	0.034989	-0.536036	0.122557	0.185573	1.000000
54.000000	59.000000	-0.011209	-0.001456	-0.071512	-0.011219	-0.001469	-0.071506	-0.008228	-0.014829	0.039328	-21.934522	7.160714	-52.809519	1.000000
48.000000	64.000000	-0.006363	-0.014595	-0.072922	-0.006376	-0.014617	-0.072903	0.035108	0.037376	0.015026	-0.098993	-0.839780	1.108071	1.000000
66.000000	52.000000	0.005880	0.012287	-0.069476	0.005885	0.012320	-0.069430	0.006218	0.054774	0.038977	-0.232456	0.153960	-1.823271	1.000000
74.000000	69.000000	-0.013690	0.000004	-0.062630	-0.013651	0.000020	-0.062620	-0.009329	-0.049460	0.052301	-0.439307	2.546940	-0.830084	1.000000
36.000000	54.000000	-0.013015	-0.003596	-0.064877	-0.013000	-0.003609	-0.064856	0.005214	-0.011765	0.065199	0.142344	-0.625063	0.463416	1.000000
52.000000	55.000000	0.007960	-0.009520	-0.070197	0.007955	-0.009516	-0.070202	-0.051748	0.037980	-0.022341	-0.811406	0.037237	-2.170896	1.000000
88.000000	68.000000	-0.007953	-0.000925	-0.078026	-0.007911	-0.000960	-0.077998	-0.065385	0.076795	-0.023141	1.145059	1.299729	0.049536	1.000000
57.000000	58.000000	-0.007141	0.012483	-0.086194	-0.007151	0.012482	-0.086191	-0.038010	0.072530	-0.002012	0.735029	2.181216	-0.362500	1.000000
56.000000	57.000000	0.002730	-0.003567	-0.085232	0.002739	-0.003587	-0.085237	0.016693	0.073736	-0.027593	1.870043	0.657953	-0.961627	1.000000
59.000000	79.000000	0.007627	0.012197	-0.077669	0.007636	0.012195	-0.077680	0.031594	0.092563	0.015239	-2.156728	5.575845	-1.007811	1.000000
1.000000	62.000000	0.000358	-0.008440	-0.084791	0.000327	-0.008416	-0.084756	0.050077	0.083298	0.075757	0.066686	-0.166200	-1.238587	1.000000
67.000000	66.000000	0.011685	-0.004839	-0.081786	0.011710	-0.004814	-0.081793	-0.010053	0.104006	0.100901	1.455578	0.186112	-0.183468	1.000000
28.000000	34.000000	-0.003616	-0.004685	-0.066377	-0.003593	-0.004724	-0.066422	-0.004407	0.080080	-0.017545	-1.296680	-1.165770	0.590708	1.000000
47.000000	74.000000	-0.005577	-0.003746	-0.083663	-0.005594	-0.003701	-0.083695	0.016693	0.003073	0.028085	-0.713699	-0.699129	-0.075767	1.000000
75.000000	65.000000	-0.003775	-0.011579	-0.061767	-0.003776	-0.011587	-0.061773	0.012336	0.026907	-0.124981	-0.423529	3.341731	0.246764	1.000000
33.000000	67.000000	-0.013633	0.006865	-0.075272	-0.013581	0.006837	-0.075276	-0.123058	-0.026651	-0.007445	-1.871980	0.072298	0.232637	1.000000
80.000000	82.000000	-0.000637	0.012253	-0.077554	-0.000589	0.012252	-0.077522	-0.014634	-0.099091	0.028264	-1.555195	2.328921	1.278721	1.000000
68.000000	63.000000	-0.011326	-0.003676	-0.079172	-0.011356	-0.003704	-0.079126	-0.037142	0.012395	0.029674	-0.114491	-0.368570	1.368666	1.000000
76.000000	81.000000	-0.008759	-0.006482	-0.080128	0.000000	0.000000	0.000000	0.000000	0.000000	0.000000	0.000000	0.000000	0.000000	0.000000
70.000000	72.000000	0.006506	0.001276	-0.061058	0.006504	0.001268	-0.061033	0.059161	0.132329	0.028254	-0.288515	1.186588	1.655339	1.000000
65.000000	-1.000000	0.013419	0.014109	-0.077909	0.000000	0.000000	0.000000	0.000000	0.000000	0.000000	0.000000	0.000000	0.000000	0.000000
53.000000	30.000000	0.014512	0.005093	-0.068410	0.014552	0.005087	-0.068476	-0.015917	0.247035	0.140857	5.510135	3.575298	-0.866578	1.000000
82.000000	76.000000	0.013162	-0.013787	-0.071329	0.013144	-0.013717	-0.071360	-0.030156	0.005887	-0.085344	-1.138132	-1.065113	-1.919856	1.000000
72.000000	75.000000	0.003192	-0.007952	-0.081843	0.003145	-0.007980	-0.081857	0.019357	0.039397	0.070207	-0.211143	-1.357566	0.142032	1.000000
55.000000	50.000000	-0.013580	-0.006685	-0.064009	-0.013507	-0.006633	-0.063958	0.017667	-0.022773	-0.045221	1.409289	0.865359	-2.131171	1.000000
77.000000	77.000000	0.002243	-0.013794	-0.085813	0.002242	-0.013809	-0.085838	0.024881	0.035027	-0.045775	2.178599	-1.214719	3.489422	1.000000
79.000000	53.000000	0.005851	-0.008359	-0.084313	0.005838	-0.008280	-0.084199	0.055884	0.068330	0.001535	0.883355	1.484420	2.717488	1.000000
78.000000	56.000000	0.004785	0.005729	-0.085632	0.004772	0.005733	-0.085643	0.026587	0.265292	-0.008056	-3.500000	4.195242	-2.827360	1.000000
85.000000	86.000000	0.001199	-0.003436	-0.086604	0.001216	-0.003439	-0.086550	0.003165	0.090214	0.001363	0.258553	0.641790	-0.443674	1.000000
69.000000	37.000000	0.006706	-0.004757	-0.078594	0.006718	-0.004753	-0.078594	-0.025403	0.102283	0.114086	0.237020	-1.356051	-0.165161	1.000000
83.000000	84.000000	-0.015804	0.010409	-0.073561	-0.015824	0.010416	-0.073607	-0.080338	-0.013596	-0.006150	-0.870099	0.365890	0.382967	1.000000
81.000000	83.000000	0.012805	0.006784	-0.079455	0.012797	0.006783	-0.079446	0.107758	0.140052	-0.019084	-0.284715	4.731518	-2.469280	1.000000
84.000000	85.000000	0.014227	0.012617	-0.078178	0.014208	0.012624	-0.078163	0.067878	0.155238	0.027444	-3.425177	0.059928	-1.112328	1.000000
86.000000	87.000000	0.004838	0.013722	-0.064312	0.004833	0.013733	-0.064317	-0.033213	0.116662	0.130490	-0.284191	0.335894	0.683490	1.000000
87.000000	88.000000	0.013662	0.004567	-0.082725	0.013616	0.004588	-0.082691	0.058773	0.148943	-0.041367	-3.988543	-0.585322	-0.550566	1.000000
89.000000	89.000000	0.009431	-0.014988	-0.073495	0.009453	-0.015014	-0.073514	-0.032699	-0.022165	-0.005769	0.183762	-0.065755	3.056815	1.000000
90.000000	90.000000	0.005006	0.013852	-0.067226	0.005043	0.013823	-0.067290	-0.031254	0.100359	0.054392	-0.828353	-0.839639	-1.670049	1.000000
58.000000	78.000000	0.004918	-0.003462	-0.084697	0.004884	-0.003424	-0.084699	-0.038820	0.182974	0.192265	-7.882117	-9.002996	-10.730019	1.000000
91.000000	91.000000	-0.010694	0.006884	-0.085887	-0.010706	0.006880	-0.085877	-0.000182	0.137336	0.038742	-0.672827	3.035464	0.612138	1.000000
