3.000000	1.000000	-0.000272	0.002940	-0.062130	-0.000276	0.002941	-0.062123	0.080098	0.036097	0.080518	-0.824045	0.674858	1.070562	1.000000
4.000000	33.000000	0.003166	-0.003274	-0.066161	0.003216	-0.003338	-0.066181	0.014392	0.069905	-0.087515	2.578628	-8.340254	1.398979	1.000000
21.000000	4.000000	0.001934	0.006632	-0.069963	0.001969	0.006626	-0.070012	-0.063368	0.009683	0.087788	-0.419411	-1.370665	0.277571	1.000000
18.000000	14.000000	0.006126	0.005446	-0.076811	0.006111	0.005458	-0.076795	-0.027535	0.039177	0.119653	0.099149	-1.283976	-0.889001	1.000000
32.000000	10.000000	0.003585	0.002332	-0.076468	0.003557	0.002295	-0.076464	-0.035593	0.003409	0.106550	1.126839	-2.456068	-0.505320	1.000000
25.000000	45.000000	0.008531	0.005594	-0.072730	0.008551	0.005654	-0.072791	-0.098610	0.093322	0.048930	0.137524	-0.372954	1.907019	1.000000
10.000000	34.000000	0.009809	-0.001369	-0.082763	0.009811	-0.001369	-0.082797	0.058051	0.193092	0.084531	-0.653407	0.460660	-0.082402	1.000000
2.000000	3.000000	0.001384	0.003004	-0.070295	0.001350	0.003003	-0.070298	-0.030110	0.006817	-0.010092	0.832996	1.897619	-1.541910	1.000000
7.000000	8.000000	-0.004567	-0.002500	-0.066836	-0.004551	-0.002498	-0.066828	0.002583	0.069860	0.054383	-0.249844	-0.406334	1.509465	1.000000
20.000000	16.000000	-0.001786	-0.002481	-0.076497	-0.001761	-0.002477	-0.076503	0.027945	0.005232	-0.070444	1.643645	3.628763	1.046049	1.000000
6.000000	23.000000	0.007441	0.004321	-0.070668	0.007426	0.004316	-0.070636	-0.133710	0.052886	0.103855	-0.543248	-1.735133	0.514584	1.000000
41.000000	6.000000	0.002640	0.008222	-0.077523	0.002672	0.008198	-0.077501	0.088538	-0.031784	0.063352	2.548761	1.898220	0.881837	1.000000
22.000000	19.000000	0.003458	0.003404	-0.074844	0.003465	0.003402	-0.074833	0.000827	0.004103	0.114241	1.062877	-0.870501	0.797148	1.000000
15.000000	24.000000	0.007141	0.007183	-0.073794	0.007142	0.007191	-0.073783	-0.046656	0.087012	0.099527	0.393444	-0.611667	-0.771360	1.000000
26.000000	9.000000	-0.003688	0.005400	-0.079932	-0.003659	0.005423	-0.079936	-0.068528	0.022813	-0.031691	-0.640665	-2.306435	-1.238997	1.000000
35.000000	15.000000	0.007285	0.005848	-0.082817	0.007297	0.005832	-0.082836	-0.068851	0.075829	0.044518	0.491084	-2.137470	-0.594401	1.000000
19.000000	12.000000	-0.004155	-0.010385	-0.071480	-0.004170	-0.010397	-0.071489	-0.023279	0.008337	0.033933	-0.707473	1.956373	1.202354	1.000000
13.000000	25.000000	0.008597	-0.003303	-0.081176	0.008596	-0.003300	-0.081193	0.048360	0.097268	0.011092	-0.493090	0.590590	-0.191900	1.000000
52.000000	41.000000	0.007728	-0.006912	-0.083841	0.007807	-0.006904	-0.083795	0.106783	0.192993	0.114035	1.850345	-1.754554	-0.655881	1.000000
14.000000	11.000000	-0.003699	0.001335	-0.066213	-0.003732	0.001331	-0.066223	0.000716	0.035181	0.038666	-0.036725	0.172331	0.042185	1.000000
8.000000	22.000000	-0.001295	-0.006370	-0.074932	-0.001282	-0.006368	-0.074958	0.009182	0.005025	-0.084465	0.220965	0.400703	0.543211	1.000000
62.000000	35.000000	-0.003541	0.012812	-0.072594	-0.003527	0.012797	-0.072624	0.045808	-0.208909	-0.015580	-2.173116	0.146543	-0.613971	1.000000
12.000000	20.000000	0.014332	-0.002871	-0.066320	0.014342	-0.002883	-0.066307	0.006976	0.015091	0.102482	1.880843	0.213476	-1.112046	1.000000
16.000000	13.000000	0.001110	0.006979	-0.070462	0.001130	0.006984	-0.070458	-0.005109	-0.034883	0.076804	-2.405680	1.213803	-1.855100	1.000000
17.000000	32.000000	0.010119	0.000007	-0.082856	0.010118	0.000018	-0.082845	0.029855	0.141992	0.055243	0.044622	1.933876	0.553040	1.000000
29.000000	17.000000	-0.007335	-0.000579	-0.069550	-0.007327	-0.000574	-0.069465	-0.047169	-0.038383	-0.036728	5.238511	0.070679	13.159339	1.000000
27.000000	36.000000	0.014204	0.000528	-0.070256	0.014199	0.000513	-0.070262	-0.034266	0.180749	0.190666	0.369751	-2.218558	-1.149477	1.000000
30.000000	38.000000	-0.009323	0.011249	-0.075499	-0.009326	0.011263	-0.075507	-0.008829	-0.089050	0.031256	-1.324824	0.640257	-0.050752	1.000000
37.000000	29.000000	0.003442	-0.012353	-0.083137	0.003391	-0.012353	-0.083111	0.063573	0.095601	-0.005424	-0.387396	1.104706	-0.132879	1.000000
42.000000	65.000000	-0.007959	0.001734	-0.072159	-0.007945	0.001693	-0.072150	-0.010048	-0.082360	0.032340	-1.014042	-1.971522	-0.021717	1.000000
56.000000	28.000000	0.008471	0.006366	-0.073617	0.008503	0.006382	-0.073624	-0.080020	0.122463	0.062405	0.439144	-0.931291	0.556681	1.000000
53.000000	56.000000	0.005315	-0.010325	-0.081243	0.005299	-0.010308	-0.081247	0.005221	0.122661	0.021012	-1.201767	0.308687	-0.848079	1.000000
9.000000	42.000000	-0.000717	0.007919	-0.082525	-0.000699	0.007924	-0.082539	-0.091913	-0.040002	0.002164	1.424076	3.897602	-0.344406	1.000000
38.000000	30.000000	0.010056	-0.013202	-0.073235	0.010032	-0.013201	-0.073233	0.036097	-0.002378	-0.012083	-0.547646	0.337306	0.738261	1.000000
5.000000	18.000000	0.004620	-0.007464	-0.060108	0.004599	-0.007473	-0.060117	0.009537	0.097710	-0.076392	-1.061688	0.364885	-4.400599	1.000000
24.000000	40.000000	0.010748	0.004029	-0.060269	0.010728	0.004031	-0.060280	0.061730	0.178774	-0.024376	0.538322	-1.317827	0.765301	1.000000
33.000000	44.000000	-0.006396	-0.004639	-0.080740	-0.006387	-0.004663	-0.080744	-0.069126	0.025367	0.049064	0.985750	-0.213290	0.168326	1.000000
36.000000	50.000000	0.008571	0.008000	-0.070383	0.008543	0.007997	-0.070353	-0.044977	0.067471	0.015068	-0.586555	-0.202302	1.293129	1.000000
40.000000	47.000000	0.013029	-0.005515	-0.075245	0.013055	-0.005504	-0.075175	0.094867	0.093148	0.043657	-0.130631	0.684661	2.042891	1.000000
43.000000	78.000000	0.008899	0.001255	-0.082124	0.008871	0.001295	-0.082127	0.042353	0.184742	0.032184	0.308092	0.245267	-0.046784	1.000000
61.000000	-1.000000	-0.003613	-0.004104	-0.073052	0.000000	0.000000	0.000000	0.000000	0.000000	0.000000	0.000000	0.000000	0.000000	0.000000
31.000000	48.000000	-0.011447	0.004525	-0.065806	-0.011428	0.004527	-0.065814	-0.060941	-0.048452	0.048115	-0.976084	2.946885	-0.252162	1.000000
23.000000	21.000000	-0.008368	-0.010250	-0.070214	-0.008334	-0.010275	-0.070138	0.015826	-0.040575	0.040829	2.655844	1.485764	0.251998	1.000000
44.000000	49.000000	-0.005774	-0.005139	-0.085707	-0.005777	-0.005130	-0.085716	-0.011552	-0.007568	-0.005789	0.382894	1.391616	0.283210	1.000000
28.000000	62.000000	-0.010978	-0.006894	-0.065974	-0.010926	-0.006879	-0.066027	-0.061829	0.030989	0.067266	0.531286	-1.136638	0.019726	1.000000
46.000000	52.000000	0.010218	-0.010992	-0.071815	0.010223	-0.010997	-0.071793	-0.001472	-0.009604	0.026645	-1.159566	0.082699	0.732087	1.000000
50.000000	51.000000	0.000230	-0.009035	-0.084481	0.000228	-0.009044	-0.084465	0.009162	0.101177	0.080008	-1.439084	0.006672	-0.587276	1.000000
77.000000	82.000000	-0.002345	0.003225	-0.086109	-0.002338	0.003244	-0.086106	0.035981	0.018743	0.013993	4.246292	5.223758	1.491567	1.000000
48.000000	75.000000	-0.002012	0.010324	-0.086660	-0.002003	0.010318	-0.086639	-0.053428	0.015320	0.010319	-0.930310	0.864751	0.703089	1.000000
59.000000	54.000000	0.000776	-0.010833	-0.086359	0.000793	-0.010857	-0.086329	0.042514	0.111141	0.010504	0.313209	-2.450335	-0.599652	1.000000
55.000000	2.000000	-0.000880	-0.004132	-0.064456	-0.000889	-0.004114	-0.064470	-0.041131	0.108584	-0.064874	-1.337008	-0.861251	0.237221	1.000000
54.000000	27.000000	-0.013097	-0.010339	-0.077708	-0.013085	-0.010323	-0.077728	0.004172	0.020709	0.032189	0.669580	0.261072	3.724941	1.000000
1.000000	7.000000	0.001769	-0.001676	-0.068723	0.001755	-0.001669	-0.068736	0.036456	-0.038886	-0.028039	3.945295	0.077573	-2.194575	1.000000
0.000000	57.000000	0.007804	0.002644	-0.059786	0.000000	0.000000	0.000000	0.000000	0.000000	0.000000	0.000000	0.000000	0.000000	0.000000
58.000000	26.000000	0.005447	-0.000397	-0.080138	0.005478	-0.000397	-0.080186	0.011243	0.150934	0.023299	0.008596	1.580678	1.450682	1.000000
34.000000	43.000000	-0.012621	-0.000173	-0.067956	-0.012621	-0.000175	-0.067951	-0.000392	-0.043721	0.028773	1.138176	-0.543292	-0.087113	1.000000
60.000000	63.000000	-0.014217	-0.012945	-0.077531	-0.014216	-0.012943	-0.077549	-0.016194	-0.001795	0.042473	0.706693	-1.272140	-0.336132	1.000000
11.000000	59.000000	-0.005488	-0.002118	-0.078148	-0.005491	-0.002128	-0.078147	-0.040694	0.085237	-0.038335	0.779020	1.105137	-0.225088	1.000000
39.000000	5.000000	-0.004616	0.005515	-0.082748	-0.004641	0.005534	-0.082688	-0.053499	-0.065497	-0.000225	-3.279734	-1.531605	0.128612	1.000000
64.000000	61.000000	0.012709	0.009095	-0.080024	0.012719	0.009096	-0.080027	0.016881	0.131885	0.031920	0.805405	-0.845167	-1.713041	1.000000
68.000000	39.000000	-0.011986	0.004188	-0.071932	-0.012002	0.004180	-0.071902	-0.042000	-0.050556	-0.022127	-1.157701	0.153122	-0.395253	1.000000
49.000000	55.000000	0.008858	-0.008328	-0.082390	0.008866	-0.008286	-0.082385	0.067403	0.187686	0.027418	-0.670822	1.151966	-2.441514	1.000000
67.000000	64.000000	0.010907	-0.012686	-0.066555	0.010843	-0.012696	-0.066513	0.042546	0.127101	-0.053566	-0.721017	2.134105	2.532103	1.000000
65.000000	68.000000	0.012127	0.012522	-0.069083	0.012129	0.012519	-0.069076	0.064550	0.033883	0.050012	-0.559963	2.205443	0.426351	1.000000
69.000000	66.000000	-0.011026	0.013389	-0.070285	-0.011024	0.013399	-0.070297	-0.079079	-0.100109	-0.059259	1.989175	1.530595	-1.944946	1.000000
57.000000	60.000000	0.010779	0.011543	-0.064628	0.010789	0.011519	-0.064673	0.047565	0.041233	-0.042984	1.350813	-1.543850	1.069571	1.000000
81.000000	69.000000	0.002106	0.015012	-0.073373	0.002124	0.015019	-0.073349	0.153797	-0.167337	0.019192	-8.209290	18.081916	3.457043	1.000000
70.000000	67.000000	-0.006659	-0.016053	-0.074659	-0.006663	-0.016047	-0.074641	0.028476	0.020176	0.031317	0.009785	-0.704025	1.391052	1.000000
66.000000	73.000000	0.006551	-0.013202	-0.066664	0.006534	-0.013204	-0.066703	-0.052040	0.081699	-0.131463	-0.944907	-4.011797	6.174638	1.000000
72.000000	31.000000	-0.012498	-0.010322	-0.073361	-0.012511	-0.010318	-0.073444	0.060468	-0.005367	0.022654	0.893169	0.928408	-0.586699	1.000000
63.000000	70.000000	-0.012415	-0.009786	-0.076626	-0.012436	-0.009773	-0.076644	-0.001085	0.027062	0.011711	-0.607049	-0.786670	2.756572	1.000000
45.000000	-1.000000	-0.002732	-0.010327	-0.061742	0.000000	0.000000	0.000000	0.000000	0.000000	0.000000	0.000000	0.000000	0.000000	0.000000
73.000000	72.000000	0.002764	-0.012933	-0.085616	0.002776	-0.012941	-0.085588	0.049098	0.060903	0.008441	-0.758737	1.600174	1.758529	1.000000
74.000000	58.000000	0.010181	-0.007736	-0.086326	0.010159	-0.007786	-0.086280	-0.035195	0.201533	0.036486	-0.288961	0.180042	0.950036	1.000000
76.000000	53.000000	0.009029	0.003060	-0.086303	0.009035	0.003046	-0.086305	0.027140	0.189196	0.052805	0.924372	-0.412705	-0.941183	1.000000
75.000000	74.000000	-0.014291	-0.010408	-0.063719	-0.014298	-0.010412	-0.063710	0.029167	-0.048357	0.043215	-0.685756	0.209754	0.637047	1.000000
0.000000	85.000000	0.004578	-0.012330	-0.086987	0.000000	0.000000	0.000000	0.000000	0.000000	0.000000	0.000000	0.000000	0.000000	0.000000
47.000000	76.000000	-0.001207	-0.009335	-0.065299	-0.001204	-0.009339	-0.065364	-0.002330	-0.025505	-0.075801	2.318189	-1.016323	-3.170822	1.000000
51.000000	79.000000	0.006635	0.004334	-0.086697	0.006641	0.004311	-0.086685	-0.054555	0.118442	0.095290	1.250250	1.416583	-3.908591	1.000000
82.000000	71.000000	0.001484	-0.012609	-0.084960	0.001455	-0.012590	-0.084848	0.035537	0.052571	-0.022578	0.723027	5.584415	11.608391	1.000000
0.000000	80.000000	-0.007119	0.006979	-0.086821	0.000000	0.000000	0.000000	0.000000	0.000000	0.000000	0.000000	0.000000	0.000000	0.000000
71.000000	81.000000	-0.015359	0.005423	-0.074210	-0.015360	0.005455	-0.074282	-0.086920	-0.031451	0.034624	0.126074	1.787007	1.609468	1.000000
78.000000	77.000000	-0.014987	-0.004100	-0.064293	-0.015040	-0.004143	-0.064251	-0.066216	-0.026476	0.052352	1.809539	0.807054	-2.115822	1.000000
79.000000	83.000000	-0.013873	-0.012529	-0.065462	-0.013888	-0.012525	-0.065463	0.008203	-0.066749	-0.018594	-3.036962	-0.065180	-0.154589	1.000000
80.000000	84.000000	0.013137	0.001287	-0.080778	0.013130	0.001277	-0.080778	0.015601	0.191493	0.097404	-1.154799	-1.058565	0.862423	1.000000
83.000000	86.000000	0.011265	-0.015114	-0.071490	0.011260	-0.015104	-0.071491	-0.037050	0.008775	-0.038025	-1.988511	-2.394605	1.398352	1.000000
