2.000000	6.000000	0.008464	-0.007020	-0.062697	0.008464	-0.007023	-0.062678	-0.129674	0.076382	-0.074720	-2.072974	0.184693	0.859609	1.000000
3.000000	3.000000	-0.002217	0.005341	-0.065770	-0.002230	0.005338	-0.065781	-0.067264	-0.012619	-0.000535	-1.230854	0.521754	-0.830879	1.000000
4.000000	2.000000	-0.002261	0.004349	-0.069319	-0.002260	0.004351	-0.069330	-0.024543	-0.005738	0.017766	-1.116697	-0.071161	-2.836971	1.000000
11.000000	13.000000	-0.004570	-0.001555	-0.064884	-0.004589	-0.001519	-0.064873	-0.021568	0.015266	0.002666	0.967903	1.045219	-0.290335	1.000000
5.000000	4.000000	0.002756	-0.002598	-0.072703	0.002780	-0.002528	-0.072671	0.012534	-0.027009	-0.059363	3.316168	0.937167	1.956284	1.000000
1.000000	8.000000	0.005732	0.000095	-0.062126	0.005755	0.000112	-0.062095	0.021729	0.105183	0.018139	-1.484167	0.181573	0.623243	1.000000
7.000000	5.000000	0.000799	0.004812	-0.070695	0.000790	0.004824	-0.070698	0.020972	0.016531	0.042513	-0.872270	0.124068	1.379246	1.000000
9.000000	9.000000	-0.003813	-0.001384	-0.069320	-0.003786	-0.001385	-0.069310	-0.102890	0.090759	-0.038420	3.679953	1.961707	0.303501	1.000000
61.000000	34.000000	0.004273	-0.007831	-0.070744	0.004310	-0.007839	-0.070755	-0.088465	0.115695	-0.091383	0.059660	-1.171015	-2.198007	1.000000
8.000000	17.000000	0.005354	0.004508	-0.071365	0.005351	0.004493	-0.071366	0.008360	-0.055764	0.046360	1.193148	-0.681409	-0.701068	1.000000
10.000000	16.000000	0.000905	0.006671	-0.065377	0.000901	0.006669	-0.065360	-0.034577	0.022189	0.047803	1.833375	-1.042564	-0.219843	1.000000
12.000000	10.000000	0.005605	0.009145	-0.079991	0.005610	0.009136	-0.080020	0.027177	0.085289	0.060308	0.270692	1.017341	-1.886148	1.000000
17.000000	11.000000	-0.000097	0.001572	-0.077310	-0.000102	0.001575	-0.077328	-0.020244	0.055899	-0.001982	-1.370992	0.299325	-0.978409	1.000000
23.000000	18.000000	0.005643	0.011651	-0.083851	0.005667	0.011651	-0.083875	0.029522	0.065311	-0.025301	1.923155	-0.590211	-1.523782	1.000000
26.000000	20.000000	0.007074	-0.003679	-0.079605	0.007061	-0.003688	-0.079610	0.005414	0.111045	0.109521	-1.748618	-1.889781	-0.049860	1.000000
29.000000	14.000000	0.004676	-0.005655	-0.082944	0.004645	-0.005678	-0.082987	-0.065723	0.039757	0.029783	-0.306198	-0.711403	-2.094371	1.000000
18.000000	49.000000	-0.003788	0.003742	-0.063298	-0.003813	0.003736	-0.063305	-0.022029	0.031326	0.055548	-1.008433	-0.135777	0.893058	1.000000
24.000000	19.000000	-0.010912	0.008449	-0.078217	-0.010924	0.008450	-0.078227	-0.072795	0.123269	0.030254	1.357306	-0.309972	-0.898177	1.000000
22.000000	31.000000	-0.006972	-0.010462	-0.067848	-0.006962	-0.010464	-0.067860	-0.012404	-0.007714	0.021108	-1.343524	-0.516145	-0.427293	1.000000
40.000000	29.000000	-0.008094	0.004106	-0.079218	-0.008096	0.004114	-0.079230	-0.054475	0.071940	0.032794	-0.461403	-0.665413	1.647590	1.000000
21.000000	61.000000	-0.002172	-0.006292	-0.078127	-0.002190	-0.006285	-0.078114	-0.034267	0.002996	-0.002180	-0.513856	0.400406	0.485430	1.000000
19.000000	22.000000	0.006101	0.008801	-0.076376	0.006118	0.008804	-0.076360	0.007294	0.044908	0.046814	6.163086	0.363636	2.477023	1.000000
27.000000	27.000000	-0.011738	-0.008133	-0.075653	-0.011721	-0.008131	-0.075681	0.011422	0.018677	0.016583	-0.291680	0.044949	0.056161	1.000000
28.000000	15.000000	-0.003087	-0.008424	-0.063324	-0.003066	-0.008413	-0.063310	-0.009703	0.083014	-0.067331	2.595723	1.310655	1.316993	1.000000
14.000000	28.000000	-0.003569	-0.005064	-0.066407	-0.003588	-0.005051	-0.066345	-0.000125	0.085521	-0.021407	-0.850248	-1.027735	1.182554	1.000000
35.000000	26.000000	-0.004364	-0.000591	-0.066164	-0.004349	-0.000557	-0.066141	-0.012814	0.057688	-0.029432	2.147590	3.187271	-0.768232	1.000000
25.000000	69.000000	0.006814	-0.005186	-0.079058	0.006810	-0.005171	-0.079049	-0.023783	0.105931	0.113355	-0.689552	-0.673705	0.339787	1.000000
83.000000	36.000000	-0.013035	-0.003574	-0.065170	-0.013024	-0.003577	-0.065111	0.005186	-0.006778	0.059707	-0.046792	-0.508916	1.017668	1.000000
62.000000	38.000000	-0.007187	0.007071	-0.082412	-0.007205	0.007032	-0.082449	-0.084980	0.020073	0.024661	-0.282884	-0.008678	0.367492	1.000000
36.000000	39.000000	0.006654	0.009941	-0.070404	0.006637	0.009932	-0.070407	0.008512	0.047196	0.117400	0.404223	-0.288313	-1.151597	1.000000
31.000000	25.000000	0.000313	0.010688	-0.084008	0.000306	0.010685	-0.083985	-0.029038	0.107906	-0.033583	-0.815106	0.336162	-1.772162	1.000000
68.000000	24.000000	-0.008043	-0.008111	-0.063987	-0.008039	-0.008105	-0.064035	0.030422	0.003983	-0.047863	-0.662063	0.464078	1.142694	1.000000
32.000000	35.000000	0.004766	-0.002806	-0.081090	0.004760	-0.002802	-0.081077	-0.010766	0.101711	0.001350	-0.205630	0.067469	0.940570	1.000000
30.000000	45.000000	0.007468	-0.012147	-0.078922	0.007541	-0.012120	-0.078940	-0.015357	0.025163	0.119457	0.308687	-1.823167	-1.477176	1.000000
69.000000	40.000000	-0.001446	-0.002173	-0.081553	-0.001459	-0.002184	-0.081594	-0.033909	0.094435	0.003845	-0.493365	-0.884454	-1.096422	1.000000
37.000000	44.000000	-0.012822	-0.008649	-0.074657	-0.012832	-0.008648	-0.074650	-0.005558	0.028686	0.039823	-1.221515	0.327744	0.236270	1.000000
38.000000	33.000000	-0.013116	0.006954	-0.075244	-0.013106	0.006945	-0.075249	-0.115669	-0.026118	-0.010575	-2.123778	0.174961	0.401208	1.000000
45.000000	37.000000	-0.007884	-0.001931	-0.072751	-0.007885	-0.001934	-0.072776	-0.008395	0.057223	0.071287	1.655175	0.471723	-0.649016	1.000000
6.000000	7.000000	0.011605	-0.004647	-0.065294	0.011582	-0.004622	-0.065303	-0.024522	0.103144	0.038289	-1.431915	0.638384	-1.590315	1.000000
74.000000	50.000000	-0.004453	0.007301	-0.066497	-0.004472	0.007282	-0.066489	-0.109982	0.013976	0.054709	-0.619372	-0.236983	-0.273611	1.000000
42.000000	43.000000	-0.012953	0.002778	-0.063163	-0.012939	0.002774	-0.063173	-0.028917	-0.033980	0.036493	-0.618584	-0.337209	-0.153794	1.000000
34.000000	30.000000	0.001863	0.002615	-0.070000	0.001874	0.002595	-0.070003	-0.035022	0.012265	0.022427	-0.935444	0.400777	0.793278	1.000000
13.000000	80.000000	-0.000521	0.012674	-0.077554	-0.000533	0.012665	-0.077624	-0.008272	-0.108010	0.022639	-2.438535	2.300802	1.376171	1.000000
55.000000	46.000000	-0.001244	-0.012445	-0.071289	-0.001242	-0.012408	-0.071343	-0.068546	-0.022993	-0.091213	-2.833940	3.351392	-2.711551	1.000000
66.000000	23.000000	-0.007322	-0.000646	-0.069407	-0.007334	-0.000675	-0.069468	0.000736	0.042130	-0.005580	0.543207	-3.939810	0.322677	1.000000
50.000000	68.000000	-0.011196	-0.003751	-0.079241	-0.011209	-0.003759	-0.079230	-0.036315	0.013338	0.022649	0.270736	-0.300626	1.528262	1.000000
76.000000	71.000000	-0.009197	-0.009720	-0.073952	-0.009197	-0.009720	-0.073952	0.122167	0.054583	0.030750	-12.749999	-10.749999	-94.999991	1.000000
46.000000	51.000000	0.002699	0.001453	-0.085385	0.002664	0.001416	-0.085239	-0.060745	0.237698	0.093058	2.092359	-2.047511	1.084669	1.000000
51.000000	52.000000	0.008157	-0.009672	-0.070128	0.008159	-0.009668	-0.070131	-0.048803	0.037235	-0.012977	-0.710638	0.144559	-2.190533	1.000000
56.000000	57.000000	-0.006997	0.012202	-0.086185	-0.006994	0.012211	-0.086178	-0.040402	0.061182	0.001127	1.022697	2.248291	-0.245260	1.000000
41.000000	42.000000	-0.005484	-0.007568	-0.067197	-0.005461	-0.007605	-0.067220	0.029240	0.057535	0.053525	0.846035	0.340909	-0.395264	1.000000
52.000000	56.000000	0.002686	-0.003853	-0.085109	0.002688	-0.003889	-0.085147	0.005599	0.074645	-0.025641	1.696521	-0.308300	-1.086473	1.000000
53.000000	53.000000	0.014680	0.004128	-0.069100	0.014664	0.004125	-0.069044	-0.042945	0.235372	0.141700	6.937693	2.841911	0.267608	1.000000
86.000000	-1.000000	0.004435	0.008164	-0.069351	0.000000	0.000000	0.000000	0.000000	0.000000	0.000000	0.000000	0.000000	0.000000	0.000000
81.000000	78.000000	0.004622	0.004707	-0.085538	0.004639	0.004699	-0.085637	0.039070	0.252877	0.006546	-2.741258	2.012550	-4.473339	1.000000
84.000000	59.000000	0.007508	0.011863	-0.077755	0.007491	0.011864	-0.077747	0.043941	0.074609	0.019349	-2.890157	3.430727	-0.880031	1.000000
15.000000	47.000000	-0.005675	-0.003728	-0.083780	-0.005660	-0.003724	-0.083796	0.018171	0.006295	0.027168	-0.221262	-0.801777	-0.193475	1.000000
58.000000	60.000000	-0.011829	0.002563	-0.079809	-0.011820	0.002625	-0.079874	-0.081704	-0.011577	0.052118	0.010268	1.952257	0.156245	1.000000
57.000000	21.000000	0.003409	0.001148	-0.072674	0.003453	0.001164	-0.072643	-0.006337	0.014430	-0.027472	-2.110036	0.231940	-1.127644	1.000000
33.000000	72.000000	0.003084	-0.008176	-0.082072	0.003062	-0.008149	-0.082144	0.021980	0.045516	0.069646	0.033233	-0.965712	0.218506	1.000000
82.000000	62.000000	0.005559	-0.000514	-0.067335	0.005543	-0.000588	-0.067271	-0.036035	0.179985	-0.096583	-1.909340	-15.620128	3.355145	1.000000
70.000000	1.000000	0.000158	-0.008735	-0.085032	0.000126	-0.008751	-0.085070	0.052419	0.084188	0.081730	0.395382	0.031798	-1.725877	1.000000
16.000000	12.000000	0.012626	-0.009708	-0.070291	0.012604	-0.009719	-0.070298	-0.023580	0.110870	-0.045497	0.079089	0.955125	0.521234	1.000000
59.000000	65.000000	0.013082	0.013342	-0.078236	0.013067	0.013329	-0.078184	0.084420	0.192224	0.062522	0.444056	2.669580	-0.226523	1.000000
20.000000	-1.000000	0.011049	-0.012763	-0.074455	0.000000	0.000000	0.000000	0.000000	0.000000	0.000000	0.000000	0.000000	0.000000	0.000000
60.000000	67.000000	0.011732	-0.005235	-0.082224	0.011770	-0.005227	-0.082187	-0.018911	0.102456	0.098791	1.184121	-0.326213	0.164485	1.000000
47.000000	48.000000	-0.006524	-0.014787	-0.072935	-0.006514	-0.014771	-0.072954	0.034753	0.040611	0.010354	0.104253	-0.803308	1.025595	1.000000
64.000000	70.000000	0.006282	0.000736	-0.061088	0.006261	0.000750	-0.061136	0.060944	0.127076	0.020570	0.083851	1.113064	1.786613	1.000000
54.000000	55.000000	-0.013607	-0.006534	-0.063822	-0.013568	-0.006537	-0.063797	0.012566	-0.024597	-0.035228	2.346362	0.664474	-3.180663	1.000000
65.000000	82.000000	0.013281	-0.013756	-0.070990	0.013254	-0.013770	-0.071061	-0.023580	0.010616	-0.073150	-0.556673	-2.469657	-2.307594	1.000000
80.000000	41.000000	0.002674	-0.008176	-0.081104	0.002677	-0.008132	-0.081070	0.031548	0.037054	0.084769	-0.448067	-1.607544	-1.821042	1.000000
43.000000	66.000000	0.005861	0.012097	-0.069637	0.005858	0.012103	-0.069594	0.006791	0.054053	0.043544	0.084584	0.008798	-1.124542	1.000000
75.000000	74.000000	-0.013644	0.000240	-0.062818	-0.013618	0.000243	-0.062838	-0.010112	-0.062748	0.055381	-0.906936	2.122960	-0.221284	1.000000
71.000000	83.000000	-0.015539	0.010484	-0.073656	-0.015507	0.010476	-0.073573	-0.077970	-0.015534	-0.009467	-0.569868	0.408444	0.812922	1.000000
79.000000	79.000000	0.005502	-0.008566	-0.084079	0.005639	-0.008531	-0.084190	0.045807	0.055225	-0.009955	1.008767	1.425280	1.679344	1.000000
0.000000	-1.000000	0.011362	0.010808	-0.073471	0.000000	0.000000	0.000000	0.000000	0.000000	0.000000	0.000000	0.000000	0.000000	0.000000
0.000000	-1.000000	-0.011510	-0.013385	-0.069619	0.000000	0.000000	0.000000	0.000000	0.000000	0.000000	0.000000	0.000000	0.000000	0.000000
78.000000	77.000000	0.002150	-0.013975	-0.085636	0.002167	-0.013958	-0.085632	0.012753	0.038855	-0.060389	2.973244	-0.664782	5.659682	1.000000
0.000000	-1.000000	0.013712	-0.012443	-0.071626	0.000000	0.000000	0.000000	0.000000	0.000000	0.000000	0.000000	0.000000	0.000000	0.000000
93.000000	75.000000	-0.003840	-0.011668	-0.061261	-0.003827	-0.011668	-0.061274	0.011966	0.006921	-0.120133	0.559690	6.186563	-2.427322	1.000000
0.000000	-1.000000	0.007068	0.002289	-0.073932	0.000000	0.000000	0.000000	0.000000	0.000000	0.000000	0.000000	0.000000	0.000000	0.000000
44.000000	81.000000	0.012373	0.006251	-0.079402	0.012362	0.006260	-0.079392	0.106034	0.126063	-0.010559	1.497278	2.117783	-1.723108	1.000000
48.000000	32.000000	0.004567	0.008318	-0.069532	0.004526	0.008274	-0.069528	-0.032850	-0.004872	0.046161	0.101838	1.201856	0.051673	1.000000
85.000000	84.000000	0.013899	0.012006	-0.078303	0.013912	0.012003	-0.078282	0.078754	0.155820	0.033326	-2.166924	-0.305212	-1.271543	1.000000
49.000000	88.000000	-0.007639	-0.001318	-0.077819	-0.007649	-0.001256	-0.077897	-0.066521	0.071719	-0.026186	0.482130	1.111465	0.455517	1.000000
77.000000	-1.000000	0.015309	0.014793	-0.072966	0.000000	0.000000	0.000000	0.000000	0.000000	0.000000	0.000000	0.000000	0.000000	0.000000
88.000000	89.000000	0.009570	-0.014872	-0.073413	0.009586	-0.014933	-0.073477	-0.033206	-0.019564	-0.014603	-0.081265	-0.537453	2.159655	1.000000
89.000000	85.000000	0.001213	-0.003773	-0.086484	0.001207	-0.003796	-0.086560	0.000710	0.088540	0.003726	0.830173	0.273929	-1.142092	1.000000
90.000000	86.000000	0.004966	0.013268	-0.064826	0.004964	0.013271	-0.064830	-0.031550	0.114036	0.127683	-0.096585	0.804987	0.872879	1.000000
91.000000	87.000000	0.013359	0.003999	-0.082523	0.013363	0.003981	-0.082547	0.073987	0.152079	-0.036405	-2.465236	-0.764064	-0.415384	1.000000
92.000000	90.000000	0.005184	0.013408	-0.067544	0.005161	0.013419	-0.067517	-0.027674	0.103431	0.064053	-0.862113	-0.440630	-1.541480	1.000000
