1.000000	26.000000	-0.001131	0.002594	-0.062859	-0.001160	0.002568	-0.062815	0.096305	0.036918	0.062399	-0.389439	1.377463	0.171015	1.000000
2.000000	1.000000	0.003344	-0.004515	-0.065284	0.003377	-0.004523	-0.065314	-0.051263	0.164406	-0.081045	4.665926	-6.363353	-2.204984	1.000000
3.000000	9.000000	-0.006741	-0.000192	-0.069461	-0.006759	-0.000175	-0.069506	-0.079303	-0.032231	-0.012457	5.444202	-0.938161	0.993135	1.000000
4.000000	2.000000	0.001925	0.008571	-0.078065	0.001912	0.008538	-0.078061	0.061986	-0.037334	0.045898	2.728929	1.539622	3.045826	1.000000
11.000000	3.000000	0.002568	0.006467	-0.070857	0.002574	0.006462	-0.070878	-0.056902	0.023932	0.084912	-0.584906	-1.393793	0.080968	1.000000
6.000000	4.000000	0.001636	-0.001282	-0.068602	0.001658	-0.001287	-0.068591	-0.018191	-0.036417	0.000660	5.304830	-0.613800	-3.151498	1.000000
7.000000	6.000000	-0.004594	-0.003172	-0.067269	-0.004603	-0.003164	-0.067257	0.010500	0.060419	0.031639	-1.723743	1.319712	1.069645	1.000000
5.000000	10.000000	0.003957	0.002151	-0.077568	0.003959	0.002132	-0.077564	-0.043695	0.029509	0.112711	0.728877	-2.810901	-0.350664	1.000000
12.000000	7.000000	-0.000078	0.008300	-0.082438	-0.000061	0.008300	-0.082440	-0.055645	-0.036424	-0.017961	-6.189516	-1.689013	-3.641457	1.000000
14.000000	5.000000	-0.001341	-0.006387	-0.074103	-0.001345	-0.006388	-0.074089	0.002271	-0.001524	-0.089855	0.433594	0.639380	0.538508	1.000000
9.000000	55.000000	-0.004264	0.006028	-0.082730	-0.004252	0.006061	-0.082684	-0.035119	-0.027685	0.024345	1.115884	-7.098151	-9.531218	1.000000
13.000000	27.000000	-0.005048	-0.002921	-0.077775	-0.005046	-0.002913	-0.077773	-0.048594	0.071713	-0.035636	0.587150	1.120821	-0.376921	1.000000
17.000000	17.000000	-0.000547	-0.005199	-0.063849	-0.000544	-0.005193	-0.063857	-0.030315	0.105737	-0.054978	0.003128	-0.060611	-1.049355	1.000000
19.000000	16.000000	-0.003977	-0.010391	-0.071779	-0.003968	-0.010365	-0.071769	-0.017768	-0.014370	0.022468	0.055447	2.190243	1.344445	1.000000
16.000000	30.000000	0.001710	0.003036	-0.070293	0.001723	0.003056	-0.070303	-0.045856	-0.014149	0.014827	2.102024	0.110278	-3.765446	1.000000
15.000000	18.000000	0.008451	-0.000533	-0.082477	0.008454	-0.000527	-0.082482	0.040680	0.178580	0.038833	0.410020	0.611927	-0.725482	1.000000
28.000000	36.000000	-0.001051	-0.009151	-0.064795	-0.001066	-0.009180	-0.064806	-0.026296	-0.005589	-0.035492	2.553902	-2.079750	-2.480133	1.000000
23.000000	25.000000	0.007997	0.004962	-0.083324	0.008001	0.004957	-0.083330	-0.070928	0.097353	0.054065	-0.155294	-1.265268	-0.828918	1.000000
27.000000	14.000000	0.005361	-0.001786	-0.080360	0.005359	-0.001808	-0.080347	0.011398	0.129166	0.008723	-0.116378	3.411067	1.830998	1.000000
21.000000	11.000000	0.003540	0.003315	-0.075933	0.003546	0.003323	-0.075926	-0.018596	0.012681	0.106027	2.539191	-1.151379	0.561577	1.000000
8.000000	21.000000	0.014368	-0.003040	-0.067393	0.014360	-0.003029	-0.067385	-0.008849	0.016815	0.115709	0.954805	-0.232273	-1.201566	1.000000
25.000000	62.000000	0.009525	0.004563	-0.073428	0.009519	0.004558	-0.073477	-0.086653	0.109063	0.031595	0.271728	1.898851	-7.683066	1.000000
24.000000	35.000000	-0.012437	-0.010065	-0.076700	-0.012423	-0.010051	-0.076734	-0.003093	0.028236	0.006309	-0.124005	-0.393019	0.939014	1.000000
22.000000	37.000000	0.009215	-0.003334	-0.083783	0.009205	-0.003287	-0.083638	0.063366	0.191634	0.086303	-0.371423	-0.095976	-0.688557	1.000000
20.000000	39.000000	0.009815	-0.001309	-0.083357	0.009829	-0.001299	-0.083353	0.029140	0.122313	0.044848	-0.235059	1.225690	1.090426	1.000000
35.000000	20.000000	0.001059	0.007386	-0.071303	0.001088	0.007394	-0.071332	0.012559	-0.046357	0.094982	-1.437695	0.409373	-0.573085	1.000000
29.000000	31.000000	-0.010896	0.005186	-0.066314	-0.010923	0.005236	-0.066288	-0.036009	-0.091055	0.045651	-3.864884	2.596749	0.469464	1.000000
34.000000	23.000000	-0.001954	-0.002380	-0.075841	-0.001942	-0.002351	-0.075768	0.008993	-0.026584	-0.075653	0.445756	2.576555	-0.618168	1.000000
36.000000	28.000000	-0.003785	0.001006	-0.066618	-0.003747	0.001005	-0.066614	0.001870	0.029504	0.039761	0.613161	0.477860	0.097633	1.000000
33.000000	32.000000	-0.009286	0.012197	-0.075823	-0.009299	0.012183	-0.075837	0.000907	-0.095955	0.034116	-0.454404	0.834780	-0.440645	1.000000
30.000000	12.000000	-0.008426	-0.009856	-0.070620	-0.008377	-0.009856	-0.070548	-0.003469	-0.037013	0.044401	1.418860	-1.513222	-1.831785	1.000000
58.000000	33.000000	0.014552	-0.001402	-0.072231	0.014545	-0.001389	-0.072204	-0.034956	0.199035	0.198441	0.306844	-1.326666	-0.703201	1.000000
32.000000	34.000000	0.005187	-0.011503	-0.081514	0.005195	-0.011513	-0.081496	0.014763	0.116509	0.029911	-0.681031	0.376608	-0.948111	1.000000
70.000000	50.000000	-0.013103	-0.010203	-0.073665	-0.013070	-0.010226	-0.073651	0.053396	-0.015191	0.019634	0.812684	0.720467	0.459694	1.000000
18.000000	13.000000	0.010166	0.002177	-0.060000	0.010167	0.002167	-0.060015	0.045853	0.189317	-0.026574	3.272822	0.239356	0.081661	1.000000
37.000000	51.000000	-0.012532	0.000253	-0.068256	-0.012455	0.000275	-0.068294	-0.030884	-0.049675	0.039758	0.743135	1.534540	-1.392434	1.000000
38.000000	57.000000	0.009635	-0.013138	-0.073089	0.009658	-0.013151	-0.073091	0.039862	-0.007213	-0.016708	-0.368518	0.188126	1.038523	1.000000
31.000000	42.000000	0.011439	0.012279	-0.069624	0.011478	0.012278	-0.069574	0.064658	0.016042	0.050725	0.199218	1.362492	-0.195801	1.000000
40.000000	41.000000	-0.005641	-0.004991	-0.085670	-0.005650	-0.004997	-0.085653	-0.016495	-0.017670	-0.004606	1.182301	0.551539	-0.493388	1.000000
69.000000	19.000000	-0.011673	0.004641	-0.071643	-0.011627	0.004697	-0.071693	-0.041173	-0.060199	-0.012108	2.000250	2.733516	-2.793956	1.000000
57.000000	43.000000	0.010185	-0.010908	-0.071998	0.010173	-0.010925	-0.071991	0.010523	-0.005769	0.013951	-1.095983	-0.159477	0.748945	1.000000
43.000000	70.000000	-0.002447	0.003341	-0.086171	-0.002417	0.003355	-0.086207	-0.022268	-0.038684	0.008054	4.881400	3.937828	0.351860	1.000000
44.000000	45.000000	0.008158	-0.010103	-0.082839	0.008160	-0.010111	-0.082852	0.072536	0.176611	0.067604	0.369969	1.532766	-3.918085	1.000000
47.000000	38.000000	-0.005635	-0.004943	-0.081211	-0.005631	-0.004918	-0.081232	-0.082837	0.023929	0.047781	1.198847	1.404120	0.389038	1.000000
48.000000	48.000000	0.012571	0.007730	-0.080451	0.012589	0.007728	-0.080447	0.010280	0.141979	0.053457	0.125775	-1.125143	-2.866398	1.000000
49.000000	29.000000	0.009318	0.005125	-0.074213	0.009312	0.005133	-0.074179	-0.083434	0.128603	0.054970	-0.045142	-0.679924	-0.378577	1.000000
79.000000	47.000000	0.000413	-0.012127	-0.086472	0.000405	-0.012116	-0.086486	0.035082	0.135461	0.026340	0.852897	-0.952547	-3.257492	1.000000
10.000000	24.000000	0.006393	0.005022	-0.078055	0.006399	0.005001	-0.078043	-0.028960	0.050090	0.128206	0.214323	-0.565849	0.173839	1.000000
52.000000	52.000000	0.010384	0.011015	-0.064230	0.010393	0.011018	-0.064204	0.030611	0.059136	-0.049321	1.260840	-1.337068	0.157300	1.000000
71.000000	22.000000	0.007630	0.006289	-0.074887	0.007626	0.006290	-0.074839	-0.050479	0.092804	0.111530	0.112618	-0.615197	-0.737288	1.000000
53.000000	49.000000	-0.003001	0.005107	-0.079707	-0.002999	0.005098	-0.079707	-0.064070	0.040755	-0.014335	-0.390621	-2.212792	-1.356429	1.000000
54.000000	54.000000	-0.004125	0.014881	-0.072595	-0.004129	0.014879	-0.072593	0.067078	-0.208480	0.033710	-0.708042	-0.071928	-10.780219	1.000000
60.000000	56.000000	-0.014031	-0.012995	-0.078009	-0.014025	-0.012995	-0.077992	-0.021346	0.010191	0.044403	0.073539	-0.812855	0.004956	1.000000
51.000000	63.000000	-0.006723	0.009284	-0.060897	-0.006728	0.009297	-0.060872	0.002245	-0.000256	0.137612	2.069173	2.319456	0.338224	1.000000
26.000000	73.000000	0.008984	0.007330	-0.070441	0.008965	0.007324	-0.070453	-0.040815	0.066514	0.006226	-0.550566	-0.110776	0.680191	1.000000
0.000000	-1.000000	0.006921	0.002247	-0.059839	0.000000	0.000000	0.000000	0.000000	0.000000	0.000000	0.000000	0.000000	0.000000	0.000000
56.000000	59.000000	-0.014498	0.005862	-0.074523	-0.014484	0.005875	-0.074481	-0.083907	-0.049981	0.004622	-1.887136	0.237778	3.022140	1.000000
80.000000	60.000000	0.010371	-0.013846	-0.065813	0.010382	-0.013852	-0.065790	0.044409	0.102933	-0.094757	3.503338	2.806112	3.223230	1.000000
50.000000	53.000000	-0.010299	-0.007245	-0.066731	-0.010291	-0.007267	-0.066646	-0.065502	0.045683	0.060088	0.227354	-1.276331	0.103562	1.000000
39.000000	40.000000	0.012150	-0.006354	-0.075559	0.012124	-0.006376	-0.075490	0.089751	0.080255	0.022672	0.433423	1.331236	1.024651	1.000000
55.000000	8.000000	-0.002983	-0.003951	-0.072358	-0.002929	-0.003940	-0.072321	-0.051753	-0.028103	-0.093434	-1.173606	1.540099	0.531538	1.000000
73.000000	65.000000	0.002742	-0.013314	-0.082891	0.002726	-0.013256	-0.083079	0.068403	0.083815	-0.005095	0.894662	1.339683	-0.259867	1.000000
59.000000	64.000000	-0.010125	0.014474	-0.069833	-0.010099	0.014452	-0.069816	-0.101914	-0.112067	-0.036045	0.504005	1.883280	-2.701142	1.000000
46.000000	44.000000	0.006870	-0.008934	-0.084953	0.006870	-0.008882	-0.084944	0.077992	0.200298	0.114670	2.329205	-0.188403	0.013545	1.000000
42.000000	46.000000	0.000060	-0.010078	-0.085249	0.000054	-0.010048	-0.085304	0.026176	0.100788	0.084911	-0.909772	0.844937	0.323490	1.000000
75.000000	61.000000	0.008702	0.003669	-0.071638	0.008697	0.003689	-0.071624	-0.118655	0.073761	0.094954	-1.601779	-1.770669	0.437428	1.000000
62.000000	66.000000	-0.001501	0.010217	-0.086734	-0.001513	0.010232	-0.086725	-0.044262	0.001728	0.006397	-1.522274	1.538151	0.948527	1.000000
65.000000	68.000000	0.010474	-0.009828	-0.086570	0.010479	-0.009828	-0.086584	-0.025448	0.209669	0.023027	-1.804502	-0.448013	0.692660	1.000000
63.000000	69.000000	-0.014674	-0.009911	-0.064073	-0.014639	-0.009900	-0.064097	0.041288	-0.055666	0.030132	-1.012541	0.636616	1.344921	1.000000
64.000000	75.000000	0.001207	-0.013497	-0.085022	0.001237	-0.013494	-0.085076	0.047348	0.088284	-0.040432	5.662337	0.431818	-29.246750	1.000000
61.000000	67.000000	0.002296	-0.013464	-0.085654	0.002244	-0.013436	-0.085546	0.058527	0.040730	-0.022251	-0.740869	1.501568	2.159314	1.000000
45.000000	74.000000	-0.014358	-0.003848	-0.064885	-0.014357	-0.003850	-0.064841	-0.067007	-0.032467	0.062928	-0.793196	0.523396	-0.389952	1.000000
66.000000	71.000000	-0.002850	-0.010786	-0.060746	-0.002856	-0.010763	-0.060720	-0.019719	0.056041	-0.058296	-12.264068	1.655844	8.351731	1.000000
0.000000	72.000000	0.005225	0.002502	-0.080938	0.000000	0.000000	0.000000	0.000000	0.000000	0.000000	0.000000	0.000000	0.000000	0.000000
68.000000	58.000000	0.008105	-0.004254	-0.081315	0.008106	-0.004269	-0.081376	0.050427	0.096437	0.026223	-0.081942	0.589542	-0.259220	1.000000
67.000000	15.000000	-0.007826	0.002387	-0.072440	-0.007812	0.002378	-0.072476	-0.021541	-0.054319	0.031404	1.715935	-1.430600	-0.306101	1.000000
74.000000	76.000000	-0.014239	0.006312	-0.078320	-0.014252	0.006324	-0.078349	-0.076811	-0.019914	0.079305	4.937312	-0.337163	3.217033	1.000000
0.000000	-1.000000	0.002120	-0.013507	-0.085233	0.000000	0.000000	0.000000	0.000000	0.000000	0.000000	0.000000	0.000000	0.000000	0.000000
72.000000	-1.000000	-0.003079	-0.004046	-0.071846	0.000000	0.000000	0.000000	0.000000	0.000000	0.000000	0.000000	0.000000	0.000000	0.000000
76.000000	77.000000	-0.014109	-0.011848	-0.065312	-0.014111	-0.011839	-0.065339	0.033211	-0.071150	-0.003615	-1.190518	0.337618	-1.423534	1.000000
77.000000	78.000000	0.012954	-0.000672	-0.081765	0.012933	-0.000675	-0.081754	0.023343	0.196821	0.097785	-0.725683	-0.082573	0.017200	1.000000
81.000000	79.000000	-0.006935	-0.016283	-0.074873	-0.006932	-0.016288	-0.074884	0.024394	0.028289	0.018447	0.763812	-0.876839	0.588546	1.000000
0.000000	80.000000	0.008801	0.001133	-0.086851	0.000000	0.000000	0.000000	0.000000	0.000000	0.000000	0.000000	0.000000	0.000000	0.000000
0.000000	81.000000	-0.012907	-0.010431	-0.078051	0.000000	0.000000	0.000000	0.000000	0.000000	0.000000	0.000000	0.000000	0.000000	0.000000
