1.000000	32.000000	0.005981	0.003416	-0.061402	0.006019	0.003405	-0.061419	0.021362	0.128400	0.033603	1.208186	0.223684	0.914827	1.000000
3.000000	1.000000	0.010056	-0.001676	-0.064480	0.010072	-0.001671	-0.064477	-0.076622	0.107728	0.028797	-0.836466	0.091169	0.011925	1.000000
14.000000	3.000000	0.000075	0.010973	-0.076954	0.000087	0.010960	-0.076974	0.019687	-0.035155	0.025693	-1.244821	0.525640	-0.864476	1.000000
31.000000	2.000000	0.000969	0.005095	-0.069388	0.000974	0.005094	-0.069391	-0.003182	-0.006914	0.044791	-0.509094	-1.272653	-0.045833	1.000000
9.000000	6.000000	0.002463	-0.005519	-0.073325	0.002482	-0.005516	-0.073322	-0.036064	0.051056	-0.067042	1.498477	-1.818561	1.721990	1.000000
22.000000	38.000000	0.006837	-0.001256	-0.077022	0.006819	-0.001210	-0.077084	-0.006564	0.084469	0.056022	1.054801	0.886074	-2.123577	1.000000
5.000000	4.000000	0.003400	0.001952	-0.073316	0.003406	0.001902	-0.073323	0.011617	0.028156	-0.015980	-1.761018	-0.808976	-0.713929	1.000000
10.000000	13.000000	-0.005847	0.001500	-0.070378	-0.005853	0.001508	-0.070374	-0.068215	0.112585	-0.038839	-0.830366	-0.231463	-0.096080	1.000000
39.000000	22.000000	0.003880	0.008752	-0.067876	0.003886	0.008759	-0.067908	-0.004091	0.035794	0.082338	1.219034	0.131362	3.894175	1.000000
2.000000	12.000000	-0.004570	0.005203	-0.065861	-0.004602	0.005199	-0.065916	-0.099494	0.004781	-0.016013	-0.272267	0.744316	-0.630747	1.000000
13.000000	18.000000	-0.001268	0.003273	-0.077684	-0.001256	0.003264	-0.077693	-0.064928	0.053527	-0.009387	-1.424812	-1.078598	0.640398	1.000000
16.000000	5.000000	-0.004478	-0.005953	-0.065828	-0.004484	-0.005953	-0.065814	0.036825	0.059584	0.044574	-0.377589	0.032742	-0.995423	1.000000
38.000000	11.000000	0.006093	0.003142	-0.070375	0.006064	0.003144	-0.070386	0.031849	-0.016324	0.007039	0.249814	3.500646	-2.728818	1.000000
11.000000	35.000000	-0.004805	-0.000742	-0.065285	-0.004824	-0.000737	-0.065322	0.008432	0.029023	-0.033620	0.913804	-0.170579	-0.977648	1.000000
18.000000	10.000000	-0.004226	-0.003116	-0.066984	-0.004212	-0.003122	-0.066996	-0.042825	0.064240	-0.034151	-0.502823	0.288694	-0.231552	1.000000
15.000000	21.000000	0.000593	0.002934	-0.068921	0.000594	0.002934	-0.068917	-0.050342	0.013066	0.049426	-0.116876	0.222741	-0.075084	1.000000
49.000000	7.000000	0.012114	-0.006393	-0.071293	0.012114	-0.006399	-0.071288	-0.000723	0.113432	-0.026899	1.045083	-0.951343	0.228989	1.000000
26.000000	14.000000	-0.007357	0.000285	-0.069401	-0.007335	0.000291	-0.069449	-0.001978	0.049779	-0.001504	-0.663705	1.205719	-0.123860	1.000000
52.000000	24.000000	-0.011461	-0.001399	-0.071977	-0.011432	-0.001404	-0.071927	-0.026094	-0.016418	-0.014919	-4.520375	-1.316580	-1.982250	1.000000
56.000000	19.000000	-0.003966	-0.010419	-0.063842	-0.003978	-0.010432	-0.063836	-0.026253	0.060232	-0.035075	-0.277319	0.647307	3.059437	1.000000
61.000000	59.000000	0.006342	0.011758	-0.079757	0.006327	0.011744	-0.079774	0.025058	0.097652	-0.030056	0.457814	0.652530	-0.434471	1.000000
21.000000	20.000000	-0.005644	-0.003728	-0.083101	-0.005641	-0.003722	-0.083104	-0.018680	-0.000349	0.021954	-1.014495	0.679017	-0.741731	1.000000
28.000000	30.000000	0.004614	-0.000059	-0.080496	0.004609	-0.000064	-0.080515	0.003061	0.092999	0.035278	0.127158	0.410599	-0.025677	1.000000
17.000000	26.000000	-0.007786	-0.010775	-0.067270	-0.007796	-0.010758	-0.067267	-0.047763	-0.002615	0.028781	-1.528470	0.930310	0.147382	1.000000
29.000000	23.000000	-0.010023	0.005789	-0.078003	-0.010031	0.005791	-0.078008	-0.092945	0.054327	0.040009	-1.295009	0.624640	-1.132790	1.000000
34.000000	17.000000	0.003368	-0.004642	-0.082479	0.003374	-0.004643	-0.082474	0.001433	0.051193	0.041595	3.848205	1.603361	1.635873	1.000000
41.000000	28.000000	0.007290	-0.011898	-0.076361	0.007261	-0.011895	-0.076385	-0.013647	-0.001950	0.050605	-0.694166	-0.236084	-2.213691	1.000000
8.000000	33.000000	0.003716	-0.001834	-0.073992	0.003708	-0.001875	-0.074031	0.021939	0.054800	-0.047271	-2.190919	0.619342	0.089616	1.000000
19.000000	56.000000	0.006988	-0.006623	-0.082975	0.006981	-0.006616	-0.082985	0.023841	0.037365	0.091247	-2.092428	-3.457495	2.542698	1.000000
27.000000	29.000000	-0.003413	-0.006065	-0.078268	-0.003411	-0.006070	-0.078264	-0.052138	0.008042	-0.011595	-0.714367	0.031375	-0.355204	1.000000
53.000000	39.000000	0.002973	-0.000732	-0.082264	0.003010	-0.000723	-0.082267	-0.077953	0.076232	0.031519	1.652137	-0.858762	-3.732562	1.000000
30.000000	42.000000	-0.004817	0.004594	-0.061300	-0.004815	0.004599	-0.061313	-0.048698	0.031090	0.085832	0.120166	0.064807	1.009142	1.000000
57.000000	43.000000	0.014292	-0.003639	-0.070088	0.014347	-0.003663	-0.070059	-0.074456	0.110336	-0.006569	8.294009	-6.269378	0.533182	1.000000
20.000000	37.000000	-0.002429	0.000282	-0.081977	-0.002424	0.000266	-0.081976	-0.029380	0.095820	-0.024231	-0.131363	1.031405	-0.022950	1.000000
44.000000	60.000000	-0.009502	0.007286	-0.081659	-0.009524	0.007298	-0.081583	-0.073789	0.003011	0.036479	0.336355	-0.056361	0.192836	1.000000
33.000000	63.000000	0.003503	-0.007709	-0.079535	0.003455	-0.007712	-0.079471	0.016159	-0.012663	0.045879	-2.388611	-2.453296	3.025474	1.000000
36.000000	31.000000	0.012018	-0.013276	-0.073505	0.012020	-0.013254	-0.073518	-0.048450	0.013849	-0.094031	0.247578	-1.968246	0.031041	1.000000
32.000000	47.000000	-0.007663	0.007705	-0.065215	-0.007663	0.007708	-0.065226	-0.110579	0.022054	0.032223	0.660376	0.758722	-0.640041	1.000000
35.000000	62.000000	-0.013618	-0.007793	-0.073449	-0.013616	-0.007799	-0.073452	-0.046579	0.027940	0.045463	-0.857277	-0.474345	0.144856	1.000000
25.000000	9.000000	0.006790	-0.003002	-0.076112	0.006774	-0.003007	-0.076178	0.039394	0.046752	0.081601	2.228692	-0.806814	-1.485884	1.000000
7.000000	41.000000	0.000617	0.006724	-0.064198	0.000625	0.006741	-0.064210	0.009435	-0.013490	0.031294	0.931246	-0.335404	-0.782646	1.000000
68.000000	72.000000	-0.004106	0.001933	-0.066688	-0.004110	0.001940	-0.066676	0.016107	0.095859	-0.003952	-0.377062	-0.342098	0.725341	1.000000
45.000000	36.000000	0.002480	0.006962	-0.084806	0.002444	0.006954	-0.084696	-0.035534	0.209345	-0.056889	-3.785179	0.921075	1.023002	1.000000
42.000000	64.000000	0.001517	-0.006498	-0.083039	0.001544	-0.006555	-0.083056	0.064132	0.065743	0.072209	1.568769	-0.760676	0.675889	1.000000
51.000000	34.000000	0.011808	-0.002215	-0.079707	0.011798	-0.002237	-0.079630	0.012095	0.096044	0.085761	1.521642	-0.767341	-0.189560	1.000000
50.000000	46.000000	-0.007309	-0.007863	-0.064689	-0.007280	-0.007808	-0.064696	0.029190	0.017501	0.000970	-0.281546	0.024889	1.473268	1.000000
48.000000	49.000000	0.006444	-0.008669	-0.071297	0.006445	-0.008670	-0.071297	-0.067678	0.030812	-0.059870	0.325129	0.001523	-0.172776	1.000000
43.000000	48.000000	-0.012761	-0.003941	-0.063511	-0.012767	-0.003931	-0.063504	0.006633	-0.007781	0.038680	-0.688408	0.260327	-1.570723	1.000000
54.000000	57.000000	-0.005684	-0.013980	-0.072210	-0.005685	-0.013993	-0.072187	0.021050	0.016748	0.041490	-0.818145	-0.540818	0.229279	1.000000
55.000000	58.000000	-0.011636	-0.007604	-0.075467	-0.011656	-0.007599	-0.075418	-0.017748	0.021939	0.028880	2.243007	-2.818182	-6.543123	1.000000
12.000000	67.000000	0.003678	0.001187	-0.068927	0.003717	0.001206	-0.068903	-0.090528	-0.009039	-0.010600	1.668378	-3.395205	2.675191	1.000000
37.000000	78.000000	-0.007922	-0.000214	-0.071598	-0.007922	-0.000193	-0.071586	-0.013302	0.065453	0.011860	-1.305967	-0.260364	-1.484940	1.000000
24.000000	27.000000	0.005025	-0.008072	-0.060846	0.005016	-0.008073	-0.060857	-0.018138	0.025132	-0.067262	-0.814311	0.809066	-4.116758	1.000000
46.000000	25.000000	0.010803	-0.012090	-0.074310	0.010873	-0.012061	-0.074368	-0.025753	0.055998	0.024423	-0.909559	1.160146	2.876425	1.000000
66.000000	50.000000	0.007225	0.011979	-0.068079	0.007219	0.011964	-0.068155	0.042758	0.094758	0.056794	3.373531	-0.347645	-0.230369	1.000000
58.000000	74.000000	0.007736	0.004794	-0.059943	0.007731	0.004788	-0.059959	0.041458	0.158293	0.047275	-1.018232	0.587912	-1.368631	1.000000
59.000000	73.000000	-0.013845	0.002075	-0.062196	-0.013857	0.002072	-0.062160	-0.035484	-0.009948	0.022960	-0.182263	0.925714	-4.218366	1.000000
69.000000	53.000000	0.003731	-0.000743	-0.085565	0.003724	-0.000744	-0.085570	0.070411	0.183607	0.038491	6.338661	3.003746	8.346153	1.000000
73.000000	52.000000	0.000960	-0.000888	-0.086194	0.000980	-0.000876	-0.086244	-0.036314	0.132201	0.029783	-2.109309	2.875700	0.104804	1.000000
0.000000	54.000000	-0.009131	0.004795	-0.084271	0.000000	0.000000	0.000000	0.000000	0.000000	0.000000	0.000000	0.000000	0.000000	0.000000
60.000000	8.000000	-0.003101	0.003641	-0.069561	-0.003095	0.003675	-0.069571	-0.029300	-0.033544	-0.014397	0.181514	0.407159	-0.221255	1.000000
40.000000	55.000000	-0.009161	-0.010192	-0.074091	-0.009202	-0.010178	-0.074146	0.004519	-0.020261	0.010066	1.415619	-0.061709	0.536030	1.000000
4.000000	40.000000	-0.002594	-0.005737	-0.064461	-0.002600	-0.005756	-0.064395	0.023149	0.086268	-0.004657	-0.789511	-1.409128	1.688520	1.000000
6.000000	16.000000	0.004748	-0.004645	-0.064804	0.004727	-0.004653	-0.064757	-0.118112	0.092293	-0.068621	1.198379	-0.215712	1.245594	1.000000
23.000000	15.000000	0.007658	0.009863	-0.075301	0.007674	0.009871	-0.075310	0.088855	0.045931	0.026422	1.907256	2.131913	-0.640903	1.000000
47.000000	45.000000	-0.013085	-0.006754	-0.064973	-0.013160	-0.006758	-0.065107	-0.010114	0.011956	-0.041812	-2.535372	0.595285	0.306183	1.000000
64.000000	68.000000	-0.012838	0.011435	-0.077376	-0.012844	0.011425	-0.077399	-0.075506	0.087151	0.035363	-0.066370	-1.069143	1.034701	1.000000
65.000000	69.000000	-0.013916	-0.000457	-0.061710	-0.013922	-0.000440	-0.061735	-0.021672	0.000876	0.023572	-0.593569	1.287973	-1.036234	1.000000
62.000000	-1.000000	0.005468	0.012964	-0.086019	0.000000	0.000000	0.000000	0.000000	0.000000	0.000000	0.000000	0.000000	0.000000	0.000000
67.000000	70.000000	-0.012447	-0.003565	-0.078184	-0.012451	-0.003569	-0.078168	-0.060022	-0.008797	0.048100	-1.526920	-1.324253	0.686654	1.000000
71.000000	65.000000	-0.002095	0.012714	-0.068209	-0.002112	0.012729	-0.068174	-0.105410	-0.171864	0.092185	-0.966533	-3.286963	-7.111388	1.000000
0.000000	66.000000	-0.009089	0.001109	-0.078248	0.000000	0.000000	0.000000	0.000000	0.000000	0.000000	0.000000	0.000000	0.000000	0.000000
70.000000	61.000000	-0.004264	-0.012014	-0.074192	-0.004243	-0.012030	-0.074180	-0.115655	0.036802	-0.049122	1.563442	0.814452	4.670272	1.000000
72.000000	51.000000	0.008138	0.002043	-0.085937	0.008151	0.002102	-0.085927	0.038298	0.198465	0.035740	2.479288	2.308446	-1.840767	1.000000
84.000000	71.000000	-0.003540	-0.010759	-0.086197	-0.003508	-0.010760	-0.086244	-0.009450	0.020595	0.101016	7.017856	3.783910	-13.216629	1.000000
85.000000	76.000000	0.008726	0.011639	-0.072675	0.008727	0.011643	-0.072623	-0.048459	0.082213	-0.032885	9.598484	-9.058441	-1.253247	1.000000
75.000000	79.000000	-0.000328	0.013955	-0.085427	-0.000335	0.013898	-0.085344	-0.009294	0.113940	-0.048950	1.214785	-0.767982	0.850400	1.000000
77.000000	80.000000	0.003538	-0.007461	-0.080088	0.003539	-0.007477	-0.080128	0.016294	0.006456	0.062733	-0.022099	-2.126306	-2.892103	1.000000
76.000000	75.000000	0.007064	0.013646	-0.085205	0.007076	0.013646	-0.085217	0.050724	0.089471	-0.059020	-1.482654	0.438860	3.149725	1.000000
79.000000	82.000000	-0.016910	0.006185	-0.075479	-0.016897	0.006174	-0.075481	-0.146933	-0.026141	-0.013337	-0.441549	0.580916	0.657417	1.000000
78.000000	81.000000	0.002888	-0.013456	-0.086764	0.002892	-0.013468	-0.086763	0.013861	0.010366	-0.048186	-1.407093	2.294455	-2.039960	1.000000
81.000000	83.000000	0.003881	0.016344	-0.061064	0.003882	0.016348	-0.061055	-0.046164	0.090988	0.149741	-0.973225	-2.183838	2.279841	1.000000
83.000000	84.000000	0.004083	0.015734	-0.066449	0.004071	0.015737	-0.066452	-0.047755	0.050421	0.023898	0.171762	-3.393834	-1.302825	1.000000
86.000000	87.000000	-0.011047	0.010405	-0.085058	-0.011033	0.010388	-0.085059	-0.024961	0.144055	0.017860	0.013965	-0.350531	-2.228547	1.000000
87.000000	88.000000	0.009312	-0.015724	-0.073195	0.009319	-0.015647	-0.073288	0.040516	-0.016751	0.003341	4.376832	4.377174	2.882375	1.000000
88.000000	89.000000	0.001419	0.014934	-0.070654	0.001421	0.014933	-0.070654	0.015743	-0.190835	0.029129	-1.632124	-0.396938	-0.268248	1.000000
