2.000000	5.000000	0.009052	0.000812	-0.062507	0.009049	0.000805	-0.062516	0.062118	0.092741	0.093466	-0.499398	0.538753	0.904395	1.000000
1.000000	3.000000	-0.002179	0.003014	-0.066266	-0.002182	0.003010	-0.066268	-0.056473	-0.017628	0.094937	-0.376354	-2.021736	-0.801277	1.000000
6.000000	47.000000	-0.003214	0.007877	-0.082874	-0.003245	0.007873	-0.082880	-0.015909	-0.082193	0.050372	7.138611	-0.328921	0.832418	1.000000
10.000000	1.000000	-0.000930	0.002025	-0.079873	-0.000932	0.002025	-0.079881	-0.037134	0.100186	0.015486	-0.856147	0.022438	-0.031427	1.000000
46.000000	4.000000	-0.004313	-0.001662	-0.067851	-0.004316	-0.001658	-0.067845	-0.015987	0.095642	-0.037378	0.201075	-4.041505	-0.812648	1.000000
5.000000	7.000000	-0.005605	0.004327	-0.074372	-0.005579	0.004321	-0.074357	-0.076107	-0.035000	0.061745	0.315017	-1.766486	0.258485	1.000000
23.000000	23.000000	-0.001618	-0.006319	-0.070292	-0.001641	-0.006325	-0.070335	0.033713	0.018486	-0.092854	-1.456477	-1.473015	-1.812632	1.000000
37.000000	2.000000	0.000784	0.011002	-0.077137	0.000802	0.010983	-0.077166	0.034295	-0.063242	-0.063078	-1.554727	0.536063	0.140457	1.000000
21.000000	34.000000	0.004467	0.004529	-0.074280	0.004446	0.004511	-0.074263	-0.039247	0.078991	0.088433	-0.659381	-1.132032	-0.307060	1.000000
13.000000	14.000000	0.000668	0.008215	-0.074063	0.000673	0.008210	-0.074073	-0.012110	0.025763	0.046228	0.605694	-2.191387	0.462458	1.000000
36.000000	10.000000	0.012364	0.000158	-0.076234	0.012343	0.000170	-0.076214	-0.050716	0.128394	0.090590	-0.850781	-0.883190	-0.975510	1.000000
8.000000	11.000000	-0.002606	-0.009337	-0.071528	-0.002637	-0.009354	-0.071534	-0.051126	0.011705	-0.041396	0.032579	-2.211967	1.745044	1.000000
7.000000	61.000000	0.010971	-0.007035	-0.062489	0.010987	-0.007026	-0.062518	0.053979	-0.024319	0.064557	1.686469	2.412022	5.117461	1.000000
9.000000	17.000000	0.013580	-0.012089	-0.072925	0.013573	-0.012099	-0.072949	0.069837	0.006841	0.011298	0.398050	0.997452	0.571265	1.000000
29.000000	8.000000	-0.008290	-0.009738	-0.073113	-0.008277	-0.009746	-0.073078	-0.005741	0.001193	0.039335	0.680534	0.149832	0.940596	1.000000
34.000000	12.000000	-0.006610	-0.004325	-0.069129	-0.006589	-0.004329	-0.069131	0.047304	0.018795	0.089766	2.902842	-0.270313	-1.578234	1.000000
51.000000	40.000000	-0.003122	-0.005076	-0.076550	-0.003119	-0.005074	-0.076532	-0.049831	0.051801	-0.035984	-0.111660	-0.115642	0.264867	1.000000
12.000000	9.000000	0.000255	0.008981	-0.083077	0.000265	0.009001	-0.083123	-0.007963	-0.016555	0.052167	1.012898	1.072469	-1.554363	1.000000
3.000000	65.000000	-0.003210	-0.000629	-0.075407	-0.003228	-0.000635	-0.075308	0.054905	-0.014449	0.044644	-0.765260	-3.424752	0.363265	1.000000
17.000000	20.000000	-0.013602	0.006368	-0.073374	-0.013596	0.006383	-0.073380	0.000038	0.010109	-0.028570	0.256731	0.385153	-0.385145	1.000000
48.000000	30.000000	0.007016	-0.007220	-0.081418	0.006992	-0.007226	-0.081440	-0.042502	0.086987	0.008474	9.333915	-6.257742	-8.305694	1.000000
15.000000	16.000000	-0.012977	0.002207	-0.070497	-0.013072	0.002229	-0.070485	0.080914	-0.011474	0.069591	-5.192591	-2.363755	0.602046	1.000000
4.000000	18.000000	0.005830	-0.001034	-0.081865	0.005778	-0.001045	-0.081803	-0.037793	0.124391	0.106393	-1.060462	-1.560886	-0.027497	1.000000
24.000000	19.000000	-0.002542	0.000242	-0.068123	-0.002546	0.000241	-0.068134	-0.070730	0.015071	0.044705	1.280944	-0.305106	0.474011	1.000000
25.000000	33.000000	0.007271	-0.006551	-0.083948	0.007247	-0.006559	-0.083936	0.047231	0.135324	-0.002838	-1.932249	1.316324	3.276940	1.000000
31.000000	13.000000	0.004712	0.001227	-0.073779	0.004684	0.001263	-0.073752	-0.069539	0.110955	0.105836	-1.874907	-1.401877	0.492310	1.000000
14.000000	29.000000	-0.009614	0.006543	-0.079328	-0.009621	0.006543	-0.079284	-0.124047	-0.009994	-0.029959	-2.570284	1.869112	1.125078	1.000000
26.000000	24.000000	-0.002489	-0.004005	-0.081896	-0.002508	-0.004022	-0.081890	-0.040441	-0.045024	-0.049537	-2.614557	-1.700533	3.530929	1.000000
49.000000	22.000000	0.009077	0.002863	-0.079657	0.009093	0.002890	-0.079665	-0.027704	0.042547	0.140163	0.178289	4.125471	2.102484	1.000000
20.000000	28.000000	0.005339	-0.002641	-0.079628	0.005334	-0.002640	-0.079696	-0.020384	-0.068938	0.029544	0.752741	0.652753	-4.821859	1.000000
47.000000	31.000000	0.005189	-0.001258	-0.070381	0.005157	-0.001258	-0.070409	-0.095546	0.037303	0.066139	-2.294607	0.074185	-1.006204	1.000000
22.000000	36.000000	-0.006474	0.009570	-0.064978	-0.006483	0.009572	-0.064968	0.006004	0.000976	0.076358	-0.913563	-0.127143	0.783277	1.000000
28.000000	25.000000	-0.012202	0.007842	-0.067737	-0.012203	0.007823	-0.067715	0.029033	-0.007223	0.041293	2.723951	-1.891408	-1.252355	1.000000
52.000000	38.000000	0.008301	-0.012923	-0.071553	0.008295	-0.012937	-0.071531	0.016288	-0.007349	-0.048971	1.653719	0.134945	-0.015082	1.000000
39.000000	26.000000	0.006156	0.001882	-0.079685	0.006128	0.001890	-0.079655	-0.083877	0.050612	0.090173	-0.811020	0.205333	0.390168	1.000000
32.000000	35.000000	0.001333	-0.011044	-0.064165	0.001309	-0.011041	-0.064203	-0.042557	0.108732	0.017962	-4.187427	-2.382656	-1.413110	1.000000
56.000000	15.000000	0.008962	-0.008536	-0.076278	0.008960	-0.008532	-0.076327	0.081202	0.038403	0.021789	0.326614	0.709144	-0.050670	1.000000
40.000000	42.000000	0.009682	0.012104	-0.071605	0.009687	0.012100	-0.071611	0.016382	0.010246	0.052872	1.694500	-1.243410	0.274050	1.000000
27.000000	41.000000	0.010062	0.014207	-0.074838	0.010056	0.014204	-0.074858	0.031700	0.062550	0.073044	1.950529	0.114938	-1.338945	1.000000
42.000000	57.000000	-0.001191	0.011351	-0.085992	-0.001185	0.011345	-0.086000	-0.009615	-0.050315	-0.036951	1.984880	0.263091	1.100382	1.000000
41.000000	54.000000	-0.004068	0.006286	-0.084868	-0.004046	0.006379	-0.084836	-0.037083	0.034056	-0.095161	0.086763	0.612708	0.882998	1.000000
58.000000	55.000000	0.001439	-0.009590	-0.062465	0.001437	-0.009603	-0.062490	-0.072277	0.131561	-0.019042	0.735445	-0.741864	-1.213253	1.000000
35.000000	37.000000	-0.013008	-0.002811	-0.066951	-0.012977	-0.002839	-0.066973	-0.023866	-0.004641	0.062342	-0.147263	-1.133912	-0.588933	1.000000
0.000000	-1.000000	0.010102	0.008406	-0.063372	0.000000	0.000000	0.000000	0.000000	0.000000	0.000000	0.000000	0.000000	0.000000	0.000000
43.000000	21.000000	-0.002409	-0.005079	-0.068663	-0.002379	-0.005100	-0.068668	0.024532	0.049376	-0.059505	-2.254391	-1.318003	-1.377686	1.000000
16.000000	58.000000	-0.011497	0.006319	-0.071455	-0.011448	0.006296	-0.071355	0.008233	-0.064846	0.001084	1.063375	2.000795	-1.207250	1.000000
63.000000	44.000000	0.009613	0.004960	-0.070595	0.009612	0.005001	-0.070650	0.024087	0.047789	0.026245	-1.424009	-0.189872	-1.778507	1.000000
44.000000	64.000000	0.009189	-0.010952	-0.072272	0.009198	-0.010966	-0.072286	0.024029	0.013397	0.008765	1.360768	0.143570	-0.663549	1.000000
71.000000	45.000000	0.010581	0.001440	-0.085817	0.010605	0.001456	-0.085827	-0.088740	0.070850	0.077886	3.564685	0.587413	-2.566933	1.000000
18.000000	6.000000	0.002386	0.002120	-0.060378	0.002388	0.002117	-0.060382	0.168751	0.016689	0.037194	2.960955	-1.170454	1.000000	1.000000
11.000000	52.000000	-0.007987	-0.009680	-0.069386	-0.007998	-0.009691	-0.069370	-0.051604	0.079996	0.085725	-0.425510	-1.166996	-0.142805	1.000000
55.000000	48.000000	-0.003919	-0.004200	-0.085407	-0.003869	-0.004206	-0.085425	-0.084910	-0.036784	-0.021171	1.759956	-0.065106	-0.623696	1.000000
38.000000	50.000000	-0.012190	-0.011399	-0.076934	-0.012088	-0.011493	-0.077292	-0.011748	0.055372	-0.028950	-0.158107	-1.261258	-1.815823	1.000000
50.000000	53.000000	0.006631	-0.012379	-0.063940	0.006625	-0.012378	-0.063897	-0.130190	0.209029	-0.030963	9.430069	-1.740093	-0.231935	1.000000
72.000000	51.000000	-0.013684	-0.013402	-0.079381	-0.013676	-0.013392	-0.079415	0.013158	-0.004901	0.045609	-1.655004	2.308379	-3.832511	1.000000
54.000000	56.000000	0.014713	-0.003911	-0.072381	0.014720	-0.003918	-0.072370	-0.004859	0.037286	0.144523	0.232793	-1.235423	-0.237526	1.000000
57.000000	49.000000	-0.014713	-0.009360	-0.074229	-0.014730	-0.009358	-0.074203	0.028181	-0.033328	0.038400	2.097795	0.664516	-1.913164	1.000000
59.000000	59.000000	-0.010338	-0.014844	-0.079050	-0.010332	-0.014848	-0.079071	0.008566	-0.018604	0.022930	-1.265286	0.804308	-3.678405	1.000000
68.000000	43.000000	0.008247	-0.006118	-0.084266	0.008245	-0.006136	-0.084271	0.056780	0.154588	0.019201	-0.728372	-1.048597	-0.899068	1.000000
62.000000	46.000000	0.000084	0.005100	-0.086400	0.000090	0.005108	-0.086427	-0.058073	-0.017304	0.005054	-0.532637	-0.604747	-1.650864	1.000000
61.000000	62.000000	-0.000227	-0.014346	-0.084345	-0.000174	-0.014352	-0.084383	0.061324	0.022052	-0.033729	2.408002	-0.568460	-1.836901	1.000000
33.000000	39.000000	-0.001249	-0.002474	-0.070337	-0.001229	-0.002501	-0.070361	-0.045731	-0.052331	-0.004288	1.061124	0.094089	-1.825634	1.000000
19.000000	67.000000	0.012076	-0.000180	-0.077007	0.012045	-0.000185	-0.076969	-0.055839	0.145003	0.090650	-0.507363	-0.300834	-1.211492	1.000000
30.000000	32.000000	0.009837	0.008332	-0.063229	0.009948	0.008337	-0.063162	-0.001872	0.069206	0.006620	-0.131876	-0.226522	-1.379558	1.000000
53.000000	68.000000	-0.012440	-0.011434	-0.076087	-0.012459	-0.011451	-0.076106	0.012173	0.047452	-0.039997	2.055444	1.559815	-5.595529	1.000000
65.000000	70.000000	0.011807	-0.000233	-0.075265	0.011806	-0.000232	-0.075287	-0.052217	0.128948	0.108222	-0.808560	-0.693490	-0.287988	1.000000
64.000000	60.000000	-0.014592	-0.009152	-0.065992	-0.014583	-0.009128	-0.065997	-0.036995	-0.068126	0.027471	2.137515	0.002519	-0.038731	1.000000
66.000000	27.000000	0.007964	0.003679	-0.081735	0.007975	0.003626	-0.081826	-0.053598	0.016421	0.080942	-0.232310	0.038151	0.744777	1.000000
67.000000	71.000000	-0.006888	0.012608	-0.063180	-0.006904	0.012622	-0.063187	-0.015071	0.017830	0.103863	-0.474331	-0.001657	-0.607767	1.000000
69.000000	63.000000	-0.015953	0.009117	-0.070438	-0.015970	0.009145	-0.070406	-0.002905	0.054060	0.008011	0.343264	0.676342	-0.664462	1.000000
60.000000	69.000000	0.011758	-0.007937	-0.085424	0.011726	-0.007941	-0.085400	0.035836	0.189480	0.081137	-0.494725	0.048107	1.216292	1.000000
70.000000	72.000000	0.015610	0.006861	-0.064856	0.015613	0.006866	-0.064870	0.037760	0.115408	0.027463	0.088680	0.743789	-0.249814	1.000000
0.000000	73.000000	0.016273	-0.009200	-0.079627	0.000000	0.000000	0.000000	0.000000	0.000000	0.000000	0.000000	0.000000	0.000000	0.000000
