1.000000	1.000000	-0.003005	0.004032	-0.069987	-0.003013	0.004030	-0.069971	-0.164176	0.099890	0.036942	1.302847	-3.510988	3.537527	1.000000
2.000000	2.000000	0.000847	-0.000431	-0.075130	0.000856	-0.000431	-0.075117	-0.000192	0.024491	0.000948	1.729992	1.415183	-0.007043	1.000000
3.000000	14.000000	-0.002868	-0.008529	-0.062416	-0.002876	-0.008522	-0.062422	0.015749	-0.008622	-0.114165	-1.528210	0.475653	-0.669723	1.000000
16.000000	7.000000	0.004691	-0.012195	-0.081714	0.004697	-0.012206	-0.081723	-0.002856	0.097707	0.054264	-0.011984	-0.714769	-0.518084	1.000000
8.000000	3.000000	0.008013	-0.001090	-0.081190	0.008027	-0.001080	-0.081162	0.038468	0.076210	0.025031	2.213513	-1.042757	1.017452	1.000000
12.000000	20.000000	-0.003125	0.005463	-0.071537	-0.003138	0.005452	-0.071561	-0.045193	0.018825	0.065947	-2.241330	0.735399	0.062353	1.000000
46.000000	4.000000	-0.004706	-0.006700	-0.078632	-0.004675	-0.006694	-0.078616	-0.043741	-0.018185	0.066685	1.470801	2.027958	-3.316896	1.000000
20.000000	5.000000	-0.005825	0.005963	-0.066549	-0.005817	0.005972	-0.066552	-0.122662	0.081638	0.079550	-0.538419	-0.720393	1.485609	1.000000
23.000000	16.000000	0.002379	-0.005192	-0.070894	0.002423	-0.005209	-0.071002	-0.119643	-0.062873	0.027724	1.033560	-2.964768	-6.835752	1.000000
10.000000	8.000000	-0.001116	0.008549	-0.077471	-0.001103	0.008516	-0.077488	-0.010878	0.034350	0.011800	-1.360650	-2.718654	0.100196	1.000000
49.000000	6.000000	0.011051	-0.009331	-0.068470	0.011065	-0.009325	-0.068494	-0.006833	-0.078564	0.039134	0.082885	-1.018188	0.980861	1.000000
9.000000	19.000000	-0.002545	0.011109	-0.077182	-0.002536	0.011097	-0.077165	-0.031137	0.042637	0.043413	-1.026761	-1.144566	-0.249955	1.000000
13.000000	10.000000	0.007739	-0.012265	-0.074319	0.007747	-0.012283	-0.074344	0.023716	0.068406	0.015159	1.454627	-1.812862	1.916335	1.000000
7.000000	12.000000	0.013662	-0.000918	-0.067932	0.013651	-0.000908	-0.067907	-0.084633	0.016882	-0.114396	2.892658	-1.641425	0.741672	1.000000
14.000000	13.000000	-0.006937	-0.008967	-0.080177	-0.006941	-0.008972	-0.080189	-0.022151	-0.007653	0.059348	-0.728402	-0.310388	-0.336763	1.000000
31.000000	18.000000	-0.011526	0.001756	-0.066924	-0.011508	0.001780	-0.066920	-0.014086	0.041638	0.087706	2.955511	0.500929	-1.114780	1.000000
4.000000	43.000000	-0.008950	-0.000800	-0.067127	-0.008945	-0.000791	-0.067158	-0.065236	0.033080	0.108219	9.859306	3.980519	9.180194	1.000000
24.000000	25.000000	-0.008269	0.006260	-0.073026	-0.008293	0.006270	-0.073016	-0.049109	0.070919	0.082191	-2.142679	-0.887664	-0.101132	1.000000
26.000000	17.000000	0.011137	0.000273	-0.064763	0.011132	0.000285	-0.064734	0.006390	0.022836	-0.074010	-2.315381	1.493373	-0.515119	1.000000
53.000000	23.000000	0.000968	-0.006359	-0.071150	0.001030	-0.006280	-0.071189	-0.084415	-0.110111	0.006494	-1.044994	-1.546227	-7.232837	1.000000
27.000000	32.000000	0.011554	-0.010622	-0.080905	0.011552	-0.010625	-0.080921	0.005061	0.041847	0.026300	-1.102502	1.443332	3.640138	1.000000
18.000000	21.000000	0.005214	-0.004969	-0.074976	0.005197	-0.004944	-0.075006	0.033471	0.056265	0.016507	0.512036	0.965259	1.054682	1.000000
22.000000	22.000000	-0.012293	0.008174	-0.074811	-0.012305	0.008170	-0.074808	-0.015102	-0.000040	0.045686	0.072142	-0.947205	-0.762697	1.000000
25.000000	27.000000	0.004689	-0.012230	-0.069028	0.004684	-0.012221	-0.069006	0.028340	-0.095436	-0.004159	0.825172	1.418297	1.623999	1.000000
11.000000	56.000000	-0.002307	0.006863	-0.075139	-0.002296	0.006850	-0.075093	-0.012501	0.026994	0.081561	-0.960771	-1.000802	0.522898	1.000000
17.000000	33.000000	-0.006682	-0.002033	-0.073608	-0.006666	-0.002041	-0.073595	-0.057100	0.117425	0.072190	-0.152538	-0.426699	0.221002	1.000000
29.000000	38.000000	0.010891	0.014395	-0.077346	0.010922	0.014373	-0.077291	-0.002021	0.135578	-0.037353	3.661313	-0.937822	3.099135	1.000000
33.000000	30.000000	-0.007390	0.013769	-0.076173	-0.007385	0.013773	-0.076167	-0.016349	-0.013024	0.003233	0.547148	0.231641	0.729279	1.000000
19.000000	9.000000	-0.005757	0.000554	-0.081042	-0.005743	0.000526	-0.081117	-0.103848	0.059243	0.009735	-0.429782	-3.978476	-1.350389	1.000000
21.000000	35.000000	0.006872	0.005209	-0.078978	0.006914	0.005220	-0.079015	-0.127596	0.039148	0.087616	4.794429	0.144997	-0.927063	1.000000
50.000000	31.000000	-0.005503	-0.007584	-0.059993	-0.005540	-0.007565	-0.060009	0.049173	-0.100075	-0.027436	0.478588	0.119751	-2.612574	1.000000
30.000000	28.000000	0.005142	-0.010901	-0.061964	0.005172	-0.010901	-0.061950	-0.089674	0.003961	-0.012359	4.565603	-2.574876	-0.511234	1.000000
15.000000	15.000000	0.002019	-0.003058	-0.068674	0.001955	-0.003075	-0.068720	-0.104406	0.059028	-0.055116	-1.296465	-1.255966	-0.594728	1.000000
28.000000	29.000000	0.010405	-0.006141	-0.071072	0.010417	-0.006142	-0.071078	0.029168	-0.005022	-0.014469	0.709352	1.038396	2.988343	1.000000
36.000000	34.000000	-0.010546	0.004732	-0.068888	-0.010536	0.004721	-0.068863	-0.125991	0.094419	0.069978	2.079363	-1.593762	1.141594	1.000000
39.000000	62.000000	0.001064	0.010606	-0.063946	0.001024	0.010611	-0.063957	0.038328	0.040345	0.031697	-0.628562	-0.589980	-2.259495	1.000000
37.000000	39.000000	-0.011441	-0.008393	-0.067504	-0.011493	-0.008377	-0.067511	-0.081057	0.131765	0.112392	-0.574601	-1.854862	1.413281	1.000000
38.000000	37.000000	-0.002310	-0.004012	-0.080471	-0.002300	-0.004031	-0.080421	-0.056082	0.007394	-0.011697	-0.797334	-0.724338	1.612425	1.000000
43.000000	41.000000	-0.012765	0.000638	-0.067987	-0.012766	0.000640	-0.067989	-0.074500	0.055083	0.074774	2.977272	-5.136113	-1.467532	1.000000
40.000000	36.000000	-0.005832	0.012027	-0.074541	-0.005811	0.012041	-0.074556	0.016250	0.035859	0.044772	0.367626	0.135799	0.725653	1.000000
41.000000	67.000000	-0.011570	-0.008295	-0.065875	-0.011635	-0.008259	-0.065785	-0.120667	0.104738	0.133436	4.304711	-4.279332	2.323932	1.000000
45.000000	40.000000	-0.008421	-0.004543	-0.082594	-0.008426	-0.004548	-0.082602	-0.102208	-0.032281	0.127731	-0.011489	0.626186	1.625437	1.000000
34.000000	42.000000	-0.006799	-0.010021	-0.077266	-0.006785	-0.009957	-0.077340	-0.033112	0.037576	0.025810	0.213008	0.219561	1.110991	1.000000
47.000000	11.000000	0.011135	-0.008340	-0.065349	0.011135	-0.008342	-0.065336	0.046838	0.006323	-0.054743	0.387064	-0.489615	2.379559	1.000000
48.000000	45.000000	0.002259	-0.009872	-0.086064	0.002245	-0.009846	-0.086078	-0.057818	0.088293	-0.030114	-3.354758	1.344044	0.838309	1.000000
52.000000	46.000000	-0.013089	-0.012117	-0.072698	-0.013110	-0.012128	-0.072652	-0.000434	0.057596	-0.000058	0.405852	-1.033664	1.450199	1.000000
5.000000	26.000000	0.002341	0.000953	-0.075853	0.002353	0.000942	-0.075820	-0.003363	0.024365	0.070737	0.136438	-0.652278	0.784117	1.000000
55.000000	48.000000	-0.010829	-0.009877	-0.081562	-0.010819	-0.009876	-0.081538	-0.032426	0.008696	0.009056	2.196553	-2.535464	2.253496	1.000000
51.000000	51.000000	-0.004268	-0.014162	-0.075827	-0.004250	-0.014123	-0.075842	-0.018622	0.021515	0.041756	-0.726527	-1.118711	0.593649	1.000000
32.000000	66.000000	-0.008172	-0.003408	-0.064584	-0.008244	-0.003396	-0.064658	-0.028638	-0.013530	0.095672	-5.930319	-0.421079	1.366134	1.000000
54.000000	49.000000	-0.008000	-0.013683	-0.076487	-0.007963	-0.013642	-0.076499	-0.035223	0.034842	0.076600	1.229955	0.723981	-0.167219	1.000000
0.000000	47.000000	0.007443	-0.014567	-0.083007	0.000000	0.000000	0.000000	0.000000	0.000000	0.000000	0.000000	0.000000	0.000000	0.000000
60.000000	-1.000000	-0.013562	0.009939	-0.075306	0.000000	0.000000	0.000000	0.000000	0.000000	0.000000	0.000000	0.000000	0.000000	0.000000
56.000000	69.000000	0.005494	-0.002672	-0.082753	0.005494	-0.002701	-0.082852	-0.023969	0.060059	-0.012319	-0.499242	0.693297	-0.797550	1.000000
35.000000	52.000000	0.007180	-0.013004	-0.067792	0.007176	-0.013022	-0.067853	-0.061820	-0.087593	-0.007517	1.260302	0.953027	0.054151	1.000000
62.000000	60.000000	0.010051	-0.013893	-0.073415	0.010044	-0.013875	-0.073342	0.071778	0.013468	-0.016977	0.257994	2.735467	4.039622	1.000000
58.000000	50.000000	0.009314	-0.011046	-0.061285	0.009336	-0.010964	-0.061428	-0.095289	0.239881	0.045738	-1.748751	-2.186563	0.019980	1.000000
6.000000	44.000000	0.007536	0.005634	-0.061636	0.007472	0.005689	-0.061549	0.015012	0.041648	-0.234999	-2.956947	0.985063	4.982726	1.000000
44.000000	57.000000	0.000473	-0.014870	-0.071187	0.000495	-0.014863	-0.071154	-0.019350	-0.047717	-0.093931	0.165436	0.280855	4.462933	1.000000
63.000000	71.000000	-0.015882	-0.007040	-0.067851	-0.015883	-0.007035	-0.067880	-0.040534	0.028144	0.025731	0.278389	0.129595	0.396847	1.000000
64.000000	64.000000	0.005877	-0.005886	-0.081709	0.005890	-0.005933	-0.081725	-0.023915	0.144821	0.021459	-0.624380	-0.245676	0.513581	1.000000
65.000000	65.000000	-0.011235	0.011578	-0.078949	-0.011223	0.011575	-0.078959	-0.045201	0.028052	0.032200	-0.103721	0.661884	-1.068020	1.000000
42.000000	68.000000	-0.014378	0.010637	-0.072393	-0.014412	0.010704	-0.072473	-0.097273	-0.054898	0.065477	-1.246872	6.922464	0.300841	1.000000
68.000000	-1.000000	-0.000505	0.014853	-0.072735	0.000000	0.000000	0.000000	0.000000	0.000000	0.000000	0.000000	0.000000	0.000000	0.000000
57.000000	53.000000	-0.013958	0.007055	-0.075899	-0.013959	0.007032	-0.075906	-0.039198	0.030402	0.045407	0.690013	-0.539132	-0.050492	1.000000
66.000000	59.000000	-0.007066	-0.012536	-0.084713	-0.007104	-0.012600	-0.084598	-0.011636	-0.078408	0.058931	1.161603	1.127600	-1.607958	1.000000
59.000000	70.000000	-0.007574	-0.011466	-0.085765	-0.007667	-0.011541	-0.085508	-0.043432	-0.107871	0.073618	2.382353	-0.137900	-1.844234	1.000000
69.000000	72.000000	0.003037	0.014488	-0.067566	0.003030	0.014464	-0.067582	-0.077560	0.095788	0.151254	2.739531	-5.134275	5.521627	1.000000
70.000000	73.000000	0.009023	-0.018268	-0.068868	0.009036	-0.018267	-0.068874	0.025039	-0.085873	-0.009632	-2.141109	-0.131369	-0.899101	1.000000
