5.000000	23.000000	0.004283	-0.004583	-0.066914	0.004289	-0.004580	-0.066919	-0.052935	0.026102	-0.098761	-2.174491	2.688723	4.721054	1.000000
7.000000	6.000000	0.005314	-0.005053	-0.073252	0.005316	-0.005054	-0.073235	-0.044352	0.035782	0.063862	-4.808720	-3.973453	0.453238	1.000000
8.000000	3.000000	-0.002219	0.009411	-0.078414	-0.002218	0.009409	-0.078414	0.010407	0.065623	0.035763	-1.092048	-0.314505	0.585400	1.000000
12.000000	2.000000	0.009983	-0.009120	-0.062740	0.009983	-0.009124	-0.062729	0.030611	0.039269	-0.115467	1.035182	0.191419	1.707348	1.000000
50.000000	47.000000	0.009984	-0.000013	-0.062663	0.009989	-0.000010	-0.062645	0.071077	0.024024	-0.068197	-2.722788	-2.992313	0.270615	1.000000
10.000000	8.000000	-0.000632	0.006627	-0.078331	-0.000638	0.006622	-0.078342	-0.025602	0.062452	0.031178	0.271471	1.503416	0.929207	1.000000
9.000000	7.000000	0.004850	-0.008288	-0.067953	0.004863	-0.008294	-0.067956	-0.024416	-0.125269	-0.043339	-0.405862	-4.674300	-0.361719	1.000000
15.000000	5.000000	-0.002365	0.005456	-0.077059	-0.002372	0.005456	-0.077073	0.014812	0.060476	0.044948	-0.900732	-0.120288	1.641895	1.000000
17.000000	18.000000	-0.002263	0.003289	-0.068297	-0.002270	0.003292	-0.068274	-0.114141	0.094239	0.040341	-1.931014	-0.580669	1.114896	1.000000
16.000000	9.000000	0.009006	0.013277	-0.077052	0.009023	0.013285	-0.077058	-0.038132	0.136066	-0.028705	0.263049	-4.313062	-1.759116	1.000000
6.000000	4.000000	0.001299	-0.005879	-0.073471	0.001290	-0.005844	-0.073459	0.055253	0.084798	0.001957	3.267570	0.843333	11.931123	1.000000
26.000000	11.000000	-0.005024	-0.005244	-0.075691	-0.005021	-0.005241	-0.075701	-0.056055	0.087377	0.049839	0.180162	0.664857	3.448676	1.000000
24.000000	31.000000	0.014673	-0.000941	-0.070840	0.014676	-0.000936	-0.070826	0.029688	-0.001353	-0.037614	0.975278	-1.872829	1.058258	1.000000
14.000000	17.000000	0.012158	0.009796	-0.074648	0.012162	0.009818	-0.074669	-0.068567	0.163252	-0.129457	0.244021	0.297060	3.734688	1.000000
21.000000	15.000000	0.005566	-0.006162	-0.075357	0.005556	-0.006153	-0.075368	-0.095151	0.048337	0.000801	6.838224	-2.656336	3.117555	1.000000
32.000000	53.000000	0.008811	-0.010278	-0.066970	0.008820	-0.010284	-0.066998	-0.037521	-0.089639	-0.056158	-1.517475	0.568751	3.658246	1.000000
18.000000	19.000000	0.007498	-0.014406	-0.073187	0.007512	-0.014404	-0.073210	0.033166	0.038564	-0.097569	-5.552061	4.184855	2.803130	1.000000
25.000000	32.000000	0.006682	-0.003510	-0.082865	0.006664	-0.003496	-0.082865	-0.032580	0.000725	-0.020860	-4.611814	0.325766	3.104197	1.000000
11.000000	35.000000	0.011214	-0.007225	-0.068510	0.011226	-0.007227	-0.068548	-0.001789	-0.064042	-0.054594	-2.177576	-0.714668	5.271779	1.000000
28.000000	22.000000	-0.006487	-0.004910	-0.060438	-0.006488	-0.004904	-0.060447	0.010586	-0.074124	0.060841	0.329024	-1.203870	-2.560711	1.000000
38.000000	16.000000	-0.002929	0.004985	-0.073849	-0.002939	0.004975	-0.073881	0.010764	0.023612	0.084341	1.657412	-0.765980	2.599676	1.000000
23.000000	28.000000	0.010268	-0.005064	-0.068891	0.010269	-0.005079	-0.068934	-0.042013	-0.087342	-0.152622	5.986972	3.412301	4.513585	1.000000
27.000000	20.000000	-0.002447	-0.002660	-0.081775	-0.002428	-0.002662	-0.081760	-0.150250	0.087075	0.016130	6.693009	9.316234	3.722259	1.000000
22.000000	13.000000	-0.011868	0.007770	-0.076297	-0.011890	0.007762	-0.076325	-0.014527	0.024772	0.054746	0.532493	-1.331844	-1.908848	1.000000
47.000000	27.000000	-0.012520	0.005861	-0.077360	-0.012524	0.005849	-0.077352	-0.055368	0.044655	0.042435	0.621121	0.323893	0.695209	1.000000
30.000000	26.000000	-0.006620	0.014190	-0.076034	-0.006614	0.014198	-0.076038	-0.018656	-0.012790	-0.008480	-2.334125	0.994627	0.162172	1.000000
19.000000	12.000000	0.007642	-0.003261	-0.081368	0.007629	-0.003249	-0.081327	0.017551	0.063088	-0.012698	-2.270006	0.052363	1.437625	1.000000
36.000000	29.000000	-0.006109	0.011194	-0.075584	-0.006109	0.011194	-0.075584	0.001623	0.019007	0.024609	0.668486	0.479509	0.552653	1.000000
29.000000	30.000000	-0.009855	0.000230	-0.069884	-0.009863	0.000229	-0.069897	-0.080564	0.068507	0.089850	0.425303	-1.799414	-0.649453	1.000000
39.000000	36.000000	0.014805	-0.008965	-0.069562	0.014796	-0.008951	-0.069581	0.078286	-0.059218	0.068325	0.303571	7.091269	-4.037698	1.000000
41.000000	40.000000	-0.009182	-0.012604	-0.070147	-0.009204	-0.012567	-0.070158	-0.085636	0.139147	0.063954	0.219747	-0.349849	1.361792	1.000000
35.000000	49.000000	-0.014429	-0.007812	-0.068353	-0.014433	-0.007823	-0.068366	-0.067606	0.022402	0.006925	2.611432	1.594314	-0.656751	1.000000
37.000000	34.000000	-0.012013	0.010831	-0.076921	-0.012029	0.010836	-0.076918	-0.061019	-0.001818	0.069080	0.656575	-2.477684	-1.132940	1.000000
42.000000	39.000000	0.001199	-0.012954	-0.066159	0.001184	-0.012963	-0.066175	-0.046114	-0.100370	-0.212118	2.255491	2.178858	0.919922	1.000000
58.000000	37.000000	-0.015491	0.000636	-0.069268	-0.015469	0.000644	-0.069261	-0.036704	0.001843	0.082024	-0.616883	1.212121	-0.609848	1.000000
34.000000	61.000000	-0.004891	-0.011648	-0.077073	-0.004966	-0.011642	-0.077125	-0.087509	0.101116	-0.036135	-0.442245	-3.116207	0.642464	1.000000
45.000000	44.000000	0.006385	-0.010304	-0.082421	0.006389	-0.010289	-0.082424	-0.009810	0.144165	0.027634	-0.620016	-0.892670	0.676860	1.000000
2.000000	1.000000	0.002422	0.000117	-0.068774	0.002402	0.000124	-0.068787	-0.166295	0.124225	-0.135757	-4.736726	3.300328	8.448132	1.000000
46.000000	45.000000	-0.006610	-0.008660	-0.082095	-0.006605	-0.008663	-0.082105	-0.010601	-0.026297	0.072794	1.152428	1.092845	-0.147823	1.000000
56.000000	58.000000	-0.010018	-0.010219	-0.082079	-0.010039	-0.010209	-0.082062	-0.042129	0.030652	0.019171	0.310786	-0.191919	-0.020202	1.000000
4.000000	24.000000	-0.005644	-0.002689	-0.069460	-0.005598	-0.002644	-0.069454	-0.111786	0.096929	0.031961	-5.386440	-2.046975	0.201413	1.000000
3.000000	63.000000	0.002401	-0.000173	-0.077345	0.002419	-0.000139	-0.077376	-0.006154	0.058326	0.030148	1.445040	-2.402241	1.058107	1.000000
1.000000	10.000000	0.001763	-0.000290	-0.075766	0.001777	-0.000282	-0.075769	-0.038548	-0.006355	0.040287	-2.186424	-0.418670	-2.667193	1.000000
49.000000	46.000000	-0.006540	-0.014214	-0.078830	-0.006545	-0.014222	-0.078827	-0.049806	-0.001074	0.067178	-0.475003	1.180815	1.987016	1.000000
48.000000	48.000000	-0.003877	-0.015303	-0.077102	-0.003824	-0.015303	-0.077009	-0.004536	0.050210	0.046622	0.017791	-0.151407	0.575443	1.000000
20.000000	21.000000	-0.007640	0.004242	-0.075524	-0.007641	0.004205	-0.075507	-0.007280	0.072273	0.080958	-0.863923	0.139225	0.860371	1.000000
51.000000	51.000000	-0.012551	-0.014178	-0.072517	-0.012573	-0.014186	-0.072494	-0.046490	0.067759	0.004751	2.126124	1.602148	-1.803446	1.000000
55.000000	52.000000	-0.002937	0.012684	-0.067178	-0.002934	0.012687	-0.067183	-0.032309	0.127620	0.162025	1.212843	0.451479	-0.678571	1.000000
61.000000	55.000000	0.003387	-0.011624	-0.085862	0.003425	-0.011575	-0.085807	-0.060292	0.058925	0.014212	4.214700	0.293457	3.064534	1.000000
13.000000	25.000000	-0.001729	-0.005126	-0.082093	-0.001811	-0.005126	-0.082074	-0.176411	-0.097001	0.071059	4.363059	2.677778	13.292750	1.000000
53.000000	59.000000	-0.008416	-0.011962	-0.068759	-0.008398	-0.011949	-0.068772	-0.071802	0.131895	0.075366	-1.329417	-1.066889	1.472726	1.000000
52.000000	50.000000	0.011535	-0.010562	-0.081175	0.011559	-0.010542	-0.081158	-0.052142	-0.081830	0.044890	7.840225	7.538505	-5.724664	1.000000
0.000000	14.000000	-0.007547	-0.003255	-0.066870	0.000000	0.000000	0.000000	0.000000	0.000000	0.000000	0.000000	0.000000	0.000000	0.000000
31.000000	41.000000	-0.006053	0.001605	-0.070544	-0.006065	0.001642	-0.070559	-0.161320	0.097814	0.042355	-0.326607	0.482808	1.099467	1.000000
59.000000	57.000000	-0.000190	0.008761	-0.065936	-0.000187	0.008752	-0.065936	0.020053	0.077280	0.075806	0.784932	-0.247150	1.228962	1.000000
57.000000	60.000000	0.014551	0.010009	-0.065797	0.014576	0.010024	-0.065790	-0.023724	0.173845	-0.176515	-3.452561	1.006133	1.749278	1.000000
60.000000	56.000000	-0.013005	0.014990	-0.074465	-0.013023	0.015004	-0.074460	-0.040936	-0.152732	0.069846	4.030469	-3.227023	0.790210	1.000000
43.000000	33.000000	-0.010413	-0.002773	-0.070036	-0.010408	-0.002790	-0.070051	-0.045861	0.142588	0.050457	-3.823342	0.902494	0.902373	1.000000
54.000000	54.000000	-0.014244	-0.015418	-0.069111	-0.014202	-0.015452	-0.069113	-0.061042	0.008296	0.005575	1.487901	-6.218475	7.413225	1.000000
0.000000	38.000000	-0.001235	-0.003844	-0.080278	0.000000	0.000000	0.000000	0.000000	0.000000	0.000000	0.000000	0.000000	0.000000	0.000000
40.000000	43.000000	0.006857	0.010022	-0.067753	0.006802	0.010012	-0.067801	-0.141480	0.125997	-0.162025	-8.525411	5.625863	9.726706	1.000000
44.000000	42.000000	0.009773	-0.012819	-0.071123	0.009728	-0.012840	-0.071122	-0.075161	-0.092105	-0.111622	4.189270	5.322629	-0.917175	1.000000
62.000000	62.000000	-0.009719	0.011237	-0.079835	-0.009717	0.011237	-0.079840	-0.053912	0.004392	0.016938	-1.349206	-0.009921	0.765873	1.000000
33.000000	-1.000000	-0.007793	-0.003169	-0.066958	0.000000	0.000000	0.000000	0.000000	0.000000	0.000000	0.000000	0.000000	0.000000	0.000000
0.000000	-1.000000	-0.003616	-0.015249	-0.077227	0.000000	0.000000	0.000000	0.000000	0.000000	0.000000	0.000000	0.000000	0.000000	0.000000
65.000000	64.000000	0.007936	-0.015035	-0.068371	0.007936	-0.015030	-0.068409	0.011521	-0.138516	-0.027460	3.714105	0.921068	0.956584	1.000000
