1.000000	1.000000	-0.001267	0.003183	-0.068330	-0.001265	0.003177	-0.068332	-0.031455	0.000765	0.072323	-0.351264	-0.458011	1.042247	1.000000
53.000000	44.000000	-0.001289	0.001607	-0.060797	-0.001300	0.001616	-0.060781	0.109177	0.013976	-0.045520	7.089285	4.976190	7.244047	1.000000
5.000000	4.000000	-0.003721	0.004618	-0.075655	-0.003729	0.004623	-0.075656	-0.080611	0.006451	0.049134	0.305566	-1.127678	-0.010052	1.000000
2.000000	55.000000	0.005119	0.002326	-0.076679	0.005092	0.002330	-0.076636	-0.003032	0.096513	0.109700	-1.651669	0.216596	-0.703490	1.000000
6.000000	11.000000	0.006768	-0.001888	-0.072391	0.006778	-0.001896	-0.072365	-0.050029	0.031291	0.093748	-0.815009	-1.308048	-0.417085	1.000000
3.000000	2.000000	0.007129	-0.000942	-0.064168	0.007078	-0.000964	-0.064066	0.109086	0.063650	-0.002759	0.413378	-2.562580	6.031234	1.000000
7.000000	7.000000	-0.002008	-0.006311	-0.075568	-0.002010	-0.006317	-0.075564	-0.039085	0.047519	-0.046926	-0.748187	0.778039	0.738172	1.000000
9.000000	10.000000	-0.000201	-0.000262	-0.080135	-0.000206	-0.000255	-0.080123	-0.027347	0.089796	-0.000596	0.059452	0.451730	1.199954	1.000000
4.000000	30.000000	0.000299	-0.001310	-0.070648	0.000276	-0.001324	-0.070642	-0.074513	-0.047743	0.023815	-0.116935	-0.305291	-0.804957	1.000000
20.000000	8.000000	-0.013540	0.006375	-0.072967	-0.013545	0.006350	-0.072927	-0.002984	-0.004298	-0.005076	-0.147189	0.243960	-1.088747	1.000000
8.000000	6.000000	-0.004708	-0.001237	-0.075792	-0.004715	-0.001237	-0.075776	0.057141	0.049704	-0.015093	1.268247	-0.906067	2.930473	1.000000
30.000000	16.000000	0.010211	0.012488	-0.076796	0.010211	0.012480	-0.076816	-0.051630	0.083696	0.087998	3.316681	-0.487399	-0.054682	1.000000
11.000000	17.000000	-0.006833	-0.011897	-0.071433	-0.006841	-0.011915	-0.071404	-0.049893	0.098642	0.079265	0.278218	-0.359513	0.596622	1.000000
10.000000	9.000000	-0.001554	-0.009883	-0.070251	-0.001522	-0.009880	-0.070214	-0.043468	0.017368	-0.072435	-1.047943	0.525313	2.717220	1.000000
26.000000	18.000000	0.003961	0.013251	-0.071782	0.003965	0.013257	-0.071760	-0.005541	0.045422	0.023524	0.759740	0.113726	1.823442	1.000000
24.000000	12.000000	-0.001985	-0.003934	-0.080042	-0.001988	-0.003940	-0.080050	-0.016880	0.039012	-0.086977	0.060990	-2.249613	-0.010766	1.000000
17.000000	20.000000	0.009024	0.003630	-0.071546	0.009038	0.003625	-0.071533	0.011125	0.060178	0.030425	1.106281	0.885182	1.033522	1.000000
33.000000	22.000000	-0.006698	-0.004997	-0.071380	-0.006665	-0.005005	-0.071345	-0.031090	0.045189	0.078254	0.050788	-2.033457	0.556336	1.000000
32.000000	24.000000	0.005754	-0.001518	-0.076321	0.005755	-0.001518	-0.076328	-0.025430	0.109106	0.106843	-1.951715	1.193527	0.115405	1.000000
14.000000	15.000000	0.008977	0.003081	-0.083253	0.008978	0.003095	-0.083251	-0.024172	0.025751	0.028577	-0.685094	0.352142	1.519035	1.000000
15.000000	40.000000	-0.000542	0.013080	-0.075989	-0.000539	0.013058	-0.075975	0.074221	-0.114201	-0.039749	-1.047609	1.646743	-0.458483	1.000000
25.000000	29.000000	0.008421	-0.012767	-0.070375	0.008447	-0.012758	-0.070409	-0.024375	-0.010482	-0.025706	1.011738	0.519730	-4.459290	1.000000
19.000000	33.000000	-0.013382	-0.007598	-0.066684	-0.013413	-0.007633	-0.066686	-0.051402	-0.034962	0.033977	-0.460987	-2.553174	-0.527653	1.000000
22.000000	21.000000	-0.000348	0.012506	-0.084795	-0.000313	0.012501	-0.084757	-0.060154	-0.043868	-0.057120	1.246270	-0.297193	-0.069935	1.000000
18.000000	27.000000	0.006864	-0.009563	-0.081579	0.006860	-0.009542	-0.081580	0.033160	0.129833	0.008320	-2.317397	-4.076784	-1.113476	1.000000
40.000000	26.000000	0.006063	-0.001528	-0.081469	0.006048	-0.001499	-0.081467	-0.038208	-0.023265	0.111746	0.683988	-1.695689	-3.471373	1.000000
13.000000	28.000000	0.012009	-0.011996	-0.073084	0.012041	-0.012007	-0.073081	0.056572	-0.010705	0.001772	0.683319	0.202621	0.382062	1.000000
27.000000	32.000000	-0.006714	0.009605	-0.066596	-0.006697	0.009605	-0.066615	-0.005900	-0.000248	0.054680	1.650888	-0.465363	0.726240	1.000000
43.000000	34.000000	-0.012438	-0.003012	-0.068572	-0.012446	-0.003005	-0.068565	-0.021919	0.019911	0.071033	0.210734	-1.277846	-0.496345	1.000000
29.000000	19.000000	-0.007834	0.007592	-0.079309	-0.007757	0.007605	-0.079377	-0.061755	-0.070612	0.108385	2.321124	-0.047951	-8.292185	1.000000
35.000000	5.000000	-0.004053	-0.004173	-0.067084	-0.003984	-0.004224	-0.067136	-0.024387	0.110785	-0.030114	1.032600	0.733649	0.519606	1.000000
51.000000	25.000000	-0.011005	0.008411	-0.071850	-0.011008	0.008449	-0.071802	-0.050363	-0.110440	0.031599	2.849401	0.581303	-1.525625	1.000000
68.000000	68.000000	0.012912	-0.003464	-0.077784	0.012930	-0.003464	-0.077805	-0.041506	0.148188	0.116666	-0.442752	-1.828076	-3.879124	1.000000
39.000000	56.000000	0.009907	0.002959	-0.081701	0.009929	0.002961	-0.081662	-0.044154	-0.025589	0.006051	0.028820	-0.478432	5.712940	1.000000
38.000000	23.000000	0.000672	0.009783	-0.084505	0.000678	0.009778	-0.084507	-0.021738	-0.045659	0.049852	0.456083	0.671379	1.052126	1.000000
37.000000	37.000000	-0.008227	0.004420	-0.061064	-0.008220	0.004414	-0.061041	0.046921	0.024731	0.095373	0.058501	1.002322	0.393060	1.000000
36.000000	41.000000	0.007770	0.000834	-0.081707	0.007747	0.000843	-0.081695	-0.052257	0.035149	0.079535	-0.781167	0.216165	0.659336	1.000000
31.000000	35.000000	-0.000706	-0.000291	-0.068885	-0.000708	-0.000291	-0.068904	-0.076305	0.029416	0.021438	-0.347975	-0.396958	0.646431	1.000000
42.000000	31.000000	0.006266	-0.004340	-0.084303	0.006270	-0.004338	-0.084300	-0.001108	0.138351	0.094636	-0.747615	0.883043	0.311153	1.000000
48.000000	57.000000	0.009807	0.006484	-0.063404	0.009779	0.006473	-0.063360	0.033940	0.085817	-0.034017	-3.679702	-1.235323	7.179401	1.000000
44.000000	38.000000	0.009645	0.011405	-0.072748	0.009644	0.011406	-0.072747	-0.004748	0.044585	0.047199	0.694188	-0.623087	-1.173385	1.000000
59.000000	43.000000	0.009177	-0.010917	-0.072663	0.009175	-0.010918	-0.072664	-0.013943	-0.024211	0.003493	-0.387842	1.186580	3.496495	1.000000
28.000000	48.000000	0.006701	-0.009820	-0.084976	0.006723	-0.009783	-0.084995	0.064842	0.134855	0.029922	-0.012162	1.505401	0.696521	1.000000
47.000000	53.000000	-0.002794	-0.007203	-0.068854	-0.002782	-0.007213	-0.068853	0.060917	0.053945	-0.025473	-0.591139	-1.161231	-2.590077	1.000000
45.000000	47.000000	-0.008121	-0.009799	-0.073841	-0.008113	-0.009803	-0.073817	0.007823	-0.002885	0.049859	2.571428	0.113095	7.255952	1.000000
62.000000	3.000000	-0.002107	0.010035	-0.084080	-0.002063	0.010016	-0.084082	-0.052482	-0.093646	0.049623	-0.329289	-0.314972	0.110828	1.000000
16.000000	13.000000	-0.002772	0.005551	-0.082773	-0.002761	0.005614	-0.082868	-0.082979	0.075979	-0.043290	2.521449	-5.335336	-3.401527	1.000000
46.000000	45.000000	-0.003630	-0.006670	-0.067746	-0.003612	-0.006668	-0.067733	0.073886	0.078511	-0.010926	-0.950310	-0.779057	-2.609713	1.000000
56.000000	59.000000	-0.012460	-0.012430	-0.075453	-0.012435	-0.012357	-0.075534	-0.006724	0.056953	-0.074212	1.512487	2.588162	-7.311688	1.000000
23.000000	14.000000	0.000938	0.007180	-0.075188	0.000944	0.007181	-0.075179	-0.011049	0.052380	0.044702	0.287587	-0.591362	0.658890	1.000000
12.000000	39.000000	0.007197	-0.009290	-0.076884	0.007198	-0.009298	-0.076875	0.067728	0.024711	0.024060	0.608242	0.556064	-0.172368	1.000000
50.000000	51.000000	0.005694	-0.009324	-0.082915	0.005749	-0.009300	-0.082924	0.047650	0.087934	-0.064473	2.768893	1.678601	-0.647003	1.000000
49.000000	49.000000	-0.011631	-0.013146	-0.076800	-0.011610	-0.013097	-0.076813	-0.021861	0.071181	-0.018368	-0.292780	-0.008284	-1.876296	1.000000
21.000000	46.000000	0.013991	-0.011413	-0.072233	0.013957	-0.011429	-0.072151	0.089848	0.004231	0.063830	0.885191	0.315789	0.370807	1.000000
41.000000	42.000000	-0.001642	-0.003926	-0.085441	-0.001626	-0.003900	-0.085446	-0.096166	0.025984	0.026521	-0.313471	-3.320514	-1.958320	1.000000
34.000000	50.000000	-0.011960	0.007882	-0.069230	-0.011983	0.007908	-0.069207	-0.041299	-0.024395	0.076067	1.391676	2.774681	-0.509391	1.000000
54.000000	36.000000	0.010014	-0.006321	-0.063114	0.009988	-0.006347	-0.063110	0.034672	-0.004609	0.003035	0.510624	-2.134328	-0.260075	1.000000
55.000000	52.000000	-0.006524	0.012192	-0.065695	-0.006534	0.012185	-0.065717	-0.017531	0.023411	0.099955	0.205288	-0.701410	0.568048	1.000000
52.000000	54.000000	0.014771	0.004230	-0.065807	0.014777	0.004237	-0.065811	0.028842	0.106704	0.056798	0.930629	0.398229	-1.223446	1.000000
69.000000	60.000000	0.014715	0.008242	-0.062753	0.014711	0.008267	-0.062707	-0.038693	0.210642	0.061377	-1.791375	-0.395688	-3.811188	1.000000
57.000000	61.000000	-0.015550	0.008226	-0.070800	-0.015516	0.008216	-0.070752	-0.030824	0.018053	0.021687	-0.997734	2.310116	-1.223115	1.000000
58.000000	63.000000	-0.010907	-0.014302	-0.079990	-0.010887	-0.014278	-0.080015	0.036418	-0.025490	0.024304	-0.598383	0.396475	1.623280	1.000000
0.000000	-1.000000	0.003408	-0.008983	-0.083294	0.000000	0.000000	0.000000	0.000000	0.000000	0.000000	0.000000	0.000000	0.000000	0.000000
0.000000	62.000000	-0.012226	-0.012220	-0.075009	0.000000	0.000000	0.000000	0.000000	0.000000	0.000000	0.000000	0.000000	0.000000	0.000000
64.000000	65.000000	-0.015391	0.010730	-0.074856	-0.015412	0.010737	-0.074846	-0.080110	-0.013333	-0.002618	7.635197	5.388111	-3.290792	1.000000
0.000000	58.000000	0.009534	0.006414	-0.063316	0.000000	0.000000	0.000000	0.000000	0.000000	0.000000	0.000000	0.000000	0.000000	0.000000
65.000000	64.000000	-0.006339	-0.005272	-0.083690	-0.006347	-0.005272	-0.083668	-0.058405	0.031696	-0.089191	1.187150	2.235240	-2.191917	1.000000
66.000000	66.000000	0.009381	0.012001	-0.060651	0.009385	0.011997	-0.060666	0.021834	0.151438	0.030265	-0.568817	0.121915	1.857330	1.000000
67.000000	67.000000	-0.014948	-0.008397	-0.075325	-0.014954	-0.008401	-0.075321	-0.006600	-0.040948	0.055053	1.401386	-0.090983	0.034986	1.000000
70.000000	69.000000	-0.016726	0.001345	-0.071380	-0.016736	0.001357	-0.071402	0.184879	0.126347	-0.015875	1.075924	-11.937561	7.974025	1.000000
71.000000	71.000000	0.003304	-0.012927	-0.062381	0.003306	-0.012909	-0.062390	-0.082992	0.139828	0.007290	0.842373	-0.234836	-0.916483	1.000000
72.000000	72.000000	0.000698	-0.014074	-0.064612	0.000650	-0.013985	-0.064594	0.102056	0.099229	-0.010803	-1.203542	3.911446	3.798255	1.000000
73.000000	73.000000	0.015040	-0.005220	-0.075741	0.015052	-0.005226	-0.075797	-0.026310	0.071183	0.140239	1.023634	-1.583078	-0.340946	1.000000
