2.000000	4.000000	0.007149	-0.001998	-0.080991	0.007133	-0.002018	-0.081019	-0.110524	0.128886	0.034145	2.265655	-1.590234	2.968060	1.000000
29.000000	3.000000	0.002588	0.000380	-0.071729	0.002581	0.000381	-0.071721	-0.014435	-0.028008	0.013362	-1.387962	-0.103970	0.069104	1.000000
1.000000	5.000000	-0.003817	-0.007403	-0.064292	-0.003806	-0.007395	-0.064299	0.068461	0.016161	-0.081774	-1.208335	2.175847	-1.129126	1.000000
5.000000	6.000000	0.008205	0.003510	-0.059910	0.008198	0.003500	-0.059918	0.026345	0.196897	-0.030558	1.081918	-0.755245	0.843157	1.000000
18.000000	41.000000	0.005231	-0.006835	-0.062819	0.005296	-0.006795	-0.062902	0.015235	0.115276	-0.031458	0.698291	1.372252	-1.992767	1.000000
7.000000	15.000000	0.001433	-0.004235	-0.079153	0.001422	-0.004244	-0.079155	-0.049325	0.091769	-0.007533	1.128943	-0.831696	-1.284226	1.000000
3.000000	8.000000	0.008965	-0.004875	-0.076352	0.008958	-0.004875	-0.076357	-0.041424	0.082502	0.081317	-0.337646	-0.599368	0.212457	1.000000
11.000000	1.000000	0.010349	0.001368	-0.062014	0.010365	0.001330	-0.062032	-0.071467	0.163834	0.034726	4.228920	-4.787232	-3.674003	1.000000
4.000000	11.000000	-0.001527	-0.007246	-0.072184	-0.001527	-0.007231	-0.072181	0.016582	-0.003912	-0.099837	-0.580920	-0.646451	1.245054	1.000000
10.000000	13.000000	-0.009259	0.004145	-0.064699	-0.009274	0.004145	-0.064705	0.005235	0.036710	0.065887	-0.687219	-1.822553	-1.541560	1.000000
19.000000	10.000000	-0.001046	-0.006402	-0.076630	-0.001044	-0.006402	-0.076628	-0.019866	0.050576	-0.068323	0.042569	0.746153	0.286026	1.000000
12.000000	16.000000	0.005138	-0.010588	-0.078556	0.005139	-0.010584	-0.078564	0.016021	0.041843	0.044277	1.342622	-0.652771	0.456908	1.000000
6.000000	7.000000	0.000111	0.003347	-0.078306	0.000092	0.003341	-0.078315	-0.074718	0.050436	0.065656	-0.224078	-1.284389	-0.608348	1.000000
49.000000	27.000000	-0.008491	-0.009559	-0.075333	-0.008490	-0.009565	-0.075306	0.002263	-0.002578	0.055107	0.514537	-0.366534	-7.078560	1.000000
15.000000	14.000000	0.010838	0.002122	-0.079955	0.010838	0.002119	-0.079951	0.000659	0.027346	-0.021756	0.034872	0.410247	-0.855426	1.000000
17.000000	34.000000	-0.012456	-0.007717	-0.069131	-0.012441	-0.007718	-0.069131	0.010339	0.031857	0.059163	-0.730707	-1.094582	-0.082043	1.000000
8.000000	2.000000	-0.000478	0.002094	-0.071599	-0.000481	0.002104	-0.071593	0.006230	0.060046	0.055718	-1.329266	-1.221080	1.587117	1.000000
13.000000	63.000000	0.010722	0.005933	-0.061740	0.010726	0.005915	-0.061756	0.088153	0.179356	-0.021186	1.945828	0.588216	0.431957	1.000000
16.000000	20.000000	-0.001497	-0.010737	-0.065217	-0.001488	-0.010735	-0.065232	0.009225	0.013309	-0.074829	-0.535665	0.773622	-1.355286	1.000000
53.000000	18.000000	-0.005847	0.001984	-0.060853	-0.005793	0.001945	-0.060828	0.082521	-0.005473	0.014138	6.300990	-4.540501	3.887820	1.000000
37.000000	9.000000	0.002612	-0.001637	-0.069976	0.002616	-0.001640	-0.070005	-0.080468	0.021732	0.045297	0.016078	-0.017991	-1.413466	1.000000
23.000000	21.000000	0.009064	0.002566	-0.072042	0.009056	0.002565	-0.072045	-0.012199	-0.001162	-0.015483	0.834550	0.339429	2.822739	1.000000
14.000000	19.000000	0.005157	0.011187	-0.071741	0.005151	0.011170	-0.071748	-0.035327	0.032038	-0.021376	0.841537	-0.491885	1.621179	1.000000
25.000000	43.000000	0.009834	0.002333	-0.083111	0.009835	0.002333	-0.083086	-0.002297	0.023277	-0.030978	-1.069660	-0.837465	0.939385	1.000000
20.000000	26.000000	0.011941	0.009339	-0.075544	0.011942	0.009351	-0.075524	-0.083539	0.037400	-0.039409	-0.805183	0.185425	5.040174	1.000000
24.000000	23.000000	0.004779	-0.013186	-0.082346	0.004780	-0.013184	-0.082350	0.067372	0.100268	-0.012552	-3.636195	-1.989819	2.911688	1.000000
28.000000	64.000000	0.010881	-0.011414	-0.074074	0.010874	-0.011447	-0.074088	0.028460	-0.009438	0.036420	1.171799	0.936545	-3.584507	1.000000
50.000000	22.000000	-0.005412	-0.010525	-0.070193	-0.005429	-0.010557	-0.070180	0.037200	0.074608	0.085637	2.246996	0.421256	-1.989516	1.000000
26.000000	40.000000	-0.006723	0.011089	-0.075198	-0.006733	0.011091	-0.075208	-0.074881	-0.016928	0.071425	-0.436305	1.266285	0.752889	1.000000
22.000000	32.000000	0.009761	-0.006297	-0.065349	0.009773	-0.006317	-0.065346	-0.048235	0.011384	0.053944	1.616745	-2.575700	0.048003	1.000000
38.000000	33.000000	-0.004656	-0.008623	-0.074258	-0.004670	-0.008612	-0.074247	-0.048195	0.060506	0.042196	1.623839	1.434081	0.955560	1.000000
9.000000	39.000000	0.001709	0.005163	-0.076483	0.001692	0.005157	-0.076456	-0.014415	0.006569	0.012215	0.933273	2.347640	1.363268	1.000000
42.000000	38.000000	-0.011728	0.005536	-0.064665	-0.011718	0.005565	-0.064655	-0.064994	0.000885	0.135868	3.206104	1.731463	0.638409	1.000000
54.000000	17.000000	-0.012673	-0.006764	-0.077366	-0.012633	-0.006728	-0.077428	-0.099864	-0.014889	0.026009	1.481839	-1.271854	1.571012	1.000000
35.000000	12.000000	-0.004747	-0.003456	-0.072918	-0.004734	-0.003461	-0.072920	-0.064580	0.035193	-0.080560	2.629944	1.498551	0.366124	1.000000
36.000000	25.000000	0.014157	0.000755	-0.068704	0.014176	0.000749	-0.068716	0.010572	0.034657	0.061593	0.015287	0.095689	-0.141163	1.000000
41.000000	42.000000	-0.010399	0.011505	-0.072536	-0.010401	0.011489	-0.072559	-0.024569	-0.080685	0.056946	0.994460	-1.606364	0.040820	1.000000
34.000000	35.000000	-0.013939	0.007899	-0.072301	-0.013921	0.007887	-0.072318	-0.035935	0.008623	0.018456	-0.200085	-0.357969	0.747630	1.000000
30.000000	28.000000	-0.013763	0.006369	-0.073768	-0.013789	0.006365	-0.073786	0.006363	0.009843	0.033432	0.639377	-0.280580	0.281925	1.000000
31.000000	31.000000	-0.012761	0.006715	-0.062611	-0.012760	0.006715	-0.062608	-0.049218	0.017559	0.106517	1.456109	-0.000259	-0.210583	1.000000
40.000000	24.000000	-0.005079	0.009153	-0.068900	-0.005055	0.009152	-0.068907	-0.051351	0.022143	0.046553	0.084288	-1.357784	-0.340079	1.000000
21.000000	36.000000	0.004287	-0.006990	-0.080128	0.004287	-0.006954	-0.080096	0.040536	0.121400	0.004814	1.712859	2.807260	3.701488	1.000000
27.000000	44.000000	0.001897	0.011842	-0.085838	0.001931	0.011808	-0.085804	-0.049758	-0.040415	-0.034340	5.415550	-1.843525	4.094488	1.000000
39.000000	29.000000	0.002403	-0.001535	-0.084214	0.002440	-0.001529	-0.084252	-0.098964	0.100447	0.109215	-2.911735	4.469952	-1.690397	1.000000
33.000000	46.000000	-0.007127	-0.010299	-0.070087	-0.007110	-0.010276	-0.070036	0.064439	0.055166	0.085304	0.553689	1.153824	0.127903	1.000000
43.000000	37.000000	-0.005154	0.011032	-0.070389	-0.005167	0.011030	-0.070372	-0.010512	0.009883	0.108634	-0.778706	-0.464603	-0.858150	1.000000
44.000000	47.000000	0.010519	-0.001918	-0.084661	0.010513	-0.001912	-0.084649	-0.074816	0.083756	0.047268	0.111266	-0.212407	0.383475	1.000000
46.000000	50.000000	-0.010094	-0.010968	-0.085722	-0.010100	-0.010969	-0.085684	-0.094284	-0.058632	0.048279	3.054695	-0.989760	-4.553973	1.000000
47.000000	48.000000	-0.009730	0.005069	-0.060166	-0.009719	0.005087	-0.060152	0.028329	0.009301	0.030777	0.640673	0.501225	-1.958828	1.000000
48.000000	-1.000000	0.003997	0.006563	-0.078092	0.000000	0.000000	0.000000	0.000000	0.000000	0.000000	0.000000	0.000000	0.000000	0.000000
59.000000	51.000000	0.014227	-0.008343	-0.064031	0.014193	-0.008346	-0.064070	0.005425	0.113291	0.076171	5.690559	0.546953	1.299201	1.000000
57.000000	55.000000	0.010335	-0.011202	-0.072672	0.010339	-0.011175	-0.072641	0.008771	-0.021894	0.025454	0.929695	-0.840784	-2.006868	1.000000
68.000000	67.000000	-0.005875	-0.009252	-0.085170	-0.005848	-0.009248	-0.085202	-0.046879	-0.005385	-0.114941	-1.137085	10.346819	-3.191086	1.000000
66.000000	53.000000	0.009845	-0.015497	-0.075891	0.009775	-0.015559	-0.075785	0.064197	-0.016355	0.048962	-0.765608	-1.576170	-0.684011	1.000000
55.000000	60.000000	0.001227	0.013029	-0.086101	0.001206	0.013033	-0.086070	-0.102866	-0.025519	0.012158	0.692333	-0.525100	1.353870	1.000000
0.000000	-1.000000	0.010533	-0.013666	-0.072895	0.000000	0.000000	0.000000	0.000000	0.000000	0.000000	0.000000	0.000000	0.000000	0.000000
61.000000	57.000000	0.011422	-0.012099	-0.061705	0.011429	-0.012096	-0.061712	0.098124	0.178059	-0.005215	-4.136363	3.737013	2.913420	1.000000
56.000000	54.000000	-0.010186	-0.015388	-0.075328	-0.010266	-0.015337	-0.075297	-0.077575	0.081182	0.051888	-1.044764	1.960690	-2.418606	1.000000
58.000000	49.000000	0.010009	-0.010470	-0.071937	0.010010	-0.010466	-0.071946	-0.020046	0.026993	-0.017405	-1.503741	-1.765222	0.367518	1.000000
32.000000	52.000000	-0.011014	-0.005277	-0.072257	-0.011062	-0.005282	-0.072223	-0.031610	0.071443	0.065317	-0.340778	-0.509072	-0.087713	1.000000
60.000000	59.000000	-0.004832	0.011948	-0.066912	-0.004824	0.011952	-0.066905	0.000188	-0.015237	0.127103	-0.184558	1.933236	0.994062	1.000000
65.000000	45.000000	-0.013103	0.008481	-0.064002	-0.013115	0.008474	-0.063990	-0.064057	0.032578	0.127450	-0.610939	0.001354	0.232263	1.000000
45.000000	61.000000	-0.003418	-0.006618	-0.078744	-0.003494	-0.006604	-0.078718	-0.012645	0.046340	-0.115458	-4.168565	2.333201	-5.741993	1.000000
62.000000	62.000000	-0.013201	-0.012796	-0.079936	-0.013193	-0.012790	-0.079913	0.065077	-0.018084	-0.014290	-0.689083	-1.271060	-0.358935	1.000000
0.000000	-1.000000	-0.011187	-0.005310	-0.072181	0.000000	0.000000	0.000000	0.000000	0.000000	0.000000	0.000000	0.000000	0.000000	0.000000
64.000000	65.000000	-0.014398	-0.015372	-0.069864	-0.014384	-0.015343	-0.069854	-0.009325	-0.077975	-0.001439	-3.434523	-3.367063	-4.474206	1.000000
63.000000	-1.000000	-0.006018	-0.007897	-0.060076	0.000000	0.000000	0.000000	0.000000	0.000000	0.000000	0.000000	0.000000	0.000000	0.000000
67.000000	66.000000	0.009855	-0.015900	-0.073709	0.009856	-0.015894	-0.073714	-0.017107	-0.058860	0.019130	-0.519117	0.055209	2.928509	1.000000
69.000000	68.000000	-0.011025	-0.015193	-0.078125	-0.011024	-0.015181	-0.078114	-0.009120	-0.004479	0.026326	-0.779156	1.597588	0.839062	1.000000
0.000000	30.000000	0.009164	-0.012694	-0.070061	0.000000	0.000000	0.000000	0.000000	0.000000	0.000000	0.000000	0.000000	0.000000	0.000000
0.000000	69.000000	-0.013687	0.016452	-0.073967	0.000000	0.000000	0.000000	0.000000	0.000000	0.000000	0.000000	0.000000	0.000000	0.000000
70.000000	70.000000	0.014592	0.008911	-0.080132	0.014654	0.008911	-0.080156	-0.111843	0.052131	0.071512	-0.420472	1.429873	-0.851500	1.000000
71.000000	71.000000	0.001377	-0.017844	-0.062773	0.001359	-0.017859	-0.062671	-0.061564	0.123822	-0.056177	-2.550438	-2.768844	6.689800	1.000000
