1.000000	36.000000	0.004432	-0.007840	-0.062107	0.004440	-0.007838	-0.062153	-0.060890	0.012914	-0.083261	-0.423327	1.049450	-0.424326	1.000000
2.000000	1.000000	0.008790	0.000040	-0.064032	0.008792	0.000050	-0.064025	-0.081614	0.106903	0.028400	0.259510	-0.114424	0.425250	1.000000
58.000000	4.000000	-0.003529	0.003249	-0.069871	-0.003518	0.003241	-0.069844	-0.025032	-0.023799	-0.015009	-0.349453	0.341184	0.290506	1.000000
10.000000	3.000000	0.000082	0.010365	-0.076786	0.000067	0.010356	-0.076762	-0.031146	-0.038539	-0.002837	-3.312089	0.966648	-1.522475	1.000000
5.000000	2.000000	-0.006157	0.005368	-0.066179	-0.006146	0.005367	-0.066199	-0.089950	0.016938	-0.015786	1.088948	1.105813	0.420577	1.000000
4.000000	7.000000	0.003689	-0.001014	-0.074788	0.003682	-0.001015	-0.074795	-0.024642	0.052194	-0.049516	-1.974672	0.186974	-0.220579	1.000000
7.000000	21.000000	-0.004650	-0.000252	-0.066077	-0.004666	-0.000226	-0.066071	0.008848	0.038516	-0.056306	-0.538181	1.101808	-0.724167	1.000000
12.000000	27.000000	0.006615	0.003411	-0.070652	0.006631	0.003415	-0.070643	0.042261	0.045814	-0.033488	0.955571	2.147300	-1.165451	1.000000
17.000000	8.000000	0.012288	-0.000749	-0.078277	0.012318	-0.000743	-0.078279	0.058187	0.100074	0.073688	1.942657	1.406762	-1.574828	1.000000
18.000000	6.000000	-0.003996	-0.004991	-0.065285	-0.004001	-0.004993	-0.065273	0.022424	0.058123	0.022865	-0.844067	-0.684582	-1.277831	1.000000
3.000000	9.000000	0.006455	0.005435	-0.060747	0.006464	0.005426	-0.060729	0.029795	0.124430	0.051793	0.019614	0.232548	0.208505	1.000000
8.000000	41.000000	-0.006888	-0.007581	-0.064554	-0.006907	-0.007582	-0.064525	0.015164	0.008453	0.013865	-1.220281	-0.621541	0.121519	1.000000
41.000000	49.000000	-0.007523	0.001241	-0.069470	-0.007535	0.001241	-0.069464	-0.025935	0.064535	0.000514	-1.251241	-0.380294	0.259867	1.000000
6.000000	10.000000	0.000873	0.004824	-0.068652	0.000874	0.004825	-0.068654	-0.008293	-0.025337	0.048635	-0.218283	-0.644068	0.105731	1.000000
24.000000	18.000000	0.000881	0.006538	-0.063810	0.000866	0.006558	-0.063811	0.015854	-0.002904	0.020576	-0.421684	1.596890	-0.235081	1.000000
16.000000	15.000000	0.006930	-0.011928	-0.075763	0.006931	-0.011926	-0.075756	-0.026975	-0.003680	0.032315	-0.752467	-0.497504	-0.806673	1.000000
22.000000	12.000000	0.003893	-0.003592	-0.081699	0.003892	-0.003584	-0.081702	0.057114	0.080933	0.049527	2.219241	1.210073	0.119394	1.000000
27.000000	50.000000	0.010460	-0.011112	-0.073740	0.010466	-0.011153	-0.073726	-0.022265	0.043195	0.053523	0.713966	-2.792995	0.288946	1.000000
9.000000	35.000000	0.013371	-0.002379	-0.070116	0.013350	-0.002293	-0.070132	-0.071566	0.080018	-0.006475	0.625375	0.924812	-0.300522	1.000000
35.000000	16.000000	-0.006035	-0.003580	-0.082919	-0.006034	-0.003578	-0.082922	-0.030014	0.017910	-0.002340	-0.624290	0.734034	-1.711358	1.000000
14.000000	13.000000	0.002033	-0.004904	-0.074230	0.002011	-0.004904	-0.074235	-0.031953	0.027702	-0.051419	-1.131638	-0.747652	0.278560	1.000000
36.000000	11.000000	0.012180	-0.004713	-0.071722	0.012180	-0.004726	-0.071745	0.003891	0.095599	-0.030551	-0.380427	-0.899269	0.504956	1.000000
11.000000	19.000000	0.006841	0.013451	-0.080112	0.006831	0.013446	-0.080132	0.044318	0.118805	-0.008208	2.750322	1.929824	2.526574	1.000000
15.000000	20.000000	-0.002431	0.003964	-0.077758	-0.002431	0.003959	-0.077758	-0.079103	0.033093	-0.000593	-0.423415	-1.129313	0.293226	1.000000
23.000000	17.000000	-0.007154	0.003186	-0.071002	-0.007129	0.003162	-0.071004	-0.092224	0.085983	-0.041751	-1.925206	-2.441016	-0.654291	1.000000
29.000000	26.000000	0.002812	-0.005575	-0.081755	0.002798	-0.005569	-0.081747	0.089626	0.060235	0.088667	0.201967	0.168296	-0.187279	1.000000
26.000000	25.000000	-0.003968	0.003401	-0.066682	-0.003977	0.003400	-0.066676	-0.002383	0.088421	0.003663	-1.310522	0.109728	0.217532	1.000000
13.000000	24.000000	0.003019	0.002152	-0.073854	0.003018	0.002229	-0.073838	-0.067380	0.026882	-0.050353	-3.405547	2.092952	-0.752749	1.000000
25.000000	29.000000	0.004629	0.001561	-0.080056	0.004617	0.001574	-0.080058	-0.002364	0.115256	0.022049	0.114565	1.252385	-0.525989	1.000000
67.000000	28.000000	0.011278	-0.013373	-0.074911	0.011258	-0.013355	-0.074941	-0.052449	-0.025712	-0.079434	-0.910785	-2.402560	1.472882	1.000000
21.000000	32.000000	-0.004891	-0.002036	-0.067516	-0.004863	-0.002046	-0.067501	-0.037428	0.069150	-0.023579	0.136572	0.110761	0.799987	1.000000
30.000000	22.000000	-0.004314	-0.009418	-0.064132	-0.004310	-0.009412	-0.064165	-0.010883	0.066861	-0.013776	1.624907	0.280551	0.257184	1.000000
32.000000	5.000000	-0.002412	-0.004583	-0.064308	-0.002427	-0.004585	-0.064350	-0.001534	0.061467	0.001867	-0.970281	-1.498848	-0.025387	1.000000
28.000000	45.000000	0.002818	0.000788	-0.068812	0.002902	0.000803	-0.068843	0.004662	-0.025414	0.008257	6.088011	1.445801	-0.573078	1.000000
40.000000	23.000000	-0.000244	0.003188	-0.068190	-0.000220	0.003185	-0.068202	-0.050912	0.018313	0.038666	-0.100590	0.280439	-0.549362	1.000000
39.000000	47.000000	0.006674	-0.002319	-0.060311	0.006677	-0.002317	-0.060320	0.039421	0.076861	-0.031569	-0.551213	0.965041	0.564499	1.000000
51.000000	63.000000	-0.012154	-0.001753	-0.072164	-0.012173	-0.001738	-0.072207	-0.053303	-0.025699	-0.004066	-0.424424	-0.934591	2.264086	1.000000
37.000000	37.000000	0.009307	0.010987	-0.075016	0.009297	0.011005	-0.075008	0.107758	0.094874	0.012990	-0.063694	1.601452	0.512415	1.000000
61.000000	42.000000	-0.009559	0.002344	-0.077699	-0.009559	0.002345	-0.077690	-0.014608	0.069163	0.025014	1.376073	-1.170542	-0.708668	1.000000
19.000000	43.000000	0.003963	0.009389	-0.066329	0.003972	0.009413	-0.066353	0.015557	0.050129	0.095452	1.436692	1.342714	-1.517534	1.000000
43.000000	38.000000	-0.003815	0.010098	-0.067439	-0.003820	0.010162	-0.067422	-0.106883	-0.121808	0.010743	-0.483536	5.421305	-3.712279	1.000000
45.000000	33.000000	-0.001924	-0.013144	-0.070106	-0.001923	-0.013138	-0.070117	-0.018616	0.038819	-0.193099	1.331334	-0.687435	-0.031669	1.000000
42.000000	30.000000	0.001517	0.010263	-0.084919	0.001560	0.010250	-0.084919	-0.051266	0.192963	0.021934	2.092358	-2.651215	0.773322	1.000000
33.000000	51.000000	0.007591	-0.002228	-0.075011	0.007578	-0.002228	-0.075045	0.052923	0.056068	0.063849	-0.317335	1.038902	-0.695541	1.000000
34.000000	34.000000	-0.010710	0.007346	-0.080980	-0.010713	0.007338	-0.080990	-0.074336	0.001511	0.035522	0.297646	0.543575	-0.096444	1.000000
44.000000	39.000000	-0.010702	-0.007125	-0.084145	-0.010701	-0.007136	-0.084113	0.050576	-0.076505	0.054545	-2.817853	-1.075077	0.539474	1.000000
63.000000	62.000000	-0.011633	0.006871	-0.077622	-0.011624	0.006841	-0.077614	-0.100465	0.084339	0.004854	0.669321	2.601704	-1.732912	1.000000
47.000000	44.000000	-0.013666	-0.006586	-0.065761	-0.013667	-0.006583	-0.065778	-0.048085	0.007493	-0.043598	-1.487815	-0.330649	-0.347053	1.000000
78.000000	40.000000	-0.009332	0.008125	-0.064723	-0.009323	0.008179	-0.064782	-0.097937	0.038844	0.022632	0.692977	1.386980	-0.036962	1.000000
46.000000	-1.000000	-0.005476	0.005110	-0.059832	0.000000	0.000000	0.000000	0.000000	0.000000	0.000000	0.000000	0.000000	0.000000	0.000000
49.000000	52.000000	-0.005467	-0.013774	-0.071572	-0.005474	-0.013784	-0.071565	0.002068	0.010661	0.031396	-1.750669	-0.175800	-1.178400	1.000000
54.000000	53.000000	0.005454	-0.008131	-0.072190	0.005470	-0.008126	-0.072184	-0.054034	0.040363	-0.048153	0.571354	0.855984	0.850189	1.000000
66.000000	48.000000	-0.014435	-0.007450	-0.072661	-0.014430	-0.007433	-0.072740	-0.054649	0.018669	0.039929	-0.543032	-0.290789	-0.540217	1.000000
38.000000	31.000000	-0.004310	-0.005901	-0.078505	-0.004360	-0.005932	-0.078476	-0.069189	0.010746	-0.014232	-1.300625	0.485133	-0.120368	1.000000
50.000000	55.000000	-0.005747	-0.011410	-0.074440	-0.005773	-0.011439	-0.074434	-0.079236	0.031682	0.011685	1.350397	-0.565804	2.786011	1.000000
53.000000	54.000000	0.001587	0.011874	-0.070090	0.001598	0.011864	-0.070097	0.015809	-0.191075	0.049397	1.637983	0.586964	2.400168	1.000000
52.000000	72.000000	-0.012786	-0.004038	-0.063120	-0.012769	-0.004053	-0.063085	-0.006621	-0.009461	0.011754	-0.794139	-0.507504	-1.580849	1.000000
56.000000	66.000000	-0.001029	-0.004973	-0.085037	-0.001051	-0.004988	-0.085023	-0.038371	0.107411	0.132979	1.863486	1.400156	-1.791262	1.000000
55.000000	56.000000	0.008902	0.005465	-0.085669	0.008859	0.005468	-0.085621	0.039708	0.218697	0.005289	-1.023084	0.674329	-1.726626	1.000000
48.000000	82.000000	0.006882	0.000366	-0.076435	0.006946	0.000344	-0.076367	0.021208	0.107036	0.042417	0.732466	0.194538	-0.611823	1.000000
85.000000	73.000000	-0.003377	-0.010431	-0.085109	-0.003401	-0.010425	-0.085141	0.013016	-0.005475	0.092633	-0.991009	-2.584915	-1.253496	1.000000
86.000000	84.000000	0.012278	0.009842	-0.082130	0.012255	0.009836	-0.082148	-0.065234	0.206758	-0.004073	2.163821	2.572622	-2.246184	1.000000
31.000000	60.000000	0.002985	-0.003279	-0.065601	0.002981	-0.003284	-0.065637	-0.103102	0.076834	-0.040271	0.301495	-1.276501	1.796026	1.000000
70.000000	14.000000	0.007049	-0.006404	-0.081334	0.007057	-0.006315	-0.081447	-0.010097	-0.027568	0.136863	-3.996503	9.133616	-6.793206	1.000000
59.000000	76.000000	-0.013627	-0.003864	-0.077301	-0.013625	-0.003859	-0.077313	-0.082187	-0.024823	0.049640	-0.169580	-0.297702	-2.252248	1.000000
64.000000	67.000000	-0.011996	-0.007646	-0.075489	-0.011995	-0.007632	-0.075504	-0.046083	-0.027590	-0.021507	-5.784964	-3.372960	0.244755	1.000000
60.000000	65.000000	0.003768	-0.007504	-0.079502	0.003757	-0.007515	-0.079499	0.019180	0.014117	0.029704	-3.740079	-13.130951	1.170635	1.000000
69.000000	68.000000	-0.008780	-0.010673	-0.066854	-0.008780	-0.010669	-0.066841	-0.072299	0.010032	0.021705	-1.182866	-0.068754	-0.823524	1.000000
65.000000	70.000000	-0.008299	0.000761	-0.071513	-0.008305	0.000765	-0.071512	-0.033704	0.056091	0.002851	-1.406119	-0.106868	-0.073568	1.000000
72.000000	57.000000	-0.005160	-0.012397	-0.086191	-0.005153	-0.012393	-0.086181	0.028863	-0.030943	0.032627	-1.020523	-1.158487	-0.805571	1.000000
73.000000	58.000000	0.010809	-0.011305	-0.064600	0.010777	-0.011281	-0.064610	-0.102679	0.167451	-0.119223	0.033133	-1.423518	1.190216	1.000000
87.000000	71.000000	0.010264	-0.015648	-0.073144	0.010202	-0.015650	-0.073329	0.060515	0.009887	-0.042922	1.081701	1.605157	-7.661603	1.000000
74.000000	46.000000	0.005372	0.002252	-0.084026	0.005344	0.002227	-0.084062	0.115506	0.177108	0.131434	1.460734	-0.690236	2.551435	1.000000
88.000000	83.000000	-0.000111	0.001442	-0.085773	-0.000128	0.001421	-0.085749	-0.097537	0.121126	0.045315	-2.805694	2.369131	-7.090659	1.000000
71.000000	-1.000000	-0.008912	-0.010554	-0.074167	0.000000	0.000000	0.000000	0.000000	0.000000	0.000000	0.000000	0.000000	0.000000	0.000000
57.000000	75.000000	0.009982	0.004681	-0.084222	0.009987	0.004661	-0.084210	0.000960	0.248515	0.101244	-3.337412	-0.389860	0.890859	1.000000
89.000000	74.000000	0.003724	0.002635	-0.085888	0.003737	0.002674	-0.085799	-0.031157	0.216893	0.151910	6.536463	0.092408	-5.745504	1.000000
62.000000	85.000000	-0.002986	0.001857	-0.082201	-0.002981	0.001958	-0.082341	-0.040874	0.117388	-0.022612	-0.475816	0.857284	0.522660	1.000000
75.000000	78.000000	0.002073	0.000570	-0.082055	0.002105	0.000563	-0.082004	-0.032890	0.089079	0.016638	2.573598	0.991032	0.432658	1.000000
80.000000	80.000000	-0.011234	0.003130	-0.084470	-0.011258	0.003091	-0.084464	-0.057439	0.013051	0.176637	3.877913	-1.273310	-1.821095	1.000000
81.000000	81.000000	-0.014283	-0.000259	-0.061504	-0.014287	-0.000255	-0.061522	-0.017928	0.013878	0.003771	1.589348	-1.656057	0.001407	1.000000
79.000000	79.000000	-0.014451	0.002020	-0.062140	-0.014453	0.002023	-0.062125	-0.037368	0.005370	-0.009268	0.153147	1.368295	-0.849832	1.000000
82.000000	69.000000	0.003803	-0.007969	-0.079026	0.003843	-0.007930	-0.078914	0.007334	-0.022090	0.009052	-1.522704	-0.796827	-3.854747	1.000000
90.000000	64.000000	0.011805	0.010779	-0.084463	0.011792	0.010769	-0.084425	-0.078914	0.182093	-0.074617	-3.763708	-3.595779	11.870489	1.000000
91.000000	86.000000	-0.012902	0.005428	-0.080730	-0.012899	0.005429	-0.080730	-0.071153	0.116051	0.088740	1.339161	-5.058691	0.445055	1.000000
92.000000	87.000000	-0.012946	-0.004168	-0.085291	-0.012954	-0.004155	-0.085224	0.156439	-0.018554	0.061474	1.034112	-1.454603	2.340242	1.000000
93.000000	88.000000	-0.012942	0.002742	-0.084233	-0.012964	0.002714	-0.084323	-0.092726	0.069333	0.240853	4.331418	4.174325	-2.361139	1.000000
