2.000000	1.000000	-0.001296	0.002869	-0.070140	-0.001288	0.002863	-0.070129	-0.181312	0.131233	-0.009109	1.120635	-1.981158	5.106437	1.000000
19.000000	25.000000	0.010695	-0.008474	-0.064673	0.010701	-0.008470	-0.064675	0.039722	0.021246	-0.080245	0.513834	-1.202733	2.167523	1.000000
45.000000	3.000000	0.000973	-0.000569	-0.075180	0.000981	-0.000523	-0.075208	-0.025376	-0.004888	0.016295	1.994769	1.708126	-1.143912	1.000000
3.000000	6.000000	-0.004617	0.005122	-0.067264	-0.004629	0.005119	-0.067260	-0.116163	0.088227	0.062331	-0.153712	-0.487630	1.404581	1.000000
7.000000	11.000000	0.002392	0.000665	-0.076467	0.002387	0.000676	-0.076476	-0.003267	0.029649	0.059303	-0.074036	-0.826785	1.268537	1.000000
5.000000	4.000000	-0.002216	0.006505	-0.075863	-0.002227	0.006513	-0.075871	-0.001311	0.041636	0.072662	-0.978053	-1.276821	1.036427	1.000000
16.000000	16.000000	-0.004160	-0.006400	-0.079505	-0.004174	-0.006422	-0.079565	-0.062353	-0.036987	0.117553	3.764094	2.261553	-2.893503	1.000000
10.000000	13.000000	0.004740	-0.013218	-0.082299	0.004735	-0.013222	-0.082296	-0.005776	0.105380	0.059209	0.408733	-0.721749	0.063919	1.000000
13.000000	5.000000	0.004924	-0.005434	-0.075139	0.004916	-0.005420	-0.075140	0.018158	0.039312	0.010790	3.104602	0.972852	0.279317	1.000000
6.000000	10.000000	0.011162	-0.008581	-0.068774	0.011111	-0.008582	-0.068795	-0.005390	-0.070200	0.020482	0.085441	-0.552572	2.379283	1.000000
11.000000	9.000000	-0.002287	0.010609	-0.077595	-0.002286	0.010615	-0.077604	-0.018917	0.053414	0.043916	-1.370174	-0.893035	0.123065	1.000000
17.000000	7.000000	-0.003133	-0.008408	-0.061325	-0.003137	-0.008409	-0.061304	0.036872	-0.014258	-0.106980	-2.359713	0.424923	-0.551600	1.000000
14.000000	8.000000	-0.006759	-0.008916	-0.080795	-0.006766	-0.008924	-0.080783	-0.012552	-0.003208	0.059784	-0.723565	0.283731	-0.363822	1.000000
0.000000	12.000000	0.014652	-0.001215	-0.066770	0.000000	0.000000	0.000000	0.000000	0.000000	0.000000	0.000000	0.000000	0.000000	0.000000
15.000000	21.000000	-0.004724	-0.000283	-0.081293	-0.004722	-0.000299	-0.081269	-0.100821	0.104502	0.020880	0.397374	-3.103309	-0.760647	1.000000
48.000000	14.000000	0.010943	0.000151	-0.064000	0.010954	0.000149	-0.064014	0.028542	0.005465	-0.071499	-2.070136	0.792743	-0.276249	1.000000
18.000000	22.000000	0.005733	-0.003238	-0.082834	0.005773	-0.003198	-0.082832	-0.030598	0.040508	0.010612	1.026323	2.112121	-0.770454	1.000000
8.000000	52.000000	0.007757	-0.001872	-0.081328	0.007781	-0.001859	-0.081341	0.012193	0.077589	0.009499	1.534511	0.224204	1.230876	1.000000
20.000000	18.000000	-0.008105	-0.001142	-0.068337	-0.008154	-0.001167	-0.068334	-0.118371	0.036399	0.099862	2.990355	-5.637138	5.755931	1.000000
26.000000	26.000000	0.011439	-0.010977	-0.081061	0.011441	-0.010968	-0.081011	0.013603	0.022990	-0.003829	0.423118	3.057966	1.156186	1.000000
29.000000	19.000000	0.003625	-0.004780	-0.071619	0.003618	-0.004819	-0.071614	-0.116279	-0.013615	0.089579	-1.536465	-3.592484	-2.793010	1.000000
21.000000	23.000000	0.008423	0.004852	-0.079892	0.008440	0.004860	-0.079894	-0.181025	0.036518	0.083613	6.460090	-1.855895	2.154709	1.000000
23.000000	30.000000	0.011142	0.012923	-0.076755	0.011098	0.012960	-0.076725	-0.031960	0.146867	-0.074298	2.652894	-1.069556	3.194790	1.000000
1.000000	2.000000	-0.008129	-0.003296	-0.065537	-0.008116	-0.003286	-0.065572	-0.012291	-0.007261	0.089378	0.176664	-0.664022	1.217686	1.000000
39.000000	28.000000	-0.012162	0.008124	-0.075303	-0.012159	0.008112	-0.075305	-0.013642	0.010920	0.051969	-0.056495	-0.847856	-0.210006	1.000000
31.000000	33.000000	0.004491	-0.011155	-0.068845	0.004524	-0.011107	-0.068825	0.003164	-0.127301	-0.032918	2.125524	2.206982	1.979360	1.000000
9.000000	15.000000	-0.001016	0.007997	-0.077642	-0.001012	0.008009	-0.077670	-0.009920	0.065907	0.026505	0.299964	-1.727718	-0.977607	1.000000
27.000000	32.000000	-0.004067	-0.014392	-0.076238	-0.004060	-0.014406	-0.076208	-0.019968	0.034874	0.032303	-0.392673	-1.157896	0.048384	1.000000
28.000000	35.000000	-0.006408	-0.010307	-0.077544	-0.006402	-0.010317	-0.077505	-0.045879	0.036036	0.008489	1.896379	-1.336882	2.163705	1.000000
12.000000	17.000000	-0.002810	0.005279	-0.072299	-0.002832	0.005297	-0.072242	-0.015917	0.014025	0.073149	-2.482392	0.235386	-0.650807	1.000000
33.000000	34.000000	-0.007189	0.013921	-0.076163	-0.007173	0.013927	-0.076164	-0.025932	-0.017405	-0.003243	0.583041	0.001412	0.474843	1.000000
30.000000	36.000000	-0.007541	-0.013937	-0.077290	-0.007552	-0.013953	-0.077282	-0.047792	0.025887	0.080502	0.825218	1.049095	-0.105924	1.000000
35.000000	37.000000	-0.005958	0.011700	-0.074975	-0.005957	0.011699	-0.074968	0.012478	0.031598	0.037948	0.429916	0.512697	0.684040	1.000000
37.000000	50.000000	0.002676	-0.010595	-0.085762	0.002684	-0.010550	-0.085770	-0.033284	0.052423	-0.026599	-1.296703	1.657701	-1.599683	1.000000
36.000000	56.000000	-0.013592	0.011680	-0.073118	-0.013648	0.011705	-0.073107	-0.052075	-0.144923	0.064509	-3.150457	5.481470	-0.109156	1.000000
34.000000	40.000000	-0.001791	-0.004117	-0.080196	-0.001798	-0.004105	-0.080212	-0.042421	0.001723	-0.027925	-1.944954	2.659267	-0.797396	1.000000
38.000000	42.000000	-0.010347	-0.009466	-0.066951	-0.010359	-0.009430	-0.066977	-0.124589	0.124280	0.102479	-0.756382	-1.196380	2.088799	1.000000
24.000000	24.000000	-0.011185	0.001374	-0.067836	-0.011208	0.001346	-0.067905	-0.046842	0.044281	0.106563	2.708193	-0.569155	-0.448022	1.000000
4.000000	29.000000	-0.007907	0.005498	-0.073800	-0.007927	0.005572	-0.073834	-0.024894	0.068858	0.080919	-1.712005	0.025974	-0.118651	1.000000
25.000000	31.000000	0.007854	-0.012122	-0.067791	0.007814	-0.012112	-0.067721	-0.062604	-0.093236	-0.019975	-0.512463	0.267730	1.323796	1.000000
32.000000	38.000000	0.010176	-0.006028	-0.070832	0.010177	-0.006050	-0.070823	0.016745	-0.015745	-0.038835	1.576599	2.126764	4.038002	1.000000
57.000000	41.000000	-0.010756	-0.009746	-0.068597	-0.010743	-0.009756	-0.068570	-0.068281	0.141438	0.098422	-0.160451	-0.543679	1.776992	1.000000
43.000000	45.000000	-0.007426	-0.004196	-0.083749	-0.007411	-0.004176	-0.083782	-0.100258	-0.043929	0.106570	-0.378621	1.703546	2.606643	1.000000
60.000000	47.000000	0.009402	-0.013844	-0.072912	0.009416	-0.013861	-0.072964	0.046853	-0.018101	-0.060488	4.196127	3.186454	3.776419	1.000000
62.000000	48.000000	-0.010769	0.011330	-0.079323	-0.010763	0.011342	-0.079320	-0.046555	0.015513	0.035607	-0.124489	2.132353	1.108032	1.000000
41.000000	44.000000	-0.011915	-0.000162	-0.068813	-0.011916	-0.000153	-0.068776	-0.091256	0.104310	0.077791	0.284120	-4.233423	0.604167	1.000000
44.000000	46.000000	0.006091	-0.007362	-0.081916	0.006099	-0.007395	-0.081923	-0.018395	0.147520	0.017977	-0.459820	-0.005921	-0.160384	1.000000
46.000000	27.000000	-0.006115	-0.003242	-0.074286	-0.006113	-0.003217	-0.074323	-0.054123	0.116398	0.073421	-0.096964	0.732072	0.093814	1.000000
47.000000	51.000000	0.007561	-0.013067	-0.074364	0.007615	-0.013055	-0.074366	0.003464	0.082834	-0.013540	1.007281	-0.054311	3.582417	1.000000
50.000000	54.000000	-0.013124	-0.012796	-0.072480	-0.013084	-0.012760	-0.072585	-0.006380	0.067834	-0.009444	1.238276	-0.675495	0.221634	1.000000
49.000000	53.000000	-0.006013	-0.006568	-0.059862	-0.006001	-0.006587	-0.059857	0.042849	-0.094761	-0.001211	1.211700	-0.731344	-2.862633	1.000000
22.000000	20.000000	0.001820	-0.005268	-0.071728	0.001723	-0.005347	-0.071774	-0.050531	-0.069601	0.101894	-5.171513	-6.665480	-3.994309	1.000000
0.000000	58.000000	-0.001086	0.015241	-0.073505	0.000000	0.000000	0.000000	0.000000	0.000000	0.000000	0.000000	0.000000	0.000000	0.000000
53.000000	55.000000	0.006314	-0.011105	-0.061843	0.006318	-0.011138	-0.061866	-0.136942	0.044552	-0.005817	2.572486	-3.870826	-0.919248	1.000000
55.000000	59.000000	-0.013548	0.006712	-0.076411	-0.013537	0.006698	-0.076381	-0.046268	0.037328	0.051603	0.627693	-0.603970	-0.259443	1.000000
63.000000	39.000000	0.002917	-0.003750	-0.068166	0.002903	-0.003682	-0.068216	-0.085742	0.060302	-0.048088	-1.650108	0.558575	0.472993	1.000000
51.000000	-1.000000	-0.010677	-0.009858	-0.081826	0.000000	0.000000	0.000000	0.000000	0.000000	0.000000	0.000000	0.000000	0.000000	0.000000
40.000000	61.000000	-0.013161	0.010387	-0.075826	-0.013158	0.010372	-0.075838	-0.051022	-0.039300	0.040169	0.909284	-0.784818	-0.300616	1.000000
0.000000	-1.000000	-0.014108	0.004222	-0.077362	0.000000	0.000000	0.000000	0.000000	0.000000	0.000000	0.000000	0.000000	0.000000	0.000000
42.000000	43.000000	0.000561	0.010160	-0.064420	0.000566	0.010138	-0.064426	0.052862	0.055126	0.061644	0.066510	-1.374714	-2.182717	1.000000
59.000000	60.000000	0.000679	-0.014416	-0.070000	0.000662	-0.014396	-0.069946	-0.014744	-0.045292	-0.148394	0.353755	1.166201	4.763432	1.000000
0.000000	49.000000	-0.010425	-0.009868	-0.082183	0.000000	0.000000	0.000000	0.000000	0.000000	0.000000	0.000000	0.000000	0.000000	0.000000
56.000000	63.000000	-0.015465	-0.007322	-0.068131	-0.015467	-0.007302	-0.068122	-0.043131	0.025133	0.023083	0.546108	0.118072	0.633310	1.000000
52.000000	62.000000	-0.009168	0.003713	-0.069471	-0.009177	0.003708	-0.069513	-0.145069	0.105636	0.059120	1.498024	-0.487176	0.922271	1.000000
65.000000	65.000000	0.003931	0.013247	-0.068738	0.003930	0.013185	-0.068731	-0.104191	0.156695	0.073832	3.516375	-3.250163	9.632596	1.000000
58.000000	-1.000000	-0.000815	0.015105	-0.073353	0.000000	0.000000	0.000000	0.000000	0.000000	0.000000	0.000000	0.000000	0.000000	0.000000
61.000000	-1.000000	-0.016255	0.000833	-0.067766	0.000000	0.000000	0.000000	0.000000	0.000000	0.000000	0.000000	0.000000	0.000000	0.000000
54.000000	57.000000	-0.007118	-0.010495	-0.086271	-0.007102	-0.010456	-0.086270	-0.071761	-0.110831	0.100568	3.712787	0.830669	-9.722527	1.000000
64.000000	64.000000	0.015473	-0.001488	-0.071115	0.015466	-0.001483	-0.071113	0.044049	-0.057627	0.019524	-0.560689	-3.183067	4.104145	1.000000
67.000000	66.000000	0.008694	-0.017379	-0.068806	0.008679	-0.017384	-0.068793	0.046344	-0.094425	-0.010582	-0.959301	1.565273	0.602748	1.000000
