31.000000	1.000000	0.009794	0.003874	-0.062057	0.009758	0.003887	-0.062070	-0.009830	0.106881	-0.031618	0.878325	-1.511932	-2.253611	1.000000
10.000000	4.000000	0.001958	-0.000230	-0.071405	0.001962	-0.000213	-0.071393	-0.046832	-0.032418	0.020527	-1.198349	-0.391951	0.511055	1.000000
3.000000	2.000000	-0.001430	0.004139	-0.077102	-0.001454	0.004128	-0.077128	-0.079411	0.029598	0.053582	-0.183282	-0.911855	-0.232748	1.000000
12.000000	8.000000	0.000636	-0.002545	-0.079558	0.000640	-0.002557	-0.079578	-0.031630	0.078857	-0.030734	0.342551	-0.227860	-0.167917	1.000000
1.000000	25.000000	0.008042	-0.003368	-0.074820	0.008052	-0.003359	-0.074804	-0.046070	0.069430	0.075286	0.099238	-0.835827	0.380873	1.000000
2.000000	14.000000	-0.000604	0.002872	-0.070277	-0.000595	0.002881	-0.070280	-0.015241	0.019963	0.068725	-0.789087	-1.219709	0.071726	1.000000
6.000000	5.000000	-0.001334	-0.007210	-0.073904	-0.001338	-0.007199	-0.073908	-0.001570	0.013273	-0.072348	-1.486151	1.244554	1.130182	1.000000
11.000000	7.000000	-0.001211	-0.010337	-0.067054	-0.001198	-0.010338	-0.067091	0.019907	0.022398	-0.112876	-0.684998	-0.193483	-1.545648	1.000000
8.000000	6.000000	-0.003181	-0.006740	-0.065931	-0.003144	-0.006699	-0.065916	-0.005683	0.056698	-0.072875	-2.116691	3.145362	0.674437	1.000000
18.000000	11.000000	0.005679	-0.009905	-0.077691	0.005690	-0.009901	-0.077680	0.038172	0.026518	0.038884	1.052661	-0.725623	-0.803300	1.000000
14.000000	13.000000	0.010746	-0.011677	-0.072802	0.010742	-0.011688	-0.072808	0.029928	-0.019201	-0.019117	2.555195	1.133616	-0.690559	1.000000
16.000000	19.000000	0.010366	0.010171	-0.074941	0.010383	0.010169	-0.074931	-0.061743	0.042204	0.089983	2.246686	0.081176	2.901906	1.000000
17.000000	17.000000	-0.005504	-0.002633	-0.074426	-0.005497	-0.002624	-0.074421	-0.011310	0.044780	-0.067895	2.848866	0.308791	0.877559	1.000000
53.000000	20.000000	0.008862	0.007391	-0.060567	0.008827	0.007385	-0.060591	0.026122	0.189323	-0.037077	-0.787237	-1.269124	1.012593	1.000000
9.000000	9.000000	-0.008343	-0.009635	-0.074656	-0.008353	-0.009645	-0.074685	0.012346	-0.003549	0.030790	0.768501	0.174486	0.538518	1.000000
21.000000	23.000000	0.009323	-0.006557	-0.064089	0.009325	-0.006525	-0.064091	0.003964	-0.011999	0.067590	2.067431	1.167293	-0.791673	1.000000
29.000000	51.000000	0.005324	0.000017	-0.079708	0.005353	-0.000025	-0.079745	-0.059202	0.074027	0.093358	3.815648	-0.867767	2.533805	1.000000
15.000000	10.000000	0.004519	0.011904	-0.071947	0.004492	0.011904	-0.071961	-0.030979	0.047422	-0.003368	0.490104	0.743670	0.584178	1.000000
25.000000	16.000000	-0.009287	0.004353	-0.063424	-0.009265	0.004349	-0.063427	0.008838	-0.013318	0.070734	1.842566	-0.788612	0.937153	1.000000
4.000000	36.000000	-0.004342	0.001906	-0.060856	-0.004322	0.001889	-0.060832	0.078564	-0.009686	-0.002852	0.844480	-0.283899	0.012128	1.000000
22.000000	22.000000	-0.005768	-0.008981	-0.068482	-0.005734	-0.008968	-0.068481	0.073757	0.074527	0.060665	0.376445	0.861185	-2.057245	1.000000
23.000000	30.000000	-0.001415	-0.005322	-0.077894	-0.001429	-0.005328	-0.077905	-0.020914	0.052118	-0.062626	-0.116014	-0.211210	-0.457161	1.000000
33.000000	18.000000	0.010757	0.002735	-0.080568	0.010767	0.002748	-0.080562	-0.011423	0.034750	-0.040481	-1.040224	-0.535261	-0.945622	1.000000
7.000000	45.000000	0.005421	-0.004263	-0.079204	0.005383	-0.004304	-0.079224	0.056625	0.120132	0.081758	-1.519421	-2.008120	3.116199	1.000000
43.000000	35.000000	-0.005992	0.009387	-0.068014	-0.005976	0.009401	-0.068003	-0.039359	0.008763	0.044044	0.735943	-0.095538	0.115717	1.000000
5.000000	3.000000	0.005909	-0.004480	-0.062960	0.005745	-0.004431	-0.063066	-0.002353	0.126675	0.014462	-0.858562	1.475252	-1.582328	1.000000
13.000000	21.000000	0.014353	0.001653	-0.067571	0.014369	0.001640	-0.067556	0.007434	0.064560	0.057619	-0.019607	2.325143	0.291985	1.000000
32.000000	31.000000	0.008976	0.002634	-0.071998	0.008970	0.002638	-0.071988	0.000293	0.011818	0.010530	0.302705	0.869763	0.151789	1.000000
19.000000	28.000000	-0.013569	0.006477	-0.073191	-0.013606	0.006473	-0.073181	0.008551	-0.000166	0.023453	-0.244383	-0.507489	-0.871735	1.000000
28.000000	32.000000	0.009596	0.002663	-0.083480	0.009591	0.002673	-0.083487	-0.019821	0.011064	-0.009015	-0.931273	-0.663463	1.235892	1.000000
26.000000	37.000000	-0.011718	-0.004059	-0.070699	-0.011717	-0.004059	-0.070718	-0.029446	0.050414	0.080979	0.359572	-0.903875	0.015253	1.000000
30.000000	26.000000	0.008916	-0.012724	-0.069740	0.008941	-0.012715	-0.069767	-0.018106	-0.001163	-0.001504	-0.151721	0.077187	-1.347603	1.000000
20.000000	39.000000	0.000314	0.001415	-0.082729	0.000278	0.001447	-0.082762	-0.115275	0.187121	0.034473	-0.493536	1.135093	-3.420829	1.000000
36.000000	12.000000	-0.004469	-0.009088	-0.068966	-0.004461	-0.009074	-0.068968	0.055324	0.073453	0.035710	0.575990	-0.158868	-2.386423	1.000000
40.000000	33.000000	0.011811	-0.011514	-0.073480	0.011791	-0.011515	-0.073497	0.061741	0.000674	0.035921	1.324854	0.296992	0.702807	1.000000
34.000000	29.000000	0.001557	0.011031	-0.085538	0.001501	0.011005	-0.085562	-0.025554	-0.034253	0.040123	-0.901312	-0.069185	0.835255	1.000000
37.000000	27.000000	-0.010867	0.009707	-0.071345	-0.010863	0.009714	-0.071323	-0.027726	-0.089315	0.067417	-0.792906	0.662605	0.601504	1.000000
38.000000	44.000000	0.001386	0.005637	-0.076057	0.001409	0.005649	-0.076043	-0.017358	0.042126	0.023243	-0.240609	1.599832	0.244651	1.000000
24.000000	38.000000	-0.005514	-0.007087	-0.073107	-0.005539	-0.007080	-0.073098	-0.043717	0.088385	0.066916	0.293469	0.245298	-0.461622	1.000000
35.000000	42.000000	0.009152	-0.000383	-0.083590	0.009157	-0.000388	-0.083587	-0.055806	0.062748	0.057227	0.904039	-1.503648	0.485438	1.000000
27.000000	64.000000	-0.008499	0.010851	-0.073630	-0.008527	0.010835	-0.073577	-0.107292	-0.026060	0.089464	-0.563419	-3.234546	-0.381170	1.000000
55.000000	53.000000	-0.011580	-0.013770	-0.074686	-0.011609	-0.013784	-0.074717	-0.049167	0.060377	0.006550	1.509346	-1.346006	-2.648778	1.000000
45.000000	40.000000	-0.004766	0.008622	-0.084215	-0.004783	0.008634	-0.084165	-0.101908	0.022252	0.197000	-1.149631	-6.951114	-2.063631	1.000000
48.000000	34.000000	-0.000568	0.012203	-0.085352	-0.000566	0.012223	-0.085435	-0.070910	-0.057185	0.044525	1.750386	-1.673400	0.820745	1.000000
39.000000	46.000000	-0.005458	-0.014755	-0.073429	-0.005463	-0.014788	-0.073421	-0.036677	0.105506	0.063268	-1.403324	-0.544524	0.387442	1.000000
44.000000	56.000000	-0.012476	0.005931	-0.061932	-0.012571	0.005943	-0.062047	-0.029349	0.028148	0.117233	1.892479	-0.345588	0.186597	1.000000
42.000000	47.000000	-0.004566	-0.005816	-0.081090	-0.004547	-0.005811	-0.081098	-0.069765	0.017709	-0.100813	-0.287052	-1.273470	1.220608	1.000000
41.000000	41.000000	-0.005743	0.011315	-0.068381	-0.005730	0.011319	-0.068349	-0.043396	0.025532	0.095831	-0.267801	0.990029	-0.450548	1.000000
61.000000	43.000000	-0.012398	0.012913	-0.074439	-0.012362	0.012970	-0.074414	-0.033082	-0.142753	-0.046729	-8.961493	4.288183	0.863971	1.000000
59.000000	58.000000	0.009486	-0.010286	-0.072246	0.009503	-0.010285	-0.072207	-0.022477	-0.013208	-0.010714	0.644264	-2.980618	-0.791969	1.000000
56.000000	49.000000	0.013644	-0.008680	-0.062318	0.013633	-0.008686	-0.062294	0.121459	0.150741	-0.017563	0.202797	-4.162296	3.318182	1.000000
49.000000	52.000000	0.005442	-0.011533	-0.082205	0.005437	-0.011528	-0.082200	0.003347	0.078800	0.013093	-0.683118	0.932902	-1.921905	1.000000
54.000000	24.000000	0.012571	0.010250	-0.078932	0.012560	0.010227	-0.078930	-0.099603	0.073546	0.057128	0.473751	0.553724	0.461306	1.000000
51.000000	66.000000	0.001691	0.013724	-0.083334	0.001650	0.013714	-0.083344	-0.082861	-0.042544	-0.038121	1.746646	-0.875569	-0.981169	1.000000
52.000000	15.000000	-0.012460	-0.007409	-0.067788	-0.012425	-0.007361	-0.067885	-0.012976	0.005715	0.056257	-1.673289	-1.093710	-0.998202	1.000000
57.000000	67.000000	0.012757	0.009596	-0.062286	0.012757	0.009601	-0.062280	0.112075	0.190817	-0.028818	1.019864	0.539714	0.772840	1.000000
46.000000	55.000000	-0.011231	-0.014811	-0.077359	-0.011207	-0.014796	-0.077378	-0.006588	0.041946	0.042419	-0.131891	1.777200	-0.301985	1.000000
66.000000	69.000000	-0.014647	0.008011	-0.071784	-0.014654	0.007998	-0.071787	-0.037730	0.004952	0.035387	0.081332	0.171164	0.517214	1.000000
50.000000	65.000000	0.001182	-0.001130	-0.069358	0.001176	-0.001144	-0.069372	-0.061813	0.028539	0.020689	0.410369	0.265647	-0.774622	1.000000
67.000000	57.000000	-0.004902	0.012120	-0.064104	-0.004905	0.012120	-0.064116	-0.012157	0.031598	0.152312	-0.948052	1.823412	1.050224	1.000000
0.000000	-1.000000	-0.013069	0.006653	-0.061705	0.000000	0.000000	0.000000	0.000000	0.000000	0.000000	0.000000	0.000000	0.000000	0.000000
47.000000	62.000000	0.007618	-0.001580	-0.085748	0.007611	-0.001559	-0.085790	-0.088455	0.026936	0.152415	3.221278	-0.365884	6.306443	1.000000
63.000000	48.000000	0.004297	0.009522	-0.077186	0.004298	0.009571	-0.077143	0.013633	0.146272	0.036633	-0.622378	-1.184815	-2.461039	1.000000
65.000000	60.000000	-0.012013	-0.013320	-0.080186	-0.012010	-0.013319	-0.080194	0.050061	-0.036185	-0.012677	-1.099529	-0.585444	1.008969	1.000000
0.000000	61.000000	0.000610	-0.005840	-0.086965	0.000000	0.000000	0.000000	0.000000	0.000000	0.000000	0.000000	0.000000	0.000000	0.000000
0.000000	-1.000000	-0.009613	0.012177	-0.086666	0.000000	0.000000	0.000000	0.000000	0.000000	0.000000	0.000000	0.000000	0.000000	0.000000
0.000000	-1.000000	0.011544	-0.008321	-0.076027	0.000000	0.000000	0.000000	0.000000	0.000000	0.000000	0.000000	0.000000	0.000000	0.000000
58.000000	68.000000	0.002520	-0.010809	-0.083110	0.002525	-0.010802	-0.083102	-0.008990	0.043669	-0.008764	2.934524	-0.750000	-0.505952	1.000000
70.000000	71.000000	-0.013449	0.007073	-0.060400	-0.013476	0.007070	-0.060466	-0.022039	0.019005	0.119398	1.822427	0.376873	3.657093	1.000000
68.000000	70.000000	0.010975	-0.016180	-0.074866	0.010863	-0.016149	-0.075002	0.045306	-0.034498	0.019729	0.437177	-0.579463	-1.359133	1.000000
71.000000	59.000000	-0.014146	-0.007308	-0.076566	-0.014142	-0.007277	-0.076621	-0.050858	-0.036688	0.048843	1.926677	-0.657427	0.085188	1.000000
72.000000	54.000000	0.004709	-0.013221	-0.085312	0.004729	-0.013193	-0.085413	0.082205	0.108632	0.005350	0.129197	2.432014	0.536460	1.000000
73.000000	72.000000	0.006176	-0.017218	-0.062989	0.006165	-0.017201	-0.062983	-0.121969	0.196973	0.035101	1.047100	-5.963205	-1.185215	1.000000
74.000000	73.000000	-0.000026	-0.015734	-0.063085	-0.000082	-0.015736	-0.063139	-0.063707	0.089346	-0.031049	3.290194	-2.629736	-2.428289	1.000000
0.000000	74.000000	0.015978	-0.008031	-0.080063	0.000000	0.000000	0.000000	0.000000	0.000000	0.000000	0.000000	0.000000	0.000000	0.000000
