8.000000	2.000000	-0.005200	0.005025	-0.069189	-0.005208	0.005007	-0.069185	-0.148443	0.040607	0.068241	1.706039	-3.044845	0.994651	1.000000
1.000000	4.000000	0.000380	-0.002471	-0.069592	0.000410	-0.002493	-0.069566	-0.111921	0.022319	-0.066008	1.307728	-2.381950	-0.136512	1.000000
9.000000	1.000000	0.002324	0.001213	-0.074793	0.002325	0.001219	-0.074790	-0.001436	0.014368	0.074395	0.033359	-0.900331	-0.258388	1.000000
2.000000	3.000000	0.000975	-0.000047	-0.074991	0.000985	-0.000058	-0.074942	0.014083	0.022939	0.028250	-0.362113	-1.001211	1.858138	1.000000
5.000000	5.000000	-0.005184	-0.006718	-0.077878	-0.005175	-0.006727	-0.077882	-0.032932	0.011648	0.043328	-1.431737	0.780792	-0.296509	1.000000
14.000000	9.000000	0.011005	-0.010541	-0.067942	0.011042	-0.010563	-0.067949	0.000982	-0.094272	0.026809	-0.623637	0.279191	-2.039904	1.000000
7.000000	6.000000	0.005551	0.005828	-0.078041	0.005544	0.005820	-0.078049	-0.074734	0.042501	0.048459	2.503105	-1.044169	-2.135353	1.000000
6.000000	8.000000	0.008794	-0.000181	-0.080720	0.008787	-0.000214	-0.080736	0.060996	0.045310	0.027281	-0.854327	-2.002006	-1.804734	1.000000
10.000000	7.000000	0.008200	-0.011552	-0.074020	0.008206	-0.011561	-0.074020	0.044393	0.035335	0.028598	1.218751	-1.994673	0.735401	1.000000
12.000000	14.000000	-0.007597	0.007042	-0.065293	-0.007588	0.007040	-0.065305	-0.126998	0.070212	0.098082	0.591013	-1.008061	1.060648	1.000000
3.000000	11.000000	-0.000001	-0.007694	-0.071719	0.000008	-0.007710	-0.071715	-0.058291	-0.089253	-0.068033	0.731976	1.570240	-2.791791	1.000000
11.000000	53.000000	-0.001499	0.008690	-0.077211	-0.001518	0.008717	-0.077195	-0.052299	0.001332	0.034640	-2.766679	-0.186945	2.055678	1.000000
16.000000	10.000000	0.004626	-0.010901	-0.081028	0.004633	-0.010905	-0.081025	-0.007884	0.088551	0.046928	-0.634729	-0.492221	-0.393927	1.000000
17.000000	17.000000	-0.007285	0.000964	-0.081191	-0.007275	0.000962	-0.081149	-0.116467	0.009403	-0.009628	-0.844639	-1.760795	0.079846	1.000000
0.000000	15.000000	-0.007670	-0.003975	-0.063338	0.000000	0.000000	0.000000	0.000000	0.000000	0.000000	0.000000	0.000000	0.000000	0.000000
21.000000	12.000000	0.001000	-0.006266	-0.071448	0.001010	-0.006246	-0.071450	-0.076607	-0.072630	-0.083354	2.898964	1.218052	-3.748113	1.000000
32.000000	30.000000	0.011811	-0.008261	-0.065858	0.011813	-0.008251	-0.065835	0.045977	0.018482	-0.026517	-1.275474	3.958541	-0.708292	1.000000
25.000000	18.000000	0.005611	-0.004091	-0.074653	0.005596	-0.004103	-0.074619	0.016931	0.058182	0.040881	-1.840062	-0.770082	1.625613	1.000000
66.000000	61.000000	-0.003961	0.005743	-0.070661	-0.003950	0.005799	-0.070584	-0.063757	0.044315	0.098230	0.467033	5.696303	7.938561	1.000000
22.000000	21.000000	-0.012493	0.008085	-0.074266	-0.012491	0.008087	-0.074259	-0.011517	-0.010680	0.034254	0.180221	-0.482800	-0.448550	1.000000
13.000000	45.000000	-0.002782	-0.008593	-0.064036	-0.002753	-0.008603	-0.064093	0.005411	-0.002125	-0.118799	0.190749	0.811465	0.319423	1.000000
24.000000	25.000000	-0.003046	0.011572	-0.076606	-0.003061	0.011566	-0.076601	-0.042915	0.025781	0.033597	-0.469516	-0.841310	-0.874766	1.000000
23.000000	24.000000	-0.009191	0.007081	-0.071890	-0.009189	0.007064	-0.071890	-0.074998	0.037001	0.076094	-0.522133	-2.768017	-0.328398	1.000000
26.000000	27.000000	0.010861	-0.006121	-0.070975	0.010845	-0.006120	-0.070962	0.027377	0.006605	0.034050	-0.784102	0.096355	3.508209	1.000000
15.000000	16.000000	0.012696	-0.000698	-0.069367	0.012713	-0.000711	-0.069294	-0.048590	0.014701	-0.079444	3.117633	-0.267155	2.818300	1.000000
36.000000	19.000000	-0.007492	-0.000476	-0.072513	-0.007466	-0.000494	-0.072548	-0.056251	0.102900	0.079580	0.106415	-1.283099	1.051458	1.000000
46.000000	51.000000	-0.013097	-0.011438	-0.072401	-0.013101	-0.011425	-0.072483	0.001857	0.045142	0.020800	0.125316	-0.254941	0.897530	1.000000
30.000000	23.000000	0.011525	-0.010024	-0.080372	0.011531	-0.010040	-0.080388	0.008985	0.035414	0.052705	-4.502997	1.775474	-1.044955	1.000000
28.000000	56.000000	0.005015	-0.013533	-0.068996	0.005025	-0.013537	-0.068984	0.012314	-0.102816	-0.000969	-2.550449	-2.604146	-1.461788	1.000000
49.000000	35.000000	-0.007319	-0.009363	-0.076959	-0.007343	-0.009370	-0.076954	-0.052044	0.045470	0.028052	-1.634365	0.226597	0.798761	1.000000
31.000000	33.000000	-0.007575	0.013607	-0.076043	-0.007585	0.013606	-0.076043	-0.013941	-0.011028	0.013271	-0.159477	0.097001	0.407962	1.000000
34.000000	20.000000	-0.004500	-0.013845	-0.075309	-0.004532	-0.013830	-0.075288	-0.025474	0.014558	0.056769	1.361638	1.169580	-5.090159	1.000000
20.000000	31.000000	-0.011420	0.002498	-0.065817	-0.011414	0.002518	-0.065756	0.020829	0.063177	0.082234	1.157583	0.650413	0.355471	1.000000
39.000000	29.000000	0.004960	-0.001912	-0.082963	0.004963	-0.001948	-0.083018	-0.053596	0.044585	-0.005143	-0.962324	-0.326258	1.745319	1.000000
35.000000	38.000000	-0.004828	-0.008899	-0.060644	-0.004829	-0.008895	-0.060677	0.053763	-0.086320	-0.066944	0.344958	1.623971	-1.627864	1.000000
29.000000	39.000000	0.004440	-0.010980	-0.062141	0.004418	-0.010975	-0.062139	-0.021499	-0.004109	-0.012271	3.310336	0.994517	0.294295	1.000000
40.000000	36.000000	-0.005546	0.012537	-0.073854	-0.005551	0.012536	-0.073867	0.020754	0.033518	0.054400	0.233224	-0.613896	1.113822	1.000000
60.000000	34.000000	0.008859	-0.009907	-0.060673	0.008866	-0.009906	-0.060678	-0.001381	0.237747	0.071146	1.431818	2.770979	-6.908591	1.000000
41.000000	42.000000	-0.008064	-0.013093	-0.084673	-0.008072	-0.013091	-0.084669	-0.020297	-0.114223	0.052117	0.197626	-0.820111	-1.872871	1.000000
58.000000	37.000000	-0.003115	-0.004164	-0.080358	-0.003107	-0.004155	-0.080362	-0.055591	-0.029423	0.016805	0.432851	-2.428527	1.259681	1.000000
0.000000	40.000000	-0.003801	0.001377	-0.086082	0.000000	0.000000	0.000000	0.000000	0.000000	0.000000	0.000000	0.000000	0.000000	0.000000
56.000000	64.000000	-0.012686	-0.006789	-0.065807	-0.012688	-0.006779	-0.065800	-0.077471	0.090828	0.133725	3.633146	-4.312082	1.828271	1.000000
43.000000	41.000000	-0.012083	0.005858	-0.067737	-0.012067	0.005847	-0.067761	-0.092513	0.065622	0.085807	2.126935	-2.211982	0.523270	1.000000
42.000000	43.000000	0.010866	-0.013432	-0.073141	0.010823	-0.013445	-0.073149	0.029546	0.042751	0.039724	-2.784288	0.867284	1.396423	1.000000
45.000000	44.000000	-0.012629	-0.007441	-0.063620	-0.012574	-0.007465	-0.063655	0.002556	0.009735	0.154458	11.482649	-3.911635	-3.990389	1.000000
44.000000	48.000000	0.005483	-0.003933	-0.081327	0.005489	-0.003924	-0.081345	-0.032672	0.143592	0.033508	-0.447264	-0.002273	0.652308	1.000000
47.000000	13.000000	-0.007321	-0.009136	-0.079406	-0.007305	-0.009106	-0.079424	-0.029402	-0.011391	0.053271	-0.491939	-0.328984	0.325998	1.000000
48.000000	49.000000	-0.011147	-0.009911	-0.081330	-0.011170	-0.009912	-0.081310	-0.022216	-0.006431	0.011086	0.317991	0.967048	-3.348930	1.000000
50.000000	55.000000	0.014404	-0.010035	-0.064713	0.014406	-0.010037	-0.064718	0.045697	0.119065	0.031347	0.464161	2.763986	4.196969	1.000000
51.000000	50.000000	0.012106	0.006693	-0.081090	0.012131	0.006709	-0.081111	-0.084808	0.099382	-0.102450	-6.904485	-0.247833	-9.813572	1.000000
18.000000	22.000000	0.008024	-0.007877	-0.060825	0.008032	-0.007899	-0.060785	-0.074739	0.193860	0.046080	3.363552	-3.342326	-0.110282	1.000000
67.000000	54.000000	0.006708	-0.014030	-0.081755	0.006720	-0.014036	-0.081726	-0.052404	0.039157	0.081363	0.307147	-0.076561	-2.205624	1.000000
27.000000	26.000000	0.010979	0.000752	-0.065818	0.010982	0.000759	-0.065844	-0.025245	0.042719	-0.086192	-1.500148	0.620880	-0.796628	1.000000
0.000000	-1.000000	0.006310	-0.014183	-0.067833	0.000000	0.000000	0.000000	0.000000	0.000000	0.000000	0.000000	0.000000	0.000000	0.000000
37.000000	52.000000	-0.008326	-0.013111	-0.075398	-0.008325	-0.013100	-0.075428	-0.017531	0.042632	0.076700	1.016167	0.416788	-0.417576	1.000000
52.000000	28.000000	0.007498	0.006334	-0.064547	0.007543	0.006371	-0.064439	0.001607	0.054768	-0.183510	-0.635212	0.896431	2.845144	1.000000
0.000000	-1.000000	0.015697	0.003927	-0.066794	0.000000	0.000000	0.000000	0.000000	0.000000	0.000000	0.000000	0.000000	0.000000	0.000000
53.000000	70.000000	0.015337	-0.002976	-0.069836	0.015342	-0.002972	-0.069830	-0.015058	-0.041711	0.080180	1.422969	2.578418	1.617081	1.000000
55.000000	62.000000	-0.013973	0.005031	-0.076607	-0.013936	0.005033	-0.076583	0.014475	0.032321	0.035254	-0.573063	-0.115353	-0.359096	1.000000
33.000000	-1.000000	-0.008015	-0.003810	-0.063216	0.000000	0.000000	0.000000	0.000000	0.000000	0.000000	0.000000	0.000000	0.000000	0.000000
57.000000	60.000000	-0.015693	0.010590	-0.071568	-0.015671	0.010572	-0.071532	-0.067246	0.017774	0.073467	4.705237	0.416151	2.013803	1.000000
59.000000	57.000000	-0.014434	0.007418	-0.075209	-0.014430	0.007417	-0.075234	-0.028206	0.023289	0.050415	0.684626	-0.758968	-0.342847	1.000000
62.000000	58.000000	-0.007436	0.013121	-0.066395	-0.007445	0.013110	-0.066371	0.108115	-0.041640	0.048773	-0.269350	2.968330	0.355521	1.000000
4.000000	63.000000	-0.009354	-0.000572	-0.065473	-0.009357	-0.000428	-0.065538	-0.016612	0.007227	0.098904	6.670079	9.520978	0.141359	1.000000
61.000000	65.000000	0.001510	0.011183	-0.063695	0.001514	0.011189	-0.063695	0.039936	0.046120	0.010488	2.153886	1.073637	-0.468541	1.000000
69.000000	47.000000	0.001007	-0.008606	-0.086381	0.000982	-0.008618	-0.086281	-0.121693	0.078005	0.007542	-3.365300	-2.083717	3.290528	1.000000
64.000000	-1.000000	-0.014268	0.009681	-0.075161	0.000000	0.000000	0.000000	0.000000	0.000000	0.000000	0.000000	0.000000	0.000000	0.000000
0.000000	46.000000	-0.009809	-0.004970	-0.080686	0.000000	0.000000	0.000000	0.000000	0.000000	0.000000	0.000000	0.000000	0.000000	0.000000
65.000000	67.000000	-0.011889	0.011975	-0.078682	-0.011887	0.011970	-0.078692	-0.051026	0.026635	0.003917	-0.756953	-0.175353	-1.786670	1.000000
0.000000	-1.000000	0.004713	-0.013703	-0.073366	0.000000	0.000000	0.000000	0.000000	0.000000	0.000000	0.000000	0.000000	0.000000	0.000000
0.000000	68.000000	0.011506	-0.007305	-0.085510	0.000000	0.000000	0.000000	0.000000	0.000000	0.000000	0.000000	0.000000	0.000000	0.000000
19.000000	32.000000	-0.002562	0.007170	-0.073924	-0.002558	0.007163	-0.073930	-0.023342	0.019474	0.083187	-0.507444	-0.223588	-0.305388	1.000000
38.000000	59.000000	0.007572	-0.013064	-0.084204	0.007552	-0.013109	-0.084162	-0.063191	0.090544	0.139939	2.682317	2.228022	-1.965285	1.000000
54.000000	71.000000	-0.007177	-0.013643	-0.083993	-0.007173	-0.013714	-0.083997	-0.001348	-0.088973	0.034359	-0.180659	-1.217711	0.878392	1.000000
70.000000	72.000000	0.000275	-0.015503	-0.072084	0.000288	-0.015498	-0.072098	-0.007368	-0.038107	-0.046359	0.578004	1.445496	2.229189	1.000000
71.000000	73.000000	-0.016441	-0.006668	-0.067439	-0.016435	-0.006647	-0.067466	-0.037118	0.026252	0.033437	0.831087	-0.065314	0.126482	1.000000
72.000000	74.000000	0.002207	0.015302	-0.065130	0.002215	0.015300	-0.065147	-0.035117	0.031234	0.181354	3.552758	-2.339676	-0.546510	1.000000
