2.000000	1.000000	0.005452	-0.005201	-0.064321	0.005462	-0.005201	-0.064329	-0.126390	0.091081	-0.078001	1.251345	0.278686	0.759369	1.000000
16.000000	34.000000	0.000977	0.005122	-0.069675	0.000981	0.005111	-0.069665	0.000401	0.001791	0.045678	-0.556168	-1.290952	-0.096028	1.000000
8.000000	40.000000	0.011737	-0.002848	-0.080095	0.011744	-0.002837	-0.080154	0.007352	0.106998	0.084999	0.855471	-0.976039	-0.128117	1.000000
3.000000	3.000000	0.010517	-0.002306	-0.064643	0.010515	-0.002314	-0.064649	-0.070940	0.106665	0.028379	-1.353131	0.178638	0.048204	1.000000
14.000000	5.000000	0.000576	0.006818	-0.064421	0.000584	0.006810	-0.064411	0.003577	-0.009132	0.036433	1.231530	-0.880955	-0.746337	1.000000
4.000000	57.000000	0.002724	-0.005865	-0.072893	0.002738	-0.005857	-0.072873	-0.049497	0.063516	-0.081666	1.849505	-2.135249	1.876831	1.000000
13.000000	55.000000	0.006863	-0.001690	-0.077461	0.006867	-0.001701	-0.077480	-0.010452	0.079204	0.071077	0.662427	0.169730	-2.274867	1.000000
5.000000	18.000000	-0.002740	-0.006314	-0.064339	-0.002748	-0.006303	-0.064330	0.026296	0.096315	-0.020035	-0.053523	-0.995668	2.319742	1.000000
6.000000	7.000000	0.003538	-0.002188	-0.073755	0.003539	-0.002191	-0.073739	0.035078	0.050719	-0.049719	-1.421892	1.519466	-0.032787	1.000000
12.000000	8.000000	0.005879	0.003296	-0.070469	0.005868	0.003304	-0.070485	0.033543	-0.036703	0.025827	0.347039	2.774948	-2.285721	1.000000
9.000000	28.000000	0.012148	-0.007101	-0.071136	0.012149	-0.007102	-0.071121	-0.011038	0.119892	-0.029117	1.170176	-0.572974	0.507913	1.000000
70.000000	12.000000	0.014969	-0.004503	-0.070003	0.014973	-0.004468	-0.070009	-0.167221	0.138669	-0.010448	23.752745	-2.016733	0.669081	1.000000
15.000000	22.000000	-0.005455	0.000819	-0.070128	-0.005453	0.000842	-0.070139	-0.065248	0.108898	-0.039978	-0.100322	0.390160	-0.096429	1.000000
7.000000	27.000000	-0.000054	0.011197	-0.077211	-0.000040	0.011180	-0.077123	0.021665	-0.038156	0.027319	-0.164537	1.469330	-0.534109	1.000000
28.000000	10.000000	-0.007326	0.000006	-0.069453	-0.007324	0.000019	-0.069454	-0.002180	0.041436	0.002582	-0.309088	1.219628	-0.185488	1.000000
21.000000	11.000000	-0.007527	-0.010729	-0.067432	-0.007534	-0.010722	-0.067430	-0.038915	-0.009403	0.026351	-1.370093	0.728855	0.498306	1.000000
58.000000	54.000000	-0.002877	0.003899	-0.069483	-0.002917	0.003883	-0.069473	-0.030021	-0.037869	-0.014835	0.086971	-0.269443	-0.343287	1.000000
23.000000	14.000000	0.000889	0.002859	-0.069208	0.000896	0.002859	-0.069212	-0.049941	0.011846	0.048471	-0.228484	0.134224	0.478469	1.000000
26.000000	21.000000	-0.005554	-0.003718	-0.083235	-0.005555	-0.003713	-0.083239	-0.012110	-0.003356	0.024092	-1.146200	0.171892	-0.336563	1.000000
18.000000	23.000000	0.007321	-0.011912	-0.076761	0.007332	-0.011884	-0.076736	-0.009301	-0.000912	0.067868	-0.491404	-0.616044	-2.941469	1.000000
24.000000	16.000000	0.006825	-0.006899	-0.083472	0.006809	-0.006933	-0.083479	0.034130	0.063561	0.073435	-2.249539	-2.649685	2.988848	1.000000
46.000000	19.000000	0.006567	-0.003315	-0.076727	0.006596	-0.003311	-0.076697	0.020951	0.055352	0.092195	2.729056	-1.809846	-1.584898	1.000000
27.000000	25.000000	-0.009497	0.005469	-0.078236	-0.009505	0.005473	-0.078265	-0.082402	0.053301	0.043551	-1.643429	-0.110219	-0.566384	1.000000
32.000000	24.000000	0.004597	-0.000620	-0.080722	0.004599	-0.000625	-0.080714	0.000780	0.093598	0.033133	0.464627	-0.098064	0.684515	1.000000
20.000000	29.000000	0.007207	0.009631	-0.075550	0.007177	0.009632	-0.075466	0.075572	0.034541	0.028260	2.224605	1.093495	-0.781620	1.000000
11.000000	4.000000	0.003300	0.001711	-0.073201	0.003343	0.001717	-0.073227	0.009501	0.038348	-0.016819	0.141081	-0.219501	0.269971	1.000000
37.000000	39.000000	0.002616	0.005726	-0.084337	0.002520	0.005759	-0.084363	0.007360	0.192462	-0.057289	-2.954880	1.272006	-3.772563	1.000000
29.000000	33.000000	-0.009068	0.007278	-0.081806	-0.009066	0.007283	-0.081806	-0.077492	0.003126	0.034691	0.585329	-0.349490	0.443884	1.000000
31.000000	31.000000	-0.004514	0.004413	-0.061814	-0.004534	0.004413	-0.061809	-0.045447	0.030984	0.079140	-0.616526	0.045566	1.009577	1.000000
36.000000	66.000000	-0.011591	-0.007667	-0.075470	-0.011646	-0.007702	-0.075375	-0.032922	0.012504	0.035614	-7.512986	-1.899101	6.488511	1.000000
25.000000	17.000000	-0.003105	-0.006115	-0.078185	-0.003109	-0.006117	-0.078206	-0.049259	0.007945	-0.007989	-0.628800	-0.057045	-0.351377	1.000000
65.000000	68.000000	0.007058	0.011395	-0.068496	0.007016	0.011400	-0.068508	0.026122	0.091376	0.062458	2.171788	1.475062	-1.657713	1.000000
33.000000	65.000000	-0.012386	0.010870	-0.077589	-0.012404	0.010876	-0.077604	-0.071894	0.095199	0.031941	-0.408236	-1.227971	0.699872	1.000000
35.000000	37.000000	0.003313	-0.007679	-0.079691	0.003319	-0.007678	-0.079702	0.026048	0.001286	0.038968	-0.978709	-2.186584	-0.589043	1.000000
40.000000	9.000000	-0.004863	-0.000917	-0.065151	-0.004851	-0.000923	-0.065140	0.000091	0.032702	-0.028384	1.516761	-0.391410	0.146977	1.000000
19.000000	13.000000	-0.000857	0.002965	-0.077673	-0.000900	0.002920	-0.077621	-0.054098	0.060722	-0.014619	-1.593331	-0.714835	0.491307	1.000000
39.000000	35.000000	-0.013355	-0.007975	-0.073716	-0.013357	-0.007973	-0.073721	-0.040586	0.030765	0.043735	-1.105597	-0.298686	0.139893	1.000000
41.000000	46.000000	0.007467	0.003845	-0.060252	0.007466	0.003850	-0.060260	0.046933	0.153734	0.052387	-0.842908	0.933850	-0.299881	1.000000
42.000000	30.000000	0.012312	-0.013365	-0.072957	0.012323	-0.013380	-0.072975	-0.053657	0.025536	-0.089184	0.007927	-0.911030	-0.120858	1.000000
66.000000	26.000000	0.010993	-0.012347	-0.074378	0.011003	-0.012355	-0.074470	-0.016591	0.042341	0.007262	-1.951581	1.419792	4.648112	1.000000
1.000000	2.000000	0.005855	0.002640	-0.061558	0.005937	0.002643	-0.061600	0.007321	0.125418	0.030772	0.995520	0.579750	0.701722	1.000000
43.000000	44.000000	-0.004212	0.001375	-0.066656	-0.004208	0.001354	-0.066634	0.016566	0.098964	-0.008967	0.161988	0.092923	0.914752	1.000000
55.000000	63.000000	-0.013120	-0.006815	-0.064909	-0.013151	-0.006807	-0.064841	0.008635	0.006041	-0.046022	-2.168274	1.131861	0.338056	1.000000
38.000000	61.000000	-0.003841	-0.010828	-0.063548	-0.003838	-0.010779	-0.063543	-0.020926	0.056341	-0.060945	-1.100850	0.876564	3.736411	1.000000
45.000000	42.000000	-0.006983	0.007580	-0.065439	-0.006990	0.007588	-0.065435	-0.113726	0.018500	0.039083	0.414418	0.652560	-0.860768	1.000000
22.000000	20.000000	-0.007437	-0.007895	-0.064698	-0.007451	-0.007909	-0.064672	0.027459	0.014919	-0.007216	0.053501	0.400658	1.626653	1.000000
17.000000	59.000000	0.004347	0.001183	-0.068770	0.004243	0.001182	-0.068765	-0.088176	0.019209	-0.035400	-0.618072	-4.521479	3.192435	1.000000
50.000000	41.000000	-0.012118	-0.003548	-0.078437	-0.012121	-0.003553	-0.078442	-0.050007	0.001953	0.041837	-1.220787	-1.124090	0.637173	1.000000
47.000000	49.000000	-0.005823	-0.014096	-0.072436	-0.005826	-0.014106	-0.072422	0.025015	0.020700	0.037312	-0.654284	-0.669790	0.704241	1.000000
49.000000	50.000000	-0.003539	-0.012238	-0.073820	-0.003521	-0.012224	-0.073763	-0.126684	0.028127	-0.084756	0.222897	1.262861	4.235415	1.000000
73.000000	36.000000	0.003519	-0.001209	-0.082486	0.003510	-0.001200	-0.082542	-0.088475	0.083858	0.060726	0.390361	-2.510007	-5.223773	1.000000
52.000000	45.000000	-0.007855	-0.000575	-0.071672	-0.007872	-0.000583	-0.071690	-0.004346	0.064349	0.022899	-1.085931	0.037401	-1.954835	1.000000
53.000000	43.000000	0.006855	-0.008856	-0.070941	0.006853	-0.008861	-0.070948	-0.068394	0.032877	-0.057092	-0.180771	-0.261501	-0.883429	1.000000
59.000000	32.000000	0.003930	0.008514	-0.068329	0.003934	0.008548	-0.068337	-0.011132	0.037165	0.049126	0.910839	-1.029470	8.824924	1.000000
57.000000	51.000000	0.007974	0.000941	-0.086164	0.007974	0.000958	-0.086175	0.015929	0.181123	0.039342	5.155594	3.551198	1.060190	1.000000
0.000000	53.000000	-0.013660	0.002146	-0.062372	0.000000	0.000000	0.000000	0.000000	0.000000	0.000000	0.000000	0.000000	0.000000	0.000000
30.000000	15.000000	-0.004718	-0.006336	-0.066075	-0.004708	-0.006309	-0.066099	0.037017	0.059155	0.048432	-0.009339	0.003893	-0.521821	1.000000
64.000000	58.000000	-0.009175	-0.010053	-0.074110	-0.009209	-0.010058	-0.074173	-0.002868	-0.020934	-0.000199	1.621700	0.731133	1.120623	1.000000
61.000000	6.000000	-0.004033	0.005145	-0.065712	-0.004020	0.005186	-0.065846	-0.094557	0.000680	-0.006718	-0.789927	0.688720	-0.761196	1.000000
10.000000	56.000000	0.006182	0.011168	-0.079610	0.006175	0.011157	-0.079617	0.024494	0.096732	-0.023307	0.190749	0.483647	-1.945830	1.000000
60.000000	38.000000	0.001207	-0.007015	-0.083433	0.001191	-0.006970	-0.083483	0.051976	0.073584	0.068952	1.297223	-0.956061	0.235683	1.000000
63.000000	62.000000	-0.002250	-0.000292	-0.081835	-0.002240	-0.000283	-0.081836	-0.031697	0.089251	-0.023559	0.235468	0.790610	-0.500275	1.000000
48.000000	64.000000	0.003435	-0.004908	-0.082692	0.003441	-0.004922	-0.082671	-0.023770	0.042183	0.025525	3.657397	1.330901	1.875070	1.000000
62.000000	48.000000	-0.011382	-0.001338	-0.071834	-0.011366	-0.001335	-0.071876	0.015021	-0.007393	0.016458	-9.434065	-1.572677	-9.174575	1.000000
72.000000	-1.000000	0.014744	0.010328	-0.066368	0.000000	0.000000	0.000000	0.000000	0.000000	0.000000	0.000000	0.000000	0.000000	0.000000
67.000000	69.000000	0.005086	-0.008164	-0.060419	0.005108	-0.008219	-0.060509	-0.012493	0.024947	-0.052172	-1.067370	-0.747315	-0.913524	1.000000
34.000000	60.000000	-0.004010	-0.003531	-0.066810	-0.003973	-0.003494	-0.066797	-0.037370	0.061330	-0.029985	-1.159923	-0.139670	-0.739784	1.000000
51.000000	73.000000	-0.000289	0.013184	-0.084962	-0.000258	0.013203	-0.085040	-0.015290	0.117313	-0.054424	0.872064	-0.308258	0.736102	1.000000
54.000000	47.000000	-0.012811	-0.003867	-0.063755	-0.012820	-0.003874	-0.063766	0.011236	-0.011992	0.048176	-0.392211	0.433876	-1.508150	1.000000
56.000000	52.000000	0.005103	0.011242	-0.085910	0.005117	0.011268	-0.085914	0.056534	0.332464	-0.036426	7.295634	-2.232143	-5.626984	1.000000
0.000000	-1.000000	0.000583	0.011885	-0.074608	0.000000	0.000000	0.000000	0.000000	0.000000	0.000000	0.000000	0.000000	0.000000	0.000000
80.000000	70.000000	0.001165	-0.001621	-0.086443	0.001150	-0.001622	-0.086395	-0.020089	0.116922	0.019756	-2.222317	2.286147	0.958511	1.000000
87.000000	85.000000	-0.010894	0.009501	-0.085218	-0.010891	0.009518	-0.085201	-0.020952	0.146823	0.029447	-0.763093	-0.260578	-1.604683	1.000000
0.000000	-1.000000	-0.001041	0.002743	-0.077529	0.000000	0.000000	0.000000	0.000000	0.000000	0.000000	0.000000	0.000000	0.000000	0.000000
71.000000	75.000000	0.006756	0.013071	-0.084771	0.006750	0.013129	-0.084837	0.057095	0.080445	-0.061508	-0.577657	1.322626	0.046440	1.000000
69.000000	74.000000	0.003441	-0.007567	-0.080541	0.003440	-0.007543	-0.080544	0.016372	0.013041	0.073206	0.069659	-1.238712	-1.230779	1.000000
79.000000	-1.000000	0.003275	-0.001869	-0.085916	0.000000	0.000000	0.000000	0.000000	0.000000	0.000000	0.000000	0.000000	0.000000	0.000000
78.000000	77.000000	0.002768	-0.013528	-0.086473	0.002787	-0.013498	-0.086507	0.024013	0.004210	-0.040622	-1.725207	-0.068749	-0.630185	1.000000
76.000000	76.000000	-0.016030	0.006339	-0.075399	-0.016021	0.006338	-0.075409	-0.144423	-0.028507	-0.009679	-0.683627	0.256603	-0.173901	1.000000
81.000000	78.000000	-0.007779	0.014110	-0.086364	-0.007777	0.014108	-0.086353	-0.029432	0.098920	-0.006685	1.233516	-0.775974	2.631618	1.000000
83.000000	79.000000	0.004147	0.015766	-0.061927	0.004145	0.015766	-0.061917	-0.043262	0.102718	0.139377	-0.499161	-1.694272	1.385771	1.000000
84.000000	80.000000	-0.013805	-0.000414	-0.061953	-0.013816	-0.000432	-0.061887	-0.015009	-0.007099	0.030893	-0.799838	1.630509	-1.223119	1.000000
85.000000	81.000000	0.013615	0.007243	-0.083439	0.013616	0.007253	-0.083454	-0.057602	0.147439	-0.043745	-4.865634	-0.233267	-0.344655	1.000000
86.000000	82.000000	0.004361	0.015392	-0.066602	0.004352	0.015379	-0.066605	-0.045884	0.068169	0.028208	-0.418289	-2.648206	-0.983231	1.000000
0.000000	86.000000	0.009170	-0.015419	-0.073347	0.000000	0.000000	0.000000	0.000000	0.000000	0.000000	0.000000	0.000000	0.000000	0.000000
88.000000	87.000000	0.001293	0.016063	-0.070838	0.001289	0.016069	-0.070838	0.026645	-0.186404	0.037352	-1.894355	-1.152847	-2.594156	1.000000
