2.000000	3.000000	0.004431	0.001689	-0.078716	0.004431	0.001676	-0.078702	-0.051221	0.059652	0.116672	0.415607	-2.877663	-0.066287	1.000000
39.000000	4.000000	-0.004806	-0.003671	-0.067543	-0.004840	-0.003672	-0.067547	0.038663	0.040578	0.027840	-2.668563	1.709077	-0.707458	1.000000
1.000000	2.000000	0.004124	-0.006427	-0.064687	0.004117	-0.006384	-0.064744	-0.091583	0.203221	-0.035449	1.324059	-2.676290	-2.370561	1.000000
3.000000	5.000000	0.002323	0.003166	-0.070668	0.002332	0.003145	-0.070717	-0.076481	0.000914	0.067880	2.078583	-3.172724	-4.645271	1.000000
4.000000	11.000000	-0.009630	-0.007816	-0.067167	-0.009632	-0.007790	-0.067250	-0.064122	0.059387	0.058545	-0.215348	-0.992392	-0.442212	1.000000
22.000000	26.000000	0.000921	0.007854	-0.072288	0.000895	0.007860	-0.072275	0.022820	-0.044195	0.091522	-0.188401	-1.023834	1.131601	1.000000
41.000000	15.000000	-0.001354	-0.006344	-0.073168	-0.001347	-0.006326	-0.073177	-0.001157	-0.010175	-0.093086	-0.040989	0.198074	0.593777	1.000000
5.000000	18.000000	-0.005778	0.000039	-0.069272	-0.005789	-0.000003	-0.069271	-0.102633	0.006184	-0.039805	-0.381493	-4.217951	2.237664	1.000000
52.000000	13.000000	0.002146	-0.000965	-0.068786	0.002136	-0.000953	-0.068797	-0.077096	-0.027589	0.037976	4.582736	-1.790595	-2.777831	1.000000
9.000000	8.000000	-0.002374	0.004564	-0.079620	-0.002369	0.004556	-0.079630	-0.061069	0.067655	-0.001983	-0.464865	-2.271731	-1.066904	1.000000
26.000000	10.000000	0.008061	-0.002276	-0.082947	0.008076	-0.002288	-0.082932	0.033495	0.173440	0.051530	0.811510	0.990364	-0.479405	1.000000
74.000000	70.000000	-0.007477	0.002877	-0.072847	-0.007455	0.002901	-0.072824	-0.050532	-0.051945	0.039310	2.076533	-0.152114	-0.959063	1.000000
58.000000	1.000000	-0.002126	0.002254	-0.063384	-0.002151	0.002323	-0.063479	0.094887	0.010665	0.071589	3.550410	3.090114	-1.928036	1.000000
8.000000	20.000000	0.003130	0.006149	-0.071779	0.003115	0.006167	-0.071730	-0.050530	0.034877	0.082566	-0.391899	-1.497518	-0.218231	1.000000
6.000000	12.000000	-0.004546	-0.003582	-0.077426	-0.004539	-0.003585	-0.077451	-0.052277	0.062158	-0.029860	0.174552	1.012779	-0.074215	1.000000
40.000000	27.000000	0.010124	0.010370	-0.063715	0.010126	0.010376	-0.063721	0.022441	0.068448	-0.046459	1.082194	-0.894343	-0.987280	1.000000
46.000000	40.000000	-0.002058	-0.001952	-0.075096	-0.002064	-0.001969	-0.075083	0.018318	-0.046977	-0.057091	-1.341749	1.544110	-3.225058	1.000000
16.000000	14.000000	0.014478	-0.003203	-0.068575	0.014477	-0.003205	-0.068581	-0.013319	0.018192	0.123613	0.140940	-0.290744	-0.956009	1.000000
18.000000	7.000000	0.000251	0.008595	-0.082412	0.000253	0.008608	-0.082401	-0.013349	-0.027073	0.004406	-2.934998	-1.083877	-1.796863	1.000000
11.000000	30.000000	-0.003762	-0.010099	-0.071906	-0.003759	-0.010090	-0.071915	-0.025341	-0.040126	0.006959	0.769651	1.272140	1.365635	1.000000
23.000000	9.000000	0.003886	0.003137	-0.076943	0.003906	0.003130	-0.076962	-0.053131	0.026294	0.101687	2.828204	-1.445080	0.384023	1.000000
20.000000	39.000000	0.009552	-0.002479	-0.083754	0.009517	-0.002485	-0.083748	0.033696	0.116828	0.033984	-0.648214	0.048753	1.250520	1.000000
15.000000	21.000000	0.007616	-0.005182	-0.081633	0.007603	-0.005191	-0.081613	0.047394	0.089355	0.020536	0.708914	1.042200	1.326815	1.000000
17.000000	36.000000	-0.012113	0.000870	-0.068804	-0.012167	0.000949	-0.068808	-0.024297	-0.080313	0.061552	-2.655970	0.253722	-0.591221	1.000000
25.000000	16.000000	-0.000218	-0.006249	-0.063374	-0.000193	-0.006254	-0.063378	-0.041074	0.107017	-0.040857	1.076280	-0.547475	-1.004227	1.000000
10.000000	22.000000	-0.002387	-0.003657	-0.071493	-0.002405	-0.003632	-0.071434	-0.059600	-0.028304	-0.076720	2.742992	-1.499930	-3.874184	1.000000
19.000000	19.000000	-0.000699	-0.009276	-0.064516	-0.000659	-0.009231	-0.064518	-0.054209	0.018364	-0.024740	2.511791	-2.807921	-0.862277	1.000000
69.000000	69.000000	0.009800	0.002887	-0.072507	0.009789	0.002876	-0.072558	-0.098790	0.088881	0.092698	-1.989650	-1.643867	0.054378	1.000000
7.000000	29.000000	0.006717	0.004463	-0.079293	0.006702	0.004481	-0.079280	-0.033071	0.052589	0.117680	0.626311	0.613324	1.515654	1.000000
14.000000	23.000000	-0.011376	0.005081	-0.071498	-0.011381	0.005079	-0.071521	-0.017623	-0.038761	-0.007065	-2.288179	-1.135666	-1.073947	1.000000
31.000000	43.000000	0.011231	-0.007097	-0.075655	0.011250	-0.007096	-0.075700	0.085869	0.064441	0.020642	0.371252	1.180094	-0.013804	1.000000
30.000000	33.000000	0.009243	-0.013069	-0.072847	0.009235	-0.013074	-0.072850	0.042223	-0.007494	-0.031498	0.044741	-0.182205	1.618993	1.000000
37.000000	60.000000	-0.013763	0.006347	-0.074339	-0.013809	0.006331	-0.074328	-0.049241	-0.038245	-0.034698	-3.584675	-2.010624	1.944500	1.000000
28.000000	34.000000	0.009328	0.006649	-0.070491	0.009341	0.006634	-0.070490	-0.034557	0.070365	0.002284	-0.879187	0.186974	0.264124	1.000000
12.000000	31.000000	0.001423	0.008965	-0.078349	0.001444	0.009027	-0.078280	0.033984	-0.059314	-0.002672	2.124899	1.821607	3.748276	1.000000
42.000000	37.000000	-0.009332	0.013176	-0.076214	-0.009309	0.013183	-0.076211	0.001837	-0.103600	0.040577	-0.063020	1.228523	-0.604152	1.000000
24.000000	46.000000	0.005215	-0.002880	-0.080355	0.005210	-0.002882	-0.080316	0.017419	0.083054	-0.016879	0.533701	5.574794	2.098012	1.000000
36.000000	41.000000	-0.010818	0.006273	-0.066665	-0.010859	0.006265	-0.066709	0.023447	-0.109827	0.037840	-4.340842	-0.900918	0.498195	1.000000
32.000000	32.000000	-0.004764	-0.005040	-0.081690	-0.004732	-0.005027	-0.081695	-0.095665	-0.004004	0.043943	0.463402	2.600961	1.099304	1.000000
29.000000	24.000000	-0.012412	-0.010337	-0.076893	-0.012422	-0.010364	-0.076756	-0.002032	0.032483	0.001619	0.311774	-0.196880	0.380725	1.000000
47.000000	42.000000	-0.013784	-0.003516	-0.065465	-0.013791	-0.003498	-0.065447	-0.046842	-0.037775	0.058901	-1.617633	-0.077216	0.367091	1.000000
35.000000	38.000000	0.008679	0.003945	-0.083925	0.008674	0.003939	-0.083916	-0.063489	0.103596	0.062442	-0.219932	0.066235	-0.667464	1.000000
38.000000	44.000000	0.010854	0.012174	-0.070118	0.010849	0.012167	-0.070104	0.059626	0.006604	0.054728	0.746389	0.812201	-0.123585	1.000000
49.000000	25.000000	0.009996	-0.010917	-0.072061	0.010010	-0.010872	-0.072107	0.022030	-0.004496	0.010080	-0.941759	-0.232540	0.358807	1.000000
67.000000	49.000000	-0.001979	0.003914	-0.086276	-0.001954	0.003899	-0.086288	-0.069395	-0.064955	0.011335	3.002281	0.839631	0.029295	1.000000
50.000000	64.000000	0.007478	-0.011838	-0.083813	0.007478	-0.011791	-0.083737	0.061777	0.154237	0.101139	1.873127	3.947802	-1.198052	1.000000
65.000000	68.000000	0.006182	-0.010907	-0.086172	0.006183	-0.010865	-0.086080	0.056744	0.198146	0.115530	3.178321	-0.074426	-0.566933	1.000000
53.000000	17.000000	-0.008275	-0.009615	-0.071094	-0.008288	-0.009592	-0.071145	-0.013628	-0.012222	0.079340	1.191338	-3.585771	-4.297484	1.000000
51.000000	53.000000	0.005026	-0.012688	-0.081847	0.005024	-0.012679	-0.081855	0.018500	0.117623	0.040687	-0.234405	0.464709	-0.515788	1.000000
45.000000	28.000000	-0.003723	0.000738	-0.067003	-0.003711	0.000732	-0.066995	-0.011220	0.024322	0.036992	1.627782	0.542995	0.069021	1.000000
43.000000	52.000000	-0.013558	-0.010114	-0.073707	-0.013552	-0.010048	-0.073796	0.043811	-0.019397	0.009420	0.893199	0.168798	-0.288802	1.000000
27.000000	50.000000	-0.006678	0.009391	-0.062202	-0.006674	0.009376	-0.062205	-0.010980	-0.012062	0.126034	0.704677	0.539266	1.574415	1.000000
55.000000	51.000000	0.008567	-0.005221	-0.084533	0.008565	-0.005218	-0.084550	0.065121	0.196043	0.094496	-0.283909	-0.817312	-1.515402	1.000000
21.000000	6.000000	0.010361	0.003564	-0.074129	0.010387	0.003539	-0.074021	-0.085950	0.097153	0.061606	-0.319181	-0.379870	-0.611389	1.000000
44.000000	-1.000000	0.010748	0.003475	-0.059798	0.000000	0.000000	0.000000	0.000000	0.000000	0.000000	0.000000	0.000000	0.000000	0.000000
57.000000	55.000000	0.002130	-0.014007	-0.083094	0.002136	-0.014036	-0.083075	0.046565	0.068416	0.003053	2.445756	2.137190	0.829012	1.000000
60.000000	45.000000	-0.000237	-0.011018	-0.086148	-0.000238	-0.010977	-0.086121	0.027870	0.083172	0.076625	1.477510	2.416626	1.848470	1.000000
48.000000	54.000000	-0.012734	-0.010402	-0.078284	-0.012733	-0.010400	-0.078283	-0.020512	0.023262	-0.013369	2.714285	-16.964284	5.517857	1.000000
34.000000	58.000000	0.008112	0.005331	-0.076026	0.008135	0.005320	-0.075956	-0.049656	0.100646	0.113570	-0.651357	-0.288850	-0.872076	1.000000
54.000000	47.000000	-0.005445	-0.004822	-0.085633	-0.005394	-0.004814	-0.085665	-0.033819	-0.017416	0.005113	1.430793	-0.098257	-0.100530	1.000000
13.000000	35.000000	-0.003960	0.006282	-0.082690	-0.004047	0.006308	-0.082769	-0.054928	-0.019240	-0.028176	-4.438311	7.072926	-3.687812	1.000000
56.000000	57.000000	-0.013862	-0.013151	-0.078511	-0.013828	-0.013129	-0.078435	-0.017411	0.015548	0.042398	-0.493848	-0.139343	0.406810	1.000000
33.000000	48.000000	-0.002557	-0.004173	-0.070873	-0.002591	-0.004163	-0.070861	-0.039125	0.019732	-0.095359	-2.011810	-1.248282	-0.512945	1.000000
61.000000	61.000000	-0.013251	0.006490	-0.079019	-0.013270	0.006480	-0.078992	-0.115565	-0.008556	0.050069	2.786184	-1.073207	2.858552	1.000000
62.000000	62.000000	-0.001167	0.010319	-0.086732	-0.001172	0.010303	-0.086714	-0.022340	-0.015972	-0.008057	-2.322602	1.686343	1.397619	1.000000
73.000000	63.000000	-0.015084	-0.009350	-0.064363	-0.015101	-0.009297	-0.064326	0.049163	-0.065363	0.019012	-0.274944	-0.180623	0.252572	1.000000
77.000000	66.000000	0.000949	-0.014306	-0.085152	0.000972	-0.014288	-0.085111	0.012884	0.063701	-0.054688	1.230519	4.484848	32.097941	1.000000
78.000000	65.000000	0.010635	-0.011918	-0.086827	0.010621	-0.011937	-0.086802	-0.006281	0.212808	0.014744	-1.794455	-0.776473	2.330419	1.000000
0.000000	-1.000000	0.003241	-0.013650	-0.086137	0.000000	0.000000	0.000000	0.000000	0.000000	0.000000	0.000000	0.000000	0.000000	0.000000
68.000000	-1.000000	-0.005489	0.006872	-0.086725	0.000000	0.000000	0.000000	0.000000	0.000000	0.000000	0.000000	0.000000	0.000000	0.000000
59.000000	56.000000	-0.014472	-0.011101	-0.065387	-0.014457	-0.011108	-0.065377	0.033640	-0.074740	0.011615	0.581288	0.077930	-1.216173	1.000000
64.000000	67.000000	0.001676	-0.013747	-0.085395	0.001628	-0.013772	-0.085214	0.064785	0.026688	-0.041028	-0.091630	1.013722	0.020179	1.000000
71.000000	-1.000000	0.015437	-0.011387	-0.072501	0.000000	0.000000	0.000000	0.000000	0.000000	0.000000	0.000000	0.000000	0.000000	0.000000
70.000000	59.000000	0.010048	0.003869	-0.074649	0.010124	0.003816	-0.074790	-0.078768	0.135836	0.065249	-0.453067	-0.708349	-0.797111	1.000000
72.000000	72.000000	-0.016465	0.010884	-0.070693	-0.016421	0.010830	-0.070596	-0.040292	0.078280	-0.031179	-1.667340	2.300999	-1.364065	1.000000
75.000000	71.000000	0.012676	-0.002636	-0.082758	0.012667	-0.002624	-0.082742	0.029032	0.192522	0.100324	-0.575849	0.295804	0.002073	1.000000
76.000000	73.000000	-0.007645	0.013129	-0.060533	-0.007643	0.013124	-0.060556	-0.032576	0.026983	0.086997	0.484967	1.960326	-0.055143	1.000000
79.000000	74.000000	0.014898	-0.003406	-0.074173	0.014919	-0.003418	-0.074229	-0.040473	0.205340	0.204606	0.440058	-0.670852	0.215304	1.000000
80.000000	75.000000	-0.009044	0.015667	-0.069619	-0.009080	0.015668	-0.069602	-0.096920	-0.132870	-0.005207	-3.019355	3.447980	-3.659862	1.000000
0.000000	76.000000	0.010213	-0.014742	-0.064741	0.000000	0.000000	0.000000	0.000000	0.000000	0.000000	0.000000	0.000000	0.000000	0.000000
81.000000	77.000000	-0.007124	-0.016619	-0.075057	-0.007117	-0.016620	-0.075066	0.011942	0.038027	0.019472	1.138598	-0.765742	-0.117120	1.000000
