1.000000	1.000000	0.000511	0.006493	-0.068023	0.000509	0.006492	-0.068016	-0.068664	-0.021427	0.087758	0.158184	-0.959003	-0.842618	1.000000
4.000000	2.000000	0.000688	0.003620	-0.070588	0.000693	0.003616	-0.070578	-0.027146	0.038992	-0.011412	0.465928	0.225140	-0.065879	1.000000
30.000000	5.000000	0.003068	-0.002412	-0.069665	0.003056	-0.002423	-0.069645	0.059665	-0.028779	-0.046243	-1.813672	1.045670	-0.203602	1.000000
76.000000	71.000000	0.001307	0.003992	-0.060238	0.001288	0.003978	-0.060288	0.055843	0.055415	0.074446	-1.339286	2.541666	3.994047	1.000000
15.000000	19.000000	0.009129	-0.009092	-0.062643	0.009127	-0.009059	-0.062705	-0.106274	0.167482	-0.140288	-0.254225	1.092208	2.779358	1.000000
3.000000	34.000000	0.011378	-0.009541	-0.067446	0.011425	-0.009576	-0.067468	0.033871	0.139134	-0.039894	0.797215	-1.350946	2.420198	1.000000
9.000000	6.000000	0.006955	0.008720	-0.072224	0.006965	0.008717	-0.072272	-0.057686	0.089691	0.057841	1.192353	-1.253685	0.073123	1.000000
6.000000	25.000000	0.004839	0.008135	-0.076155	0.004846	0.008160	-0.076153	0.077927	0.027860	0.068832	-3.541060	-1.942873	2.107021	1.000000
12.000000	15.000000	-0.001143	-0.006241	-0.076596	-0.001138	-0.006242	-0.076617	-0.000618	0.002095	-0.058844	-0.766100	-0.427516	1.558129	1.000000
32.000000	7.000000	0.004638	-0.005247	-0.062000	0.004589	-0.005255	-0.061941	-0.004714	0.100469	-0.052343	0.344096	0.021345	3.467569	1.000000
16.000000	10.000000	-0.006185	-0.000068	-0.079042	-0.006190	-0.000071	-0.079006	-0.026434	0.093367	-0.031883	0.186640	-0.292089	1.134840	1.000000
7.000000	9.000000	-0.002133	-0.002232	-0.065507	-0.002135	-0.002242	-0.065549	-0.058897	0.054083	-0.031049	0.496159	-2.168571	1.265097	1.000000
31.000000	11.000000	0.005553	0.005943	-0.074500	0.005544	0.005932	-0.074504	-0.017734	0.001140	0.085496	0.865731	-1.772259	-1.511412	1.000000
33.000000	16.000000	0.003153	0.001864	-0.074238	0.003145	0.001852	-0.074271	0.000124	-0.034567	0.085916	1.171275	-0.275038	-1.515558	1.000000
59.000000	12.000000	-0.002680	0.008440	-0.072250	-0.002678	0.008489	-0.072238	0.044464	-0.168069	0.053126	-0.050730	2.459196	1.691581	1.000000
22.000000	14.000000	-0.004920	-0.009795	-0.070437	-0.004920	-0.009804	-0.070459	-0.042085	0.041878	0.058736	-0.174091	0.505505	0.909499	1.000000
2.000000	17.000000	-0.004794	-0.004065	-0.075377	-0.004770	-0.004031	-0.075409	-0.053361	0.032989	-0.079921	0.386674	2.485552	1.013480	1.000000
36.000000	4.000000	0.004623	0.005147	-0.068338	0.004642	0.005142	-0.068365	-0.109299	0.029849	0.092777	1.540610	-0.300863	-1.375613	1.000000
19.000000	21.000000	-0.007668	-0.010541	-0.069375	-0.007681	-0.010569	-0.069371	0.033347	0.006512	0.037473	-0.378743	0.861938	-0.199881	1.000000
5.000000	3.000000	0.006475	0.007411	-0.071349	0.006487	0.007440	-0.071448	-0.081151	0.066599	0.052808	1.408326	-1.967829	-0.476916	1.000000
65.000000	32.000000	0.009908	0.005303	-0.081207	0.009923	0.005307	-0.081213	0.051675	0.176359	0.058098	0.079460	-0.913608	1.042899	1.000000
26.000000	22.000000	0.005086	-0.007585	-0.080989	0.005091	-0.007607	-0.080982	-0.017752	0.112066	0.006640	0.002400	-1.525825	-0.269005	1.000000
40.000000	13.000000	0.005733	0.003105	-0.079369	0.005735	0.003066	-0.079383	0.010985	0.157622	0.046221	-0.001872	-0.576585	1.046212	1.000000
13.000000	40.000000	-0.002915	0.007316	-0.082652	-0.002896	0.007304	-0.082680	-0.107954	-0.031250	-0.016894	0.378741	0.097796	-0.337915	1.000000
21.000000	38.000000	0.000270	0.006569	-0.069242	0.000265	0.006573	-0.069246	-0.070518	-0.003127	0.043238	-2.238365	1.185466	0.225007	1.000000
18.000000	28.000000	0.005739	-0.011969	-0.068822	0.005781	-0.011975	-0.068793	0.004607	0.043142	-0.066595	2.530186	-0.158303	2.784562	1.000000
24.000000	80.000000	-0.005399	0.005232	-0.080723	-0.005438	0.005223	-0.080654	-0.103095	-0.036904	-0.000099	-2.070433	0.706120	4.395346	1.000000
37.000000	8.000000	-0.007614	-0.001200	-0.069350	-0.007512	-0.001192	-0.069256	0.008147	-0.013747	0.007909	-0.946666	0.875506	-1.019924	1.000000
29.000000	23.000000	-0.013344	0.003047	-0.072502	-0.013349	0.003044	-0.072473	-0.080398	-0.052365	-0.023292	-1.172041	-0.054511	0.863406	1.000000
38.000000	36.000000	-0.008968	-0.000330	-0.071487	-0.008974	-0.000305	-0.071533	-0.082462	-0.070279	0.010297	-0.898868	2.699931	-1.332261	1.000000
17.000000	27.000000	-0.000808	-0.001470	-0.077602	-0.000773	-0.001491	-0.077537	0.050074	0.071207	-0.015973	-0.619803	0.992229	2.303805	1.000000
39.000000	41.000000	0.009429	-0.000899	-0.080725	0.009497	-0.000909	-0.080706	0.042028	0.127381	0.038477	0.327595	1.961811	0.641973	1.000000
28.000000	33.000000	-0.000769	-0.009871	-0.067543	-0.000766	-0.009880	-0.067532	0.030613	-0.024717	-0.096102	-0.013113	-0.781635	1.014064	1.000000
20.000000	39.000000	0.006024	0.006998	-0.082009	0.006002	0.006970	-0.081943	-0.046052	0.032163	0.033722	1.233135	-1.351192	-0.874454	1.000000
35.000000	35.000000	-0.007796	-0.004301	-0.079637	-0.007822	-0.004313	-0.079652	-0.075050	0.007607	0.043070	-1.214783	-0.435303	-1.508574	1.000000
10.000000	26.000000	-0.003163	-0.009273	-0.063201	-0.003158	-0.009258	-0.063237	-0.024851	0.056421	-0.088815	0.939207	0.973173	-1.556331	1.000000
52.000000	37.000000	-0.012752	-0.001566	-0.067124	-0.012761	-0.001570	-0.067124	-0.022247	-0.080940	0.036348	-0.888162	-0.586043	-0.562082	1.000000
23.000000	24.000000	0.003445	0.003275	-0.072210	0.003435	0.003263	-0.072200	-0.014687	-0.019621	0.109910	-1.656780	-1.067008	-2.369691	1.000000
27.000000	47.000000	-0.012083	-0.006394	-0.064749	-0.012097	-0.006399	-0.064726	-0.046466	0.010872	0.051357	0.430169	-0.809571	-0.941722	1.000000
60.000000	18.000000	0.010284	-0.003451	-0.081795	0.010286	-0.003374	-0.081702	0.097219	0.130500	0.062856	-2.294749	-1.651594	-3.885249	1.000000
34.000000	20.000000	-0.003716	0.002052	-0.065319	-0.003726	0.002058	-0.065376	0.003869	0.030507	0.035575	0.293805	-0.006724	-0.274273	1.000000
14.000000	60.000000	-0.004418	-0.001463	-0.065554	-0.004371	-0.001443	-0.065484	0.018253	0.019239	0.054165	0.837545	-2.407060	-1.171209	1.000000
42.000000	69.000000	0.006231	0.008945	-0.071669	0.006232	0.008939	-0.071660	-0.037170	0.072016	0.097446	0.678022	-0.046339	-0.319044	1.000000
0.000000	45.000000	-0.013005	-0.009806	-0.076580	0.000000	0.000000	0.000000	0.000000	0.000000	0.000000	0.000000	0.000000	0.000000	0.000000
50.000000	70.000000	0.007399	0.009362	-0.069591	0.007429	0.009365	-0.069636	-0.057868	0.057158	0.053204	-0.723157	-0.061168	2.167932	1.000000
43.000000	51.000000	-0.012500	0.003866	-0.064972	-0.012460	0.003855	-0.064942	-0.015334	-0.025984	0.033374	2.534057	0.213543	-0.341385	1.000000
44.000000	52.000000	-0.005950	-0.004875	-0.085637	-0.005947	-0.004857	-0.085627	-0.002842	0.030079	0.023120	0.327662	0.856259	1.536026	1.000000
41.000000	49.000000	0.013666	0.003826	-0.066505	0.013654	0.003815	-0.066512	-0.008176	0.123397	0.144457	1.395792	-1.378548	-2.320358	1.000000
54.000000	55.000000	-0.000936	0.004791	-0.085283	-0.000919	0.004794	-0.085280	0.070014	0.105268	0.055979	-0.580560	2.244279	1.206418	1.000000
47.000000	54.000000	0.005843	0.007038	-0.084993	0.005837	0.007046	-0.084957	-0.021356	0.119575	0.070129	1.123711	-0.907360	-1.278240	1.000000
55.000000	46.000000	-0.010612	-0.006527	-0.061378	-0.010635	-0.006559	-0.061328	0.058333	-0.059352	-0.060796	0.908475	-1.279992	0.160346	1.000000
11.000000	53.000000	0.009232	0.004624	-0.060706	0.009274	0.004575	-0.060778	0.085329	0.094133	-0.057080	2.146542	-2.160591	1.233996	1.000000
67.000000	77.000000	0.004746	-0.009990	-0.083190	0.004755	-0.010015	-0.083226	0.085803	0.101181	-0.007847	4.866883	-3.169081	0.460040	1.000000
48.000000	29.000000	-0.010019	0.009399	-0.074986	-0.009895	0.009404	-0.074859	-0.036692	-0.082175	0.016878	-0.861326	0.743432	-1.528322	1.000000
56.000000	50.000000	-0.003385	0.010736	-0.086185	-0.003375	0.010716	-0.086151	-0.071466	0.017885	0.036469	-0.969026	0.142077	-0.650903	1.000000
49.000000	44.000000	0.010659	-0.013194	-0.073315	0.010694	-0.013228	-0.073365	0.029354	-0.002780	-0.007635	-0.215579	0.031272	-0.393394	1.000000
82.000000	58.000000	0.010618	0.003582	-0.060765	0.010670	0.003522	-0.060794	0.154406	0.146820	-0.037232	2.804050	-11.035087	3.574561	1.000000
8.000000	59.000000	-0.006847	0.004274	-0.082259	-0.006868	0.004311	-0.082300	-0.131165	-0.037163	0.026929	0.980638	1.546155	0.616061	1.000000
85.000000	74.000000	-0.012299	-0.009183	-0.076369	-0.012342	-0.009225	-0.076242	0.010938	0.024597	0.013860	0.025284	-0.170859	0.213042	1.000000
77.000000	30.000000	-0.000001	-0.006997	-0.082870	-0.000022	-0.006990	-0.082953	-0.007818	0.099664	0.093001	-4.456293	-3.059940	-9.448301	1.000000
63.000000	42.000000	0.005488	-0.010209	-0.083499	0.005484	-0.010203	-0.083512	0.061844	0.099792	0.067829	0.030637	0.557533	0.762513	1.000000
25.000000	61.000000	0.003093	-0.003469	-0.067208	0.003073	-0.003433	-0.067240	-0.070066	-0.023938	-0.022561	-5.582468	1.912910	0.217963	1.000000
61.000000	63.000000	0.008735	-0.013459	-0.084936	0.008737	-0.013433	-0.084920	0.028824	0.032697	0.095689	-0.170012	-0.916721	2.419968	1.000000
83.000000	64.000000	0.003690	-0.011516	-0.084994	0.003670	-0.011441	-0.085071	0.031128	0.065006	0.032035	-0.518908	-0.304021	0.376943	1.000000
62.000000	66.000000	0.010846	0.003051	-0.080988	0.010846	0.003019	-0.081011	0.037767	0.200162	0.072242	-0.212287	-0.275120	-1.055054	1.000000
0.000000	43.000000	-0.012362	0.011724	-0.071860	0.000000	0.000000	0.000000	0.000000	0.000000	0.000000	0.000000	0.000000	0.000000	0.000000
51.000000	68.000000	0.009503	-0.003100	-0.085355	0.009545	-0.003051	-0.085341	-0.014985	0.235929	0.035304	1.430466	0.563932	-1.541190	1.000000
53.000000	48.000000	0.009885	0.007245	-0.085724	0.009790	0.007215	-0.085549	0.034194	0.189630	0.025414	-0.384937	-0.105055	-0.383124	1.000000
71.000000	65.000000	-0.014310	-0.013256	-0.076627	-0.014296	-0.013278	-0.076669	0.012966	-0.027824	0.039251	1.140442	-1.005394	-0.430087	1.000000
58.000000	31.000000	-0.005337	-0.003898	-0.074280	-0.005292	-0.003880	-0.074308	-0.075921	0.024153	-0.028369	0.933170	0.662835	1.418660	1.000000
75.000000	62.000000	0.001569	-0.008802	-0.085864	0.001620	-0.008787	-0.085946	0.033832	0.088777	0.030630	0.161268	0.199434	0.775803	1.000000
69.000000	56.000000	0.002229	-0.010904	-0.084427	0.002224	-0.010947	-0.084434	0.029114	0.073495	0.017418	-0.737875	-0.631148	0.024392	1.000000
66.000000	79.000000	0.005675	-0.009932	-0.085720	0.005721	-0.009914	-0.085702	0.054791	0.142636	0.085277	-1.527631	1.032408	0.452012	1.000000
70.000000	76.000000	-0.006142	-0.015745	-0.073640	-0.006147	-0.015738	-0.073587	0.017547	0.007815	0.060837	-0.640286	-0.703067	0.825567	1.000000
72.000000	57.000000	0.009963	-0.011005	-0.071209	0.009945	-0.011013	-0.071170	-0.022313	0.012487	0.028976	-0.797342	0.979152	0.195853	1.000000
74.000000	75.000000	0.011922	0.007544	-0.060417	0.011897	0.007562	-0.060439	0.040781	0.142722	0.012838	-0.878133	-1.039965	1.324441	1.000000
73.000000	82.000000	-0.003050	-0.010128	-0.065653	-0.003050	-0.010128	-0.065653	0.005417	0.015250	0.007750	-2.000000	3.500000	5.000000	1.000000
46.000000	-1.000000	-0.012258	0.011570	-0.071848	0.000000	0.000000	0.000000	0.000000	0.000000	0.000000	0.000000	0.000000	0.000000	0.000000
80.000000	84.000000	0.013294	0.011858	-0.079582	0.013275	0.011855	-0.079589	0.028044	0.119959	0.011513	0.558491	-0.636380	-0.116158	1.000000
87.000000	85.000000	0.012108	0.012128	-0.065134	0.012101	0.012114	-0.065190	0.069621	0.016199	-0.001085	1.208541	-1.204046	1.304196	1.000000
57.000000	81.000000	0.000300	-0.012345	-0.086146	0.000317	-0.012332	-0.086144	0.081392	0.131015	0.098132	-5.459040	-3.440809	0.929570	1.000000
81.000000	-1.000000	0.004348	0.014829	-0.072140	0.000000	0.000000	0.000000	0.000000	0.000000	0.000000	0.000000	0.000000	0.000000	0.000000
84.000000	73.000000	0.010586	-0.015135	-0.072335	0.010538	-0.015152	-0.072246	-0.019473	-0.001224	-0.025870	0.998521	0.755030	0.628488	1.000000
86.000000	78.000000	-0.009165	0.008051	-0.086494	-0.009173	0.008033	-0.086577	-0.115678	0.074607	0.025971	-0.565234	3.366318	-0.541523	1.000000
78.000000	83.000000	0.010787	0.003624	-0.081641	0.010754	0.003607	-0.081648	0.022860	0.173568	0.045134	-0.545433	-0.363274	-1.362583	1.000000
88.000000	86.000000	-0.013702	-0.011503	-0.062768	-0.013702	-0.011502	-0.062782	0.028367	-0.056757	0.025095	-0.442058	-1.835414	-2.719780	1.000000
89.000000	87.000000	-0.017090	0.005218	-0.073517	-0.017095	0.005216	-0.073516	-0.071236	-0.000568	0.034078	0.374232	0.077354	0.413206	1.000000
90.000000	88.000000	-0.014623	-0.014105	-0.065589	-0.014634	-0.014107	-0.065590	-0.078096	-0.071997	0.011200	-4.144410	1.176540	0.779140	1.000000
91.000000	89.000000	0.015072	-0.002422	-0.064345	0.015093	-0.002422	-0.064364	0.065879	0.029417	0.072155	2.755891	0.901245	-1.253440	1.000000
45.000000	67.000000	-0.011125	-0.010272	-0.073218	-0.011131	-0.010270	-0.073218	0.056667	-0.004893	-0.004667	-4.875000	4.696428	-16.374998	1.000000
92.000000	90.000000	0.013354	0.005347	-0.078379	0.013360	0.005346	-0.078387	-0.007658	0.195613	0.120963	2.938311	-0.443057	-2.529470	1.000000
93.000000	92.000000	0.014345	-0.014490	-0.068236	0.014350	-0.014500	-0.068229	-0.062733	0.102165	-0.017108	0.875874	-0.644106	-2.612887	1.000000
94.000000	93.000000	0.012130	-0.010720	-0.086418	0.012128	-0.010716	-0.086435	-0.020922	0.109107	0.119787	11.494255	-8.368880	-3.138861	1.000000
