1.000000	1.000000	0.009828	0.003807	-0.061399	0.009841	0.003806	-0.061427	0.057280	0.168177	-0.039960	2.608142	2.059690	2.838661	1.000000
3.000000	5.000000	0.011543	-0.001038	-0.062704	0.011542	-0.001034	-0.062722	-0.110134	0.226860	0.076302	-0.574675	-4.295954	-1.995255	1.000000
2.000000	37.000000	-0.000650	0.001323	-0.072099	-0.000653	0.001332	-0.072109	0.023338	0.060421	0.036300	-1.741259	1.971778	-0.144106	1.000000
4.000000	2.000000	0.002100	-0.005426	-0.079167	0.002092	-0.005420	-0.079171	-0.063978	0.100762	0.003218	2.073926	0.362887	1.384116	1.000000
9.000000	3.000000	0.000973	0.002639	-0.079150	0.000970	0.002636	-0.079151	-0.072682	0.067953	0.074348	-0.007243	-1.753746	-0.849900	1.000000
10.000000	12.000000	0.002668	0.000707	-0.071872	0.002670	0.000721	-0.071880	-0.000527	-0.026368	0.017584	-1.407592	-0.966284	-1.459041	1.000000
8.000000	16.000000	0.005111	-0.007991	-0.062977	0.005142	-0.007994	-0.062927	0.039659	0.088529	0.030040	-8.873376	0.269980	-2.243257	1.000000
6.000000	11.000000	0.009431	-0.005906	-0.077286	0.009433	-0.005910	-0.077299	-0.040786	0.086459	0.070155	0.638611	0.652098	2.761238	1.000000
7.000000	4.000000	0.008635	-0.003628	-0.081216	0.008638	-0.003628	-0.081212	-0.140722	0.128453	0.001661	2.557193	2.779221	2.072427	1.000000
36.000000	27.000000	-0.006689	0.001900	-0.061120	-0.006636	0.001866	-0.061045	0.083556	0.003478	0.049313	-6.473484	3.048659	-9.750290	1.000000
22.000000	8.000000	0.003928	-0.008125	-0.079885	0.003929	-0.008128	-0.079901	0.017811	0.077128	-0.041246	2.071678	2.670579	4.723027	1.000000
11.000000	20.000000	-0.000811	-0.006941	-0.075786	-0.000806	-0.006938	-0.075797	-0.018308	0.038003	-0.068919	-0.565934	1.347402	-0.332667	1.000000
24.000000	19.000000	0.003546	-0.001917	-0.070661	0.003543	-0.001916	-0.070658	-0.071967	0.025577	0.062120	-1.182817	-0.609890	-0.916084	1.000000
16.000000	7.000000	0.010852	0.001825	-0.079749	0.010853	0.001823	-0.079748	-0.004711	0.020865	-0.010779	0.864386	0.820929	-1.276473	1.000000
25.000000	13.000000	-0.003774	-0.003737	-0.071933	-0.003766	-0.003737	-0.071930	-0.094640	0.008657	-0.081381	2.023227	3.060190	-0.613387	1.000000
33.000000	10.000000	-0.005832	0.011430	-0.076024	-0.005840	0.011421	-0.076024	-0.082748	-0.039283	0.065843	3.370130	2.139360	0.689560	1.000000
20.000000	53.000000	-0.011395	-0.006648	-0.077651	-0.011376	-0.006626	-0.077658	-0.108321	0.000111	-0.001063	0.330170	-1.950549	5.643356	1.000000
12.000000	6.000000	-0.009393	0.003606	-0.065682	-0.009396	0.003610	-0.065667	0.009509	0.049518	0.098362	1.066933	-0.423576	-3.609390	1.000000
46.000000	52.000000	0.010654	-0.011402	-0.074572	0.010647	-0.011388	-0.074605	0.003417	-0.002958	0.036917	4.821428	-0.035714	3.928571	1.000000
18.000000	17.000000	0.010431	-0.006665	-0.066031	0.010429	-0.006662	-0.066030	-0.054503	0.034906	0.064066	-1.053197	0.892857	-1.637612	1.000000
29.000000	31.000000	-0.001685	-0.010833	-0.064418	-0.001680	-0.010833	-0.064424	0.028144	0.004557	-0.066524	-2.873376	0.371878	1.109391	1.000000
21.000000	14.000000	0.001978	0.005275	-0.076463	0.001975	0.005269	-0.076475	-0.035712	-0.030055	-0.006500	2.666333	4.287462	0.889860	1.000000
23.000000	18.000000	0.005055	-0.011129	-0.079041	0.005055	-0.011126	-0.079039	-0.000735	0.048578	0.038043	1.157343	-0.533716	-0.211039	1.000000
14.000000	33.000000	0.009238	0.002554	-0.071641	0.009237	0.002555	-0.071660	-0.017121	0.006367	-0.048650	0.309690	-1.471029	2.811189	1.000000
15.000000	9.000000	-0.001754	-0.007264	-0.070956	-0.001759	-0.007274	-0.070909	0.024972	0.019496	-0.116819	-1.434066	-4.216034	2.828921	1.000000
32.000000	34.000000	0.003050	0.012070	-0.085122	0.003034	0.012062	-0.085118	-0.128111	0.003006	-0.067283	4.713286	-4.524725	-0.139111	1.000000
37.000000	29.000000	0.008934	-0.015483	-0.076459	0.008934	-0.015493	-0.076427	0.070630	-0.001429	0.057179	0.598152	0.636863	-0.894106	1.000000
28.000000	56.000000	-0.013520	0.007756	-0.072476	-0.013509	0.007745	-0.072509	-0.028360	0.010037	0.010018	-1.813686	1.197802	1.869630	1.000000
31.000000	24.000000	0.012826	0.008925	-0.074785	0.012837	0.008913	-0.074768	-0.056743	0.039854	-0.073626	-4.313686	-1.435065	-0.111139	1.000000
17.000000	38.000000	-0.005042	0.010838	-0.071775	-0.005050	0.010836	-0.071744	-0.014292	0.023480	0.117304	1.443057	-1.283466	0.294955	1.000000
13.000000	36.000000	-0.010660	0.005718	-0.066201	-0.010683	0.005690	-0.066212	-0.112294	-0.015812	0.115605	4.949800	-0.570430	3.129620	1.000000
41.000000	23.000000	-0.010723	-0.006138	-0.073082	-0.010723	-0.006148	-0.073083	-0.027917	0.071432	0.080089	0.468531	0.328422	-1.235514	1.000000
49.000000	21.000000	0.009498	-0.012515	-0.069924	0.009483	-0.012524	-0.069924	-0.013413	-0.010418	-0.022152	1.357143	-0.780303	-0.763528	1.000000
26.000000	40.000000	-0.012056	0.006502	-0.063943	-0.012057	0.006505	-0.063921	-0.067031	0.017962	0.109757	0.949301	-0.193806	-0.118881	1.000000
19.000000	28.000000	-0.004415	0.008769	-0.069470	-0.004442	0.008771	-0.069489	-0.046241	0.040576	0.053503	-1.749500	-1.254495	-1.748501	1.000000
5.000000	22.000000	-0.004601	-0.007371	-0.063408	-0.004602	-0.007410	-0.063451	0.058213	-0.011901	-0.055652	2.170829	1.916583	-3.147602	1.000000
35.000000	35.000000	-0.005656	-0.011412	-0.071394	-0.005664	-0.011399	-0.071327	-0.003126	0.064047	0.100990	4.718032	1.371129	-0.359890	1.000000
34.000000	32.000000	0.014069	0.000299	-0.069451	0.014065	0.000295	-0.069461	0.012010	0.039178	0.058212	-1.258991	0.130619	1.645604	1.000000
50.000000	41.000000	-0.005441	-0.008772	-0.084128	-0.005432	-0.008785	-0.084123	-0.017073	-0.042840	-0.059075	-3.830558	-4.104229	-6.119991	1.000000
27.000000	54.000000	0.005607	0.010692	-0.071367	0.005646	0.010704	-0.071349	-0.057651	0.045925	-0.048176	4.543706	-1.079420	2.908841	1.000000
56.000000	26.000000	-0.012570	-0.008136	-0.069933	-0.012591	-0.008152	-0.069886	0.020032	0.041000	0.070423	-2.519231	-0.916833	-1.687313	1.000000
38.000000	39.000000	-0.003682	-0.006819	-0.078025	-0.003681	-0.006836	-0.078001	0.019723	-0.008261	0.016059	3.931818	3.834915	-14.674574	1.000000
42.000000	46.000000	0.003886	0.004907	-0.078782	0.003888	0.004910	-0.078777	0.001949	0.133543	0.053990	2.151335	1.170454	1.463744	1.000000
60.000000	47.000000	-0.009983	0.004986	-0.060684	-0.010011	0.004983	-0.060686	0.020807	0.014103	0.063838	0.283467	-2.122377	-4.251998	1.000000
43.000000	45.000000	-0.009949	0.012310	-0.073248	-0.009991	0.012309	-0.073239	-0.044524	-0.051760	0.068874	1.577922	-3.459290	-4.399850	1.000000
40.000000	43.000000	-0.012402	0.008093	-0.065577	-0.012398	0.008074	-0.065453	-0.056795	0.035763	0.103052	-0.118132	-0.598901	6.037712	1.000000
45.000000	48.000000	-0.008531	-0.009597	-0.075695	-0.008535	-0.009597	-0.075716	0.000257	0.014705	0.031959	-0.331349	-1.609127	-4.692460	1.000000
0.000000	15.000000	-0.003884	-0.009249	-0.074797	0.000000	0.000000	0.000000	0.000000	0.000000	0.000000	0.000000	0.000000	0.000000	0.000000
47.000000	50.000000	0.014482	-0.009586	-0.064795	0.014482	-0.009597	-0.064789	-0.048984	0.089514	0.035155	3.377622	3.415834	5.536963	1.000000
48.000000	51.000000	0.005114	0.014230	-0.082256	0.005123	0.014225	-0.082256	-0.131948	0.001461	-0.032974	2.267857	-1.028138	-1.360389	1.000000
30.000000	25.000000	0.009798	0.002002	-0.082661	0.009779	0.001989	-0.082658	0.007781	0.036797	-0.039589	0.027223	-1.800699	0.578422	1.000000
53.000000	42.000000	-0.007861	-0.010855	-0.070999	-0.007826	-0.010839	-0.070998	0.056899	0.042360	0.078870	-0.099401	0.009241	-0.868881	1.000000
54.000000	65.000000	-0.011012	-0.015069	-0.078357	-0.011003	-0.015039	-0.078376	0.006924	-0.013601	0.022880	-1.722527	-1.017732	-1.480519	1.000000
0.000000	-1.000000	0.010269	-0.011022	-0.072910	0.000000	0.000000	0.000000	0.000000	0.000000	0.000000	0.000000	0.000000	0.000000	0.000000
52.000000	49.000000	0.003716	-0.014440	-0.082066	0.003706	-0.014428	-0.082059	0.113297	0.100799	-0.037984	-4.330419	1.409341	3.059440	1.000000
55.000000	55.000000	-0.013790	0.006217	-0.074048	-0.013819	0.006234	-0.074134	-0.005977	0.011389	0.024963	2.457043	0.002997	0.546453	1.000000
62.000000	58.000000	-0.008866	-0.010382	-0.086265	-0.008867	-0.010369	-0.086268	-0.101297	-0.038636	0.022003	-1.885864	-2.342907	8.933205	1.000000
51.000000	59.000000	-0.012857	-0.010951	-0.081487	-0.012881	-0.010949	-0.081483	-0.022335	-0.037730	0.039103	-6.422618	2.380952	-6.690476	1.000000
57.000000	44.000000	0.003312	-0.002400	-0.085621	0.003322	-0.002410	-0.085624	-0.035721	0.055991	0.104365	-7.969779	1.036713	4.171578	1.000000
0.000000	60.000000	0.010111	-0.010918	-0.071705	0.000000	0.000000	0.000000	0.000000	0.000000	0.000000	0.000000	0.000000	0.000000	0.000000
44.000000	64.000000	0.011485	0.008356	-0.061099	0.011485	0.008356	-0.061099	0.150833	0.076917	-0.024833	-11.249999	17.999998	17.249998	1.000000
63.000000	62.000000	-0.013396	-0.013305	-0.073190	-0.013409	-0.013308	-0.073158	0.019488	-0.073833	-0.032000	12.214285	9.624999	-20.999998	1.000000
64.000000	61.000000	0.011366	-0.002914	-0.085158	0.011385	-0.002907	-0.085189	-0.072931	0.082585	0.047476	0.658092	-0.026474	-1.499500	1.000000
0.000000	-1.000000	-0.007443	-0.007447	-0.060243	0.000000	0.000000	0.000000	0.000000	0.000000	0.000000	0.000000	0.000000	0.000000	0.000000
39.000000	-1.000000	-0.004076	-0.009268	-0.074416	0.000000	0.000000	0.000000	0.000000	0.000000	0.000000	0.000000	0.000000	0.000000	0.000000
65.000000	57.000000	0.009885	-0.015222	-0.073705	0.009901	-0.015220	-0.073750	0.019844	-0.050112	-0.010862	-5.641358	-1.633366	1.861388	1.000000
66.000000	66.000000	-0.013971	-0.012632	-0.079723	-0.013967	-0.012633	-0.079719	0.060089	-0.010757	-0.017901	1.236014	0.026723	-0.329920	1.000000
67.000000	67.000000	-0.004823	0.012259	-0.068350	-0.004823	0.012258	-0.068363	0.002700	-0.032671	0.118465	-1.176074	0.629121	-0.124875	1.000000
0.000000	68.000000	0.010364	-0.013832	-0.062008	0.000000	0.000000	0.000000	0.000000	0.000000	0.000000	0.000000	0.000000	0.000000	0.000000
68.000000	69.000000	0.015932	0.008377	-0.081085	0.015933	0.008386	-0.081078	-0.084769	0.037544	0.076037	-6.895354	0.849401	1.449550	1.000000
69.000000	70.000000	0.001786	-0.019696	-0.061347	0.001810	-0.019604	-0.061379	-0.025043	0.163736	-0.166463	0.328172	-2.013736	11.253995	1.000000
