1.000000	1.000000	-0.002696	0.002753	-0.065305	-0.002700	0.002712	-0.065260	-0.039077	-0.036565	0.110781	4.489167	-0.189396	0.297401	1.000000
8.000000	7.000000	-0.001361	0.003015	-0.079749	-0.001359	0.003020	-0.079742	-0.048564	0.097483	0.011819	-0.973394	-0.766189	-0.430154	1.000000
49.000000	4.000000	-0.004513	-0.000855	-0.068309	-0.004514	-0.000823	-0.068307	-0.029568	0.074600	-0.054818	-2.841784	-2.625672	-0.859209	1.000000
3.000000	11.000000	0.001076	0.010338	-0.077750	0.001070	0.010327	-0.077741	0.019639	-0.072064	-0.049380	-0.845426	-0.630598	1.666981	1.000000
5.000000	10.000000	-0.002727	-0.000932	-0.074859	-0.002706	-0.000970	-0.074878	0.048761	-0.051792	0.034731	-0.990297	-2.088435	-2.962733	1.000000
9.000000	19.000000	0.005364	0.000121	-0.080731	0.005353	0.000120	-0.080737	-0.048026	0.108615	0.110062	-0.775721	-1.934760	0.415614	1.000000
4.000000	2.000000	0.003882	0.002299	-0.072622	0.003897	0.002291	-0.072616	-0.086477	0.092103	0.120662	-0.917769	-3.274852	-0.000171	1.000000
10.000000	29.000000	-0.001662	-0.003005	-0.070467	-0.001637	-0.003018	-0.070490	-0.037361	-0.048983	-0.024838	-0.128934	1.366873	-3.186145	1.000000
13.000000	37.000000	0.007446	0.003794	-0.081028	0.007443	0.003807	-0.081018	-0.050393	0.020212	0.078266	0.674782	1.044132	0.794697	1.000000
16.000000	14.000000	-0.011335	0.005753	-0.071396	-0.011346	0.005753	-0.071396	0.009416	-0.044401	-0.008803	-0.522244	1.404692	-0.475824	1.000000
28.000000	17.000000	-0.003155	-0.009376	-0.071854	-0.003129	-0.009402	-0.071837	-0.046729	-0.021136	-0.018462	0.828368	-2.486344	1.923415	1.000000
50.000000	9.000000	-0.005982	-0.004148	-0.068340	-0.005970	-0.004149	-0.068354	0.074024	0.016879	0.064440	0.816153	0.360828	-2.236300	1.000000
38.000000	62.000000	0.011643	-0.007039	-0.061579	0.011627	-0.007094	-0.061588	0.075914	0.009294	0.128358	2.636951	2.581565	8.667350	1.000000
17.000000	24.000000	0.014665	-0.003594	-0.070991	0.014668	-0.003600	-0.070951	-0.006383	0.027362	0.138133	-0.268760	-0.801034	-0.634796	1.000000
18.000000	54.000000	-0.003493	0.007281	-0.082705	-0.003490	0.007287	-0.082749	-0.018094	-0.067021	0.031871	-0.512987	-0.692308	-5.133866	1.000000
14.000000	21.000000	-0.002244	-0.004674	-0.069315	-0.002243	-0.004670	-0.069326	0.003170	0.035802	-0.070773	-2.376705	-1.157315	-1.374105	1.000000
2.000000	36.000000	0.004030	0.005184	-0.073468	0.004006	0.005246	-0.073346	-0.047980	0.066529	0.094648	-0.436915	-1.551918	-0.203773	1.000000
20.000000	52.000000	0.008516	-0.012996	-0.071997	0.008527	-0.012996	-0.072030	0.029536	-0.003751	-0.049866	1.319222	0.170778	0.110553	1.000000
15.000000	15.000000	0.005245	0.002407	-0.078709	0.005260	0.002405	-0.078733	-0.088233	0.050418	0.094564	0.391141	-0.545284	0.467510	1.000000
29.000000	16.000000	-0.006302	0.003871	-0.073735	-0.006314	0.003879	-0.073735	-0.070372	-0.052461	0.061462	0.571272	-1.045863	-0.634068	1.000000
56.000000	20.000000	0.008763	-0.004683	-0.084126	0.008775	-0.004691	-0.084124	0.047451	0.133465	0.010376	-0.794793	-1.532036	0.134789	1.000000
21.000000	35.000000	0.000618	0.008331	-0.073595	0.000609	0.008332	-0.073579	0.001150	-0.001972	0.053846	1.491151	-2.692479	1.361957	1.000000
19.000000	26.000000	-0.003606	-0.004541	-0.076832	-0.003613	-0.004568	-0.076886	-0.050241	0.050565	-0.032865	-0.167256	0.190065	0.367693	1.000000
11.000000	8.000000	-0.003208	0.000392	-0.067649	-0.003165	0.000383	-0.067688	-0.052383	0.014644	0.042877	2.053924	0.251308	-0.323724	1.000000
31.000000	30.000000	0.000299	0.008879	-0.082720	0.000252	0.008890	-0.082708	0.004107	-0.007722	0.030539	0.325686	0.003811	-1.841020	1.000000
58.000000	23.000000	0.007608	-0.005181	-0.083817	0.007603	-0.005160	-0.083789	0.025971	0.144093	0.032152	-1.021390	1.369714	2.619089	1.000000
37.000000	13.000000	0.009701	0.001740	-0.061499	0.009683	0.001715	-0.061550	0.064943	0.089261	0.096952	-0.190324	0.333788	0.287301	1.000000
25.000000	27.000000	-0.011790	0.007616	-0.067341	-0.011773	0.007627	-0.067342	0.054128	-0.035431	0.035511	1.259725	-3.474226	-0.370910	1.000000
7.000000	6.000000	-0.008497	-0.008948	-0.068495	-0.008532	-0.008941	-0.068538	-0.055845	0.068047	0.082885	-0.567127	-0.963780	-0.407672	1.000000
27.000000	48.000000	-0.008268	-0.009719	-0.072570	-0.008295	-0.009717	-0.072600	0.002712	0.005620	0.060159	0.277517	0.685180	3.101177	1.000000
32.000000	38.000000	-0.006489	0.009564	-0.064141	-0.006484	0.009556	-0.064148	-0.005947	-0.004878	0.089945	-0.797973	-0.503901	1.624610	1.000000
6.000000	3.000000	0.004059	-0.000885	-0.069766	0.004066	-0.000917	-0.069786	-0.120692	0.027698	0.060364	-0.504970	-2.091682	-0.462844	1.000000
33.000000	39.000000	-0.012536	0.002048	-0.069766	-0.012444	0.002045	-0.069841	0.043420	-0.027023	0.057920	-3.419373	-2.903697	-0.555016	1.000000
35.000000	33.000000	0.009940	0.012138	-0.071069	0.009951	0.012140	-0.071086	0.036596	-0.000278	0.053769	1.706425	-0.390101	0.214486	1.000000
24.000000	31.000000	-0.003058	-0.004529	-0.082181	-0.003086	-0.004505	-0.082158	-0.074908	-0.048634	-0.003365	-2.594245	0.743692	3.838799	1.000000
34.000000	18.000000	-0.013531	0.006510	-0.073723	-0.013552	0.006508	-0.073678	0.006248	0.012317	-0.031764	-0.769473	-1.015988	-0.414537	1.000000
41.000000	12.000000	0.005172	-0.003274	-0.079719	0.005156	-0.003231	-0.079718	-0.013421	-0.042969	-0.030745	1.281546	4.579259	-3.149343	1.000000
69.000000	32.000000	0.011236	0.001012	-0.074211	0.011232	0.001006	-0.074259	-0.063495	0.118055	0.099152	-1.437368	-1.262660	-0.564355	1.000000
39.000000	22.000000	0.000744	-0.008333	-0.062768	0.000762	-0.008325	-0.062741	-0.062566	0.123267	-0.031901	0.919099	-0.881534	-0.836102	1.000000
22.000000	25.000000	0.008806	0.003547	-0.078242	0.008827	0.003541	-0.078225	-0.026522	0.085816	0.142530	-0.638756	2.885762	-0.805232	1.000000
36.000000	28.000000	0.009742	0.005481	-0.070477	0.009731	0.005493	-0.070502	-0.001904	0.052390	0.005574	-2.291212	0.841243	-1.279510	1.000000
30.000000	41.000000	-0.010936	0.006527	-0.079449	-0.010935	0.006507	-0.079445	-0.135020	0.001001	0.001854	-0.379930	0.518359	2.632128	1.000000
68.000000	59.000000	0.011468	0.001296	-0.076054	0.011438	0.001268	-0.076131	-0.065467	0.143871	0.078144	-0.879573	-0.177650	-0.580901	1.000000
62.000000	44.000000	-0.004454	0.006803	-0.085689	-0.004448	0.006733	-0.085691	-0.044394	0.037829	-0.072993	-1.068293	-1.659942	1.889814	1.000000
23.000000	43.000000	0.009777	-0.008099	-0.076150	0.009772	-0.008102	-0.076113	0.080883	0.047950	0.021275	0.059957	0.900428	0.172999	1.000000
43.000000	45.000000	0.009495	-0.010849	-0.072230	0.009490	-0.010858	-0.072231	0.032675	0.006596	0.003240	0.262303	-0.710110	-0.017475	1.000000
44.000000	40.000000	0.009927	0.009039	-0.063168	0.009930	0.009052	-0.063184	0.001247	0.073276	-0.012690	0.610954	0.125754	-1.806517	1.000000
40.000000	34.000000	0.000662	-0.010073	-0.064134	0.000681	-0.010090	-0.064152	-0.078791	0.080261	-0.009832	-1.698386	-3.209048	-1.910265	1.000000
45.000000	46.000000	0.009867	0.002210	-0.085154	0.009838	0.002216	-0.085119	-0.070166	0.083691	0.069213	1.198852	1.397897	-0.458011	1.000000
26.000000	51.000000	0.003993	0.002259	-0.060180	0.004061	0.002223	-0.060009	0.149540	0.004409	0.032305	-6.803030	-1.285548	-1.977855	1.000000
52.000000	67.000000	0.010447	0.014858	-0.074213	0.010449	0.014856	-0.074211	0.036914	0.072361	0.057750	-1.993756	2.047452	-1.414336	1.000000
53.000000	50.000000	-0.004596	-0.004551	-0.085654	-0.004577	-0.004506	-0.085632	-0.056905	-0.024283	-0.016948	1.879201	0.848413	1.067231	1.000000
55.000000	5.000000	0.005509	-0.010221	-0.064231	0.005544	-0.010193	-0.064280	-0.067300	0.213424	-0.020123	0.983017	0.402597	-2.089910	1.000000
51.000000	49.000000	-0.001404	-0.006231	-0.071345	-0.001404	-0.006212	-0.071352	0.013122	0.003108	-0.109316	-1.553939	-1.380814	-0.348755	1.000000
54.000000	58.000000	0.014295	-0.011986	-0.072810	0.014300	-0.011983	-0.072804	0.074740	0.017134	0.016209	-0.295701	1.488515	0.267060	1.000000
57.000000	56.000000	-0.013628	-0.013364	-0.079101	-0.013631	-0.013365	-0.079080	-0.003709	0.008599	0.027703	-1.215444	0.971808	-0.528324	1.000000
0.000000	-1.000000	-0.014136	-0.009743	-0.074167	0.000000	0.000000	0.000000	0.000000	0.000000	0.000000	0.000000	0.000000	0.000000	0.000000
42.000000	42.000000	-0.013209	-0.002960	-0.066355	-0.013215	-0.002949	-0.066398	-0.023004	-0.018687	0.051191	-0.381311	-1.371564	-0.515951	1.000000
0.000000	60.000000	-0.009291	0.015351	-0.077053	0.000000	0.000000	0.000000	0.000000	0.000000	0.000000	0.000000	0.000000	0.000000	0.000000
73.000000	53.000000	0.004713	-0.014633	-0.082648	0.004674	-0.014643	-0.082584	0.022268	0.090628	0.023129	-0.646104	4.046953	4.324425	1.000000
63.000000	55.000000	0.006988	-0.006654	-0.081798	0.006927	-0.006538	-0.081592	0.016269	0.064318	-0.018043	3.828883	-0.246453	0.138996	1.000000
0.000000	74.000000	-0.012356	-0.010994	-0.076555	0.000000	0.000000	0.000000	0.000000	0.000000	0.000000	0.000000	0.000000	0.000000	0.000000
64.000000	63.000000	-0.016003	0.009704	-0.070365	-0.016003	0.009685	-0.070340	-0.008158	0.056225	0.002511	-1.119974	0.676342	-1.328531	1.000000
46.000000	66.000000	-0.001171	0.010851	-0.086324	-0.001165	0.010868	-0.086336	0.010983	-0.044988	-0.029288	0.408140	0.975504	0.828687	1.000000
47.000000	57.000000	-0.014412	-0.009593	-0.073908	-0.014339	-0.009645	-0.073914	0.052532	-0.027161	0.005626	3.351608	-0.412661	-8.006228	1.000000
61.000000	68.000000	-0.012187	-0.011038	-0.077893	-0.012209	-0.011018	-0.077774	-0.019360	0.041058	-0.060946	-3.829266	-0.463478	2.388453	1.000000
60.000000	65.000000	-0.000532	0.004874	-0.086448	-0.000560	0.004862	-0.086401	-0.071240	-0.033191	0.000051	-0.922115	-1.759153	-0.123131	1.000000
59.000000	61.000000	-0.010329	-0.014936	-0.079194	-0.010305	-0.014971	-0.079109	-0.007832	-0.013821	-0.012509	-2.900349	-1.539710	1.166084	1.000000
74.000000	47.000000	0.007332	-0.008959	-0.086591	0.007354	-0.008944	-0.086639	0.065476	0.215592	0.146173	1.082667	-0.149600	-5.241258	1.000000
67.000000	69.000000	-0.014845	-0.009811	-0.065721	-0.014790	-0.009810	-0.065733	-0.005823	-0.067563	0.025761	2.754569	-0.205697	-0.415205	1.000000
65.000000	64.000000	0.000574	-0.014149	-0.084863	0.000481	-0.014159	-0.084673	0.066719	0.017995	-0.024731	0.302498	0.058427	-0.403415	1.000000
70.000000	70.000000	0.012070	-0.006035	-0.084503	0.012074	-0.006046	-0.084522	0.033519	0.188874	0.095147	-0.160985	-0.003551	0.901483	1.000000
71.000000	71.000000	-0.007116	0.012804	-0.062201	-0.007096	0.012791	-0.062189	-0.024503	0.015795	0.095728	-0.766672	0.054630	-0.656973	1.000000
72.000000	72.000000	0.015981	0.008067	-0.064596	0.015988	0.008070	-0.064587	0.035918	0.125449	0.031085	-0.110359	0.624935	0.533604	1.000000
75.000000	75.000000	0.015635	-0.007233	-0.077632	0.015725	-0.007194	-0.077766	-0.052029	0.208259	0.189765	1.076851	0.947151	-0.160734	1.000000
