34.000000	3.000000	0.005545	-0.000735	-0.062211	0.005514	-0.000746	-0.062198	0.036232	0.107843	0.009174	-0.902315	-0.228878	0.562595	1.000000
3.000000	1.000000	-0.001733	0.005456	-0.065800	-0.001730	0.005456	-0.065812	-0.057110	-0.016454	0.010142	-1.292832	0.575322	-1.338219	1.000000
2.000000	16.000000	0.003454	0.001059	-0.072461	0.003423	0.001043	-0.072462	0.023266	0.013723	-0.012064	-6.549700	0.424326	-3.578921	1.000000
5.000000	6.000000	0.000592	0.004701	-0.070980	0.000592	0.004709	-0.070978	0.028154	0.012012	0.026138	-0.058427	0.049957	2.430443	1.000000
11.000000	5.000000	0.011741	-0.005426	-0.065669	0.011748	-0.005416	-0.065684	-0.017616	0.094772	0.057257	-0.588242	1.199917	-1.962889	1.000000
12.000000	10.000000	0.005409	0.008489	-0.080541	0.005401	0.008487	-0.080532	0.023944	0.076149	0.065731	1.042416	1.745371	0.380754	1.000000
13.000000	8.000000	0.001237	0.006459	-0.065752	0.001236	0.006466	-0.065745	-0.049141	0.028437	0.047576	1.794050	-0.715430	-0.071243	1.000000
28.000000	11.000000	0.005487	0.011096	-0.083707	0.005494	0.011098	-0.083719	0.012988	0.073483	-0.013048	1.736626	-0.963773	-1.789852	1.000000
6.000000	7.000000	0.002797	-0.002274	-0.072114	0.002839	-0.002368	-0.072079	-0.027005	-0.016533	-0.088107	2.836934	-1.717339	0.932442	1.000000
31.000000	48.000000	0.000012	0.001113	-0.077308	0.000009	0.001129	-0.077328	-0.008069	0.054589	0.003357	-1.114104	0.170674	-0.991404	1.000000
8.000000	35.000000	0.004995	-0.008802	-0.070093	0.004996	-0.008787	-0.070131	-0.082133	0.120198	-0.064134	-1.582246	0.464917	-3.309942	1.000000
20.000000	12.000000	-0.003683	0.003481	-0.063729	-0.003675	0.003479	-0.063727	-0.013318	0.032702	0.049180	-1.045165	-0.231099	0.672427	1.000000
18.000000	13.000000	0.005920	-0.001776	-0.066778	0.005919	-0.001789	-0.066802	-0.043767	0.168501	-0.064552	-0.688896	-0.246044	3.114396	1.000000
37.000000	17.000000	-0.002890	-0.009030	-0.062753	-0.002890	-0.009030	-0.062733	-0.034070	0.071236	-0.074582	2.314578	0.885271	0.420666	1.000000
30.000000	24.000000	-0.010301	0.007471	-0.078521	-0.010282	0.007464	-0.078522	-0.087815	0.122261	0.042802	1.869312	0.943200	-1.115182	1.000000
14.000000	42.000000	-0.007657	0.003529	-0.079420	-0.007666	0.003526	-0.079426	-0.053618	0.075545	0.015301	-0.527022	-0.541145	1.863198	1.000000
7.000000	19.000000	-0.003621	-0.005767	-0.066089	-0.003606	-0.005761	-0.066110	0.003897	0.091176	-0.038457	-0.108688	-0.536182	1.779035	1.000000
29.000000	18.000000	-0.003616	0.007169	-0.066930	-0.003614	0.007156	-0.066924	-0.104124	0.017491	0.054782	-0.618421	-0.299080	-0.185325	1.000000
4.000000	9.000000	0.005313	0.004904	-0.071725	0.005320	0.004903	-0.071771	-0.000348	-0.046016	0.054944	0.768923	-1.114959	-0.793627	1.000000
25.000000	22.000000	0.005140	-0.006033	-0.083312	0.005142	-0.005999	-0.083307	-0.054059	0.043762	0.049579	-1.147144	-1.121326	-1.295804	1.000000
27.000000	23.000000	-0.006903	-0.010412	-0.068059	-0.006910	-0.010424	-0.068046	-0.000997	-0.002429	0.026411	-1.184502	-0.397122	-0.328630	1.000000
21.000000	39.000000	0.006968	-0.006026	-0.079945	0.006931	-0.006015	-0.079924	-0.005869	0.103757	0.104682	-1.867760	0.177672	0.975660	1.000000
62.000000	26.000000	-0.005791	-0.003775	-0.084051	-0.005791	-0.003818	-0.084007	0.013512	0.014676	0.027535	0.448067	-0.664002	-0.738046	1.000000
32.000000	14.000000	-0.000521	0.013593	-0.077746	-0.000531	0.013599	-0.077760	0.006184	-0.124778	0.011191	-1.175578	1.891094	1.485900	1.000000
16.000000	40.000000	0.011584	0.005313	-0.079381	0.011590	0.005282	-0.079369	0.081594	0.123803	0.006177	3.028573	-0.680921	-2.142931	1.000000
66.000000	64.000000	0.012774	-0.010582	-0.069942	0.012795	-0.010571	-0.069921	-0.023437	0.103141	-0.048667	0.110880	0.880182	0.363235	1.000000
24.000000	29.000000	-0.001922	-0.006294	-0.078057	-0.001929	-0.006300	-0.078065	-0.031124	-0.000208	-0.009627	-0.330738	0.259436	1.056800	1.000000
17.000000	20.000000	-0.008298	-0.008118	-0.063644	-0.008307	-0.008134	-0.063621	0.036695	0.001992	-0.053743	-0.840077	1.023708	0.298501	1.000000
33.000000	28.000000	0.004837	-0.003609	-0.081059	0.004831	-0.003608	-0.081067	-0.006170	0.099617	-0.004296	-0.504554	0.208097	0.720556	1.000000
47.000000	2.000000	0.002869	-0.008564	-0.082694	0.002906	-0.008521	-0.082701	0.019023	0.048773	0.071642	0.498982	-0.406587	0.540625	1.000000
35.000000	36.000000	-0.005657	-0.008052	-0.067696	-0.005662	-0.008052	-0.067662	0.020345	0.053988	0.058988	1.331347	0.620650	-0.705177	1.000000
15.000000	25.000000	0.005985	0.008285	-0.076785	0.006002	0.008300	-0.076779	0.002404	0.063429	0.071833	0.041958	-5.304195	2.220280	1.000000
40.000000	31.000000	-0.001202	-0.002970	-0.081650	-0.001215	-0.002971	-0.081660	-0.027423	0.103022	0.012310	-0.304467	-0.560916	-0.565596	1.000000
50.000000	34.000000	-0.012248	0.007158	-0.075154	-0.012256	0.007160	-0.075131	-0.095616	-0.029212	-0.010360	-2.799535	0.783540	-0.893253	1.000000
67.000000	21.000000	0.006974	-0.004633	-0.080472	0.006954	-0.004644	-0.080469	0.022954	0.128095	0.102935	-1.798084	-1.491367	1.026457	1.000000
41.000000	38.000000	-0.012827	-0.008861	-0.074950	-0.012820	-0.008862	-0.074956	0.002810	0.024353	0.036461	-0.674076	0.398563	0.236812	1.000000
44.000000	44.000000	0.011246	-0.012928	-0.074001	0.011237	-0.012922	-0.073988	-0.008388	0.028369	-0.047457	-2.369464	-0.541667	-1.617424	1.000000
49.000000	72.000000	-0.007759	-0.002378	-0.073329	-0.007749	-0.002378	-0.073338	-0.025827	0.052749	0.069694	2.070537	0.729026	0.599557	1.000000
42.000000	15.000000	0.006576	0.009545	-0.071370	0.006577	0.009560	-0.071386	0.008065	0.045149	0.128398	-0.556699	0.290123	-1.096257	1.000000
46.000000	43.000000	-0.007114	-0.001789	-0.077663	-0.007124	-0.001801	-0.077663	-0.063715	0.064732	-0.034962	-0.216767	0.756969	0.893741	1.000000
48.000000	41.000000	0.002131	0.002511	-0.070163	0.002114	0.002516	-0.070159	-0.025675	0.007163	0.018034	-0.490713	0.982154	0.098287	1.000000
36.000000	32.000000	0.000510	0.009803	-0.083707	0.000492	0.009833	-0.083779	-0.015286	0.106257	-0.019884	-1.939842	-0.349052	-2.156141	1.000000
43.000000	45.000000	0.005822	0.011674	-0.069961	0.005807	0.011668	-0.069957	0.002451	0.053938	0.046172	0.935823	-0.254562	-0.302357	1.000000
63.000000	83.000000	-0.009283	-0.009743	-0.073881	-0.009259	-0.009739	-0.073962	0.037866	0.019997	-0.032026	2.741508	0.864885	-4.881868	1.000000
45.000000	47.000000	-0.012719	0.003018	-0.063493	-0.012719	0.003025	-0.063481	-0.025396	-0.027146	0.041221	-1.184242	-1.168612	-0.557252	1.000000
53.000000	66.000000	-0.000777	-0.012086	-0.070734	-0.000770	-0.012088	-0.070720	-0.049464	-0.057644	-0.063439	-2.550856	2.606489	-1.550098	1.000000
56.000000	50.000000	-0.013036	-0.003533	-0.065490	-0.013086	-0.003547	-0.065537	0.009163	-0.000458	0.047017	-0.106883	0.392032	1.059348	1.000000
38.000000	63.000000	-0.004424	-0.001558	-0.064895	-0.004395	-0.001605	-0.064892	-0.025972	0.005639	0.000562	0.133165	1.361447	0.816309	1.000000
19.000000	61.000000	-0.002795	-0.002101	-0.068924	-0.002798	-0.002009	-0.068990	-0.143633	0.066363	-0.042144	3.562676	2.356920	0.473253	1.000000
57.000000	54.000000	-0.013557	-0.006331	-0.063627	-0.013555	-0.006319	-0.063626	-0.011409	-0.028151	0.002890	2.107892	0.056943	-7.663835	1.000000
60.000000	53.000000	0.008539	-0.009961	-0.070112	0.008534	-0.009961	-0.070104	-0.044792	0.035464	0.005225	-0.628102	0.309006	-1.852076	1.000000
52.000000	51.000000	-0.010906	-0.003875	-0.079355	-0.010896	-0.003882	-0.079353	-0.041749	0.017078	0.007703	1.116779	-0.115865	1.481411	1.000000
23.000000	60.000000	-0.006607	0.006839	-0.082656	-0.006546	0.006887	-0.082640	-0.079746	0.017079	0.023575	-0.263113	0.716908	0.481834	1.000000
58.000000	49.000000	0.004764	0.008290	-0.069825	0.004770	0.008330	-0.069871	-0.026524	-0.009628	0.038001	-0.797223	-0.321748	1.367581	1.000000
59.000000	57.000000	-0.006635	0.011803	-0.086205	-0.006624	0.011790	-0.086175	-0.052089	0.044169	-0.002871	1.581392	1.922858	0.301688	1.000000
90.000000	55.000000	0.004232	0.002705	-0.085856	0.004252	0.002696	-0.085873	0.050314	0.257047	0.049213	0.830669	-3.603147	-4.967032	1.000000
84.000000	52.000000	-0.013552	0.000797	-0.063242	-0.013594	0.000808	-0.063281	0.002600	-0.077190	0.052545	-2.296881	0.336533	1.273671	1.000000
61.000000	58.000000	0.007047	0.011334	-0.077917	0.007020	0.011305	-0.077936	0.070789	0.067752	0.025487	-2.225898	0.127314	0.081362	1.000000
10.000000	4.000000	-0.002097	0.004423	-0.069577	-0.002123	0.004403	-0.069582	-0.012495	-0.010775	0.041022	-1.067090	1.851608	-2.503187	1.000000
39.000000	59.000000	0.002395	-0.008469	-0.081821	0.002399	-0.008487	-0.081818	0.036735	0.050460	0.098036	-0.365018	-1.599349	-1.229338	1.000000
65.000000	33.000000	-0.011797	-0.008269	-0.075860	-0.011830	-0.008285	-0.075780	0.013980	0.019279	0.009985	0.116125	-0.031613	-0.069824	1.000000
76.000000	30.000000	0.007590	-0.012405	-0.079872	0.007673	-0.012389	-0.079943	-0.017853	0.041639	0.128642	-0.349334	-2.497942	-1.667375	1.000000
64.000000	56.000000	0.003178	-0.000577	-0.085799	0.003187	-0.000561	-0.085827	-0.060701	0.248400	0.047688	-4.012523	3.695699	3.607010	1.000000
22.000000	65.000000	0.011712	-0.011861	-0.080094	0.011713	-0.011884	-0.080047	0.120966	0.046651	0.097275	-0.033187	0.051081	0.131446	1.000000
69.000000	62.000000	0.013261	0.010729	-0.078587	0.013245	0.010735	-0.078583	0.086067	0.161550	0.041952	-0.179277	-0.768916	-1.147969	1.000000
71.000000	67.000000	0.012389	0.011862	-0.078650	0.012415	0.011881	-0.078680	0.078328	0.168334	0.059437	0.840170	2.631579	0.310049	1.000000
72.000000	68.000000	0.011954	-0.006078	-0.082970	0.011947	-0.006081	-0.082961	-0.024977	0.110908	0.091618	0.163675	-1.333672	0.727079	1.000000
77.000000	86.000000	-0.004172	-0.000913	-0.065950	-0.004161	-0.000884	-0.065970	-0.033585	0.025530	-0.014227	1.907687	2.135071	-1.517645	1.000000
54.000000	37.000000	-0.007254	-0.000853	-0.069623	-0.007329	-0.000905	-0.069453	0.002330	0.024177	-0.014225	-1.965035	0.103147	3.426282	1.000000
68.000000	84.000000	0.014616	0.012985	-0.073565	0.014594	0.012986	-0.073468	0.078652	0.210324	0.115896	-2.002747	5.171578	2.269980	1.000000
1.000000	27.000000	0.009411	-0.007609	-0.062034	0.009422	-0.007634	-0.062020	-0.107428	0.076745	-0.087876	-3.420800	-0.184017	0.973134	1.000000
70.000000	73.000000	-0.014878	0.010601	-0.073451	-0.014882	0.010620	-0.073441	-0.077649	-0.019997	-0.021242	-0.431952	0.249413	0.811829	1.000000
79.000000	75.000000	-0.006785	-0.015122	-0.073008	-0.006777	-0.015117	-0.073011	0.031854	0.047220	0.002087	0.339081	-0.751322	0.906104	1.000000
80.000000	87.000000	-0.013828	-0.015430	-0.076111	-0.013857	-0.015442	-0.076057	-0.030355	-0.088397	-0.061976	-4.402597	-4.622377	-11.665833	1.000000
51.000000	82.000000	0.005319	0.012575	-0.068075	0.005349	0.012597	-0.068048	-0.020207	0.101785	0.070136	-0.671097	0.279184	-1.104245	1.000000
75.000000	85.000000	0.009849	-0.014821	-0.073323	0.009840	-0.014803	-0.073321	-0.031353	-0.007881	-0.020864	-0.533463	-1.408467	0.920785	1.000000
81.000000	76.000000	0.014188	0.008618	-0.061446	0.014187	0.008615	-0.061454	0.022340	0.095949	0.123692	-1.030220	-1.917832	-0.244505	1.000000
0.000000	-1.000000	0.005392	-0.008880	-0.084424	0.000000	0.000000	0.000000	0.000000	0.000000	0.000000	0.000000	0.000000	0.000000	0.000000
55.000000	77.000000	0.010827	0.005350	-0.085421	0.010812	0.005365	-0.085449	0.069940	0.145589	-0.006433	-0.748707	-2.872950	1.888255	1.000000
74.000000	71.000000	0.002718	-0.004483	-0.085013	0.002699	-0.004536	-0.085005	-0.005860	0.088946	-0.006129	0.082840	-1.415755	-1.898347	1.000000
83.000000	89.000000	-0.000323	-0.009407	-0.085839	-0.000295	-0.009395	-0.085776	0.043640	0.082540	0.098911	4.175585	-1.630759	-3.735720	1.000000
82.000000	88.000000	0.001234	-0.004529	-0.086665	0.001245	-0.004505	-0.086635	-0.009926	0.089077	0.019127	1.393199	-0.233608	-3.488416	1.000000
91.000000	46.000000	0.015280	0.002301	-0.069923	0.015277	0.002312	-0.070138	-0.106936	0.217243	0.130091	7.417721	2.423543	1.725557	1.000000
85.000000	79.000000	0.004522	0.008111	-0.069787	0.004567	0.008101	-0.069746	-0.028894	-0.010922	0.018250	2.325175	2.177447	5.517773	1.000000
0.000000	-1.000000	-0.008407	-0.006510	-0.080176	0.000000	0.000000	0.000000	0.000000	0.000000	0.000000	0.000000	0.000000	0.000000	0.000000
9.000000	80.000000	-0.010914	-0.001488	-0.071304	-0.010960	-0.001514	-0.071366	-0.024065	-0.000851	-0.014811	-1.351116	1.768327	-6.414669	1.000000
78.000000	78.000000	0.005238	-0.008895	-0.083933	0.005305	-0.008920	-0.084086	0.033506	0.042385	-0.014271	0.570369	-0.598813	-1.155315	1.000000
26.000000	81.000000	-0.011230	0.002809	-0.080257	-0.011146	0.002792	-0.080310	-0.086157	-0.033424	0.058159	0.415027	1.619899	-0.191960	1.000000
73.000000	74.000000	0.013407	-0.013965	-0.070548	0.013442	-0.014033	-0.070590	-0.023851	0.052540	-0.042028	1.207162	-4.361558	-2.150973	1.000000
86.000000	90.000000	0.005233	0.012388	-0.065849	0.005218	0.012400	-0.065807	-0.032418	0.102958	0.117011	0.567298	1.466514	1.063033	1.000000
87.000000	70.000000	0.005779	-0.000230	-0.061253	0.005771	-0.000225	-0.061242	0.059449	0.117695	0.008705	1.506397	0.617106	1.735794	1.000000
88.000000	91.000000	0.012723	0.002752	-0.082241	0.012763	0.002719	-0.082272	0.074793	0.162823	-0.032262	0.470801	-0.795105	0.242689	1.000000
92.000000	92.000000	0.002186	-0.014256	-0.084871	0.002176	-0.014281	-0.084922	-0.016514	0.035107	-0.130307	4.262487	2.112637	12.500498	1.000000
