1.000000	7.000000	0.006763	0.003590	-0.062409	0.006762	0.003619	-0.062401	-0.027634	0.111708	0.069884	2.336563	0.967599	1.451923	1.000000
2.000000	1.000000	-0.000559	-0.001534	-0.066178	-0.000568	-0.001521	-0.066178	-0.101357	0.035257	-0.000791	0.352187	-0.441974	0.442636	1.000000
3.000000	38.000000	0.001842	-0.007136	-0.064980	0.001775	-0.007113	-0.065010	-0.111901	0.037448	-0.076080	-5.324425	2.663586	0.811938	1.000000
8.000000	10.000000	-0.002564	-0.003419	-0.064208	-0.002562	-0.003426	-0.064196	0.002770	0.011317	0.003327	0.645545	-0.498607	-0.903637	1.000000
7.000000	2.000000	0.005535	-0.005526	-0.078762	0.005536	-0.005528	-0.078752	-0.041459	0.029898	0.020905	2.592143	-1.560053	-2.308945	1.000000
5.000000	4.000000	0.000446	0.004104	-0.067076	0.000446	0.004104	-0.067076	-0.029121	-0.004252	0.040166	-2.619913	1.235386	-1.003911	1.000000
9.000000	5.000000	-0.003554	-0.003673	-0.065119	-0.003542	-0.003683	-0.065110	0.015272	0.022185	-0.007428	0.333130	-0.612997	-0.508373	1.000000
11.000000	9.000000	0.006397	-0.000801	-0.079507	0.006409	-0.000784	-0.079505	0.073837	0.077589	0.105244	-0.512682	0.419641	2.707064	1.000000
15.000000	8.000000	0.005567	-0.003372	-0.079849	0.005553	-0.003357	-0.079854	0.088117	0.065363	0.010482	-0.394350	-0.525439	-2.115672	1.000000
12.000000	17.000000	-0.001962	0.003951	-0.067056	-0.001968	0.003950	-0.067059	-0.047886	0.026983	0.031004	0.346050	0.194924	-0.330032	1.000000
44.000000	15.000000	-0.003719	-0.007314	-0.065059	-0.003713	-0.007308	-0.065054	0.030015	0.041648	-0.041274	0.043486	-1.378109	-0.721819	1.000000
13.000000	18.000000	0.000903	0.007593	-0.063061	0.000895	0.007588	-0.063079	-0.005380	0.045515	0.021455	0.612263	-0.560995	0.303407	1.000000
18.000000	12.000000	0.010911	-0.011266	-0.073307	0.010914	-0.011244	-0.073297	0.062436	-0.010802	-0.028413	0.871482	0.513388	-0.130011	1.000000
55.000000	6.000000	0.007784	0.003398	-0.075778	0.007789	0.003384	-0.075760	0.036951	0.057352	0.019478	-0.205229	-1.611660	2.913875	1.000000
25.000000	14.000000	-0.002154	0.010241	-0.077122	-0.002126	0.010243	-0.077117	-0.073443	0.023194	0.004657	0.409447	0.710497	1.517006	1.000000
17.000000	19.000000	-0.000010	-0.003939	-0.076212	-0.000015	-0.003927	-0.076223	-0.068179	0.034284	-0.071907	1.197227	0.092224	-0.460192	1.000000
16.000000	49.000000	0.012443	0.001822	-0.070195	0.012448	0.001821	-0.070211	0.026688	0.144231	0.014946	2.918296	1.039696	1.467361	1.000000
21.000000	20.000000	-0.004414	0.005873	-0.082566	-0.004436	0.005888	-0.082613	-0.051133	0.118875	-0.012852	-1.380836	1.062446	-1.044281	1.000000
4.000000	3.000000	0.000589	0.004232	-0.074957	0.000609	0.004233	-0.074884	-0.050347	0.053971	-0.010917	0.985445	-1.017549	0.549117	1.000000
22.000000	23.000000	0.008273	-0.011268	-0.067371	0.008261	-0.011263	-0.067337	-0.014268	0.052488	-0.162358	0.747682	-0.583977	1.317981	1.000000
34.000000	26.000000	-0.006257	0.000260	-0.068080	-0.006270	0.000245	-0.068113	-0.049539	0.064809	-0.023503	-0.814690	0.141958	-0.298813	1.000000
32.000000	28.000000	-0.006982	-0.007401	-0.064374	-0.006975	-0.007400	-0.064368	-0.004486	0.012071	-0.010006	0.220155	0.666179	-0.469264	1.000000
19.000000	50.000000	-0.009013	0.002770	-0.068976	-0.009083	0.002815	-0.068956	-0.065617	0.042752	0.030466	-0.207205	0.067097	0.782289	1.000000
24.000000	31.000000	0.005142	0.005843	-0.079300	0.005106	0.005857	-0.079287	0.027057	0.134072	0.038905	-1.061079	0.281182	0.825344	1.000000
6.000000	16.000000	0.002562	0.001269	-0.076724	0.002564	0.001251	-0.076709	-0.023369	0.085336	-0.060936	1.217443	0.840032	0.347091	1.000000
47.000000	34.000000	-0.012418	0.004766	-0.079280	-0.012446	0.004832	-0.079280	-0.064832	0.081983	0.162546	-1.973461	3.291242	0.109669	1.000000
10.000000	22.000000	0.004885	0.001917	-0.069234	0.004906	0.001894	-0.069170	0.056619	0.083883	-0.004738	-1.405577	1.499777	0.307089	1.000000
27.000000	37.000000	-0.011734	-0.011036	-0.066464	-0.011744	-0.011026	-0.066463	-0.099126	-0.040187	0.012726	-0.449337	-1.300804	0.060804	1.000000
40.000000	29.000000	-0.007245	-0.005208	-0.079036	-0.007216	-0.005214	-0.079042	-0.084181	0.024348	-0.021223	0.521041	-0.323799	0.272482	1.000000
37.000000	25.000000	-0.005089	0.004662	-0.077721	-0.005078	0.004683	-0.077725	-0.073447	0.016991	-0.004276	0.232934	0.357901	-0.809719	1.000000
41.000000	36.000000	-0.001924	-0.012410	-0.076273	-0.001936	-0.012411	-0.076277	0.013924	-0.002136	-0.147613	0.827833	-1.131609	2.720675	1.000000
64.000000	39.000000	0.003330	0.006358	-0.067142	0.003308	0.006387	-0.067132	0.051181	-0.110479	0.111694	-0.738380	3.451105	1.233826	1.000000
60.000000	35.000000	-0.010973	0.004841	-0.072102	-0.010986	0.004849	-0.072119	-0.096398	0.024732	0.008337	1.665109	-0.935882	1.859260	1.000000
59.000000	46.000000	-0.008258	0.006738	-0.066329	-0.008305	0.006790	-0.066237	-0.043468	0.062935	0.027309	0.352960	0.369803	0.470148	1.000000
23.000000	13.000000	0.012595	-0.001492	-0.072243	0.012601	-0.001492	-0.072244	0.057516	0.106679	-0.016943	3.181045	-0.192829	-0.304719	1.000000
66.000000	71.000000	0.008785	0.004891	-0.071905	0.008781	0.004872	-0.071880	0.095995	0.004603	-0.022316	2.292957	-6.136363	5.742507	1.000000
36.000000	45.000000	-0.010320	0.002847	-0.071364	-0.010336	0.002832	-0.071380	-0.079943	0.061535	0.012221	-0.580812	-0.141891	1.521323	1.000000
33.000000	27.000000	-0.004387	0.006464	-0.066460	-0.004404	0.006430	-0.066464	-0.016517	0.060037	0.026026	-2.238150	-2.096979	1.519354	1.000000
43.000000	62.000000	-0.001547	-0.000804	-0.080653	-0.001612	-0.000866	-0.080650	-0.039596	0.080999	0.149399	-2.486872	-6.861726	-1.558062	1.000000
38.000000	33.000000	-0.007398	-0.002784	-0.083706	-0.007379	-0.002780	-0.083739	-0.057358	0.025151	-0.027281	-1.654551	0.054534	0.721143	1.000000
67.000000	72.000000	-0.009324	-0.011527	-0.073174	-0.009283	-0.011574	-0.073117	-0.025585	-0.034281	0.027268	-0.904351	-0.384060	0.276739	1.000000
56.000000	44.000000	-0.009004	-0.009289	-0.082275	-0.009043	-0.009334	-0.082278	0.048612	-0.010185	0.027380	-1.887909	1.666669	-1.865152	1.000000
30.000000	52.000000	0.003940	-0.008261	-0.078933	0.003949	-0.008260	-0.078929	0.011639	-0.031173	0.004308	0.717283	-0.861888	-0.687812	1.000000
54.000000	40.000000	-0.013868	-0.002555	-0.071948	-0.013844	-0.002565	-0.071950	-0.046286	-0.010586	0.026396	2.242008	1.962288	-0.178821	1.000000
49.000000	43.000000	-0.005107	0.001692	-0.067963	-0.005106	0.001687	-0.067960	-0.030824	0.059300	-0.042382	0.828000	-0.728130	0.164081	1.000000
26.000000	70.000000	0.005599	-0.012768	-0.074981	0.005560	-0.012717	-0.075043	-0.051174	-0.047075	0.005697	-0.156074	-0.970207	-1.076458	1.000000
20.000000	32.000000	0.004965	0.009915	-0.082018	0.004882	0.009968	-0.082063	0.061649	0.227808	0.106432	-0.713104	1.327290	-2.013403	1.000000
31.000000	74.000000	0.007216	-0.005634	-0.068329	0.007185	-0.005590	-0.068382	-0.101547	0.169884	-0.112277	0.362069	0.230876	-0.007095	1.000000
42.000000	48.000000	-0.006500	-0.013455	-0.071299	-0.006495	-0.013450	-0.071297	-0.052097	0.005271	-0.013742	-0.834638	-0.670064	-1.165733	1.000000
46.000000	47.000000	-0.007971	-0.010772	-0.072984	-0.007953	-0.010769	-0.072992	-0.045935	0.001250	0.066759	1.085671	-1.078197	0.610776	1.000000
35.000000	21.000000	0.009182	0.007706	-0.080862	0.009113	0.007698	-0.080750	0.022346	0.153084	0.013766	-7.080225	1.201692	-2.487719	1.000000
39.000000	42.000000	0.008889	0.000379	-0.073035	0.008864	0.000382	-0.073089	0.028248	0.095471	0.062378	-0.028560	0.794503	0.784994	1.000000
14.000000	11.000000	0.007511	0.000685	-0.061202	0.007540	0.000701	-0.061180	0.016187	0.104742	-0.023134	0.267831	0.763225	-0.334980	1.000000
45.000000	53.000000	0.009535	0.012733	-0.081796	0.009544	0.012702	-0.081814	0.006415	0.199363	0.028951	3.271657	-3.407233	-0.856051	1.000000
52.000000	54.000000	-0.004206	0.006119	-0.085840	-0.004211	0.006128	-0.085856	-0.137036	0.139385	-0.029801	1.842170	0.365067	-4.593653	1.000000
48.000000	83.000000	0.012537	0.013828	-0.073323	0.012597	0.013859	-0.073359	0.111229	0.064997	0.089360	3.255740	0.772123	3.445369	1.000000
50.000000	57.000000	-0.013293	-0.005260	-0.063146	-0.013302	-0.005273	-0.063164	-0.024478	-0.088860	-0.022010	-1.471463	-3.092439	-2.363948	1.000000
74.000000	56.000000	-0.004072	0.013491	-0.073456	-0.004082	0.013513	-0.073477	0.010823	-0.127713	0.087935	-1.199461	1.764995	-1.634800	1.000000
82.000000	60.000000	0.007247	-0.010627	-0.086067	0.007292	-0.010630	-0.086068	-0.069877	0.084834	0.221667	-12.966782	3.476273	15.163335	1.000000
58.000000	64.000000	-0.009573	-0.005426	-0.084009	-0.009556	-0.005402	-0.084066	-0.001982	-0.035163	-0.031579	-5.896118	0.687086	-2.148021	1.000000
0.000000	-1.000000	0.003424	0.015086	-0.074671	0.000000	0.000000	0.000000	0.000000	0.000000	0.000000	0.000000	0.000000	0.000000	0.000000
57.000000	63.000000	-0.013076	-0.008715	-0.074837	-0.013084	-0.008672	-0.074803	-0.051921	-0.053185	0.032932	-0.300782	-0.261865	0.713662	1.000000
29.000000	30.000000	-0.004942	0.002796	-0.070495	-0.004912	0.002751	-0.070434	-0.056623	-0.005763	-0.039256	-0.959501	0.150822	-1.966440	1.000000
61.000000	66.000000	0.009152	-0.015297	-0.076536	0.009166	-0.015328	-0.076574	-0.052061	-0.065529	-0.038167	0.662806	1.000028	-2.821020	1.000000
62.000000	41.000000	-0.002559	-0.011433	-0.082926	-0.002519	-0.011430	-0.082962	0.045168	-0.031116	0.015463	1.344334	0.368674	-3.264829	1.000000
51.000000	51.000000	0.001916	0.004028	-0.081070	0.001955	0.004065	-0.081146	0.006972	0.108418	0.025995	0.876601	0.681484	-1.279050	1.000000
28.000000	67.000000	0.003800	-0.009081	-0.078958	0.003867	-0.009026	-0.078968	0.006461	-0.036269	0.001390	0.525558	0.058739	0.301814	1.000000
65.000000	68.000000	-0.012861	0.008371	-0.080022	-0.012878	0.008369	-0.080033	-0.058443	0.061573	0.029916	0.136610	1.471427	1.383514	1.000000
0.000000	69.000000	-0.007874	0.008803	-0.067879	0.000000	0.000000	0.000000	0.000000	0.000000	0.000000	0.000000	0.000000	0.000000	0.000000
68.000000	82.000000	-0.014442	0.010681	-0.077838	-0.014440	0.010653	-0.077755	-0.075464	0.077885	0.046852	1.346653	-7.755993	12.842157	1.000000
69.000000	75.000000	-0.015893	-0.006705	-0.067315	-0.015904	-0.006704	-0.067303	-0.075972	-0.016680	-0.030925	0.363971	-0.343782	1.834236	1.000000
53.000000	55.000000	0.003761	-0.006581	-0.073329	0.003764	-0.006586	-0.073296	-0.050208	0.028618	-0.009884	-0.707629	-1.575931	1.342454	1.000000
77.000000	61.000000	0.010531	-0.008475	-0.084848	0.010542	-0.008439	-0.084831	0.024795	0.123409	0.183261	-0.474276	-0.958541	4.113886	1.000000
75.000000	76.000000	-0.004005	-0.013796	-0.085377	-0.003979	-0.013812	-0.085345	0.049015	-0.041381	0.011841	0.356370	0.397954	-0.812959	1.000000
72.000000	58.000000	-0.009668	0.003832	-0.077522	-0.009677	0.003862	-0.077496	-0.010175	0.022017	-0.021554	-1.370219	-1.146171	-0.754361	1.000000
76.000000	-1.000000	-0.009447	0.007839	-0.082223	0.000000	0.000000	0.000000	0.000000	0.000000	0.000000	0.000000	0.000000	0.000000	0.000000
0.000000	-1.000000	0.003975	-0.008963	-0.079125	0.000000	0.000000	0.000000	0.000000	0.000000	0.000000	0.000000	0.000000	0.000000	0.000000
70.000000	78.000000	-0.015817	-0.008737	-0.062953	-0.015815	-0.008748	-0.062924	-0.083226	0.025879	-0.161481	-1.844697	-0.689935	10.303029	1.000000
78.000000	79.000000	0.005236	0.011692	-0.064497	0.005250	0.011675	-0.064462	0.042974	0.074168	0.029038	-1.228651	1.313854	-3.508836	1.000000
79.000000	80.000000	-0.012407	0.010203	-0.063782	-0.012364	0.010192	-0.063832	-0.080466	0.068667	0.018284	0.565150	0.591191	-0.284763	1.000000
80.000000	81.000000	-0.015651	0.003012	-0.062380	-0.015652	0.003013	-0.062386	-0.043053	0.037531	0.005480	-1.222414	-0.522467	1.167026	1.000000
81.000000	-1.000000	-0.015516	0.008621	-0.078565	0.000000	0.000000	0.000000	0.000000	0.000000	0.000000	0.000000	0.000000	0.000000	0.000000
73.000000	84.000000	-0.014125	0.006052	-0.076856	-0.014118	0.006055	-0.076874	0.009586	0.146839	0.147935	-0.948728	2.300209	-6.014978	1.000000
83.000000	85.000000	0.009550	-0.015167	-0.068901	0.009602	-0.015117	-0.068975	-0.016386	0.026282	-0.094402	1.390517	-1.303575	0.720482	1.000000
84.000000	87.000000	0.011813	-0.016049	-0.075141	0.011738	-0.015980	-0.075064	-0.073764	-0.018219	-0.046114	-5.734301	1.044630	1.528827	1.000000
