5.000000	3.000000	-0.003167	-0.007041	-0.065319	-0.003214	-0.007075	-0.065300	0.026933	0.039788	-0.081022	-3.562514	2.225554	0.572937	1.000000
48.000000	1.000000	0.009860	0.002980	-0.061879	0.009857	0.002995	-0.061892	-0.015472	0.118194	-0.010649	2.589319	-2.556406	-3.164039	1.000000
62.000000	35.000000	-0.004944	0.001952	-0.060766	-0.004942	0.001956	-0.060831	0.078860	-0.008943	-0.000813	-1.126427	0.671138	1.354530	1.000000
3.000000	22.000000	-0.001367	-0.007261	-0.073283	-0.001368	-0.007261	-0.073286	0.008888	0.002220	-0.083818	-1.064043	0.921142	1.388050	1.000000
7.000000	5.000000	-0.000801	0.003868	-0.077560	-0.000821	0.003863	-0.077570	-0.078564	0.036790	0.057707	-0.262185	-1.017645	-0.578487	1.000000
4.000000	4.000000	0.004889	-0.005332	-0.079779	0.004918	-0.005349	-0.079755	0.061173	0.139896	0.050787	0.136951	-0.466284	3.622648	1.000000
2.000000	2.000000	0.002319	0.000045	-0.071547	0.002287	0.000033	-0.071543	-0.035150	-0.030251	0.018016	-1.485906	-0.233209	0.390168	1.000000
46.000000	7.000000	0.000918	-0.003190	-0.079324	0.000914	-0.003198	-0.079351	-0.036768	0.082717	-0.025512	0.726953	-0.586986	-0.930689	1.000000
19.000000	9.000000	0.009362	-0.006398	-0.064659	0.009374	-0.006392	-0.064627	-0.016047	-0.020496	0.066408	2.469167	-0.618807	0.310158	1.000000
23.000000	17.000000	0.008577	0.005831	-0.060271	0.008585	0.005845	-0.060290	0.036076	0.196012	-0.037892	-0.189077	-0.469792	-0.336813	1.000000
8.000000	6.000000	0.005672	-0.005362	-0.063252	0.005632	-0.005422	-0.063099	0.035448	0.114258	0.001936	-1.158623	1.040439	1.071793	1.000000
14.000000	14.000000	-0.004870	-0.009650	-0.069327	-0.004886	-0.009663	-0.069337	0.050224	0.073666	0.054033	0.846355	-0.060604	-2.356281	1.000000
13.000000	10.000000	-0.001363	-0.010518	-0.066247	-0.001346	-0.010519	-0.066245	0.016861	0.022019	-0.096246	0.264532	0.331696	-1.907397	1.000000
6.000000	13.000000	0.008422	-0.003945	-0.075390	0.008426	-0.003933	-0.075407	-0.047026	0.074131	0.076225	-0.174574	-0.705994	-0.153288	1.000000
18.000000	23.000000	-0.009267	0.004419	-0.063980	-0.009284	0.004389	-0.063957	-0.004694	0.003232	0.062556	0.596236	-2.067045	0.368830	1.000000
28.000000	21.000000	-0.012387	-0.007441	-0.068381	-0.012378	-0.007444	-0.068369	0.000516	0.014849	0.064689	-1.226136	-1.218387	-0.440110	1.000000
16.000000	31.000000	-0.013685	0.006457	-0.073398	-0.013674	0.006454	-0.073392	0.009332	0.005001	0.029304	-0.069185	-0.481604	-0.651788	1.000000
10.000000	15.000000	0.004719	0.011544	-0.071940	0.004757	0.011571	-0.071914	-0.033553	0.036649	-0.008020	0.174285	0.730861	0.801495	1.000000
51.000000	57.000000	0.011879	0.008089	-0.062042	0.011891	0.008100	-0.062043	0.104846	0.184238	-0.028644	1.133534	0.586051	-0.225856	1.000000
25.000000	8.000000	-0.008419	-0.009607	-0.074894	-0.008431	-0.009611	-0.074904	0.007681	-0.004356	0.025274	0.542606	-0.009067	-0.754423	1.000000
34.000000	25.000000	-0.005313	-0.002964	-0.073861	-0.005324	-0.002981	-0.073858	-0.032759	0.042874	-0.074250	2.764748	0.507415	0.776918	1.000000
12.000000	16.000000	0.010816	0.002471	-0.080263	0.010827	0.002475	-0.080274	-0.003754	0.031733	-0.031897	-0.692881	0.214873	-0.890509	1.000000
58.000000	26.000000	-0.005181	-0.007769	-0.073628	-0.005188	-0.007762	-0.073625	-0.042631	0.081209	0.063744	0.141698	1.156617	0.908296	1.000000
26.000000	30.000000	-0.007725	0.010953	-0.074301	-0.007717	0.010969	-0.074275	-0.092238	-0.008392	0.083578	-1.475764	-1.100798	0.629759	1.000000
31.000000	28.000000	0.009633	-0.000937	-0.084052	0.009654	-0.000945	-0.084041	-0.067030	0.075545	0.054840	0.845619	-1.116653	0.613733	1.000000
15.000000	18.000000	0.001158	0.000030	-0.083166	0.001175	0.000041	-0.083159	-0.107437	0.160178	0.067359	-0.796784	3.669492	-3.751909	1.000000
22.000000	27.000000	0.009714	0.002566	-0.083371	0.009732	0.002564	-0.083380	-0.015074	0.016144	-0.017817	-0.895382	-0.611649	1.125878	1.000000
20.000000	24.000000	0.005428	-0.010121	-0.078027	0.005415	-0.010138	-0.078019	0.029880	0.032359	0.044935	1.119431	-0.736872	-0.372032	1.000000
27.000000	29.000000	-0.001251	-0.005760	-0.077432	-0.001269	-0.005758	-0.077403	-0.018090	0.055767	-0.062461	-0.114632	0.026836	0.008128	1.000000
54.000000	34.000000	0.000048	0.012668	-0.085796	0.000066	0.012625	-0.085766	-0.084968	-0.044810	0.038319	1.569858	-1.561689	1.415566	1.000000
36.000000	20.000000	-0.006304	-0.009536	-0.069031	-0.006314	-0.009542	-0.069044	0.069676	0.067412	0.077148	0.541881	0.995535	-1.335374	1.000000
32.000000	40.000000	0.009054	-0.012715	-0.069831	0.009082	-0.012700	-0.069798	-0.017129	-0.002577	0.008720	-0.731682	-0.020446	-1.359584	1.000000
30.000000	44.000000	-0.014364	0.007964	-0.072046	-0.014358	0.007964	-0.072029	-0.036362	0.003999	0.025969	-0.056287	-0.110865	0.563843	1.000000
17.000000	63.000000	0.001540	0.005364	-0.076238	0.001533	0.005368	-0.076231	-0.013586	0.027335	0.024239	-0.130323	1.760520	0.460950	1.000000
38.000000	19.000000	0.001686	-0.001353	-0.069546	0.001704	-0.001359	-0.069564	-0.070246	0.025710	0.028606	0.784377	0.293322	-1.163868	1.000000
11.000000	12.000000	0.010972	0.009818	-0.075537	0.010943	0.009831	-0.075489	-0.077770	0.042720	0.046860	1.357351	0.171610	5.683044	1.000000
29.000000	56.000000	0.014311	0.001211	-0.068018	0.014296	0.001206	-0.068009	0.010240	0.044049	0.055671	-0.065284	1.658541	-0.104126	1.000000
43.000000	37.000000	-0.011154	-0.014347	-0.074808	-0.011141	-0.014350	-0.074847	-0.065709	0.076220	0.023509	1.263284	-0.946142	-2.275015	1.000000
55.000000	39.000000	0.010545	-0.011542	-0.072667	0.010529	-0.011531	-0.072662	0.025784	-0.038486	-0.049318	2.195554	-1.570929	-11.644854	1.000000
35.000000	45.000000	-0.010663	0.010442	-0.071833	-0.010666	0.010439	-0.071848	-0.022361	-0.090671	0.063620	-0.309140	-0.174478	0.544518	1.000000
40.000000	38.000000	-0.009338	0.005280	-0.059875	-0.009335	0.005279	-0.059884	0.035712	0.024042	0.014693	0.959489	1.350098	-1.441654	1.000000
41.000000	41.000000	-0.012295	0.005704	-0.063057	-0.012299	0.005726	-0.063022	-0.037338	0.025394	0.129406	1.653615	0.965110	-0.902969	1.000000
59.000000	32.000000	0.001650	0.011258	-0.085808	0.001633	0.011308	-0.085833	-0.009507	-0.040424	0.028427	0.755275	0.130784	3.006144	1.000000
9.000000	-1.000000	0.008997	0.002622	-0.072023	0.000000	0.000000	0.000000	0.000000	0.000000	0.000000	0.000000	0.000000	0.000000	0.000000
24.000000	46.000000	-0.005621	0.009338	-0.068359	-0.005639	0.009330	-0.068352	-0.044196	0.009148	0.047053	0.589757	-0.536792	-0.210274	1.000000
45.000000	43.000000	0.009700	-0.010268	-0.072125	0.009704	-0.010262	-0.072124	-0.027821	0.006247	-0.012584	0.135126	-2.158862	0.283153	1.000000
37.000000	47.000000	-0.005389	0.011164	-0.069138	-0.005418	0.011160	-0.069129	-0.032620	0.014131	0.100952	-1.380724	0.817483	-0.579683	1.000000
44.000000	42.000000	-0.004014	-0.005998	-0.080236	-0.003985	-0.006053	-0.080199	-0.067359	0.039274	-0.118669	-2.335418	-1.254970	0.629142	1.000000
42.000000	36.000000	0.011370	-0.011492	-0.073761	0.011345	-0.011508	-0.073745	0.050336	-0.002030	0.029148	1.554841	0.432592	0.108257	1.000000
0.000000	48.000000	-0.004000	0.008223	-0.085773	0.000000	0.000000	0.000000	0.000000	0.000000	0.000000	0.000000	0.000000	0.000000	0.000000
0.000000	-1.000000	0.011912	-0.009034	-0.077368	0.000000	0.000000	0.000000	0.000000	0.000000	0.000000	0.000000	0.000000	0.000000	0.000000
1.000000	11.000000	-0.000494	0.002682	-0.070853	-0.000499	0.002667	-0.070835	-0.008117	0.032488	0.068986	-1.018581	-1.759554	0.513730	1.000000
21.000000	50.000000	0.005955	-0.000668	-0.080387	0.005937	-0.000680	-0.080403	-0.086674	0.092113	0.067740	2.877217	-2.368302	2.966173	1.000000
53.000000	54.000000	-0.005227	-0.015653	-0.073933	-0.005219	-0.015654	-0.073917	-0.024301	0.111599	0.061379	-1.585447	-0.995152	0.007447	1.000000
50.000000	53.000000	0.010493	-0.015898	-0.075228	0.010501	-0.015868	-0.075239	0.051933	-0.033426	0.036991	-1.065314	-0.884833	-1.464040	1.000000
57.000000	71.000000	-0.006772	-0.009103	-0.086161	-0.006772	-0.009103	-0.086161	-0.095417	0.020583	-0.084750	-1.000000	9.249999	7.749999	1.000000
56.000000	59.000000	-0.012389	0.014232	-0.074063	-0.012396	0.014236	-0.074057	0.043326	-0.172180	-0.036775	-10.140543	3.068627	-3.352489	1.000000
68.000000	51.000000	0.012705	-0.009979	-0.062054	0.012680	-0.009978	-0.062032	0.115208	0.166370	-0.049806	1.360140	0.254953	4.742424	1.000000
49.000000	55.000000	-0.011495	-0.004467	-0.071463	-0.011456	-0.004497	-0.071355	-0.033868	0.058868	0.078984	0.094215	-0.988766	0.513589	1.000000
33.000000	-1.000000	0.005313	-0.012254	-0.082115	0.000000	0.000000	0.000000	0.000000	0.000000	0.000000	0.000000	0.000000	0.000000	0.000000
67.000000	60.000000	-0.011180	-0.015111	-0.077703	-0.011140	-0.015064	-0.077708	-0.008111	0.025623	0.039449	-0.015951	2.162597	0.455749	1.000000
39.000000	69.000000	-0.013265	0.006931	-0.061357	-0.013248	0.006927	-0.061333	-0.033622	0.017642	0.106489	1.276496	0.052545	0.397700	1.000000
61.000000	64.000000	-0.004838	0.011930	-0.065300	-0.004842	0.011938	-0.065296	-0.003678	0.013567	0.141655	-0.692071	2.218372	1.245557	1.000000
60.000000	-1.000000	0.004183	0.008334	-0.077485	0.000000	0.000000	0.000000	0.000000	0.000000	0.000000	0.000000	0.000000	0.000000	0.000000
52.000000	70.000000	-0.013707	-0.006988	-0.077074	-0.013660	-0.007015	-0.076973	-0.068595	-0.030021	0.043641	2.326243	-0.866489	0.580961	1.000000
47.000000	49.000000	0.002427	0.014020	-0.083134	0.002359	0.014012	-0.083077	-0.095914	-0.030854	-0.029261	3.211413	-1.790779	-0.381528	1.000000
64.000000	72.000000	-0.013937	0.008901	-0.062504	-0.013927	0.008877	-0.062524	-0.069464	0.034984	0.117547	0.007992	0.281968	-0.937562	1.000000
69.000000	52.000000	0.013365	0.009656	-0.079384	0.013356	0.009654	-0.079382	-0.101227	0.070511	0.057535	0.660502	0.909968	-0.499420	1.000000
0.000000	62.000000	-0.011153	-0.011789	-0.085216	0.000000	0.000000	0.000000	0.000000	0.000000	0.000000	0.000000	0.000000	0.000000	0.000000
63.000000	74.000000	0.004135	-0.013958	-0.085544	0.004094	-0.013965	-0.085445	0.082012	0.086150	-0.026045	-1.054945	2.855644	10.340658	1.000000
70.000000	76.000000	0.000461	-0.016541	-0.062975	0.000512	-0.016507	-0.062996	-0.075461	0.104314	-0.010068	0.365457	-1.894276	0.661557	1.000000
