3.000000	1.000000	-0.003275	0.003486	-0.069645	-0.003262	0.003490	-0.069677	-0.028110	-0.025722	-0.020285	0.150844	0.565024	-0.088012	1.000000
2.000000	6.000000	0.009606	-0.001025	-0.064302	0.009597	-0.001026	-0.064306	-0.079706	0.107511	0.028721	-0.350984	0.001322	0.042067	1.000000
5.000000	42.000000	-0.005178	0.005251	-0.065965	-0.005197	0.005239	-0.066003	-0.099150	0.008969	-0.020168	0.330136	0.787995	-0.400970	1.000000
1.000000	5.000000	0.000943	0.005033	-0.069121	0.000944	0.005029	-0.069122	-0.006054	-0.015013	0.045327	-0.344230	-1.144618	0.124751	1.000000
6.000000	19.000000	-0.004282	-0.005598	-0.065576	-0.004278	-0.005590	-0.065576	0.032868	0.060548	0.036231	-0.703431	-0.126170	-1.166290	1.000000
34.000000	13.000000	-0.004477	-0.002731	-0.067226	-0.004469	-0.002726	-0.067200	-0.040776	0.067136	-0.037072	0.065715	0.263173	0.286814	1.000000
8.000000	10.000000	0.012120	-0.005736	-0.071459	0.012126	-0.005739	-0.071447	0.004950	0.106264	-0.026657	0.531985	-1.012459	-0.056614	1.000000
7.000000	3.000000	-0.007359	0.000614	-0.069479	-0.007367	0.000613	-0.069449	-0.008173	0.058272	-0.001207	-1.174433	0.984130	-0.071577	1.000000
13.000000	12.000000	-0.004774	-0.000552	-0.065579	-0.004767	-0.000564	-0.065562	0.010600	0.029328	-0.045598	0.270617	0.388162	-1.195726	1.000000
38.000000	22.000000	0.000716	0.006672	-0.064043	0.000701	0.006652	-0.064039	0.015616	-0.014303	0.025324	0.511100	0.428460	-0.674879	1.000000
25.000000	8.000000	0.002285	-0.005233	-0.073694	0.002298	-0.005240	-0.073699	-0.026728	0.041077	-0.057908	0.513537	-1.547037	1.231924	1.000000
9.000000	9.000000	0.006268	0.003105	-0.070384	0.006260	0.003130	-0.070403	0.032260	0.009881	-0.012815	0.492689	3.549147	-2.489465	1.000000
19.000000	14.000000	-0.006283	0.002176	-0.070611	-0.006288	0.002172	-0.070611	-0.076532	0.110001	-0.038685	-1.335381	-1.161387	-0.081080	1.000000
4.000000	39.000000	0.000180	0.010756	-0.076825	0.000173	0.010745	-0.076850	0.009265	-0.037685	0.018131	-2.493053	0.101073	-1.295573	1.000000
15.000000	23.000000	0.003458	-0.004319	-0.082189	0.003458	-0.004299	-0.082206	0.026707	0.061801	0.049582	3.557631	1.651267	0.911699	1.000000
12.000000	36.000000	0.006480	0.012320	-0.080031	0.006487	0.012346	-0.079937	0.028805	0.102737	-0.024523	1.004458	1.123354	0.687405	1.000000
14.000000	17.000000	0.000295	0.003017	-0.068619	0.000289	0.003018	-0.068632	-0.050976	0.015060	0.046687	-0.068271	0.294102	-0.394997	1.000000
18.000000	32.000000	0.006811	-0.000680	-0.076813	0.006811	-0.000676	-0.076783	0.003219	0.094184	0.044092	1.463052	1.215972	-1.424203	1.000000
66.000000	18.000000	-0.007101	-0.007684	-0.064651	-0.007120	-0.007709	-0.064653	0.025741	0.016698	0.010602	-0.628852	-0.327840	0.915607	1.000000
21.000000	21.000000	-0.001661	0.003570	-0.077734	-0.001666	0.003567	-0.077733	-0.073674	0.044872	-0.004499	-1.080775	-1.237384	0.495438	1.000000
46.000000	30.000000	0.003884	0.008968	-0.067291	0.003883	0.008978	-0.067356	0.003294	0.037775	0.098994	1.207124	0.662008	1.678418	1.000000
20.000000	24.000000	-0.004133	-0.010059	-0.064007	-0.004131	-0.010062	-0.063999	-0.023866	0.063066	-0.021797	0.613235	0.469234	1.776910	1.000000
78.000000	64.000000	0.006128	0.004190	-0.061195	0.006152	0.004170	-0.061192	0.028147	0.126989	0.039411	1.003492	-0.021435	0.869639	1.000000
22.000000	44.000000	-0.009967	0.007317	-0.081355	-0.009968	0.007317	-0.081363	-0.075150	0.003180	0.039238	0.085916	0.014250	0.087187	1.000000
33.000000	25.000000	-0.003743	-0.006025	-0.078328	-0.003736	-0.006022	-0.078338	-0.055845	0.008006	-0.013610	-0.961173	0.131118	-0.229531	1.000000
23.000000	26.000000	0.007157	-0.011910	-0.076141	0.007163	-0.011908	-0.076115	-0.019085	-0.000798	0.041059	-0.791992	-0.119996	-1.469390	1.000000
26.000000	31.000000	0.007063	-0.006441	-0.082454	0.007071	-0.006447	-0.082410	0.009885	0.017630	0.103248	-1.165616	-3.862300	2.904183	1.000000
28.000000	29.000000	-0.010605	0.006145	-0.077811	-0.010612	0.006127	-0.077786	-0.099832	0.059480	0.032460	-0.650443	1.527868	-1.894781	1.000000
30.000000	33.000000	-0.008123	-0.010752	-0.067094	-0.008116	-0.010752	-0.067094	-0.059301	0.004837	0.028030	-1.560589	0.784258	-0.302424	1.000000
32.000000	56.000000	-0.011656	-0.001519	-0.072064	-0.011655	-0.001516	-0.072044	-0.045840	-0.018935	-0.023711	-2.466073	-0.663313	-0.200142	1.000000
45.000000	27.000000	0.011710	-0.013205	-0.074118	0.011742	-0.013223	-0.074077	-0.043992	-0.001805	-0.092478	-0.143585	-2.257429	0.646030	1.000000
16.000000	7.000000	0.007046	-0.002755	-0.075755	0.007045	-0.002730	-0.075719	0.050912	0.045647	0.071647	1.245141	0.129053	-1.202703	1.000000
17.000000	11.000000	0.003832	-0.001554	-0.074345	0.003788	-0.001549	-0.074316	0.004235	0.053499	-0.046983	-2.584921	0.177821	-0.051012	1.000000
37.000000	49.000000	-0.009345	0.001592	-0.077946	-0.009339	0.001600	-0.077958	-0.031662	0.079053	0.033798	2.431847	-0.731089	-2.801426	1.000000
36.000000	28.000000	0.004630	0.000510	-0.080325	0.004622	0.000509	-0.080320	0.001929	0.097952	0.029564	-0.116044	1.028782	-0.513901	1.000000
73.000000	35.000000	-0.004024	0.002515	-0.066681	-0.004025	0.002503	-0.066689	0.011480	0.091624	-0.000648	-0.908274	-0.378562	0.516278	1.000000
43.000000	43.000000	-0.013914	-0.007634	-0.073183	-0.013908	-0.007646	-0.073170	-0.049993	0.024243	0.045917	-0.579482	-0.485928	-0.253403	1.000000
10.000000	40.000000	-0.002431	-0.005284	-0.064308	-0.002489	-0.005265	-0.064404	0.014261	0.075369	0.006205	-1.225660	-1.575136	1.001872	1.000000
50.000000	2.000000	0.003424	0.002134	-0.073443	0.003398	0.002031	-0.073454	-0.009687	0.014182	-0.025958	-3.552349	-0.204501	-1.454961	1.000000
24.000000	41.000000	0.003169	0.001109	-0.068826	0.003235	0.001095	-0.068940	-0.070061	-0.028259	0.004579	4.447896	-1.657152	1.825983	1.000000
42.000000	45.000000	0.002575	-0.000293	-0.082155	0.002583	-0.000260	-0.082132	-0.062898	0.077653	0.012913	2.414982	0.196247	-1.870360	1.000000
51.000000	50.000000	-0.008312	0.007867	-0.065033	-0.008307	0.007852	-0.065028	-0.104980	0.026234	0.029806	0.710831	1.016271	-0.729806	1.000000
65.000000	51.000000	-0.004907	-0.011787	-0.074412	-0.004890	-0.011800	-0.074395	-0.097873	0.039730	-0.021445	2.033842	0.074044	4.012957	1.000000
49.000000	55.000000	-0.005584	-0.013892	-0.071932	-0.005572	-0.013901	-0.071936	0.016528	0.013719	0.041556	-1.085991	-0.443230	-0.402256	1.000000
52.000000	52.000000	0.006054	-0.008482	-0.071663	0.006054	-0.008483	-0.071651	-0.062969	0.031807	-0.057426	0.641795	0.407531	0.429968	1.000000
41.000000	76.000000	0.002207	0.008184	-0.085011	0.002153	0.008218	-0.084926	-0.063348	0.210938	-0.021534	-1.769919	-0.535306	3.163214	1.000000
57.000000	54.000000	0.008429	0.003348	-0.085717	0.008414	0.003327	-0.085758	0.046806	0.207652	0.019162	0.728264	1.457108	-2.005289	1.000000
53.000000	70.000000	0.006254	-0.003035	-0.059974	0.006267	-0.003027	-0.059971	0.044395	0.063781	-0.035448	-1.135365	1.531968	-0.340659	1.000000
76.000000	62.000000	-0.010348	0.002946	-0.086042	-0.010371	0.002926	-0.086073	-0.131744	0.017093	0.120336	10.983099	0.464744	13.081292	1.000000
55.000000	59.000000	-0.012738	-0.003990	-0.063307	-0.012744	-0.003979	-0.063299	0.001242	-0.006586	0.030082	-0.754814	0.045982	-1.553085	1.000000
68.000000	61.000000	-0.013276	-0.006662	-0.065363	-0.013268	-0.006687	-0.065352	-0.028977	0.012330	-0.040295	-2.490869	0.054467	-0.043642	1.000000
47.000000	79.000000	0.003643	-0.007748	-0.079324	0.003676	-0.007752	-0.079268	0.031193	-0.015107	0.069809	-3.812187	-0.232767	-8.383616	1.000000
35.000000	78.000000	0.004876	-0.007897	-0.061365	0.004895	-0.007900	-0.061354	-0.023934	0.036662	-0.101489	-1.303946	3.258741	-7.282717	1.000000
67.000000	69.000000	-0.003433	-0.010568	-0.085880	-0.003469	-0.010591	-0.085827	0.017214	0.031900	0.045739	1.870130	-0.015332	-5.209054	1.000000
61.000000	80.000000	-0.014061	0.002045	-0.062056	-0.014074	0.002029	-0.062088	-0.036933	-0.005435	0.003735	-0.192208	0.871452	-2.527090	1.000000
60.000000	63.000000	0.000740	-0.000011	-0.086108	0.000723	-0.000025	-0.086059	-0.047087	0.150494	0.023272	-1.234266	3.064935	-3.287962	1.000000
11.000000	37.000000	0.004044	-0.004109	-0.065158	0.004043	-0.004114	-0.065143	-0.110868	0.087859	-0.056721	0.980668	-0.721530	1.609483	1.000000
48.000000	15.000000	0.008255	0.010189	-0.075144	0.008249	0.010203	-0.075175	0.100873	0.063948	0.021099	1.268039	2.573709	-0.606638	1.000000
56.000000	66.000000	-0.008017	0.000199	-0.071571	-0.008024	0.000181	-0.071542	-0.021600	0.061134	0.004375	-1.350218	-0.396735	-0.790090	1.000000
27.000000	16.000000	-0.005774	-0.003747	-0.082950	-0.005770	-0.003704	-0.082989	-0.022772	0.006941	0.014900	-0.779756	0.957324	-1.268277	1.000000
29.000000	4.000000	0.014073	-0.003014	-0.070039	0.013983	-0.003095	-0.070088	-0.060929	0.081904	-0.002158	2.043859	-3.050567	0.286507	1.000000
72.000000	53.000000	-0.012855	-0.003682	-0.077817	-0.012841	-0.003643	-0.077866	-0.070327	-0.015898	0.052994	-1.601393	-1.190144	0.560113	1.000000
40.000000	20.000000	0.011922	-0.001653	-0.079053	0.011908	-0.001668	-0.079115	0.023000	0.089258	0.088624	2.272029	-0.174567	-0.456633	1.000000
64.000000	38.000000	-0.009220	-0.010273	-0.074255	-0.009149	-0.010304	-0.074085	0.013360	-0.022262	0.008562	1.531673	-0.605321	-1.037291	1.000000
44.000000	65.000000	0.001923	-0.006195	-0.082604	0.001963	-0.006168	-0.082596	0.075251	0.062164	0.080052	1.490683	-0.536019	0.739338	1.000000
31.000000	47.000000	0.010730	-0.011720	-0.074198	0.010726	-0.011704	-0.074164	-0.026554	0.063240	0.033712	-0.313590	-0.189382	1.612210	1.000000
39.000000	34.000000	-0.002616	0.000819	-0.082106	-0.002615	0.000855	-0.082106	-0.032905	0.101017	-0.020184	-0.432004	1.245319	-0.042668	1.000000
75.000000	60.000000	-0.011419	-0.006459	-0.084578	-0.011402	-0.006438	-0.084608	0.084718	-0.069975	0.051276	-2.430070	1.464286	-1.932317	1.000000
54.000000	73.000000	-0.011710	-0.007518	-0.075301	-0.011740	-0.007519	-0.075347	-0.013321	0.004406	-0.002742	-0.767482	-3.026223	-3.997669	1.000000
58.000000	-1.000000	0.007576	0.012533	-0.067757	0.000000	0.000000	0.000000	0.000000	0.000000	0.000000	0.000000	0.000000	0.000000	0.000000
85.000000	87.000000	0.009635	-0.015656	-0.073232	0.009626	-0.015688	-0.073223	0.055093	-0.004982	0.023220	1.733230	1.878870	-0.513158	1.000000
69.000000	57.000000	-0.002782	0.011683	-0.067720	-0.002759	0.011664	-0.067740	-0.105576	-0.174572	0.055570	0.106148	1.722470	-5.417402	1.000000
71.000000	48.000000	-0.001606	-0.013587	-0.068342	-0.001665	-0.013555	-0.068204	-0.032676	0.046170	-0.197251	1.241259	-1.116633	2.642607	1.000000
70.000000	68.000000	-0.013360	0.011920	-0.077330	-0.013300	0.011930	-0.077195	-0.074503	0.081659	0.039201	0.881222	-0.736129	3.691365	1.000000
74.000000	71.000000	-0.014031	-0.000425	-0.061610	-0.014063	-0.000406	-0.061609	-0.023900	0.010084	0.018457	0.048225	0.938253	-1.266150	1.000000
63.000000	-1.000000	-0.009311	0.005072	-0.083726	0.000000	0.000000	0.000000	0.000000	0.000000	0.000000	0.000000	0.000000	0.000000	0.000000
59.000000	58.000000	-0.005080	0.004796	-0.060837	-0.005102	0.004788	-0.060779	-0.046056	0.031679	0.092014	1.281645	0.082228	0.896880	1.000000
62.000000	75.000000	0.004269	0.000422	-0.085192	0.004248	0.000400	-0.085201	0.101467	0.189243	0.089474	3.858250	-0.130723	7.325522	1.000000
86.000000	74.000000	0.001498	0.013762	-0.070488	0.001491	0.013784	-0.070478	0.008521	-0.191175	0.029743	-0.466073	-0.047020	0.745678	1.000000
0.000000	86.000000	0.011859	-0.013090	-0.063328	0.000000	0.000000	0.000000	0.000000	0.000000	0.000000	0.000000	0.000000	0.000000	0.000000
77.000000	77.000000	-0.011174	0.011247	-0.084988	-0.011179	0.011247	-0.084996	-0.019417	0.140404	0.002645	2.105644	-1.027972	-2.852897	1.000000
81.000000	81.000000	0.007331	0.014197	-0.085512	0.007350	0.014190	-0.085503	0.037383	0.078570	-0.014722	-3.161338	-4.727023	12.619379	1.000000
80.000000	67.000000	0.003641	-0.007440	-0.079825	0.003635	-0.007479	-0.079816	0.018380	-0.016518	0.046243	0.854146	-6.061688	-2.400599	1.000000
82.000000	82.000000	-0.017796	0.006034	-0.075568	-0.017782	0.006026	-0.075545	-0.149698	-0.020857	-0.003569	-0.911089	1.613137	2.402098	1.000000
83.000000	-1.000000	0.003594	0.016847	-0.060128	0.000000	0.000000	0.000000	0.000000	0.000000	0.000000	0.000000	0.000000	0.000000	0.000000
79.000000	83.000000	0.008599	0.012011	-0.072852	0.008565	0.012010	-0.072815	-0.012845	0.046295	-0.026211	2.272727	-2.914502	3.477814	1.000000
84.000000	84.000000	0.003794	0.015982	-0.066338	0.003788	0.015976	-0.066324	-0.045057	0.027965	0.015602	1.155031	-4.306466	-2.767332	1.000000
0.000000	72.000000	-0.005491	-0.012146	-0.086557	0.000000	0.000000	0.000000	0.000000	0.000000	0.000000	0.000000	0.000000	0.000000	0.000000
