10.000000	1.000000	-0.001986	0.003056	-0.066684	-0.001975	0.003063	-0.066638	-0.050043	-0.008955	0.098071	-1.316136	-2.230877	-3.458293	1.000000
5.000000	2.000000	0.008807	0.000440	-0.062859	0.008794	0.000442	-0.062885	0.064115	0.091329	0.093207	-0.938832	1.040670	1.379736	1.000000
8.000000	21.000000	0.004643	0.004164	-0.074705	0.004610	0.004182	-0.074645	-0.037554	0.081789	0.088615	-0.869833	-1.060202	-0.261694	1.000000
19.000000	3.000000	-0.003459	-0.000598	-0.075525	-0.003463	-0.000607	-0.075478	0.059159	0.003363	0.039946	-0.615345	-3.454226	1.237288	1.000000
3.000000	33.000000	-0.001013	-0.002281	-0.070384	-0.001036	-0.002293	-0.070356	-0.051666	-0.050194	0.003137	1.299905	-0.141260	-1.626512	1.000000
0.000000	18.000000	0.001749	0.002030	-0.060489	0.000000	0.000000	0.000000	0.000000	0.000000	0.000000	0.000000	0.000000	0.000000	0.000000
1.000000	6.000000	-0.003149	0.008191	-0.083082	-0.003128	0.008198	-0.083074	-0.039348	-0.082980	0.048772	4.674289	0.493132	0.154102	1.000000
34.000000	7.000000	0.010796	-0.006914	-0.062720	0.010779	-0.006905	-0.062740	0.048813	-0.033617	0.046531	1.434693	1.391468	4.221752	1.000000
26.000000	63.000000	0.009513	0.004823	-0.070807	0.009512	0.004802	-0.070777	0.028752	0.051099	0.035608	-0.775053	-0.492749	-1.352351	1.000000
51.000000	20.000000	0.005411	-0.002337	-0.079829	0.005425	-0.002370	-0.079845	-0.022654	-0.065600	0.051366	0.717421	-0.656483	-4.393897	1.000000
14.000000	37.000000	0.000639	0.011232	-0.076884	0.000649	0.011246	-0.076929	0.041340	-0.066874	-0.061267	-1.708632	1.185696	-0.363800	1.000000
6.000000	34.000000	-0.006773	-0.004383	-0.069481	-0.006755	-0.004402	-0.069499	0.032777	0.020339	0.096276	3.335314	-0.555492	-1.046116	1.000000
28.000000	29.000000	-0.008257	-0.009748	-0.073268	-0.008242	-0.009745	-0.073239	-0.009461	0.000432	0.038303	0.231752	-0.428881	0.641551	1.000000
2.000000	13.000000	0.000737	0.008091	-0.074266	0.000720	0.008091	-0.074254	-0.013271	0.034244	0.045806	0.286257	-1.825700	0.197992	1.000000
9.000000	12.000000	0.000312	0.009082	-0.083382	0.000306	0.009077	-0.083351	-0.013478	-0.022869	0.057972	0.925993	1.234925	-0.909403	1.000000
4.000000	51.000000	-0.002929	-0.005289	-0.076374	-0.002920	-0.005284	-0.076386	-0.049057	0.053315	-0.037713	-0.217867	-0.066651	0.330396	1.000000
20.000000	8.000000	-0.002436	-0.009405	-0.071360	-0.002435	-0.009417	-0.071355	-0.049700	0.020040	-0.049099	-0.246085	-1.545752	1.400606	1.000000
50.000000	4.000000	0.005904	-0.001548	-0.082215	0.005926	-0.001564	-0.082239	-0.034158	0.131527	0.109201	-1.300819	-1.218989	0.152984	1.000000
12.000000	36.000000	0.012568	-0.000348	-0.076568	0.012539	-0.000351	-0.076583	-0.047320	0.131861	0.093665	-0.847079	-0.850539	-0.561585	1.000000
32.000000	43.000000	-0.002529	-0.005275	-0.068516	-0.002495	-0.005307	-0.068439	0.032878	0.055288	-0.054981	-2.276397	-1.351006	-1.565522	1.000000
15.000000	11.000000	-0.007816	-0.010015	-0.069674	-0.007800	-0.010027	-0.069710	-0.048763	0.086759	0.085136	-0.339921	-1.087789	-0.088851	1.000000
7.000000	10.000000	-0.000790	0.001605	-0.079987	-0.000787	0.001627	-0.079942	-0.033807	0.099075	0.015441	-0.769228	0.228721	0.183267	1.000000
11.000000	31.000000	0.004968	0.000812	-0.074146	0.004940	0.000808	-0.074180	-0.060667	0.114685	0.104501	-1.935919	-0.884885	0.271271	1.000000
23.000000	14.000000	-0.009147	0.006591	-0.079204	-0.009160	0.006606	-0.079141	-0.109668	-0.019719	-0.039706	-3.339557	2.330426	-0.644930	1.000000
42.000000	5.000000	-0.005254	0.004449	-0.074577	-0.005280	0.004447	-0.074600	-0.077317	-0.026814	0.058883	0.268886	-1.847440	0.459427	1.000000
18.000000	17.000000	-0.013606	0.006352	-0.073253	-0.013599	0.006345	-0.073266	-0.001375	0.006588	-0.028905	0.289860	0.657583	-0.630702	1.000000
25.000000	27.000000	0.009923	0.013961	-0.075177	0.009946	0.013952	-0.075160	0.022990	0.063839	0.077543	2.555690	-0.334392	-0.956299	1.000000
71.000000	19.000000	0.012243	-0.000757	-0.077282	0.012264	-0.000767	-0.077343	-0.055623	0.147309	0.094874	-0.168601	-0.559643	-1.344005	1.000000
37.000000	52.000000	0.008254	-0.012896	-0.071333	0.008253	-0.012911	-0.071336	0.008097	-0.008371	-0.050057	1.654990	0.114342	0.000721	1.000000
27.000000	46.000000	-0.004313	-0.001969	-0.067705	-0.004256	-0.002058	-0.067707	-0.020923	0.117650	-0.036255	2.775474	-8.039710	0.644605	1.000000
60.000000	49.000000	0.009215	0.002728	-0.080234	0.009202	0.002757	-0.080205	-0.029308	0.022810	0.128276	0.424515	4.040573	3.375308	1.000000
30.000000	15.000000	-0.013374	0.002264	-0.070809	-0.013461	0.002262	-0.070750	0.110377	-0.005722	0.065035	-5.628168	-3.137210	1.561302	1.000000
35.000000	25.000000	0.007049	-0.007079	-0.083911	0.007038	-0.007084	-0.083899	0.057641	0.130436	-0.017243	-1.756835	1.415844	3.320388	1.000000
47.000000	23.000000	-0.001807	-0.006398	-0.070038	-0.001779	-0.006414	-0.069962	0.037898	0.024404	-0.083089	-1.368139	-1.450437	-2.481166	1.000000
41.000000	22.000000	-0.006498	0.009560	-0.065251	-0.006521	0.009573	-0.065284	0.010930	0.000458	0.076252	-0.597826	-0.000193	0.809771	1.000000
38.000000	38.000000	-0.012082	-0.011737	-0.077251	-0.012034	-0.011725	-0.077178	-0.015539	0.061261	-0.019369	0.300343	-1.137827	-1.609015	1.000000
17.000000	58.000000	0.001732	-0.010137	-0.062420	0.001731	-0.010135	-0.062424	-0.075228	0.134622	-0.012664	0.602039	-0.666253	-1.253648	1.000000
33.000000	26.000000	-0.002364	-0.003846	-0.081695	-0.002367	-0.003865	-0.081665	-0.029127	-0.034351	-0.063223	-2.126861	-2.565886	2.913311	1.000000
39.000000	30.000000	0.009946	0.008080	-0.063132	0.009951	0.008050	-0.063205	-0.001891	0.072371	0.014216	-0.330448	-0.416223	-0.889967	1.000000
29.000000	35.000000	-0.012882	-0.002819	-0.067191	-0.012885	-0.002825	-0.067219	-0.023562	-0.000623	0.064562	-0.094988	-1.075099	-0.543835	1.000000
21.000000	41.000000	-0.003884	0.006160	-0.084399	-0.003899	0.006272	-0.084456	-0.039207	0.019478	-0.099892	0.760268	0.438980	0.128384	1.000000
16.000000	24.000000	-0.002250	0.000183	-0.068314	-0.002256	0.000177	-0.068304	-0.074768	0.017034	0.041581	0.888496	-0.432999	0.785506	1.000000
36.000000	32.000000	0.001437	-0.011478	-0.064262	0.001451	-0.011499	-0.064281	-0.024614	0.118479	0.023570	-4.972963	-1.908251	-0.729516	1.000000
46.000000	42.000000	-0.001152	0.011548	-0.085865	-0.001129	0.011549	-0.085836	-0.019841	-0.049359	-0.044281	2.105382	-0.011806	1.107574	1.000000
13.000000	9.000000	0.013248	-0.012105	-0.072998	0.013299	-0.012118	-0.072986	0.066881	0.003750	0.008175	0.390569	0.956997	0.503901	1.000000
45.000000	40.000000	0.009606	0.012041	-0.071827	0.009638	0.012047	-0.071819	0.008854	0.016071	0.050446	1.450868	-1.402634	0.398920	1.000000
43.000000	44.000000	0.009109	-0.011011	-0.072321	0.009119	-0.011016	-0.072333	0.016567	0.012467	0.013517	1.639781	0.689671	-0.633265	1.000000
62.000000	68.000000	0.008039	-0.006751	-0.084260	0.008014	-0.006755	-0.084361	0.060253	0.158424	0.026624	-0.703765	-0.554482	-0.917382	1.000000
44.000000	55.000000	-0.003516	-0.004037	-0.085351	-0.003521	-0.004061	-0.085354	-0.091630	-0.035604	-0.016641	1.243841	-1.044132	-1.196402	1.000000
49.000000	53.000000	-0.012478	-0.011620	-0.076029	-0.012495	-0.011628	-0.075986	0.006682	0.041050	-0.021200	0.690060	1.641109	-3.802697	1.000000
31.000000	16.000000	-0.011479	0.006547	-0.071337	-0.011467	0.006572	-0.071369	0.001465	-0.074442	0.007427	1.648392	2.014294	-1.444969	1.000000
24.000000	56.000000	0.008629	-0.008674	-0.076437	0.008643	-0.008685	-0.076417	0.079442	0.036022	0.022111	0.479323	0.697918	-0.030900	1.000000
53.000000	28.000000	-0.012288	0.007835	-0.067853	-0.012294	0.007836	-0.067897	0.017088	0.000089	0.047887	2.982964	-1.142538	-1.507355	1.000000
55.000000	54.000000	0.014745	-0.004086	-0.072923	0.014743	-0.004080	-0.072951	-0.006587	0.043409	0.144869	0.479739	-1.341801	0.028500	1.000000
22.000000	-1.000000	0.007126	-0.007391	-0.081131	0.000000	0.000000	0.000000	0.000000	0.000000	0.000000	0.000000	0.000000	0.000000	0.000000
58.000000	59.000000	-0.010391	-0.014790	-0.079147	-0.010372	-0.014764	-0.079201	0.012452	-0.022359	0.038478	-1.312412	0.556013	-2.443793	1.000000
52.000000	65.000000	0.012000	-0.000754	-0.075711	0.012014	-0.000742	-0.075712	-0.050159	0.129771	0.106967	-0.682368	-0.654990	-0.040997	1.000000
59.000000	57.000000	-0.014812	-0.009258	-0.074350	-0.014827	-0.009218	-0.074354	0.020367	-0.036227	0.041498	1.837603	0.598710	-1.371073	1.000000
63.000000	61.000000	-0.000380	-0.014447	-0.084283	-0.000402	-0.014449	-0.084232	0.049158	0.024787	-0.023436	4.133407	-0.291976	-6.930334	1.000000
0.000000	-1.000000	0.005861	0.014908	-0.075639	0.000000	0.000000	0.000000	0.000000	0.000000	0.000000	0.000000	0.000000	0.000000	0.000000
73.000000	62.000000	0.000299	0.005158	-0.086414	0.000320	0.005173	-0.086472	-0.057217	-0.016043	0.014978	-0.085313	0.161307	-1.964420	1.000000
54.000000	47.000000	0.005554	-0.001476	-0.070734	0.005520	-0.001393	-0.070678	-0.083515	0.031695	0.071513	-2.397315	0.516070	-1.273767	1.000000
40.000000	64.000000	-0.014391	-0.008888	-0.066112	-0.014424	-0.008848	-0.066109	-0.042821	-0.071094	0.024538	1.612180	-0.161201	0.024079	1.000000
56.000000	66.000000	0.008145	0.003562	-0.082108	0.008186	0.003559	-0.082140	-0.052307	0.018081	0.079630	-0.566755	-0.258395	1.176536	1.000000
69.000000	39.000000	0.006462	0.001699	-0.080024	0.006451	0.001690	-0.080011	-0.078743	0.049182	0.089246	-1.044875	0.388726	0.360397	1.000000
57.000000	67.000000	-0.006851	0.012572	-0.063627	-0.006847	0.012555	-0.063612	-0.013275	0.017370	0.107988	-0.210526	-0.019926	-0.353205	1.000000
67.000000	-1.000000	0.003987	0.014287	-0.070735	0.000000	0.000000	0.000000	0.000000	0.000000	0.000000	0.000000	0.000000	0.000000	0.000000
70.000000	69.000000	-0.015959	0.008931	-0.070438	-0.015948	0.008935	-0.070447	-0.005360	0.050452	0.012111	0.800596	0.997585	-0.552297	1.000000
68.000000	60.000000	0.011633	-0.008697	-0.085802	0.011580	-0.008697	-0.085717	0.039055	0.189883	0.074875	-0.712808	0.049857	1.213940	1.000000
72.000000	70.000000	0.015472	0.006397	-0.064988	0.015464	0.006409	-0.064984	0.036474	0.111978	0.029573	0.175822	0.639989	-0.598628	1.000000
74.000000	50.000000	0.007185	-0.013226	-0.063720	0.007188	-0.013213	-0.063771	-0.142703	0.205051	-0.033386	-3.173659	3.729021	1.443473	1.000000
0.000000	71.000000	0.010986	0.001175	-0.086152	0.000000	0.000000	0.000000	0.000000	0.000000	0.000000	0.000000	0.000000	0.000000	0.000000
75.000000	72.000000	-0.013750	-0.013341	-0.079627	-0.013743	-0.013349	-0.079619	0.019884	-0.015031	0.066406	-1.683067	2.594156	-7.300948	1.000000
