1.000000	10.000000	0.010001	0.001915	-0.068745	0.010002	0.001918	-0.068763	-0.028737	0.030721	-0.111731	0.510171	-0.595463	-0.285142	1.000000
2.000000	5.000000	-0.001303	-0.002632	-0.070967	-0.001311	-0.002662	-0.070917	-0.013497	-0.028914	-0.001433	-1.048932	-1.755490	1.444181	1.000000
3.000000	2.000000	0.000260	0.000464	-0.073591	0.000236	0.000437	-0.073480	-0.077897	0.042460	0.069046	-0.670176	0.297007	0.124290	1.000000
14.000000	4.000000	-0.008598	0.000914	-0.062826	-0.008578	0.000892	-0.062786	0.043187	0.048465	0.056620	-3.101190	5.708874	-5.268398	1.000000
12.000000	8.000000	0.003741	0.006234	-0.077021	0.003741	0.006238	-0.077020	-0.060277	-0.009131	0.033914	-0.157575	-1.371318	-0.264250	1.000000
11.000000	9.000000	0.012838	-0.000510	-0.070401	0.012842	-0.000503	-0.070385	0.045549	0.004336	0.003256	1.097128	0.636319	2.021538	1.000000
25.000000	1.000000	0.009079	-0.002578	-0.060450	0.009059	-0.002584	-0.060418	0.005248	0.232545	-0.025663	0.206135	-1.373614	-0.834252	1.000000
4.000000	15.000000	0.003951	-0.008351	-0.079842	0.003959	-0.008346	-0.079818	-0.039730	0.085157	0.033963	-1.321324	0.161728	-0.583115	1.000000
19.000000	3.000000	-0.002216	-0.008111	-0.067387	-0.002225	-0.008121	-0.067403	0.019269	0.032833	-0.103958	-0.455192	0.485066	-0.032453	1.000000
6.000000	12.000000	0.008434	0.010591	-0.083748	0.008407	0.010489	-0.083775	-0.155682	0.116846	-0.008071	-2.558590	-4.076644	1.505022	1.000000
9.000000	23.000000	0.005758	-0.010092	-0.080428	0.005709	-0.010114	-0.080412	-0.089417	0.081358	0.100971	-1.175547	-2.129068	-3.828479	1.000000
41.000000	11.000000	-0.007233	0.005603	-0.068782	-0.007197	0.005590	-0.068802	-0.096222	-0.012621	0.049996	0.529354	0.765023	-0.177412	1.000000
5.000000	22.000000	-0.006260	-0.006682	-0.062250	-0.006232	-0.006667	-0.062283	0.038047	-0.056189	-0.035568	0.390524	3.589133	-2.320960	1.000000
13.000000	13.000000	0.010899	-0.008473	-0.079033	0.010902	-0.008468	-0.079010	-0.035892	0.070174	0.050395	-1.036777	1.048285	0.380301	1.000000
20.000000	33.000000	0.011598	0.001722	-0.079448	0.011563	0.001687	-0.079480	-0.034312	0.005162	-0.012735	0.377924	-0.876029	-0.687985	1.000000
18.000000	16.000000	-0.008313	-0.009567	-0.077570	-0.008307	-0.009575	-0.077559	-0.027204	-0.013389	0.065562	1.195414	0.578546	0.119506	1.000000
21.000000	17.000000	-0.001911	-0.009382	-0.073799	-0.001864	-0.009422	-0.073790	-0.068253	-0.026450	-0.044084	-0.050930	1.645368	1.426714	1.000000
7.000000	18.000000	-0.008852	0.005761	-0.067137	-0.008875	0.005766	-0.067126	-0.116920	0.031769	0.076576	-0.114520	0.065121	1.524243	1.000000
15.000000	14.000000	-0.003817	0.009544	-0.075175	-0.003812	0.009547	-0.075178	-0.071128	0.051344	0.092662	1.615568	0.334118	1.184054	1.000000
24.000000	25.000000	-0.003232	-0.010494	-0.062683	-0.003248	-0.010490	-0.062661	0.048033	-0.023222	-0.056131	0.159670	1.298203	0.543753	1.000000
52.000000	40.000000	0.009466	0.000755	-0.081169	0.009491	0.000749	-0.081176	0.006791	0.040521	-0.040029	0.044370	0.445102	-0.976062	1.000000
29.000000	19.000000	0.010386	-0.012447	-0.068193	0.010375	-0.012454	-0.068231	-0.039204	-0.018592	-0.050810	-0.238454	2.355932	-2.344943	1.000000
31.000000	28.000000	0.003344	-0.000158	-0.081884	0.003344	-0.000147	-0.081879	-0.065094	0.088703	0.086567	-1.094512	1.287601	1.802899	1.000000
17.000000	30.000000	0.007323	0.008427	-0.068925	0.007279	0.008442	-0.068922	-0.025369	0.081295	-0.110642	-1.623629	0.185971	2.721752	1.000000
22.000000	36.000000	0.005218	-0.002933	-0.072901	0.005219	-0.002923	-0.072890	-0.033158	0.028187	0.064996	-1.148414	0.014607	0.375472	1.000000
26.000000	34.000000	-0.012790	0.007714	-0.073330	-0.012797	0.007714	-0.073321	-0.013208	-0.009303	0.028037	-0.989971	0.626145	0.492154	1.000000
30.000000	31.000000	-0.008433	-0.000029	-0.083578	-0.008443	-0.000063	-0.083544	-0.161571	-0.049665	0.076684	-0.101138	-0.125472	-0.710588	1.000000
8.000000	6.000000	0.002329	0.001198	-0.072822	0.002304	0.001184	-0.072862	0.001005	-0.011222	0.054466	0.608384	-0.152917	-1.215474	1.000000
50.000000	32.000000	-0.011295	0.001256	-0.081400	-0.011340	0.001232	-0.081364	-0.171848	0.009118	-0.025398	-2.018150	-0.508143	0.589594	1.000000
32.000000	39.000000	0.014351	0.006490	-0.071632	0.014348	0.006496	-0.071627	-0.050040	0.084623	-0.128633	-0.195132	-0.007489	2.139120	1.000000
10.000000	21.000000	-0.003362	0.007732	-0.071673	-0.003370	0.007745	-0.071672	-0.028892	0.020449	0.073667	-0.098108	0.360211	0.042936	1.000000
38.000000	37.000000	0.012178	-0.011963	-0.077254	0.012186	-0.011974	-0.077256	-0.082217	0.059864	0.137283	0.126073	-3.956463	-1.907825	1.000000
28.000000	29.000000	-0.004165	0.012236	-0.076103	-0.004137	0.012253	-0.076148	-0.016636	0.023893	-0.013716	-0.143578	-1.666097	-1.664373	1.000000
23.000000	57.000000	0.011129	-0.006417	-0.068627	0.011145	-0.006402	-0.068679	-0.004395	-0.033286	0.094635	-0.721002	-0.501887	-0.160926	1.000000
16.000000	26.000000	-0.000265	-0.007439	-0.073848	-0.000309	-0.007418	-0.073817	-0.020765	-0.012135	-0.063202	0.912531	1.728699	0.636312	1.000000
58.000000	7.000000	0.013384	-0.006728	-0.065633	0.013309	-0.006822	-0.065486	0.036066	0.090739	0.070579	-4.441402	4.557683	3.339876	1.000000
57.000000	43.000000	-0.010726	0.004249	-0.063009	-0.010718	0.004221	-0.063025	0.028135	0.041135	0.091474	0.040529	-1.336414	-0.823368	1.000000
40.000000	42.000000	-0.008304	0.013277	-0.075319	-0.008298	0.013274	-0.075331	-0.043409	-0.015186	0.048449	-1.388451	-0.549273	1.863614	1.000000
34.000000	41.000000	0.004265	-0.010383	-0.062381	0.004281	-0.010378	-0.062402	-0.005158	0.033588	-0.017236	0.748031	1.788953	-0.867908	1.000000
43.000000	45.000000	-0.003212	-0.007606	-0.084990	-0.003225	-0.007601	-0.084987	-0.125236	-0.004945	0.049342	2.460846	-2.526717	0.192391	1.000000
42.000000	47.000000	-0.009107	-0.006855	-0.061399	-0.009115	-0.006862	-0.061373	0.113313	0.028875	0.048448	-3.169762	-1.061661	0.069208	1.000000
39.000000	20.000000	-0.008993	0.001895	-0.069560	-0.009031	0.001856	-0.069564	-0.038470	0.054962	0.119266	1.631296	-0.753477	1.066867	1.000000
45.000000	46.000000	0.010562	0.002862	-0.086096	0.010564	0.002883	-0.086103	-0.032341	0.045748	-0.025236	-0.282468	-2.461580	-2.055736	1.000000
44.000000	64.000000	-0.004994	0.012997	-0.071734	-0.005006	0.013006	-0.071722	0.007663	-0.005320	0.084632	-0.513448	-1.245787	1.191157	1.000000
48.000000	49.000000	-0.014059	0.006857	-0.065198	-0.014057	0.006840	-0.065178	-0.046268	0.012943	0.077714	1.158886	-0.532228	-0.974250	1.000000
65.000000	50.000000	-0.012575	-0.005315	-0.079335	-0.012544	-0.005305	-0.079320	-0.068645	-0.000536	0.005432	1.741309	0.004747	-0.137718	1.000000
49.000000	27.000000	-0.007315	-0.006510	-0.077153	-0.007290	-0.006485	-0.077171	-0.113563	-0.002829	0.010292	-2.202505	-0.473663	-2.082984	1.000000
51.000000	52.000000	-0.012980	-0.009827	-0.071799	-0.012988	-0.009831	-0.071764	-0.014211	0.057368	0.074192	6.865134	-1.618631	-3.029970	1.000000
54.000000	24.000000	0.009823	-0.011262	-0.073127	0.009836	-0.011288	-0.073197	0.062795	-0.012354	-0.028362	0.422827	-1.104895	-10.932566	1.000000
59.000000	68.000000	-0.011900	-0.010126	-0.081609	-0.011895	-0.010125	-0.081607	-0.032789	-0.013235	-0.011147	1.640859	1.200799	-5.449300	1.000000
53.000000	55.000000	0.009529	0.013826	-0.081758	0.009509	0.013827	-0.081761	-0.120543	0.021212	0.015773	-0.635255	-0.744324	-2.972007	1.000000
55.000000	35.000000	-0.009401	-0.007907	-0.075623	-0.009385	-0.007942	-0.075574	-0.059485	0.049323	0.060875	1.121861	0.055967	1.245148	1.000000
56.000000	38.000000	-0.011061	0.007180	-0.069347	-0.011057	0.007178	-0.069300	-0.044325	0.003294	0.116694	0.871861	1.521189	1.642746	1.000000
33.000000	56.000000	-0.005223	-0.013139	-0.073673	-0.005249	-0.013164	-0.073593	-0.015596	0.041550	0.062090	0.512303	1.395495	-0.111355	1.000000
0.000000	63.000000	0.008043	-0.015015	-0.073277	0.000000	0.000000	0.000000	0.000000	0.000000	0.000000	0.000000	0.000000	0.000000	0.000000
35.000000	60.000000	-0.011849	-0.014469	-0.079375	-0.011854	-0.014471	-0.079387	0.061358	0.014877	-0.030696	-6.206709	-11.682358	35.367962	1.000000
0.000000	58.000000	-0.015067	0.007755	-0.074197	0.000000	0.000000	0.000000	0.000000	0.000000	0.000000	0.000000	0.000000	0.000000	0.000000
37.000000	67.000000	-0.009510	-0.015593	-0.077468	-0.009557	-0.015622	-0.077464	0.014706	-0.049600	0.040163	-0.371392	2.786075	5.314033	1.000000
60.000000	54.000000	-0.008535	-0.011881	-0.073328	-0.008555	-0.011842	-0.073409	-0.001287	0.036818	0.063007	0.838725	-0.481337	0.352002	1.000000
47.000000	48.000000	0.010664	-0.012263	-0.072039	0.010686	-0.012236	-0.072035	-0.022026	0.041056	0.040681	-0.121739	-0.084804	0.603313	1.000000
0.000000	62.000000	-0.013858	0.005792	-0.075526	0.000000	0.000000	0.000000	0.000000	0.000000	0.000000	0.000000	0.000000	0.000000	0.000000
62.000000	51.000000	0.004459	0.000466	-0.080256	0.004453	0.000455	-0.080241	-0.030609	0.148514	0.038412	0.522661	-0.344813	0.403220	1.000000
46.000000	66.000000	-0.011846	-0.006312	-0.061621	-0.011894	-0.006300	-0.061650	0.116615	-0.030116	0.082017	0.607642	-0.572677	-6.649100	1.000000
0.000000	-1.000000	-0.006649	-0.000985	-0.077152	0.000000	0.000000	0.000000	0.000000	0.000000	0.000000	0.000000	0.000000	0.000000	0.000000
64.000000	-1.000000	-0.013931	0.012727	-0.079180	0.000000	0.000000	0.000000	0.000000	0.000000	0.000000	0.000000	0.000000	0.000000	0.000000
27.000000	53.000000	0.005559	-0.012673	-0.080242	0.005561	-0.012708	-0.080308	-0.027098	0.049258	0.039273	0.659470	0.094988	0.293545	1.000000
36.000000	44.000000	-0.010619	0.008553	-0.062020	-0.010618	0.008570	-0.062075	-0.064986	0.029279	0.110740	2.056759	-1.569659	-0.968202	1.000000
66.000000	61.000000	-0.004283	-0.005887	-0.079546	-0.004267	-0.005892	-0.079509	-0.001585	-0.069249	0.038321	2.751070	1.096206	0.876356	1.000000
68.000000	69.000000	-0.004647	0.012817	-0.062854	-0.004618	0.012819	-0.062878	0.053898	0.022559	0.177118	-2.653513	1.380591	1.521538	1.000000
69.000000	70.000000	-0.015770	0.009357	-0.074898	-0.015746	0.009357	-0.074849	-0.048788	0.002556	0.005337	-0.183566	1.607198	-1.354812	1.000000
70.000000	71.000000	0.004569	-0.015723	-0.071201	0.004581	-0.015726	-0.071206	-0.018307	-0.038335	-0.143865	-0.464461	1.034543	-3.780004	1.000000
71.000000	72.000000	0.012520	-0.005358	-0.085845	0.012513	-0.005362	-0.085830	0.004791	0.064815	0.002906	-2.956269	0.508836	0.584817	1.000000
72.000000	73.000000	0.015742	-0.003392	-0.067379	0.015737	-0.003382	-0.067382	0.027999	0.011428	0.042212	-0.191157	2.514911	-2.727570	1.000000
73.000000	74.000000	-0.000187	-0.016013	-0.073122	-0.000206	-0.016024	-0.073111	-0.039301	-0.011725	-0.035220	-1.122487	-0.625063	-0.155943	1.000000
74.000000	75.000000	0.002531	0.016272	-0.061097	0.002528	0.016269	-0.061104	0.028595	0.046371	0.089002	0.037732	1.148542	-1.995549	1.000000
