19.000000	2.000000	0.004864	-0.005710	-0.080885	0.004868	-0.005700	-0.080896	-0.002531	0.088174	-0.002181	0.520015	0.112440	-0.733640	1.000000
10.000000	1.000000	0.007157	-0.005565	-0.065006	0.007171	-0.005576	-0.065012	-0.081049	0.175069	-0.091251	2.046383	-0.137515	1.706655	1.000000
5.000000	4.000000	0.004723	-0.003201	-0.062327	0.004721	-0.003198	-0.062322	0.023931	0.107948	0.000894	1.656654	0.554808	1.052468	1.000000
2.000000	11.000000	0.003258	0.001276	-0.072899	0.003264	0.001281	-0.072903	0.008387	-0.021547	0.051509	0.223373	0.714466	-2.157213	1.000000
88.000000	9.000000	0.006038	0.008679	-0.074272	0.006027	0.008672	-0.074271	0.046463	0.033575	0.118199	-1.619387	0.735668	1.927524	1.000000
0.000000	10.000000	-0.007415	-0.001238	-0.069209	0.000000	0.000000	0.000000	0.000000	0.000000	0.000000	0.000000	0.000000	0.000000	0.000000
7.000000	6.000000	0.000249	0.004333	-0.070857	0.000270	0.004323	-0.070868	-0.009564	0.028407	-0.021694	1.788441	-0.874996	0.113607	1.000000
58.000000	5.000000	-0.002025	0.005552	-0.071044	-0.002056	0.005590	-0.071011	0.007211	-0.114117	0.072422	-1.764896	4.473364	0.516947	1.000000
9.000000	15.000000	0.003586	-0.002660	-0.070574	0.003573	-0.002657	-0.070546	-0.011234	0.010579	-0.042828	-3.059140	1.836414	-1.081399	1.000000
6.000000	22.000000	-0.000747	0.005972	-0.066495	-0.000714	0.005970	-0.066484	-0.046749	-0.027174	0.059935	0.891133	0.087365	-2.347350	1.000000
65.000000	21.000000	0.010668	-0.009463	-0.060055	0.010695	-0.009462	-0.060041	-0.004539	0.099085	-0.053593	-4.435564	-2.535215	-8.476772	1.000000
14.000000	12.000000	0.010962	0.008564	-0.080008	0.010966	0.008561	-0.079999	0.052627	0.148257	0.061496	0.601585	-0.780328	-0.021836	1.000000
13.000000	8.000000	0.005318	0.007417	-0.081452	0.005325	0.007419	-0.081455	-0.019846	0.022705	0.019384	1.791138	1.233655	0.648883	1.000000
26.000000	23.000000	0.010391	0.002023	-0.079951	0.010401	0.002053	-0.079958	0.042006	0.164219	0.035393	0.037096	0.112782	-0.322305	1.000000
11.000000	18.000000	-0.007858	0.005320	-0.079704	-0.007856	0.005316	-0.079742	-0.126578	0.060470	0.065103	0.521620	4.593598	0.271056	1.000000
35.000000	16.000000	0.005341	0.005620	-0.073095	0.005368	0.005642	-0.073083	-0.001381	-0.024834	0.061562	0.364535	-0.792720	-0.551539	1.000000
4.000000	7.000000	0.012055	-0.007212	-0.067337	0.012040	-0.007249	-0.067297	0.005892	0.090747	0.064428	-2.581347	-1.829111	3.525773	1.000000
8.000000	34.000000	0.011335	0.005522	-0.061208	0.011307	0.005529	-0.061232	0.081578	-0.032110	0.015610	-6.553945	-13.133116	1.088162	1.000000
17.000000	17.000000	-0.003559	-0.007801	-0.064889	-0.003540	-0.007808	-0.064913	-0.012426	0.089209	-0.071545	0.244077	1.271993	3.597231	1.000000
38.000000	14.000000	0.002721	0.005717	-0.066828	0.002725	0.005738	-0.066845	-0.084142	0.033493	0.059510	1.309132	0.230824	-1.331956	1.000000
18.000000	25.000000	-0.005819	-0.003087	-0.076712	-0.005822	-0.003093	-0.076714	-0.054978	0.053194	-0.050668	-0.354037	0.523946	1.095976	1.000000
23.000000	31.000000	-0.001316	-0.006281	-0.077527	-0.001324	-0.006275	-0.077526	-0.020347	-0.003641	-0.035359	-0.916632	0.067833	0.891958	1.000000
16.000000	26.000000	-0.005679	-0.009034	-0.069125	-0.005671	-0.009028	-0.069133	-0.024033	0.036359	0.073010	1.894432	0.229509	0.081763	1.000000
20.000000	55.000000	-0.010345	-0.001183	-0.071449	-0.010349	-0.001181	-0.071482	-0.045365	-0.025479	0.003250	2.022452	1.203171	0.176707	1.000000
1.000000	3.000000	0.000825	-0.003051	-0.067891	0.000773	-0.003088	-0.067945	-0.148608	0.047184	-0.048476	-2.535432	1.225259	-0.598302	1.000000
27.000000	24.000000	0.009537	-0.012810	-0.082491	0.009542	-0.012811	-0.082519	0.063578	0.033658	0.129962	2.910198	0.565678	-0.363406	1.000000
31.000000	36.000000	0.005608	0.009210	-0.083925	0.005546	0.009214	-0.083925	-0.012111	0.097940	0.032054	0.489532	-1.040974	-1.985289	1.000000
43.000000	27.000000	-0.010779	0.008026	-0.074820	-0.010800	0.008021	-0.074832	-0.048485	-0.052132	-0.006939	2.016322	1.823960	1.696038	1.000000
72.000000	33.000000	-0.000050	-0.000121	-0.077562	-0.000051	-0.000110	-0.077557	0.016952	0.061923	0.006337	-1.679344	-0.628139	0.623161	1.000000
32.000000	47.000000	-0.000618	-0.005204	-0.081994	-0.000592	-0.005200	-0.082008	-0.031408	0.093097	0.028270	0.111459	0.674753	-1.480698	1.000000
44.000000	53.000000	-0.003600	0.002711	-0.064674	-0.003625	0.002706	-0.064695	0.004507	0.034827	0.037450	-0.285922	0.163801	0.565314	1.000000
34.000000	41.000000	0.011671	-0.000886	-0.081404	0.011644	-0.000836	-0.081377	0.039651	0.138543	-0.033320	-1.228736	1.924492	-3.217718	1.000000
15.000000	45.000000	-0.006730	0.001736	-0.079364	-0.006718	0.001736	-0.079399	-0.030901	0.087225	-0.012234	-0.817461	-0.435236	0.784265	1.000000
33.000000	83.000000	0.002766	0.002719	-0.070704	0.002777	0.002726	-0.070699	-0.041752	-0.025659	0.041348	0.253254	0.838829	-2.515431	1.000000
36.000000	70.000000	-0.012904	-0.009311	-0.075783	-0.012906	-0.009350	-0.075748	0.003921	0.023989	0.036788	-0.076993	-0.079089	-0.284466	1.000000
22.000000	28.000000	0.006049	-0.010935	-0.069555	0.006039	-0.010941	-0.069534	-0.004701	0.069559	-0.013023	-3.115159	2.251040	0.822647	1.000000
24.000000	13.000000	0.005959	0.005971	-0.078156	0.005947	0.005995	-0.078250	0.007128	0.133046	0.065110	-0.469583	-1.829371	0.541242	1.000000
42.000000	40.000000	0.002658	-0.009629	-0.083962	0.002650	-0.009643	-0.083931	0.013242	0.057564	0.037456	-0.549816	-0.624751	1.390977	1.000000
37.000000	46.000000	-0.009534	-0.004184	-0.079272	-0.009522	-0.004192	-0.079274	-0.082790	0.008701	-0.004063	1.136794	0.427056	-1.209924	1.000000
0.000000	-1.000000	0.011165	-0.013255	-0.073499	0.000000	0.000000	0.000000	0.000000	0.000000	0.000000	0.000000	0.000000	0.000000	0.000000
40.000000	51.000000	-0.012950	-0.006266	-0.063948	-0.012954	-0.006263	-0.063944	-0.037275	0.005870	0.024665	0.589418	-0.418971	-1.027298	1.000000
63.000000	38.000000	-0.007092	-0.010424	-0.068640	-0.007116	-0.010421	-0.068656	0.023664	0.003556	0.040569	-0.487762	-1.202048	1.794705	1.000000
51.000000	30.000000	0.005163	0.008211	-0.070286	0.005230	0.008232	-0.070422	-0.037181	0.013366	0.043040	2.312282	-1.561792	-1.575366	1.000000
39.000000	49.000000	-0.000309	-0.010659	-0.069214	-0.000310	-0.010665	-0.069225	0.008166	-0.054964	-0.077119	-2.101050	-1.298894	0.653890	1.000000
29.000000	19.000000	-0.004838	0.006796	-0.082927	-0.004800	0.006821	-0.082927	-0.084040	-0.012202	-0.001744	0.812037	1.340961	1.247518	1.000000
41.000000	48.000000	-0.013347	0.011043	-0.072852	-0.013337	0.011039	-0.072845	-0.059001	-0.017957	-0.032508	-1.029800	0.649759	1.039949	1.000000
46.000000	43.000000	0.000254	0.007236	-0.084024	0.000242	0.007235	-0.084053	0.038411	0.130441	0.048690	-2.250148	-0.169834	-2.507660	1.000000
47.000000	54.000000	-0.009419	-0.007755	-0.062414	-0.009393	-0.007746	-0.062422	0.062725	-0.043692	-0.056105	-0.541316	2.189537	-0.183497	1.000000
48.000000	58.000000	-0.013235	-0.003123	-0.066431	-0.013202	-0.003071	-0.066441	-0.009666	-0.053873	0.039711	1.500342	2.648815	0.319460	1.000000
28.000000	-1.000000	0.006069	0.010298	-0.071080	0.000000	0.000000	0.000000	0.000000	0.000000	0.000000	0.000000	0.000000	0.000000	0.000000
76.000000	39.000000	0.001516	-0.010043	-0.084101	0.001488	-0.010065	-0.084118	0.048887	0.097718	0.100971	-0.759859	-2.011932	0.242972	1.000000
78.000000	56.000000	-0.012446	0.003370	-0.064352	-0.012423	0.003389	-0.064321	0.002776	-0.017759	0.048446	-1.058192	0.452797	5.482767	1.000000
45.000000	60.000000	0.004293	-0.010167	-0.084403	0.004309	-0.010183	-0.084393	0.043478	0.061816	0.010808	2.071259	1.176683	-7.990255	1.000000
52.000000	50.000000	0.006180	0.010576	-0.068116	0.006202	0.010568	-0.068133	-0.057257	0.066005	0.094145	0.799481	1.043679	1.398511	1.000000
55.000000	59.000000	0.009353	-0.010630	-0.070540	0.009368	-0.010630	-0.070551	-0.031909	0.023552	0.028002	-0.402352	0.566956	-0.408534	1.000000
49.000000	57.000000	-0.005953	-0.004245	-0.084992	-0.005956	-0.004248	-0.084915	0.002427	0.023458	0.046845	0.395747	-0.615241	0.471002	1.000000
25.000000	32.000000	-0.006638	-0.003329	-0.074433	-0.006667	-0.003316	-0.074444	-0.065785	0.032220	0.022708	0.755074	0.637129	2.851949	1.000000
54.000000	64.000000	0.010356	0.010961	-0.085104	0.010337	0.010940	-0.085078	0.019726	0.183466	0.012022	-1.578625	-0.242325	-1.438080	1.000000
0.000000	52.000000	-0.004089	-0.001484	-0.064978	0.000000	0.000000	0.000000	0.000000	0.000000	0.000000	0.000000	0.000000	0.000000	0.000000
80.000000	65.000000	0.003732	-0.004977	-0.086469	0.003710	-0.005015	-0.086337	-0.025581	0.178748	-0.004344	3.388694	0.757867	-0.999126	1.000000
50.000000	62.000000	-0.014573	0.002065	-0.063753	-0.014532	0.002078	-0.063856	0.079200	-0.026385	0.004897	-2.755095	-2.148284	0.347975	1.000000
56.000000	63.000000	-0.001780	-0.010544	-0.061117	-0.001778	-0.010525	-0.061119	-0.054636	0.065695	-0.067580	-0.801421	-0.003105	-1.166069	1.000000
12.000000	66.000000	0.011657	0.006946	-0.079787	0.011673	0.006912	-0.079756	0.051909	0.187531	0.059585	1.414708	-0.979895	-0.405413	1.000000
59.000000	68.000000	-0.009874	-0.010057	-0.073460	-0.009900	-0.010053	-0.073472	0.039839	0.011377	-0.020896	-1.230457	0.365196	-1.321659	1.000000
62.000000	69.000000	0.013463	0.009151	-0.076036	0.013446	0.009101	-0.076033	0.011637	0.172623	0.124333	2.199582	-0.903467	0.056881	1.000000
61.000000	86.000000	0.006055	-0.007379	-0.084469	0.006077	-0.007402	-0.084390	-0.025333	0.096488	0.045370	-3.037735	-3.056071	-0.887441	1.000000
0.000000	71.000000	-0.011975	-0.008707	-0.076276	0.000000	0.000000	0.000000	0.000000	0.000000	0.000000	0.000000	0.000000	0.000000	0.000000
30.000000	35.000000	-0.009141	0.003634	-0.081587	-0.009130	0.003634	-0.081529	-0.094636	-0.040328	0.051596	0.165027	0.477559	-0.844568	1.000000
0.000000	-1.000000	0.013460	-0.014943	-0.073360	0.000000	0.000000	0.000000	0.000000	0.000000	0.000000	0.000000	0.000000	0.000000	0.000000
81.000000	73.000000	0.013177	0.010757	-0.078831	0.013160	0.010776	-0.078812	-0.070227	0.246491	0.059866	-2.455378	0.136031	-0.021395	1.000000
77.000000	61.000000	0.009597	0.001445	-0.085049	0.009611	0.001479	-0.085080	0.024232	0.205938	-0.011697	2.510706	-2.442145	-1.660235	1.000000
64.000000	37.000000	0.006542	-0.008264	-0.081938	0.006537	-0.008231	-0.081962	0.038725	0.099486	0.084825	-1.574757	0.139937	0.606690	1.000000
73.000000	20.000000	0.013368	-0.012667	-0.068802	0.013376	-0.012635	-0.068849	-0.033136	0.088134	-0.041323	1.108881	-0.037497	-0.913950	1.000000
66.000000	29.000000	-0.003159	-0.001424	-0.065972	-0.003159	-0.001414	-0.065960	-0.047023	0.035850	-0.004636	0.107180	-0.839780	1.297676	1.000000
70.000000	67.000000	0.007893	-0.013977	-0.083233	0.007866	-0.013979	-0.083189	-0.005536	0.091502	0.147573	-0.129321	-0.932985	1.010062	1.000000
93.000000	75.000000	-0.007366	-0.016299	-0.072900	-0.007357	-0.016307	-0.072896	0.021292	0.062290	-0.015615	0.747605	-0.610929	1.027733	1.000000
53.000000	74.000000	0.006109	-0.007621	-0.082428	0.006130	-0.007607	-0.082416	0.050966	0.131244	0.073144	-1.735473	1.127370	3.086528	1.000000
67.000000	72.000000	-0.013938	-0.013999	-0.076096	-0.013895	-0.014044	-0.076058	0.020049	-0.050409	0.022376	-0.817164	-1.102016	-1.061904	1.000000
82.000000	81.000000	0.002393	-0.006883	-0.085271	0.002423	-0.006837	-0.085302	0.038589	0.110108	0.030850	-1.469732	0.459033	-0.699226	1.000000
74.000000	80.000000	0.005698	0.010513	-0.069892	0.005701	0.010506	-0.069829	-0.016324	0.088612	0.087969	0.551272	0.842997	-0.435860	1.000000
75.000000	78.000000	-0.015052	0.001977	-0.072687	-0.015076	0.001979	-0.072644	-0.083794	-0.052736	0.005089	1.106563	0.442784	0.602484	1.000000
0.000000	94.000000	0.011305	0.007046	-0.080802	0.000000	0.000000	0.000000	0.000000	0.000000	0.000000	0.000000	0.000000	0.000000	0.000000
84.000000	77.000000	0.013690	0.006208	-0.064031	0.013708	0.006201	-0.064027	0.012297	0.118774	0.111259	0.969531	-0.385442	-0.378406	1.000000
57.000000	84.000000	0.005318	0.009342	-0.078369	0.005308	0.009356	-0.078337	0.057599	0.106315	0.017780	2.825888	-0.669179	-0.851654	1.000000
71.000000	79.000000	0.011292	0.000823	-0.081852	0.011278	0.000873	-0.081830	0.058174	0.242319	-0.021846	0.168068	0.678057	-2.765556	1.000000
79.000000	76.000000	-0.005966	-0.015755	-0.072282	-0.005956	-0.015730	-0.072249	-0.000013	-0.007539	0.071221	-1.001999	-1.049536	0.736004	1.000000
83.000000	88.000000	-0.005083	0.011172	-0.086115	-0.005021	0.011129	-0.085945	-0.088331	0.024859	-0.017366	0.350991	0.471582	-1.203379	1.000000
0.000000	44.000000	0.006028	0.010336	-0.070693	0.000000	0.000000	0.000000	0.000000	0.000000	0.000000	0.000000	0.000000	0.000000	0.000000
68.000000	87.000000	0.005261	-0.002844	-0.060911	0.005275	-0.002841	-0.060934	-0.023193	0.124815	-0.031264	2.651218	-0.097357	0.799295	1.000000
60.000000	85.000000	-0.012160	-0.008783	-0.075896	-0.012131	-0.008773	-0.075907	-0.002711	0.022627	0.055638	-4.340659	-0.029471	11.808191	1.000000
86.000000	89.000000	0.010476	0.013241	-0.079305	0.010476	0.013231	-0.079310	-0.008305	0.048334	0.180204	-1.163781	0.394661	5.276334	1.000000
90.000000	91.000000	-0.001481	0.006716	-0.068184	-0.001454	0.006722	-0.068172	-0.093316	0.017057	0.059467	-0.553077	0.680273	0.057713	1.000000
89.000000	90.000000	0.010293	-0.014951	-0.072745	0.010281	-0.014953	-0.072732	-0.010535	0.017562	-0.029177	-0.266159	-0.078145	-0.281086	1.000000
92.000000	92.000000	0.016913	-0.001629	-0.063118	0.016906	-0.001626	-0.063109	0.105309	0.055168	0.058537	0.573427	2.207542	-0.564186	1.000000
94.000000	95.000000	0.012390	-0.008946	-0.084878	0.012347	-0.008886	-0.084766	-0.005817	0.117731	0.067032	-1.605969	2.346176	0.116014	1.000000
