7.000000	2.000000	0.009085	-0.002110	-0.060487	0.009069	-0.002119	-0.060466	0.005364	0.230659	-0.025698	0.390108	-1.544214	-0.714271	1.000000
3.000000	1.000000	0.000086	0.000580	-0.073412	0.000082	0.000510	-0.073345	-0.078761	0.041779	0.069997	0.199010	-0.160636	-0.333465	1.000000
9.000000	4.000000	-0.002180	-0.008051	-0.067617	-0.002188	-0.008053	-0.067612	0.018052	0.033328	-0.104502	-0.446061	0.302334	-0.187762	1.000000
4.000000	12.000000	-0.008499	0.000998	-0.062667	-0.008498	0.001000	-0.062681	0.036442	0.058069	0.049106	-3.642857	3.894480	-2.245671	1.000000
2.000000	6.000000	-0.001328	-0.002685	-0.070947	-0.001337	-0.002727	-0.070915	-0.018149	-0.034049	0.001468	-2.131267	-1.696752	0.705370	1.000000
28.000000	7.000000	0.002299	0.001153	-0.072775	0.002312	0.001162	-0.072760	0.002787	-0.010967	0.051563	0.674440	-0.102826	-1.333063	1.000000
36.000000	49.000000	0.013414	-0.006619	-0.065399	0.013362	-0.006625	-0.065342	0.024321	0.100167	0.078561	-4.997912	4.951068	2.999539	1.000000
5.000000	5.000000	0.003622	0.006214	-0.076952	0.003621	0.006216	-0.076952	-0.061026	-0.011596	0.033548	-0.097403	-1.397917	-0.402516	1.000000
6.000000	22.000000	0.012932	-0.000500	-0.070377	0.012932	-0.000493	-0.070375	0.046804	0.006099	0.007990	0.791383	0.819809	1.848554	1.000000
1.000000	33.000000	0.009933	0.001986	-0.068920	0.009946	0.001977	-0.068988	-0.027204	0.029430	-0.112395	0.474353	-0.599721	0.047357	1.000000
12.000000	29.000000	-0.007425	0.005595	-0.068691	-0.007392	0.005565	-0.068696	-0.094392	-0.010608	0.048140	0.329430	1.013767	0.243395	1.000000
10.000000	25.000000	0.008143	0.010779	-0.083728	0.008095	0.010714	-0.083803	-0.163986	0.103021	-0.009680	-2.533545	-4.475036	0.584698	1.000000
14.000000	54.000000	0.010824	-0.008329	-0.078931	0.010828	-0.008328	-0.078911	-0.038774	0.072751	0.051398	-1.066295	0.980616	0.317632	1.000000
19.000000	8.000000	-0.003958	0.009652	-0.074959	-0.003952	0.009649	-0.074990	-0.067309	0.051280	0.095165	1.777980	0.102678	1.096050	1.000000
8.000000	9.000000	0.003867	-0.008171	-0.079765	0.003874	-0.008176	-0.079755	-0.042832	0.085466	0.032524	-1.291353	0.209768	-0.574066	1.000000
16.000000	16.000000	-0.008372	-0.009594	-0.077459	-0.008358	-0.009602	-0.077429	-0.024400	-0.011946	0.065535	1.296769	0.674834	0.141000	1.000000
17.000000	18.000000	-0.001984	-0.009441	-0.073879	-0.001996	-0.009472	-0.073879	-0.067407	-0.024736	-0.041049	-0.104490	1.651936	1.258930	1.000000
18.000000	20.000000	-0.009093	0.005825	-0.066976	-0.009112	0.005827	-0.066966	-0.118879	0.031542	0.081108	0.085656	-0.081845	1.585924	1.000000
22.000000	39.000000	0.010295	-0.012482	-0.068301	0.010292	-0.012489	-0.068337	-0.040447	-0.014443	-0.057047	-0.024689	2.158259	-2.070046	1.000000
42.000000	21.000000	-0.009129	0.001960	-0.069328	-0.009101	0.001968	-0.069320	-0.034620	0.054281	0.123834	1.655473	-0.600857	0.844706	1.000000
31.000000	14.000000	-0.003421	0.007791	-0.071530	-0.003428	0.007787	-0.071524	-0.028617	0.020993	0.074461	-0.108800	0.440013	-0.012393	1.000000
13.000000	3.000000	-0.006180	-0.006788	-0.062337	-0.006151	-0.006772	-0.062356	0.039732	-0.046436	-0.040035	0.604186	3.452420	-1.803114	1.000000
11.000000	30.000000	0.005567	-0.009948	-0.080232	0.005526	-0.009960	-0.080221	-0.093572	0.076086	0.091620	-0.648942	-2.050417	-4.312141	1.000000
49.000000	65.000000	0.009943	-0.011294	-0.073224	0.009961	-0.011313	-0.073273	0.064861	-0.016039	-0.057110	0.924825	-1.717033	-14.947052	1.000000
20.000000	15.000000	-0.003135	-0.010534	-0.062801	-0.003150	-0.010535	-0.062770	0.048651	-0.021045	-0.054723	0.268039	1.146550	0.473417	1.000000
35.000000	24.000000	-0.000341	-0.007455	-0.073916	-0.000351	-0.007437	-0.073942	-0.019237	-0.008401	-0.062281	0.803872	1.730103	0.548776	1.000000
47.000000	10.000000	-0.007522	-0.006475	-0.077189	-0.007510	-0.006488	-0.077146	-0.115412	-0.002976	0.007373	-2.594713	-0.490412	-3.148257	1.000000
23.000000	50.000000	0.003206	-0.000009	-0.081763	0.003210	0.000031	-0.081706	-0.067843	0.091954	0.090689	-1.001374	1.063026	1.425102	1.000000
33.000000	19.000000	-0.004182	0.012301	-0.076129	-0.004171	0.012292	-0.076184	-0.016433	0.020645	-0.019592	-0.660228	-2.119350	-1.326429	1.000000
24.000000	38.000000	0.007216	0.008585	-0.069083	0.007217	0.008603	-0.069133	-0.030350	0.081246	-0.103712	-1.567847	0.069103	2.587283	1.000000
27.000000	31.000000	-0.008759	-0.000128	-0.083429	-0.008767	-0.000166	-0.083400	-0.162122	-0.051087	0.072800	-0.076592	-0.105552	-0.486529	1.000000
29.000000	34.000000	-0.011673	0.001280	-0.081433	-0.011681	0.001249	-0.081401	-0.176802	0.007953	-0.022356	-1.804281	-0.586325	1.017720	1.000000
15.000000	17.000000	0.011524	0.001700	-0.079531	0.011498	0.001700	-0.079505	-0.034803	0.001013	-0.014535	0.314214	-0.898838	-0.445994	1.000000
26.000000	23.000000	-0.012831	0.007692	-0.073260	-0.012823	0.007696	-0.073270	-0.014948	-0.008060	0.028208	-1.398796	0.766632	1.185884	1.000000
52.000000	26.000000	-0.009554	-0.007822	-0.075467	-0.009505	-0.007846	-0.075446	-0.057310	0.049046	0.064117	1.116430	0.122953	1.252741	1.000000
25.000000	27.000000	0.005161	-0.002882	-0.072807	0.005149	-0.002864	-0.072757	-0.035355	0.028993	0.065565	-1.125747	0.113272	0.343279	1.000000
32.000000	42.000000	0.012049	-0.011875	-0.076994	0.012024	-0.011860	-0.076987	-0.081017	0.052630	0.132812	0.468414	-3.705177	-2.343007	1.000000
53.000000	35.000000	-0.011151	0.007178	-0.069058	-0.011145	0.007189	-0.069067	-0.042288	0.007944	0.120233	0.783879	1.634283	1.408979	1.000000
30.000000	13.000000	0.014254	0.006666	-0.071870	0.014247	0.006666	-0.071882	-0.050885	0.085430	-0.125459	-0.113948	-0.025357	2.086243	1.000000
21.000000	11.000000	0.009529	0.000842	-0.081160	0.009503	0.000830	-0.081256	0.007452	0.041348	-0.042460	0.164983	0.311250	-0.893689	1.000000
39.000000	36.000000	0.004274	-0.010313	-0.062411	0.004274	-0.010302	-0.062439	-0.003189	0.037799	-0.019329	0.985661	2.061049	-0.800261	1.000000
38.000000	37.000000	-0.008360	0.013246	-0.075186	-0.008387	0.013242	-0.075230	-0.046777	-0.016298	0.053176	-1.304377	-0.610754	1.787445	1.000000
37.000000	40.000000	-0.010733	0.004290	-0.062829	-0.010667	0.004296	-0.062852	0.027991	0.037360	0.088566	-0.002273	-1.274651	-0.839913	1.000000
67.000000	45.000000	-0.010719	0.008629	-0.061846	-0.010741	0.008626	-0.061853	-0.059934	0.026257	0.109370	1.675368	-1.628505	-1.463882	1.000000
40.000000	44.000000	-0.003420	-0.007610	-0.084916	-0.003471	-0.007620	-0.084877	-0.119068	-0.009152	0.051251	2.718023	-2.503804	0.017623	1.000000
43.000000	64.000000	0.010497	0.002941	-0.086169	0.010499	0.002968	-0.086159	-0.032493	0.039745	-0.031775	0.130411	-3.541125	-4.483766	1.000000
41.000000	43.000000	-0.008877	-0.006797	-0.061299	-0.008895	-0.006806	-0.061276	0.106922	0.026776	0.048894	-2.884933	-1.019608	0.110101	1.000000
60.000000	62.000000	0.010650	-0.012165	-0.071979	0.010643	-0.012154	-0.071953	-0.021599	0.040798	0.041252	0.548812	-0.173188	-0.031885	1.000000
45.000000	47.000000	-0.014156	0.006876	-0.065025	-0.014150	0.006868	-0.065029	-0.044422	0.012625	0.075110	1.352362	-0.687837	-0.691782	1.000000
46.000000	48.000000	-0.012686	-0.005306	-0.079319	-0.012679	-0.005306	-0.079309	-0.064045	-0.001589	0.005183	1.530960	-0.196409	0.143863	1.000000
62.000000	46.000000	0.004393	0.000746	-0.080147	0.004393	0.000752	-0.080164	-0.029693	0.147636	0.039409	0.558114	-0.506450	0.490648	1.000000
48.000000	51.000000	-0.012975	-0.009705	-0.071696	-0.012998	-0.009724	-0.071618	-0.002407	0.055175	0.067999	4.875822	-0.515114	-3.200476	1.000000
66.000000	55.000000	0.005512	-0.012608	-0.080209	0.005507	-0.012610	-0.080229	-0.025921	0.049617	0.040266	0.689344	0.105776	0.259473	1.000000
59.000000	52.000000	-0.008559	-0.011803	-0.073256	-0.008552	-0.011771	-0.073281	-0.000047	0.036656	0.064277	0.950110	-0.488231	0.513775	1.000000
51.000000	53.000000	0.009288	0.013860	-0.081720	0.009266	0.013868	-0.081735	-0.122849	0.020850	0.010144	-0.974071	-0.599910	-2.801406	1.000000
54.000000	32.000000	-0.005227	-0.013066	-0.073533	-0.005290	-0.013081	-0.073467	-0.012013	0.044916	0.060467	0.602863	1.355412	-0.101860	1.000000
34.000000	28.000000	0.011121	-0.006466	-0.068476	0.011137	-0.006469	-0.068492	-0.005034	-0.034666	0.092906	-0.734353	-0.115873	-0.323241	1.000000
57.000000	57.000000	-0.015089	0.007768	-0.074140	-0.015092	0.007766	-0.074146	-0.017433	0.001526	0.019083	-1.176324	-0.608142	0.582917	1.000000
0.000000	60.000000	0.006982	-0.015863	-0.078528	0.000000	0.000000	0.000000	0.000000	0.000000	0.000000	0.000000	0.000000	0.000000	0.000000
56.000000	56.000000	-0.011738	-0.014481	-0.079371	-0.011743	-0.014462	-0.079386	0.049975	-0.005295	0.027797	-5.176406	-8.489177	23.125539	1.000000
68.000000	59.000000	-0.004275	-0.006032	-0.079456	-0.004264	-0.006027	-0.079429	0.005503	-0.066314	0.041062	2.589044	1.481173	0.879097	1.000000
61.000000	58.000000	-0.013865	0.005823	-0.075482	0.000000	0.000000	0.000000	0.000000	0.000000	0.000000	0.000000	0.000000	0.000000	0.000000
55.000000	61.000000	0.008114	-0.015011	-0.073174	0.008134	-0.015006	-0.073208	0.056350	0.010533	0.015230	1.549950	3.670080	-1.343906	1.000000
44.000000	63.000000	-0.004995	0.013004	-0.071547	-0.004990	0.012994	-0.071548	0.006415	-0.007703	0.087274	-0.418378	-1.204464	1.279748	1.000000
0.000000	-1.000000	0.011467	-0.014728	-0.076983	0.000000	0.000000	0.000000	0.000000	0.000000	0.000000	0.000000	0.000000	0.000000	0.000000
63.000000	-1.000000	-0.011688	-0.006357	-0.061524	0.000000	0.000000	0.000000	0.000000	0.000000	0.000000	0.000000	0.000000	0.000000	0.000000
58.000000	66.000000	-0.009575	-0.015767	-0.077386	-0.009527	-0.015713	-0.077371	0.016257	-0.040632	0.053137	1.922799	6.182539	7.659992	1.000000
50.000000	71.000000	-0.011981	-0.010108	-0.081709	-0.011956	-0.010149	-0.081650	-0.030882	-0.009729	-0.013501	1.363386	2.017482	-2.616383	1.000000
69.000000	67.000000	-0.004519	0.012869	-0.062504	-0.004515	0.012867	-0.062521	0.048214	0.024883	0.178842	-2.393124	1.150284	1.085204	1.000000
70.000000	68.000000	-0.015855	0.009377	-0.074853	-0.015844	0.009365	-0.074841	-0.049743	0.005433	0.002769	-0.175245	1.506708	-1.193176	1.000000
71.000000	69.000000	0.004518	-0.015795	-0.071502	0.004539	-0.015802	-0.071491	-0.019772	-0.036642	-0.150530	-0.423642	0.869781	-4.212897	1.000000
72.000000	70.000000	0.012523	-0.005227	-0.085831	0.012516	-0.005231	-0.085824	-0.001439	0.065824	0.003839	-2.937125	0.561840	0.574380	1.000000
73.000000	72.000000	0.015795	-0.003366	-0.067307	0.015794	-0.003352	-0.067301	0.026415	0.017412	0.036084	-0.407820	2.708557	-2.421766	1.000000
74.000000	73.000000	-0.000276	-0.016042	-0.073194	-0.000284	-0.016050	-0.073187	-0.040906	-0.013200	-0.036423	-1.155745	-0.793821	0.413057	1.000000
75.000000	74.000000	0.002587	0.016365	-0.060935	0.002583	0.016364	-0.060929	0.027926	0.048640	0.085429	0.025975	1.205494	-1.837879	1.000000
