2.000000	1.000000	0.007006	-0.005221	-0.065184	0.007015	-0.005227	-0.065195	-0.076071	0.174890	-0.089390	2.091949	-0.133466	1.511620	1.000000
1.000000	9.000000	0.004861	-0.005541	-0.080878	0.004862	-0.005523	-0.080903	-0.001244	0.089557	-0.004660	0.441625	0.279169	-0.677189	1.000000
25.000000	3.000000	0.000495	-0.002956	-0.068053	0.000462	-0.002994	-0.068047	-0.154776	0.048207	-0.050447	-2.118421	0.833821	-0.313115	1.000000
3.000000	4.000000	0.004791	-0.002989	-0.062347	0.004773	-0.002976	-0.062320	0.027300	0.109544	0.002746	1.524220	0.467391	0.885873	1.000000
8.000000	24.000000	-0.002028	0.005340	-0.070885	-0.002041	0.005374	-0.070869	0.002819	-0.102351	0.075513	-1.593331	4.804957	0.316258	1.000000
7.000000	6.000000	0.000232	0.004390	-0.070893	0.000259	0.004377	-0.070911	-0.004908	0.026404	-0.022712	1.880695	-0.907285	0.437784	1.000000
17.000000	5.000000	0.012082	-0.007020	-0.067158	0.012048	-0.007071	-0.067163	-0.001582	0.085497	0.071845	-2.458758	-1.589445	2.856712	1.000000
13.000000	65.000000	0.005298	0.007467	-0.081425	0.005292	0.007470	-0.081417	-0.016512	0.025500	0.022138	1.843249	1.502370	1.085040	1.000000
5.000000	33.000000	0.006128	0.008747	-0.074049	0.006115	0.008741	-0.074030	0.043175	0.035944	0.122398	-1.682442	0.716433	1.740074	1.000000
6.000000	48.000000	-0.007399	-0.001216	-0.069225	0.000000	0.000000	0.000000	0.000000	0.000000	0.000000	0.000000	0.000000	0.000000	0.000000
4.000000	2.000000	0.003299	0.001276	-0.072774	0.003281	0.001241	-0.072804	0.008428	-0.021123	0.047004	0.218411	0.736222	-2.346452	1.000000
12.000000	8.000000	0.011066	0.008859	-0.079874	0.011077	0.008856	-0.079879	0.054491	0.146203	0.061089	0.702331	-0.553531	0.013723	1.000000
37.000000	28.000000	0.005979	0.006266	-0.078130	0.005961	0.006261	-0.078118	0.005764	0.129221	0.066029	-0.498046	-2.083004	0.421981	1.000000
20.000000	12.000000	0.002564	0.005799	-0.066729	0.002559	0.005805	-0.066728	-0.081258	0.034292	0.056061	1.365063	0.161089	-1.246255	1.000000
9.000000	7.000000	0.003560	-0.002649	-0.070661	0.003541	-0.002626	-0.070642	-0.017834	0.016265	-0.044368	-2.808842	1.493365	-1.369246	1.000000
16.000000	15.000000	0.005417	0.005592	-0.072994	0.005366	0.005592	-0.072964	-0.000777	-0.025702	0.060154	0.236731	-0.785172	-0.380829	1.000000
19.000000	35.000000	-0.003579	-0.007626	-0.065020	-0.003565	-0.007627	-0.065048	-0.010744	0.091188	-0.067555	0.505611	0.981166	2.780895	1.000000
15.000000	13.000000	-0.008113	0.005453	-0.079575	-0.008106	0.005442	-0.079608	-0.124981	0.069711	0.063980	0.751352	4.328657	-0.120984	1.000000
45.000000	18.000000	-0.004925	0.006833	-0.082927	-0.004959	0.006805	-0.082923	-0.081454	-0.008866	0.000645	0.577744	1.254525	1.200437	1.000000
73.000000	14.000000	0.013302	-0.012484	-0.068888	0.013311	-0.012459	-0.068933	-0.030579	0.088057	-0.043065	0.975289	0.098458	-0.876675	1.000000
11.000000	20.000000	0.010666	-0.009264	-0.060173	0.010678	-0.009265	-0.060165	-0.013390	0.094690	-0.069212	-4.820679	-2.844655	-6.972777	1.000000
10.000000	19.000000	-0.000842	0.005923	-0.066364	-0.000808	0.005915	-0.066376	-0.044211	-0.027065	0.053871	0.716210	0.166810	-2.380360	1.000000
14.000000	16.000000	0.010507	0.002385	-0.079927	0.010482	0.002378	-0.079886	0.041490	0.163685	0.036305	0.324296	-0.285841	-0.431454	1.000000
26.000000	23.000000	0.009673	-0.012741	-0.082251	0.009677	-0.012743	-0.082258	0.070789	0.035624	0.128820	3.007006	0.683780	-0.784711	1.000000
21.000000	27.000000	-0.005926	-0.002987	-0.076794	-0.005935	-0.002988	-0.076813	-0.055603	0.054524	-0.049251	-0.322149	0.567870	0.954241	1.000000
23.000000	30.000000	-0.005715	-0.008969	-0.068998	-0.005715	-0.008955	-0.068988	-0.019265	0.036874	0.073065	2.009205	0.368904	-0.113451	1.000000
28.000000	57.000000	-0.010853	0.007925	-0.074868	-0.010881	0.007923	-0.074833	-0.043215	-0.048336	-0.002326	1.753790	1.525111	1.743771	1.000000
36.000000	25.000000	0.006042	-0.010799	-0.069578	0.006021	-0.010797	-0.069558	-0.012805	0.074914	-0.010530	-3.343019	2.344000	0.332365	1.000000
74.000000	55.000000	-0.003252	-0.001356	-0.065978	-0.003256	-0.001347	-0.065964	-0.047947	0.034207	-0.001329	0.097068	-0.884432	1.068821	1.000000
43.000000	11.000000	0.005117	0.008241	-0.070241	0.005164	0.008266	-0.070351	-0.030574	0.012650	0.034870	2.103383	-1.460199	-1.560187	1.000000
22.000000	26.000000	-0.001346	-0.006282	-0.077594	-0.001366	-0.006280	-0.077596	-0.022395	-0.003187	-0.034900	-0.857559	0.096080	0.894722	1.000000
57.000000	36.000000	-0.006800	-0.003248	-0.074416	-0.006798	-0.003250	-0.074394	-0.063851	0.033775	0.028519	0.975059	0.727904	2.781895	1.000000
29.000000	85.000000	0.000025	0.000021	-0.077654	-0.000020	0.000016	-0.077547	0.013931	0.060217	0.009201	-1.559556	-0.672873	0.669321	1.000000
18.000000	92.000000	0.011449	0.005384	-0.061261	0.011454	0.005439	-0.061193	0.069297	-0.061218	0.008330	-6.897102	-15.302696	-3.683067	1.000000
68.000000	10.000000	-0.009346	0.003576	-0.081412	-0.009320	0.003554	-0.081428	-0.092700	-0.039841	0.050415	0.277477	0.374355	-0.446401	1.000000
27.000000	31.000000	0.005514	0.009418	-0.083856	0.005525	0.009406	-0.083870	-0.011591	0.096400	0.029038	0.551703	-1.029882	-1.901958	1.000000
72.000000	29.000000	0.006641	-0.008021	-0.081808	0.006609	-0.008035	-0.081789	0.035414	0.100527	0.085075	-1.596236	0.185191	0.553189	1.000000
42.000000	34.000000	-0.007064	-0.010414	-0.068559	-0.007069	-0.010417	-0.068571	0.022767	0.001597	0.044548	-0.467782	-1.158841	2.190309	1.000000
51.000000	41.000000	0.001621	-0.009828	-0.083931	0.001584	-0.009878	-0.083911	0.048390	0.093265	0.102129	-0.703572	-2.049333	0.220965	1.000000
38.000000	40.000000	0.002684	-0.009520	-0.083871	0.002674	-0.009528	-0.083853	0.012283	0.056421	0.039617	-0.460608	-0.682725	1.445867	1.000000
32.000000	50.000000	0.011709	-0.000590	-0.081452	0.011726	-0.000554	-0.081449	0.036399	0.145992	-0.039963	-0.753425	2.108458	-2.520246	1.000000
0.000000	-1.000000	0.011236	-0.013265	-0.073537	0.000000	0.000000	0.000000	0.000000	0.000000	0.000000	0.000000	0.000000	0.000000	0.000000
47.000000	32.000000	0.000309	0.007499	-0.083958	0.000313	0.007495	-0.083964	0.033647	0.129751	0.040472	-2.271479	-0.460757	-2.697933	1.000000
88.000000	42.000000	0.006066	0.010435	-0.070797	0.006023	0.010471	-0.070773	-0.017965	0.071468	-0.006163	-1.199800	-2.321428	11.619380	1.000000
33.000000	21.000000	-0.006778	0.001906	-0.079390	-0.006781	0.001909	-0.079422	-0.033304	0.086145	-0.010568	-0.915703	-0.453958	0.853049	1.000000
39.000000	39.000000	-0.009689	-0.004170	-0.079289	-0.009685	-0.004174	-0.079282	-0.079659	0.009643	-0.006728	1.332788	0.455430	-0.915153	1.000000
30.000000	22.000000	-0.000637	-0.005021	-0.081884	-0.000656	-0.005013	-0.081957	-0.030639	0.095639	0.024075	0.206938	0.741047	-1.387114	1.000000
46.000000	45.000000	-0.013469	0.011011	-0.072929	-0.013462	0.011007	-0.072909	-0.060897	-0.017987	-0.030937	-0.954367	0.350947	0.879105	1.000000
44.000000	49.000000	-0.000295	-0.010774	-0.069365	-0.000300	-0.010779	-0.069378	0.003464	-0.058019	-0.076363	-2.243558	-1.184716	0.676543	1.000000
54.000000	56.000000	0.006091	0.010699	-0.067951	0.006083	0.010703	-0.067935	-0.054512	0.068319	0.095394	1.021457	1.163541	1.122314	1.000000
41.000000	44.000000	-0.013029	-0.006257	-0.063913	-0.013027	-0.006252	-0.063897	-0.035273	0.005593	0.022515	0.517931	-0.572304	-0.849845	1.000000
59.000000	43.000000	-0.004027	-0.001440	-0.064789	-0.004029	-0.001432	-0.064793	0.017310	-0.006107	0.055250	-9.696428	-26.821426	-28.874997	1.000000
31.000000	54.000000	-0.003614	0.002763	-0.064630	-0.003615	0.002776	-0.064615	0.003958	0.035416	0.038034	-0.400398	0.140918	0.500453	1.000000
48.000000	51.000000	-0.009259	-0.007821	-0.062592	-0.009271	-0.007828	-0.062531	0.060993	-0.038257	-0.056611	-0.705043	2.282831	-0.169886	1.000000
24.000000	52.000000	-0.010485	-0.001231	-0.071530	-0.010441	-0.001234	-0.071482	-0.041703	-0.024381	0.002534	2.009800	1.174106	0.299296	1.000000
52.000000	86.000000	-0.012470	0.003330	-0.064249	-0.012421	0.003356	-0.064211	0.002156	-0.019267	0.059290	-0.540959	-0.660340	6.069929	1.000000
56.000000	64.000000	-0.005929	-0.004176	-0.084856	-0.005950	-0.004204	-0.084815	0.003456	0.021506	0.049065	0.414314	-0.501285	0.138132	1.000000
49.000000	59.000000	-0.013212	-0.003181	-0.066311	-0.013221	-0.003174	-0.066372	-0.005876	-0.047639	0.039906	1.572253	2.773552	0.438052	1.000000
55.000000	58.000000	0.009294	-0.010580	-0.070480	0.009302	-0.010579	-0.070493	-0.032959	0.024715	0.028512	-0.421023	0.550529	-0.482830	1.000000
53.000000	87.000000	0.004425	-0.010071	-0.084313	0.004403	-0.010060	-0.084379	0.047462	0.065183	-0.008684	1.939311	2.156593	-11.391607	1.000000
71.000000	61.000000	0.009637	0.001891	-0.085091	0.009667	0.001885	-0.085108	0.030680	0.201505	-0.015800	2.615070	-2.492303	-1.308293	1.000000
61.000000	53.000000	-0.014351	0.002014	-0.063783	-0.014379	0.002020	-0.063845	0.074128	-0.032444	0.006076	-2.830882	-2.443240	0.824110	1.000000
62.000000	60.000000	-0.001891	-0.010412	-0.061262	-0.001889	-0.010393	-0.061255	-0.056015	0.066048	-0.069247	-0.481160	0.053860	-1.013939	1.000000
58.000000	62.000000	0.010377	0.011288	-0.085061	0.010370	0.011306	-0.085048	0.014951	0.182623	0.012270	-1.681197	-0.200690	-1.941613	1.000000
60.000000	83.000000	0.003666	-0.004636	-0.086317	0.003666	-0.004655	-0.086347	-0.018510	0.180923	-0.004594	3.682983	1.416667	0.749417	1.000000
63.000000	72.000000	0.011778	0.007325	-0.079669	0.011780	0.007287	-0.079635	0.054704	0.184740	0.058415	1.522720	-1.106199	-0.498507	1.000000
75.000000	76.000000	0.007836	-0.013838	-0.082922	0.007860	-0.013795	-0.082891	-0.002935	0.090960	0.149785	-0.190423	-1.132894	0.823714	1.000000
64.000000	70.000000	-0.009799	-0.010036	-0.073486	-0.009825	-0.010030	-0.073517	0.036380	0.011727	-0.023787	-1.214110	0.324189	-0.921182	1.000000
65.000000	67.000000	0.013488	0.009492	-0.075801	0.013481	0.009443	-0.075784	0.016388	0.169030	0.125811	2.544162	-0.602588	-0.211284	1.000000
35.000000	38.000000	-0.012903	-0.009299	-0.075669	-0.012898	-0.009304	-0.075675	0.003716	0.023403	0.036201	-0.069385	-0.092373	-0.220935	1.000000
67.000000	37.000000	-0.011961	-0.008659	-0.076222	-0.011995	-0.008675	-0.076157	-0.013356	0.014050	0.059181	4.338661	1.304196	-7.706043	1.000000
78.000000	71.000000	-0.013852	-0.014146	-0.076011	-0.013857	-0.014145	-0.076006	0.017901	-0.052517	0.022074	-1.021984	-1.126883	-1.430072	1.000000
70.000000	68.000000	0.013025	0.011265	-0.078692	0.013015	0.011269	-0.078692	-0.074240	0.246394	0.060523	-1.558136	-0.233045	0.678100	1.000000
77.000000	66.000000	0.006206	-0.007359	-0.082275	0.006228	-0.007343	-0.082269	0.047240	0.133134	0.077219	-1.574833	0.917821	2.622312	1.000000
76.000000	73.000000	-0.007320	-0.016178	-0.072924	-0.007311	-0.016183	-0.072928	0.022195	0.060731	-0.012785	0.479342	-0.758982	1.293714	1.000000
86.000000	74.000000	-0.005967	-0.015740	-0.072101	-0.005960	-0.015746	-0.072103	-0.002602	-0.009279	0.073491	-0.893245	-1.214086	0.762642	1.000000
83.000000	75.000000	0.013718	0.006445	-0.063796	0.013738	0.006436	-0.063803	0.014264	0.117908	0.110844	0.907768	-0.489145	-0.143362	1.000000
81.000000	89.000000	-0.015282	0.001888	-0.072663	-0.015242	0.001874	-0.072634	-0.081105	-0.051882	0.006836	1.352513	0.556204	0.412891	1.000000
85.000000	79.000000	0.011389	0.001378	-0.081851	0.011394	0.001359	-0.081879	0.058327	0.243684	-0.026688	-0.014356	0.686789	-2.076880	1.000000
80.000000	78.000000	0.005667	0.010692	-0.069670	0.005670	0.010684	-0.069651	-0.014958	0.090720	0.087898	0.375033	0.782616	-0.530677	1.000000
79.000000	82.000000	0.002456	-0.006671	-0.085219	0.002489	-0.006621	-0.085242	0.034497	0.110881	0.028626	-1.630390	0.322394	-0.960103	1.000000
0.000000	-1.000000	0.012680	0.004782	-0.060193	0.000000	0.000000	0.000000	0.000000	0.000000	0.000000	0.000000	0.000000	0.000000	0.000000
34.000000	17.000000	0.002687	0.002677	-0.070645	0.002697	0.002678	-0.070623	-0.039962	-0.023397	0.036774	0.486396	1.007318	-2.220965	1.000000
84.000000	84.000000	0.005387	0.009610	-0.078243	0.005434	0.009570	-0.078305	0.064086	0.105203	0.015997	2.562409	-0.904039	-0.578776	1.000000
90.000000	-1.000000	-0.012122	-0.008708	-0.075802	0.000000	0.000000	0.000000	0.000000	0.000000	0.000000	0.000000	0.000000	0.000000	0.000000
66.000000	88.000000	0.005999	-0.007217	-0.084350	0.006020	-0.007224	-0.084297	-0.030276	0.090779	0.044237	-2.605315	-2.952769	-0.591942	1.000000
89.000000	90.000000	0.005207	-0.002609	-0.060945	0.005240	-0.002594	-0.060994	-0.016142	0.123954	-0.029295	3.041353	-0.210794	0.993291	1.000000
87.000000	63.000000	-0.005206	0.011220	-0.086056	-0.005195	0.011175	-0.085973	-0.087102	0.025589	-0.019014	0.608465	0.526204	-0.838903	1.000000
91.000000	91.000000	0.010460	0.013335	-0.078927	0.010457	0.013328	-0.078941	-0.009811	0.047997	0.188561	-0.343074	-0.731602	3.080627	1.000000
93.000000	77.000000	0.010262	-0.014912	-0.072806	0.010262	-0.014917	-0.072794	-0.012311	0.016942	-0.028599	-0.491582	-0.361333	-0.074608	1.000000
92.000000	69.000000	-0.001640	0.006765	-0.068070	-0.001641	0.006757	-0.068052	-0.094130	0.018670	0.058446	-0.520610	0.587373	-0.082603	1.000000
94.000000	93.000000	0.017108	-0.001519	-0.063005	0.017117	-0.001512	-0.062993	0.106935	0.060279	0.057435	0.659840	2.631618	-0.591409	1.000000
0.000000	47.000000	0.011556	0.005667	-0.060880	0.000000	0.000000	0.000000	0.000000	0.000000	0.000000	0.000000	0.000000	0.000000	0.000000
82.000000	95.000000	0.011399	0.007382	-0.080731	0.011393	0.007361	-0.080674	0.044217	0.161505	0.067798	3.629370	6.409382	-10.351106	1.000000
95.000000	96.000000	0.012336	-0.008689	-0.084678	0.012341	-0.008646	-0.084625	-0.011007	0.126398	0.069685	-1.646616	2.094809	0.443490	1.000000
