1.000000	14.000000	0.004567	-0.004240	-0.062260	0.004586	-0.004247	-0.062272	0.005196	0.102051	-0.015538	1.287817	0.389291	2.584586	1.000000
11.000000	8.000000	-0.000157	0.006239	-0.067186	-0.000164	0.006245	-0.067180	-0.064557	-0.026807	0.077754	1.002028	-0.313590	-1.454367	1.000000
9.000000	2.000000	-0.002249	0.006955	-0.071689	-0.002266	0.006899	-0.071676	0.034491	-0.146978	0.058817	-1.704100	2.885665	1.072298	1.000000
3.000000	1.000000	0.004939	-0.006572	-0.080920	0.004939	-0.006590	-0.080915	-0.011423	0.091915	0.006987	0.631326	-1.145435	-0.470148	1.000000
2.000000	21.000000	0.008093	-0.007342	-0.063982	0.008083	-0.007339	-0.063972	-0.099731	0.176155	-0.116842	1.200756	0.446261	2.303493	1.000000
7.000000	6.000000	0.005409	0.005857	-0.073749	0.005410	0.005852	-0.073725	-0.008317	-0.016273	0.069143	0.865783	-1.291925	-1.302245	1.000000
5.000000	7.000000	0.010264	0.005311	-0.061279	0.010275	0.005349	-0.061213	0.111041	0.052704	-0.027949	-0.280508	-6.083075	3.832559	1.000000
4.000000	3.000000	0.011814	-0.008291	-0.067706	0.011799	-0.008278	-0.067654	0.039738	0.117092	0.006135	-1.225564	-2.305722	4.710593	1.000000
17.000000	41.000000	-0.006457	0.000847	-0.079245	-0.006443	0.000847	-0.079250	-0.024681	0.090121	-0.018228	-0.263202	-0.306918	0.966574	1.000000
8.000000	65.000000	0.005457	0.008391	-0.075299	0.005508	0.008390	-0.075335	0.057871	0.022856	0.093989	-1.725862	0.174549	2.333427	1.000000
13.000000	9.000000	0.000453	0.004009	-0.070684	0.000436	0.003999	-0.070694	-0.022815	0.035935	-0.012284	0.930659	-0.489725	-0.392047	1.000000
28.000000	69.000000	-0.002679	-0.001789	-0.065830	-0.002679	-0.001785	-0.065817	-0.049046	0.038744	-0.023062	0.535558	-1.045662	1.267675	1.000000
30.000000	26.000000	-0.006594	0.004963	-0.080373	-0.006580	0.005018	-0.080368	-0.124531	0.000747	0.055232	-1.150019	4.383934	3.039369	1.000000
18.000000	12.000000	-0.001180	-0.006239	-0.077128	-0.001181	-0.006244	-0.077130	-0.008503	-0.001827	-0.043995	-0.939129	-0.262162	1.179292	1.000000
23.000000	10.000000	0.005848	0.004601	-0.078863	0.005855	0.004595	-0.078858	0.011828	0.146982	0.055268	-0.285060	-1.270313	0.858785	1.000000
16.000000	13.000000	-0.005341	-0.009385	-0.069830	-0.005343	-0.009399	-0.069827	-0.040599	0.038140	0.066027	0.908942	-0.147620	0.575069	1.000000
6.000000	11.000000	0.005801	0.008026	-0.071012	0.005734	0.007971	-0.070875	-0.065470	0.040012	0.054528	2.196893	-2.548003	-0.968454	1.000000
21.000000	22.000000	-0.003913	0.007016	-0.082835	-0.003915	0.007012	-0.082844	-0.093320	-0.025178	-0.014075	1.098606	0.946469	0.717651	1.000000
35.000000	17.000000	-0.000308	-0.000756	-0.077578	-0.000330	-0.000773	-0.077601	0.038485	0.069897	-0.000578	-1.528114	-0.293270	1.082350	1.000000
62.000000	23.000000	0.010473	0.007032	-0.080608	0.010440	0.007006	-0.080614	0.052230	0.163045	0.059763	0.122834	-1.280543	0.276903	1.000000
15.000000	20.000000	0.005595	0.007231	-0.081650	0.005602	0.007225	-0.081663	-0.035038	0.019082	0.022745	1.283196	-0.474442	-0.560143	1.000000
27.000000	35.000000	0.003629	0.005421	-0.067519	0.003620	0.005430	-0.067515	-0.095809	0.027680	0.077217	1.292572	0.127857	-1.663979	1.000000
10.000000	4.000000	0.002148	-0.003496	-0.067459	0.002124	-0.003445	-0.067512	-0.117858	0.022650	-0.036893	-3.949448	3.079029	-1.207651	1.000000
25.000000	24.000000	0.005671	0.008180	-0.084337	0.005679	0.008186	-0.084340	-0.013466	0.107579	0.050675	0.454389	-1.066673	-1.925332	1.000000
33.000000	5.000000	0.011247	0.004995	-0.080324	0.011222	0.005002	-0.080358	0.039341	0.193898	0.058606	0.712993	-0.671387	-0.582045	1.000000
63.000000	29.000000	-0.007363	-0.010470	-0.069030	-0.007372	-0.010488	-0.069011	0.027086	0.007589	0.034157	-0.460591	-0.082366	0.093331	1.000000
39.000000	27.000000	-0.010390	-0.010144	-0.073349	-0.010387	-0.010147	-0.073395	0.045095	0.006034	-0.005909	3.463037	1.088162	2.286713	1.000000
43.000000	37.000000	0.011155	-0.002125	-0.081247	0.011117	-0.002142	-0.081309	0.067656	0.121475	0.017417	-2.715296	0.488618	-4.300098	1.000000
24.000000	25.000000	0.003205	0.003007	-0.071254	0.003176	0.003010	-0.071274	-0.036333	-0.029258	0.074152	-1.210288	-0.238759	-3.164537	1.000000
56.000000	16.000000	-0.003676	0.002376	-0.065045	-0.003677	0.002371	-0.065038	0.005190	0.032068	0.032303	0.004071	0.184693	0.076964	1.000000
31.000000	30.000000	0.009053	-0.013127	-0.083827	0.009051	-0.013129	-0.083811	0.036828	0.031102	0.125429	1.628065	-0.017437	1.572402	1.000000
34.000000	33.000000	-0.014202	0.002514	-0.072644	-0.014204	0.002514	-0.072644	-0.089059	-0.053452	-0.008120	-0.107343	0.037795	1.459419	1.000000
29.000000	32.000000	0.005943	-0.011534	-0.069312	0.005931	-0.011525	-0.069307	0.021636	0.048796	-0.035953	-0.445154	1.238320	2.505706	1.000000
48.000000	36.000000	-0.005998	-0.003610	-0.074524	-0.005999	-0.003622	-0.074516	-0.067873	0.028723	-0.007599	0.486619	0.533827	2.649499	1.000000
51.000000	64.000000	0.005606	-0.004069	-0.060617	0.005607	-0.004082	-0.060602	-0.036821	0.121395	-0.033716	-0.782361	0.912559	-0.084882	1.000000
36.000000	34.000000	-0.000284	-0.006102	-0.082400	-0.000266	-0.006091	-0.082356	-0.031551	0.086386	0.046726	-0.923439	-0.240390	-2.469105	1.000000
40.000000	49.000000	-0.000479	-0.010186	-0.068438	-0.000483	-0.010194	-0.068427	0.024321	-0.039046	-0.082772	-1.072625	-1.405554	0.923185	1.000000
38.000000	31.000000	-0.010028	-0.007185	-0.061907	-0.010025	-0.007191	-0.061890	0.062922	-0.064174	-0.051748	0.225869	0.683222	0.190927	1.000000
49.000000	60.000000	-0.012540	-0.006322	-0.064248	-0.012541	-0.006319	-0.064278	-0.044843	0.005380	0.040175	0.371029	-0.338071	-1.076466	1.000000
22.000000	-1.000000	-0.003287	-0.008668	-0.064291	0.000000	0.000000	0.000000	0.000000	0.000000	0.000000	0.000000	0.000000	0.000000	0.000000
67.000000	28.000000	-0.005290	-0.003588	-0.076216	-0.005294	-0.003610	-0.076132	-0.052017	0.049135	-0.064708	-0.013314	1.118310	1.307230	1.000000
50.000000	53.000000	-0.012486	0.003585	-0.064600	-0.012489	0.003599	-0.064643	0.008360	-0.025116	0.027843	0.725361	0.519156	0.595201	1.000000
57.000000	42.000000	0.009450	-0.000672	-0.085085	0.009472	-0.000714	-0.085088	0.003499	0.229497	0.014369	2.086733	-1.332402	-2.188356	1.000000
46.000000	50.000000	-0.008653	-0.004251	-0.079325	-0.008650	-0.004253	-0.079336	-0.089478	0.004448	0.018300	-0.303404	0.005327	-2.188520	1.000000
26.000000	39.000000	0.009992	0.000452	-0.080265	0.009937	0.000477	-0.080328	0.048655	0.148613	0.036197	0.194359	1.641713	-0.043835	1.000000
19.000000	15.000000	-0.009808	-0.000856	-0.071557	-0.009762	-0.000859	-0.071480	-0.071353	-0.040843	-0.002238	1.593234	2.190184	-0.503187	1.000000
45.000000	46.000000	-0.012789	0.011269	-0.072448	-0.012790	0.011264	-0.072445	-0.050858	-0.029435	-0.048779	-1.038237	2.121712	1.608830	1.000000
55.000000	51.000000	-0.013009	-0.002387	-0.066768	-0.013016	-0.002397	-0.066796	-0.026226	-0.079819	0.030736	0.588405	1.366029	0.138689	1.000000
20.000000	54.000000	-0.004146	-0.001347	-0.064991	-0.004142	-0.001360	-0.064999	0.024972	-0.003121	0.040623	-0.193325	-2.429600	-2.561376	1.000000
12.000000	-1.000000	-0.007551	-0.001296	-0.069300	0.000000	0.000000	0.000000	0.000000	0.000000	0.000000	0.000000	0.000000	0.000000	0.000000
76.000000	45.000000	0.005922	0.009676	-0.070757	0.005913	0.009684	-0.070737	-0.026020	0.077113	0.090049	0.946484	0.674403	-0.217570	1.000000
52.000000	47.000000	0.002473	-0.010257	-0.084221	0.002480	-0.010250	-0.084240	0.021309	0.064841	0.023790	-0.786242	-0.800767	0.982912	1.000000
42.000000	52.000000	0.006848	0.009964	-0.069009	0.006811	0.009944	-0.068989	-0.062934	0.059484	0.074683	0.040700	0.458981	2.013492	1.000000
37.000000	38.000000	-0.012211	-0.009008	-0.076103	-0.012235	-0.008999	-0.076094	0.008720	0.020425	0.021462	0.029799	0.094943	0.244260	1.000000
47.000000	82.000000	0.010100	0.009082	-0.085301	0.010110	0.009102	-0.085301	0.026843	0.185618	0.027444	-0.911557	-0.390249	-0.500260	1.000000
53.000000	62.000000	-0.005981	-0.004527	-0.085395	-0.005964	-0.004532	-0.085342	-0.000380	0.033245	0.035772	0.237481	-0.263284	1.247006	1.000000
54.000000	57.000000	0.009695	-0.010846	-0.070887	0.009681	-0.010848	-0.070858	-0.030255	0.020137	0.032449	-0.546487	0.594780	-0.067424	1.000000
81.000000	63.000000	0.004903	0.008282	-0.078592	0.004897	0.008275	-0.078590	0.024924	0.108466	0.032903	2.842060	0.267440	-1.236668	1.000000
60.000000	85.000000	0.005485	-0.008897	-0.083054	0.005535	-0.008851	-0.082986	0.071990	0.114790	0.025142	-3.400022	2.828524	9.622428	1.000000
32.000000	18.000000	0.003199	0.001524	-0.073533	0.003183	0.001531	-0.073494	0.006754	-0.028307	0.067849	0.522073	0.593123	-1.814036	1.000000
66.000000	58.000000	0.001987	-0.007894	-0.085614	0.001996	-0.007878	-0.085611	0.042853	0.096464	0.032886	0.161654	1.036717	-0.166268	1.000000
64.000000	40.000000	0.006060	-0.009233	-0.082772	0.006075	-0.009219	-0.082776	0.053581	0.097308	0.077480	-1.146067	0.135918	0.754837	1.000000
78.000000	67.000000	0.003915	-0.010820	-0.084720	0.003960	-0.010805	-0.084703	0.029454	0.062654	0.038944	0.657941	0.002201	-1.272212	1.000000
65.000000	74.000000	-0.000515	0.006600	-0.068772	-0.000545	0.006594	-0.068746	-0.087696	0.007910	0.054940	-1.138481	1.010156	0.579334	1.000000
68.000000	68.000000	-0.012943	-0.009595	-0.076130	-0.012950	-0.009599	-0.076127	0.005366	0.025161	0.038931	-0.079831	0.740180	-1.067829	1.000000
82.000000	19.000000	0.003494	-0.002657	-0.070151	0.003501	-0.002638	-0.070111	0.026400	-0.013383	-0.047255	-3.342105	1.783456	-0.000171	1.000000
89.000000	56.000000	0.006503	0.009572	-0.071719	0.006466	0.009561	-0.071685	-0.042074	0.079596	0.061273	0.673543	-1.025666	1.065076	1.000000
58.000000	44.000000	0.010897	-0.013236	-0.073445	0.010971	-0.013251	-0.073470	0.025127	-0.000806	-0.012411	-0.754242	0.489684	0.105958	1.000000
44.000000	77.000000	0.013643	0.005003	-0.065175	0.013629	0.005019	-0.065188	0.003259	0.118339	0.122435	1.055202	-0.399076	-1.517341	1.000000
14.000000	-1.000000	-0.008023	0.004004	-0.081927	0.000000	0.000000	0.000000	0.000000	0.000000	0.000000	0.000000	0.000000	0.000000	0.000000
74.000000	75.000000	0.013769	-0.013524	-0.068479	0.013782	-0.013527	-0.068488	-0.049050	0.090949	-0.029682	1.501548	-0.805340	-1.029605	1.000000
41.000000	43.000000	-0.010248	0.008609	-0.074783	-0.010318	0.008638	-0.074785	-0.044210	-0.070928	0.000564	-0.361318	1.461667	-0.895111	1.000000
0.000000	-1.000000	-0.008395	-0.007941	-0.087099	0.000000	0.000000	0.000000	0.000000	0.000000	0.000000	0.000000	0.000000	0.000000	0.000000
69.000000	66.000000	0.013422	0.007228	-0.077357	0.013383	0.007284	-0.077237	0.003821	0.192954	0.118236	0.605392	-0.837655	0.455495	1.000000
70.000000	70.000000	-0.004188	0.010876	-0.085790	-0.004156	0.010914	-0.085926	-0.083340	0.019956	0.012126	-0.708936	0.254391	-2.133406	1.000000
73.000000	86.000000	0.012231	0.008938	-0.060281	0.012258	0.008944	-0.060264	0.033350	0.135244	0.021522	0.125364	0.059524	0.895322	1.000000
71.000000	59.000000	0.000879	-0.011233	-0.085116	0.000961	-0.011134	-0.085131	0.059134	0.116228	0.101636	-1.318305	-1.360358	0.094040	1.000000
72.000000	76.000000	-0.014078	-0.013659	-0.076382	-0.014121	-0.013595	-0.076314	0.022322	-0.037440	0.030904	0.367455	-1.208208	-0.945645	1.000000
79.000000	55.000000	-0.000257	0.005936	-0.084684	-0.000255	0.005951	-0.084646	0.060073	0.123944	0.067103	-1.623332	1.224122	-0.431595	1.000000
80.000000	80.000000	0.010703	-0.001505	-0.081789	0.010714	-0.001520	-0.081797	0.051085	0.235634	0.025305	1.942058	1.116883	-7.787961	1.000000
0.000000	48.000000	-0.003453	-0.008592	-0.063839	0.000000	0.000000	0.000000	0.000000	0.000000	0.000000	0.000000	0.000000	0.000000	0.000000
59.000000	81.000000	0.012155	0.004388	-0.060917	0.012133	0.004423	-0.060921	0.114152	0.037698	0.018776	-11.989751	-7.109122	7.870986	1.000000
90.000000	61.000000	0.004083	-0.006806	-0.086553	0.004111	-0.006819	-0.086489	-0.052111	0.187639	0.049361	1.917249	-2.536130	-9.741841	1.000000
0.000000	83.000000	-0.011843	-0.004443	-0.080712	0.000000	0.000000	0.000000	0.000000	0.000000	0.000000	0.000000	0.000000	0.000000	0.000000
0.000000	73.000000	-0.008194	0.004095	-0.082194	0.000000	0.000000	0.000000	0.000000	0.000000	0.000000	0.000000	0.000000	0.000000	0.000000
61.000000	-1.000000	-0.010319	0.008991	-0.086359	0.000000	0.000000	0.000000	0.000000	0.000000	0.000000	0.000000	0.000000	0.000000	0.000000
75.000000	71.000000	-0.005990	-0.015697	-0.072967	-0.006011	-0.015700	-0.072950	0.010297	0.001055	0.068207	-0.809987	-0.729197	0.680540	1.000000
84.000000	88.000000	0.010393	-0.015129	-0.072466	0.010390	-0.015100	-0.072490	-0.011225	0.010923	-0.021403	0.396022	0.787965	0.007913	1.000000
83.000000	87.000000	0.013557	0.013002	-0.079491	0.013579	0.013018	-0.079472	0.038077	0.112272	0.015349	2.998461	-0.842742	1.816202	1.000000
86.000000	89.000000	0.010908	0.005263	-0.081299	0.010932	0.005287	-0.081287	0.019216	0.160890	0.027888	2.101233	-1.442903	-1.058497	1.000000
88.000000	90.000000	0.015927	-0.002083	-0.063709	0.015898	-0.002088	-0.063711	0.095906	0.039708	0.061232	1.830753	1.317337	-0.488842	1.000000
91.000000	78.000000	-0.001296	-0.011198	-0.060482	-0.001300	-0.011173	-0.060510	-0.038729	0.068286	-0.050316	-2.216783	-1.767321	-2.692561	1.000000
87.000000	79.000000	0.006145	-0.008581	-0.084976	0.006099	-0.008531	-0.084948	0.019213	0.126560	0.065340	-3.574370	-2.061034	-1.443252	1.000000
92.000000	91.000000	-0.015456	0.002249	-0.063915	-0.015456	0.002256	-0.063936	0.098710	-0.018989	-0.006595	-0.542457	1.683067	5.242257	1.000000
93.000000	92.000000	0.007875	-0.014930	-0.084608	0.007919	-0.014920	-0.084576	0.000587	0.100079	0.139224	-1.854395	-1.646104	-1.903846	1.000000
94.000000	94.000000	0.012309	-0.009902	-0.085453	0.012278	-0.009879	-0.085447	0.017930	0.082201	0.073064	-0.365841	0.929244	-3.316047	1.000000
