1.000000	1.000000	-0.000230	0.000723	-0.073038	-0.000216	0.000646	-0.073085	-0.072720	0.033013	0.067430	1.803293	-0.850501	-1.218208	1.000000
4.000000	2.000000	-0.002109	-0.007914	-0.068040	-0.002121	-0.007916	-0.068037	0.015812	0.033651	-0.107364	-0.389588	-0.025461	-0.404016	1.000000
3.000000	24.000000	-0.006009	-0.006965	-0.062500	-0.005979	-0.006928	-0.062516	0.047625	-0.032070	-0.046643	0.900458	2.740520	-0.848940	1.000000
9.000000	4.000000	0.003699	-0.007827	-0.079610	0.003689	-0.007832	-0.079629	-0.048691	0.086470	0.030263	-1.256649	0.273961	-0.690355	1.000000
5.000000	5.000000	0.003380	0.006160	-0.076827	0.003376	0.006157	-0.076819	-0.061065	-0.017519	0.031685	0.121586	-1.472428	-0.777059	1.000000
7.000000	9.000000	0.002303	0.001109	-0.072532	0.002335	0.001121	-0.072576	0.006995	-0.010193	0.043909	0.791390	-0.116660	-1.411892	1.000000
49.000000	3.000000	0.013460	-0.006193	-0.064976	0.013397	-0.006163	-0.065011	-0.005641	0.125686	0.090077	-5.763024	5.502355	2.051435	1.000000
18.000000	55.000000	-0.002257	-0.009538	-0.074047	-0.002266	-0.009560	-0.074040	-0.067507	-0.020404	-0.037854	-0.158801	1.936833	0.859743	1.000000
14.000000	8.000000	-0.003551	0.007876	-0.071230	-0.003543	0.007876	-0.071228	-0.028871	0.023176	0.075407	-0.203565	0.607455	-0.169277	1.000000
20.000000	16.000000	-0.009569	0.005954	-0.066643	-0.009587	0.005946	-0.066627	-0.118758	0.029473	0.089075	0.622856	-0.343205	1.646067	1.000000
22.000000	50.000000	0.013143	-0.000469	-0.070335	0.013121	-0.000461	-0.070342	0.047795	0.010757	0.013304	0.208260	1.134328	1.702539	1.000000
6.000000	10.000000	-0.001408	-0.002877	-0.070888	-0.001446	-0.002888	-0.070914	-0.035044	-0.044943	0.002317	-3.543820	-1.218528	-0.658207	1.000000
16.000000	20.000000	-0.008459	-0.009655	-0.077165	-0.008438	-0.009646	-0.077157	-0.017299	-0.008889	0.068422	1.338554	0.812572	-0.123830	1.000000
30.000000	7.000000	0.005131	-0.009650	-0.079858	0.005152	-0.009671	-0.079902	-0.097200	0.065958	0.070723	0.537921	-1.949463	-4.985430	1.000000
8.000000	12.000000	-0.004224	0.009860	-0.074598	-0.004207	0.009850	-0.074604	-0.059201	0.050016	0.098548	2.006211	-0.302022	0.976121	1.000000
13.000000	32.000000	0.014050	0.006995	-0.072367	0.014045	0.007011	-0.072367	-0.051983	0.085896	-0.116439	0.078219	-0.192576	2.017385	1.000000
28.000000	19.000000	0.011096	-0.006600	-0.068125	0.011116	-0.006606	-0.068124	-0.006381	-0.034324	0.089369	-0.877106	0.729056	-0.521917	1.000000
21.000000	21.000000	-0.009234	0.002158	-0.068830	-0.009225	0.002184	-0.068833	-0.026371	0.052471	0.126934	1.731114	-0.265171	0.645755	1.000000
27.000000	11.000000	0.004998	-0.002757	-0.072487	0.004998	-0.002745	-0.072488	-0.038755	0.031176	0.065433	-1.127782	0.248083	0.341518	1.000000
24.000000	17.000000	-0.000423	-0.007459	-0.074195	-0.000424	-0.007454	-0.074185	-0.017640	-0.000790	-0.059730	0.544578	1.706321	0.383830	1.000000
29.000000	23.000000	-0.007768	0.005536	-0.068558	-0.007767	0.005540	-0.068478	-0.093769	-0.004980	0.050026	-0.379922	1.173393	1.081094	1.000000
25.000000	6.000000	0.007389	0.011115	-0.083797	0.007421	0.011090	-0.083857	-0.177449	0.075736	-0.019816	-1.842841	-4.566666	-1.011947	1.000000
38.000000	22.000000	0.007084	0.008956	-0.069592	0.007084	0.008928	-0.069528	-0.038334	0.081195	-0.092858	-1.635642	-0.204511	2.363180	1.000000
2.000000	41.000000	0.009108	-0.001218	-0.060589	0.009098	-0.001210	-0.060572	0.007159	0.225051	-0.025646	0.692182	-1.903429	-0.498113	1.000000
33.000000	38.000000	0.009844	0.002112	-0.069419	0.009841	0.002088	-0.069432	-0.025014	0.026972	-0.111758	0.366876	-0.598911	0.646929	1.000000
23.000000	25.000000	-0.012894	0.007672	-0.073144	-0.012896	0.007670	-0.073146	-0.021503	-0.004407	0.034753	-1.863386	1.102148	2.216783	1.000000
41.000000	13.000000	0.010153	-0.011294	-0.073285	0.010074	-0.011287	-0.073174	0.046182	0.002128	-0.040304	-7.533716	1.273726	7.813186	1.000000
19.000000	39.000000	-0.004257	0.012365	-0.076246	-0.004255	0.012338	-0.076285	-0.022085	0.007657	-0.029248	-1.590396	-2.885568	-0.132849	1.000000
17.000000	26.000000	0.011355	0.001691	-0.079584	0.011367	0.001701	-0.079555	-0.035663	-0.002430	-0.014700	0.418185	-0.501464	-0.029585	1.000000
36.000000	18.000000	0.004272	-0.010136	-0.062508	0.004265	-0.010125	-0.062526	0.001696	0.049654	-0.023381	1.635725	2.548760	-0.574341	1.000000
32.000000	30.000000	-0.005334	-0.012888	-0.073200	-0.005347	-0.012895	-0.073230	-0.012907	0.049397	0.060899	0.351779	1.135331	0.305715	1.000000
35.000000	35.000000	-0.011307	0.007223	-0.068572	-0.011305	0.007235	-0.068573	-0.038535	0.016689	0.126770	0.398764	1.722243	0.592336	1.000000
12.000000	-1.000000	-0.008399	0.001274	-0.062504	0.000000	0.000000	0.000000	0.000000	0.000000	0.000000	0.000000	0.000000	0.000000	0.000000
11.000000	54.000000	0.009495	0.000976	-0.081461	0.009536	0.000996	-0.081427	0.009511	0.041367	-0.046578	0.219880	0.025848	-0.723796	1.000000
15.000000	33.000000	-0.002958	-0.010598	-0.063018	-0.002943	-0.010613	-0.062982	0.051326	-0.017419	-0.051090	0.282089	0.927293	0.295284	1.000000
26.000000	40.000000	-0.009740	-0.007651	-0.075177	-0.009733	-0.007649	-0.075177	-0.053416	0.048247	0.071109	1.149150	0.211254	1.249747	1.000000
39.000000	34.000000	0.010095	-0.012517	-0.068526	0.010130	-0.012529	-0.068573	-0.041360	-0.007676	-0.067870	0.396602	1.637946	-1.390353	1.000000
42.000000	31.000000	0.011688	-0.011689	-0.076459	0.011700	-0.011674	-0.076486	-0.077931	0.038482	0.120297	1.312661	-3.287549	-2.952049	1.000000
55.000000	27.000000	0.005414	-0.012399	-0.080062	0.005416	-0.012411	-0.080067	-0.023622	0.049304	0.041719	0.581414	0.046428	0.108421	1.000000
40.000000	43.000000	-0.010545	0.004458	-0.062507	-0.010564	0.004432	-0.062507	0.027197	0.031290	0.084471	-0.106407	-1.164462	-1.071830	1.000000
37.000000	37.000000	-0.008587	0.013139	-0.075042	-0.008582	0.013174	-0.074994	-0.052267	-0.018932	0.060718	-1.080493	-0.774443	1.292884	1.000000
46.000000	47.000000	0.004275	0.001337	-0.079986	0.004277	0.001332	-0.079998	-0.027808	0.143474	0.042915	0.750314	-0.533072	0.413121	1.000000
44.000000	46.000000	-0.003912	-0.007676	-0.084687	-0.003925	-0.007688	-0.084651	-0.106298	-0.020225	0.055900	3.058679	-2.454151	-0.643392	1.000000
10.000000	15.000000	-0.007961	-0.006509	-0.077061	-0.007978	-0.006500	-0.077126	-0.128233	-0.005215	-0.011880	-4.654595	-0.842907	-7.564934	1.000000
53.000000	52.000000	0.008758	0.013863	-0.081596	0.008753	0.013951	-0.081717	-0.131160	0.019692	-0.000721	-1.189662	-0.579345	-2.461900	1.000000
50.000000	28.000000	0.002930	0.000403	-0.081342	0.002933	0.000404	-0.081344	-0.072937	0.095956	0.095121	-0.828591	0.481196	0.604357	1.000000
52.000000	45.000000	-0.008548	-0.011651	-0.072961	-0.008542	-0.011639	-0.073004	0.006310	0.035472	0.065650	1.313382	-0.465348	0.464635	1.000000
51.000000	51.000000	-0.013009	-0.009524	-0.071330	-0.012969	-0.009512	-0.071366	0.008454	0.058840	0.052862	2.191847	0.559534	-2.858017	1.000000
60.000000	53.000000	0.007211	-0.015830	-0.078207	0.007216	-0.015803	-0.078191	0.052262	0.013199	0.075119	-0.955794	0.040709	-2.012238	1.000000
54.000000	29.000000	0.010659	-0.008035	-0.078727	0.010658	-0.008031	-0.078707	-0.044066	0.075999	0.051862	-0.902924	0.765253	0.184285	1.000000
31.000000	36.000000	-0.009399	-0.000402	-0.083019	-0.009416	-0.000363	-0.083107	-0.161268	-0.051179	0.071382	-0.036108	-0.252348	-0.156602	1.000000
56.000000	57.000000	-0.011582	-0.014506	-0.079222	-0.011579	-0.014534	-0.079155	0.033390	-0.026479	0.071330	-3.115801	-2.102814	-1.359307	1.000000
0.000000	14.000000	-0.008131	0.000971	-0.062269	0.000000	0.000000	0.000000	0.000000	0.000000	0.000000	0.000000	0.000000	0.000000	0.000000
45.000000	58.000000	-0.010981	0.008716	-0.061388	-0.010965	0.008719	-0.061420	-0.054522	0.019607	0.101849	0.725142	-1.804559	-3.269073	1.000000
59.000000	42.000000	-0.004232	-0.006275	-0.079298	-0.004222	-0.006274	-0.079257	0.017184	-0.058092	0.046834	2.031732	2.177665	0.795313	1.000000
57.000000	61.000000	-0.015174	0.007772	-0.074042	-0.015176	0.007761	-0.074070	-0.019688	0.000897	0.022188	0.273407	0.529977	1.153791	1.000000
0.000000	56.000000	-0.013901	0.005887	-0.075467	0.000000	0.000000	0.000000	0.000000	0.000000	0.000000	0.000000	0.000000	0.000000	0.000000
63.000000	63.000000	-0.004969	0.012962	-0.071179	-0.004955	0.012957	-0.071190	0.006260	-0.011321	0.094305	-0.409893	-1.214286	1.546450	1.000000
34.000000	65.000000	-0.012389	0.001315	-0.081456	-0.012394	0.001271	-0.081464	-0.182396	0.002483	-0.010498	-1.126839	-0.566109	1.780781	1.000000
43.000000	44.000000	-0.008477	-0.006694	-0.061061	-0.008493	-0.006705	-0.061081	0.095401	0.023237	0.049174	-2.140702	-0.992521	0.200159	1.000000
47.000000	66.000000	-0.014322	0.006931	-0.064731	-0.014322	0.006925	-0.064750	-0.037528	0.007469	0.076176	2.433816	-2.657842	2.217532	1.000000
48.000000	48.000000	-0.012920	-0.005282	-0.079259	-0.012922	-0.005314	-0.079286	-0.058203	-0.002734	0.007928	0.787152	-0.492970	0.710655	1.000000
62.000000	49.000000	0.010580	-0.011985	-0.071810	0.010564	-0.011993	-0.071792	-0.016722	0.039752	0.038584	1.889915	-0.349956	-1.302281	1.000000
61.000000	59.000000	0.008392	-0.014952	-0.073172	0.008361	-0.014933	-0.073151	0.063879	0.019490	0.007077	2.696513	0.453517	-3.177583	1.000000
66.000000	-1.000000	-0.009412	-0.015771	-0.077056	0.000000	0.000000	0.000000	0.000000	0.000000	0.000000	0.000000	0.000000	0.000000	0.000000
67.000000	67.000000	-0.004337	0.012978	-0.061811	-0.004344	0.012973	-0.061800	0.038870	0.028129	0.181139	-1.607396	0.809489	0.352507	1.000000
68.000000	68.000000	-0.016017	0.009408	-0.074829	-0.016046	0.009396	-0.074838	-0.050727	0.010639	-0.001191	-0.010843	1.403812	-0.888937	1.000000
69.000000	69.000000	0.004470	-0.015972	-0.072088	0.004452	-0.015945	-0.072121	-0.017812	-0.030431	-0.175104	1.015484	1.899850	-7.274725	1.000000
70.000000	70.000000	0.012477	-0.004967	-0.085793	0.012486	-0.004964	-0.085804	-0.013219	0.068256	0.006050	-2.877405	0.730420	0.559165	1.000000
72.000000	71.000000	0.015898	-0.003276	-0.067180	0.015898	-0.003256	-0.067173	0.023558	0.030318	0.026822	-0.670956	2.987005	-1.590805	1.000000
73.000000	72.000000	-0.000462	-0.016118	-0.073329	-0.000454	-0.016109	-0.073327	-0.045672	-0.017192	-0.033712	-1.399600	-1.290709	1.001998	1.000000
74.000000	73.000000	0.002691	0.016566	-0.060603	0.002695	0.016566	-0.060606	0.027852	0.053657	0.078741	-0.067668	1.524960	-1.098629	1.000000
