61.000000	1.000000	-0.001052	0.005749	-0.066086	-0.001072	0.005757	-0.066106	-0.040854	-0.025995	0.035373	0.033946	0.361682	-2.390123	1.000000
1.000000	60.000000	0.006581	-0.004184	-0.065706	0.006608	-0.004181	-0.065717	-0.061091	0.173475	-0.085137	1.877589	-0.279934	1.250000	1.000000
2.000000	17.000000	0.004963	-0.002301	-0.062303	0.004973	-0.002306	-0.062300	0.037211	0.114198	0.005495	0.906847	0.180228	0.523284	1.000000
4.000000	2.000000	-0.000484	-0.002693	-0.068342	-0.000514	-0.002725	-0.068343	-0.168946	0.042576	-0.049088	-0.737756	0.636208	0.121898	1.000000
5.000000	6.000000	-0.003628	-0.007063	-0.065387	-0.003613	-0.007071	-0.065424	-0.005305	0.093921	-0.057661	0.708189	0.372790	1.849777	1.000000
13.000000	5.000000	0.003374	-0.002541	-0.070932	0.003373	-0.002483	-0.070969	-0.036543	0.027752	-0.060973	-1.636950	-0.270840	-2.091332	1.000000
3.000000	3.000000	0.003359	0.001152	-0.072558	0.003335	0.001127	-0.072574	0.009995	-0.016253	0.030473	0.332006	1.124424	-2.623007	1.000000
7.000000	9.000000	-0.002040	0.004835	-0.070415	-0.002034	0.004871	-0.070422	-0.002829	-0.064248	0.074431	-0.999450	4.897939	-0.831763	1.000000
25.000000	10.000000	0.010504	-0.008739	-0.060668	0.010510	-0.008741	-0.060688	-0.044036	0.083889	-0.094032	-5.015596	-1.256616	-2.306410	1.000000
22.000000	15.000000	0.012007	-0.006580	-0.066673	0.012002	-0.006579	-0.066701	-0.015801	0.076504	0.082046	-1.562513	-0.479531	0.721931	1.000000
9.000000	7.000000	-0.007378	-0.001142	-0.069280	-0.007392	-0.001152	-0.069257	-0.004768	0.005257	0.010608	2.979021	2.599650	-6.973776	1.000000
6.000000	84.000000	0.000264	0.004511	-0.071017	0.000277	0.004512	-0.071025	0.010939	0.019293	-0.017589	1.879030	-0.852744	1.574720	1.000000
11.000000	23.000000	0.005405	0.005430	-0.072645	0.005359	0.005427	-0.072599	-0.002235	-0.029464	0.060477	0.015617	-0.903578	-0.233053	1.000000
15.000000	26.000000	0.005229	0.007649	-0.081265	0.005237	0.007667	-0.081251	-0.002454	0.039703	0.032618	1.966143	2.174946	1.807840	1.000000
29.000000	39.000000	0.011410	0.009736	-0.079510	0.011419	0.009724	-0.079514	0.062396	0.144231	0.060480	1.154640	0.460489	-0.037349	1.000000
26.000000	68.000000	0.005805	-0.006722	-0.083990	0.005804	-0.006744	-0.084015	-0.041711	0.065953	0.044982	-1.637582	-2.844668	-0.105070	1.000000
51.000000	18.000000	-0.003588	0.002997	-0.064377	-0.003604	0.002990	-0.064376	0.001177	0.036142	0.043353	-0.571533	0.002281	0.631683	1.000000
10.000000	13.000000	-0.009861	0.003298	-0.081065	-0.009883	0.003317	-0.081111	-0.094021	-0.038877	0.054154	0.261779	0.347480	0.147853	1.000000
21.000000	21.000000	0.005890	-0.010298	-0.069631	0.005865	-0.010299	-0.069623	-0.038204	0.090868	-0.011843	-3.404908	2.353212	-1.537542	1.000000
72.000000	12.000000	0.000014	0.000383	-0.077457	0.000039	0.000366	-0.077481	0.005266	0.056557	0.012053	-1.318947	-0.463097	0.178883	1.000000
42.000000	20.000000	0.010760	0.003370	-0.079684	0.010738	0.003337	-0.079680	0.045023	0.156495	0.035077	1.299793	-1.368220	-0.962881	1.000000
31.000000	16.000000	0.000466	0.008260	-0.083767	0.000472	0.008248	-0.083765	0.018453	0.121990	0.019707	-2.383548	-0.941804	-3.123191	1.000000
16.000000	65.000000	0.005963	0.006975	-0.077698	0.005983	0.006996	-0.077723	0.001839	0.116294	0.066827	-0.324002	-2.713348	0.289984	1.000000
27.000000	46.000000	-0.010649	-0.001350	-0.071452	-0.010645	-0.001363	-0.071431	-0.028788	-0.018853	0.008445	1.389306	1.133830	-0.336578	1.000000
17.000000	42.000000	-0.006986	0.002414	-0.079498	-0.006997	0.002417	-0.079466	-0.039718	0.083023	-0.005319	-1.080716	-0.510223	0.952272	1.000000
18.000000	25.000000	0.002468	0.002550	-0.070425	0.002484	0.002562	-0.070439	-0.031144	-0.014638	0.025213	0.751441	1.347967	-1.435860	1.000000
33.000000	31.000000	-0.005801	-0.008720	-0.068573	-0.005788	-0.008724	-0.068570	-0.004518	0.040568	0.068459	2.071153	0.731760	-0.372693	1.000000
23.000000	34.000000	-0.002212	0.006875	-0.067707	-0.002217	0.006881	-0.067702	-0.095471	0.022494	0.056194	-0.433148	0.126765	-0.242541	1.000000
24.000000	24.000000	-0.001509	-0.006311	-0.077787	-0.001510	-0.006291	-0.077788	-0.026880	-0.000591	-0.029324	-0.706410	0.150948	1.077558	1.000000
41.000000	27.000000	-0.002238	-0.009987	-0.061701	-0.002227	-0.009995	-0.061688	-0.056128	0.068120	-0.073572	0.430808	0.221336	-0.499562	1.000000
44.000000	33.000000	-0.008920	-0.008022	-0.062869	-0.008925	-0.008009	-0.062870	0.053602	-0.022082	-0.056905	-1.098428	2.185904	0.085701	1.000000
89.000000	90.000000	-0.003548	-0.001154	-0.066011	-0.003551	-0.001180	-0.065952	-0.049813	0.025127	0.005957	0.418170	-0.720534	0.243915	1.000000
30.000000	22.000000	-0.006260	-0.002660	-0.077112	-0.006277	-0.002650	-0.077090	-0.058729	0.056614	-0.045171	-0.294303	0.543404	0.629640	1.000000
34.000000	47.000000	-0.012004	-0.008578	-0.075942	-0.012005	-0.008570	-0.075925	0.007027	0.020080	0.020869	2.330909	0.646130	-4.711417	1.000000
35.000000	38.000000	0.001858	-0.009350	-0.083308	0.001866	-0.009356	-0.083293	0.042365	0.076289	0.104996	-0.836592	-2.305848	0.287475	1.000000
12.000000	35.000000	0.013148	-0.011920	-0.069211	0.013135	-0.011928	-0.069209	-0.027217	0.090451	-0.049242	0.655859	0.574519	-0.601585	1.000000
36.000000	28.000000	-0.007166	-0.003034	-0.074173	-0.007161	-0.003031	-0.074172	-0.056895	0.039078	0.046017	1.517326	0.933155	2.334408	1.000000
20.000000	29.000000	0.005439	0.009958	-0.083770	0.005469	0.009963	-0.083732	-0.008492	0.089070	0.016667	0.937101	-1.100241	-2.093561	1.000000
38.000000	32.000000	0.005903	0.010875	-0.070617	0.005898	0.010860	-0.070624	-0.016323	0.062221	0.036971	1.355311	-0.862341	3.725301	1.000000
39.000000	36.000000	-0.010134	-0.004111	-0.079337	-0.010131	-0.004105	-0.079327	-0.068703	0.013081	-0.008826	1.690057	0.439664	0.079460	1.000000
19.000000	19.000000	0.004870	-0.004975	-0.080940	0.004858	-0.004975	-0.080944	-0.000109	0.094370	-0.009920	0.094520	0.498091	-0.340894	1.000000
47.000000	11.000000	-0.005493	0.006736	-0.082901	-0.005443	0.006771	-0.082895	-0.078921	-0.000975	0.010291	0.324564	1.284429	1.265030	1.000000
28.000000	8.000000	-0.008891	0.005950	-0.079243	-0.008833	0.005930	-0.079234	-0.118335	0.091451	0.059061	1.367886	3.285090	-0.768916	1.000000
32.000000	85.000000	-0.000794	-0.004451	-0.081832	-0.000832	-0.004423	-0.081835	-0.028367	0.101151	0.014994	0.202844	0.579140	-1.020543	1.000000
53.000000	40.000000	-0.013977	0.001790	-0.063783	-0.013984	0.001758	-0.063769	0.056291	-0.051567	0.017618	-3.324920	-2.353718	1.718387	1.000000
0.000000	43.000000	0.004860	-0.009748	-0.084158	0.000000	0.000000	0.000000	0.000000	0.000000	0.000000	0.000000	0.000000	0.000000	0.000000
54.000000	50.000000	0.009908	0.003048	-0.085210	0.009916	0.003045	-0.085219	0.049908	0.185111	-0.020827	2.281955	-2.672776	-0.268522	1.000000
40.000000	44.000000	0.002760	-0.009205	-0.083561	0.002736	-0.009207	-0.083584	0.008196	0.050375	0.051308	-0.109639	-0.576986	1.647181	1.000000
45.000000	78.000000	-0.013829	0.010900	-0.073096	-0.013851	0.010896	-0.073087	-0.068212	-0.018557	-0.027478	-0.912070	0.030083	0.554534	1.000000
50.000000	45.000000	-0.013208	-0.006221	-0.063749	-0.013232	-0.006228	-0.063770	-0.033343	0.001042	0.019493	0.256760	-1.407536	-0.504686	1.000000
46.000000	-1.000000	0.011343	-0.013255	-0.073647	0.000000	0.000000	0.000000	0.000000	0.000000	0.000000	0.000000	0.000000	0.000000	0.000000
48.000000	49.000000	-0.000313	-0.011144	-0.069815	-0.000330	-0.011153	-0.069821	-0.013074	-0.065877	-0.071838	-2.520580	-0.654143	0.784191	1.000000
57.000000	54.000000	0.005579	0.011230	-0.069088	0.005577	0.011235	-0.069133	-0.015315	0.093807	0.085575	0.086318	0.584676	-0.835381	1.000000
92.000000	52.000000	-0.005697	0.011323	-0.086096	-0.005694	0.011334	-0.086080	-0.080528	0.027472	-0.015636	1.267489	0.618428	0.405391	1.000000
58.000000	56.000000	0.009099	-0.010421	-0.070339	0.009092	-0.010416	-0.070325	-0.035388	0.028803	0.024672	-0.478692	0.534496	-0.982340	1.000000
55.000000	57.000000	-0.013218	-0.003399	-0.066100	-0.013219	-0.003404	-0.066137	0.005812	-0.027381	0.040921	1.180562	2.755305	0.433809	1.000000
85.000000	81.000000	0.002700	-0.005923	-0.085119	0.002646	-0.005954	-0.085097	0.018695	0.110998	0.019836	-1.969724	-0.501404	-1.515766	1.000000
59.000000	51.000000	0.005728	0.011137	-0.067282	0.005772	0.011137	-0.067348	-0.047428	0.077076	0.102757	1.139662	1.538344	1.144023	1.000000
82.000000	88.000000	0.005863	0.010173	-0.078224	0.005873	0.010178	-0.078207	0.081511	0.098087	0.015119	1.467458	-1.499339	0.004198	1.000000
64.000000	62.000000	0.007807	-0.013292	-0.081980	0.007827	-0.013277	-0.081970	-0.006534	0.082116	0.156115	-0.403489	-1.839193	-0.217027	1.000000
62.000000	58.000000	-0.005950	-0.004090	-0.084525	-0.005921	-0.004073	-0.084529	0.007683	0.019543	0.048741	0.396758	-0.360152	-0.694567	1.000000
69.000000	63.000000	0.010157	-0.012531	-0.081483	0.010169	-0.012512	-0.081523	0.092515	0.041825	0.118236	2.785194	0.636267	-1.328056	1.000000
63.000000	72.000000	-0.009616	-0.009966	-0.073654	-0.009635	-0.009957	-0.073652	0.026474	0.012841	-0.023622	-0.721732	0.328467	-0.293782	1.000000
37.000000	4.000000	0.002110	0.006017	-0.066423	0.002099	0.006011	-0.066413	-0.072826	0.035042	0.049826	1.464263	-0.082900	-0.756962	1.000000
66.000000	73.000000	0.006487	-0.006578	-0.081673	0.006496	-0.006525	-0.081772	0.040759	0.135036	0.081440	-1.363673	0.135613	1.523121	1.000000
49.000000	67.000000	-0.012889	-0.009180	-0.075426	-0.012875	-0.009166	-0.075462	0.003605	0.020702	0.036576	-0.059185	-0.102306	-0.025818	1.000000
67.000000	66.000000	0.006789	-0.007408	-0.081249	0.006795	-0.007435	-0.081273	0.024675	0.099749	0.088256	-1.857759	0.127612	0.830567	1.000000
14.000000	61.000000	-0.006980	-0.010431	-0.068380	-0.006999	-0.010413	-0.068419	0.009800	-0.004854	0.032477	0.251998	1.605644	-2.106643	1.000000
73.000000	64.000000	0.012087	0.008399	-0.079238	0.012148	0.008371	-0.079294	0.066920	0.177411	0.057565	1.554793	-1.144841	-0.575322	1.000000
70.000000	71.000000	-0.013766	-0.014489	-0.075927	-0.013766	-0.014474	-0.075900	0.010807	-0.060008	0.012056	-1.794772	-1.332224	-2.463392	1.000000
8.000000	59.000000	0.005020	0.008230	-0.070195	0.005011	0.008320	-0.070166	-0.015492	0.008951	0.018143	1.288240	-0.948891	-1.261791	1.000000
74.000000	86.000000	0.013607	0.010454	-0.075068	0.013648	0.010447	-0.075055	0.037609	0.163671	0.118447	3.527656	0.800736	-0.626937	1.000000
86.000000	69.000000	0.011916	0.005445	-0.060649	0.011948	0.005449	-0.060579	0.055887	-0.014585	0.071565	-2.077381	9.089285	9.624999	1.000000
68.000000	53.000000	0.012585	0.012729	-0.078331	0.012558	0.012737	-0.078304	-0.075514	0.241674	0.070887	1.133589	-1.340271	2.776584	1.000000
56.000000	-1.000000	-0.011134	0.007671	-0.074791	0.000000	0.000000	0.000000	0.000000	0.000000	0.000000	0.000000	0.000000	0.000000	0.000000
78.000000	55.000000	-0.012485	0.003272	-0.064051	-0.012532	0.003250	-0.064126	0.007921	0.001175	0.055585	-4.449550	-3.596403	-2.296953	1.000000
43.000000	79.000000	0.011915	0.000358	-0.081689	0.011952	0.000374	-0.081705	0.041173	0.165329	-0.046833	0.861370	1.571339	-0.739101	1.000000
76.000000	77.000000	0.013840	0.007131	-0.063135	0.013845	0.007133	-0.063129	0.021214	0.113312	0.113981	0.711487	-0.870838	0.405180	1.000000
77.000000	80.000000	-0.007168	-0.015841	-0.072975	-0.007172	-0.015833	-0.072983	0.023801	0.054939	-0.005768	0.421311	-0.797923	0.940596	1.000000
60.000000	74.000000	0.010430	0.012397	-0.085021	0.010422	0.012390	-0.084995	0.003762	0.183386	-0.006440	-1.695554	1.139361	-5.928571	1.000000
65.000000	41.000000	0.006325	0.008955	-0.073319	0.006336	0.008967	-0.073264	0.030457	0.041159	0.133012	-1.860479	0.500305	1.072699	1.000000
80.000000	75.000000	0.013993	-0.015264	-0.070102	0.014026	-0.015280	-0.070105	-0.064230	0.099477	-0.041518	3.464036	3.285964	2.454795	1.000000
0.000000	-1.000000	-0.000932	-0.013698	-0.077011	0.000000	0.000000	0.000000	0.000000	0.000000	0.000000	0.000000	0.000000	0.000000	0.000000
81.000000	82.000000	0.011731	0.002835	-0.082058	0.011736	0.002836	-0.082050	0.055770	0.248310	-0.030580	-0.209572	0.531728	-1.017534	1.000000
87.000000	-1.000000	0.003629	-0.003537	-0.086313	0.000000	0.000000	0.000000	0.000000	0.000000	0.000000	0.000000	0.000000	0.000000	0.000000
52.000000	-1.000000	-0.003968	-0.001626	-0.064571	0.000000	0.000000	0.000000	0.000000	0.000000	0.000000	0.000000	0.000000	0.000000	0.000000
0.000000	37.000000	-0.011219	0.007692	-0.075235	0.000000	0.000000	0.000000	0.000000	0.000000	0.000000	0.000000	0.000000	0.000000	0.000000
83.000000	89.000000	-0.005972	-0.015821	-0.071643	-0.005994	-0.015822	-0.071642	-0.006451	-0.018752	0.077464	-0.147353	-2.264485	0.261988	1.000000
79.000000	87.000000	0.010174	-0.014818	-0.072974	0.010177	-0.014830	-0.072967	-0.016362	0.010607	-0.028872	-0.752095	-0.992437	0.207688	1.000000
90.000000	91.000000	-0.015684	0.001572	-0.072526	-0.015700	0.001574	-0.072589	-0.071015	-0.047960	0.007266	2.012448	1.011481	-0.458204	1.000000
91.000000	76.000000	0.005185	-0.001866	-0.061104	0.005226	-0.001865	-0.061147	0.011663	0.119756	-0.021861	3.682160	-0.348784	1.530662	1.000000
93.000000	92.000000	0.010408	0.013581	-0.077801	0.010407	0.013582	-0.077793	-0.004484	0.033471	0.187284	2.119047	-4.110389	-3.506493	1.000000
94.000000	48.000000	0.011698	0.008428	-0.080374	0.011713	0.008425	-0.080399	0.060382	0.189417	0.033229	1.758741	2.894522	-1.171911	1.000000
95.000000	93.000000	0.012208	-0.007866	-0.084161	0.012264	-0.007865	-0.084184	-0.018398	0.139198	0.081805	-1.138102	0.595345	1.029236	1.000000
