4.000000	1.000000	0.009454	0.002411	-0.061139	0.009456	0.002416	-0.061122	0.038094	0.178403	-0.037717	2.262920	-1.531152	-0.195838	1.000000
2.000000	10.000000	-0.000837	0.000978	-0.072376	-0.000813	0.001014	-0.072338	0.010115	0.028689	0.023904	2.783173	2.101192	-0.198111	1.000000
1.000000	6.000000	0.001563	0.002027	-0.079799	0.001573	0.002036	-0.079773	-0.076373	0.080143	0.079123	0.095746	-1.314846	-0.676662	1.000000
14.000000	2.000000	0.002616	-0.006212	-0.079223	0.002618	-0.006203	-0.079236	-0.066130	0.096224	0.012931	-0.019057	0.479873	-0.840084	1.000000
5.000000	5.000000	0.009750	-0.006596	-0.077782	0.009779	-0.006588	-0.077776	-0.046790	0.083672	0.054956	0.490817	0.316213	1.037572	1.000000
13.000000	57.000000	-0.007220	0.001709	-0.061407	-0.007229	0.001739	-0.061461	0.044275	0.049265	0.021778	9.123126	-10.031967	9.605394	1.000000
6.000000	21.000000	0.002345	0.005580	-0.076461	0.002340	0.005576	-0.076472	-0.050860	-0.041222	0.004304	1.309823	0.466411	-1.168571	1.000000
59.000000	7.000000	0.006099	0.010272	-0.070897	0.006067	0.010271	-0.070906	-0.034051	0.063866	-0.054796	-5.702047	-2.855145	-0.686563	1.000000
8.000000	27.000000	0.009730	0.001677	-0.082302	0.009722	0.001696	-0.082292	0.009481	0.037194	-0.046659	-0.240067	-0.321934	0.320485	1.000000
45.000000	47.000000	-0.008519	-0.009619	-0.076058	-0.008543	-0.009659	-0.076062	-0.000060	0.006454	0.047284	0.383191	0.399897	-1.109520	1.000000
18.000000	12.000000	0.010894	0.001705	-0.079684	0.010914	0.001713	-0.079696	-0.012363	0.009137	-0.004547	1.123087	1.035120	-0.308739	1.000000
11.000000	14.000000	-0.004121	0.008441	-0.069981	-0.004120	0.008447	-0.069970	-0.036795	0.039829	0.063179	-0.826317	0.284340	-0.911870	1.000000
16.000000	34.000000	-0.011466	0.006348	-0.064789	-0.011461	0.006362	-0.064793	-0.083802	0.018377	0.109010	2.105894	-0.251820	0.399737	1.000000
10.000000	17.000000	-0.000693	-0.007205	-0.075250	-0.000693	-0.007199	-0.075265	-0.013466	0.027190	-0.063758	-0.121393	1.340679	-0.450229	1.000000
12.000000	16.000000	0.009409	0.002472	-0.071138	0.009410	0.002462	-0.071161	-0.023724	0.015305	-0.072633	0.314333	-0.769510	2.732347	1.000000
29.000000	18.000000	-0.001945	-0.010832	-0.063957	-0.001983	-0.010827	-0.063929	0.046530	-0.004863	-0.059196	-1.583970	0.903920	-0.676952	1.000000
15.000000	15.000000	0.005083	-0.011507	-0.079366	0.005102	-0.011515	-0.079348	-0.010289	0.049786	0.037543	0.968647	-0.140651	-0.091697	1.000000
7.000000	4.000000	0.002603	0.000890	-0.071994	0.002603	0.000896	-0.072036	0.013439	-0.018575	0.021514	-0.922895	-0.771472	-0.695132	1.000000
3.000000	20.000000	0.012278	-0.002884	-0.063364	0.012326	-0.002873	-0.063350	-0.094589	0.226442	0.084718	-2.112856	1.691982	-1.205415	1.000000
19.000000	8.000000	0.004733	-0.008716	-0.062963	0.004733	-0.008754	-0.062939	0.048494	0.093590	-0.007799	0.237756	0.945229	1.876757	1.000000
17.000000	19.000000	0.009597	-0.012491	-0.069711	0.009593	-0.012518	-0.069706	-0.015355	0.001477	-0.045790	0.882784	-0.185768	3.096523	1.000000
55.000000	35.000000	-0.012750	-0.008502	-0.070440	-0.012726	-0.008505	-0.070442	0.014207	0.048864	0.062142	0.082573	-0.909269	0.950006	1.000000
23.000000	24.000000	-0.013296	0.007681	-0.072653	-0.013286	0.007681	-0.072653	-0.026074	0.006292	0.020841	-0.399058	0.559791	-0.952206	1.000000
49.000000	25.000000	-0.003552	-0.009474	-0.074663	-0.003493	-0.009489	-0.074690	-0.066492	0.026044	-0.011471	0.048212	1.063092	7.648930	1.000000
22.000000	37.000000	-0.005164	0.011798	-0.076468	-0.005167	0.011827	-0.076420	-0.078270	-0.052647	0.032689	-1.508693	-0.472897	3.934938	1.000000
25.000000	30.000000	0.010804	-0.006872	-0.066597	0.010784	-0.006851	-0.066606	-0.036609	0.014668	0.076970	-1.858710	2.382366	-1.125442	1.000000
30.000000	23.000000	-0.009710	0.005698	-0.067089	-0.009720	0.005668	-0.067086	-0.122258	0.009150	0.102926	0.289949	-0.814103	2.185362	1.000000
20.000000	29.000000	0.004093	-0.002140	-0.071218	0.004084	-0.002149	-0.071209	-0.063021	0.031636	0.072732	-1.235155	-0.409314	-0.466990	1.000000
31.000000	31.000000	0.004226	0.011945	-0.084580	0.004218	0.011936	-0.084619	-0.162307	0.026082	-0.058727	3.116526	-2.685117	-0.865501	1.000000
26.000000	39.000000	-0.012031	0.007783	-0.066427	0.000000	0.000000	0.000000	0.000000	0.000000	0.000000	0.000000	0.000000	0.000000	0.000000
21.000000	26.000000	0.013204	0.008481	-0.074188	0.013211	0.008460	-0.074164	-0.043496	0.066004	-0.083555	-0.810774	-2.035276	1.659834	1.000000
36.000000	13.000000	-0.004906	0.010603	-0.072705	-0.004912	0.010608	-0.072680	-0.021851	0.032528	0.115927	1.410131	-1.054883	0.510149	1.000000
24.000000	9.000000	-0.002989	-0.003710	-0.071435	-0.002902	-0.003671	-0.071375	-0.111060	-0.023547	-0.059282	-0.601875	3.000401	-2.783983	1.000000
28.000000	36.000000	-0.005588	-0.011871	-0.072002	-0.005594	-0.011893	-0.072021	-0.012193	0.060139	0.080376	1.079690	0.586890	1.592818	1.000000
35.000000	33.000000	-0.010522	-0.006687	-0.073776	-0.010508	-0.006680	-0.073739	-0.032747	0.062792	0.083593	0.946551	0.855464	-0.135465	1.000000
32.000000	22.000000	0.013897	-0.000011	-0.069885	0.013875	-0.000021	-0.069865	0.030104	0.036986	0.042927	-1.476247	0.819214	1.780647	1.000000
33.000000	41.000000	-0.009605	0.012676	-0.073800	-0.009597	0.012673	-0.073783	-0.054240	-0.039062	0.068130	0.771308	-1.611563	-0.396654	1.000000
34.000000	40.000000	-0.003782	-0.006798	-0.078367	-0.003805	-0.006823	-0.078302	0.020013	-0.007548	0.049475	-0.227503	1.963357	-3.466277	1.000000
39.000000	43.000000	0.003927	0.003833	-0.079191	0.003923	0.003847	-0.079188	-0.009704	0.132879	0.047361	1.564685	-0.038711	1.290709	1.000000
66.000000	42.000000	0.003497	-0.002868	-0.086259	0.003468	-0.002873	-0.086330	-0.003883	0.067252	0.089951	-3.109890	-3.744255	-0.494006	1.000000
41.000000	11.000000	0.010253	-0.011110	-0.073191	0.010244	-0.011095	-0.073202	-0.000197	0.016052	0.008858	1.678322	0.230020	-1.787712	1.000000
42.000000	46.000000	-0.010429	-0.006695	-0.077473	-0.010422	-0.006673	-0.077452	-0.128107	0.003923	-0.022997	2.869977	1.109392	-2.250027	1.000000
48.000000	54.000000	0.003861	-0.008728	-0.079613	0.003931	-0.008680	-0.079610	-0.020777	0.059424	-0.028593	4.643860	1.548003	-2.370308	1.000000
43.000000	53.000000	0.010684	-0.011388	-0.074968	0.010703	-0.011381	-0.074966	-0.023917	0.000525	0.052243	3.935049	-0.876032	-1.907121	1.000000
47.000000	56.000000	0.015053	-0.010305	-0.065036	0.015050	-0.010306	-0.065041	-0.093729	0.094038	0.038219	5.532717	-2.092907	-2.541458	1.000000
46.000000	49.000000	-0.001881	-0.007379	-0.070058	-0.001883	-0.007398	-0.070038	0.014042	0.020085	-0.111485	0.275328	-1.085307	0.241018	1.000000
9.000000	3.000000	-0.005016	-0.007329	-0.063144	-0.005017	-0.007282	-0.063171	0.052640	-0.017716	-0.027801	0.193579	0.545001	-0.970668	1.000000
51.000000	51.000000	0.006182	0.014202	-0.082052	0.006216	0.014203	-0.082029	-0.141426	0.005019	-0.026372	0.643628	-0.830987	-0.776720	1.000000
27.000000	52.000000	0.008274	-0.015588	-0.076940	0.008297	-0.015569	-0.076949	0.074960	0.011578	0.069046	0.870628	-0.535766	-0.610271	1.000000
54.000000	50.000000	0.009783	-0.004621	-0.081266	0.009772	-0.004651	-0.081250	-0.146344	0.131417	0.009687	1.037049	-0.770889	-2.266226	1.000000
50.000000	58.000000	-0.011078	-0.014913	-0.078604	-0.011105	-0.014918	-0.078558	0.015550	-0.018965	0.028867	-0.093395	0.941241	-2.575529	1.000000
53.000000	55.000000	-0.008163	-0.011148	-0.071648	-0.008171	-0.011119	-0.071654	0.036067	0.028895	0.083169	1.694991	0.711752	0.164158	1.000000
44.000000	32.000000	-0.005289	-0.008474	-0.083945	-0.005240	-0.008431	-0.083945	-0.034658	-0.051138	0.001437	2.557892	-0.016353	-5.594371	1.000000
52.000000	48.000000	-0.012673	-0.010639	-0.081741	-0.012703	-0.010632	-0.081771	-0.030221	-0.035070	0.020565	2.116134	-0.932567	2.378247	1.000000
56.000000	59.000000	-0.013871	0.006162	-0.074578	-0.013843	0.006155	-0.074519	0.000762	0.010790	0.046554	0.179919	-0.211475	-0.546299	1.000000
58.000000	61.000000	0.009641	-0.014899	-0.073524	0.009595	-0.014907	-0.073509	0.053020	-0.027891	-0.034388	-2.904848	-2.783129	0.375405	1.000000
62.000000	28.000000	-0.009431	0.003183	-0.066564	-0.009430	0.003179	-0.066566	0.000910	0.056331	0.118415	1.060262	-0.393251	-1.614535	1.000000
38.000000	45.000000	-0.010145	0.004846	-0.061235	-0.010159	0.004851	-0.061192	0.018398	0.018187	0.065896	-0.002667	-0.611147	-1.003366	1.000000
37.000000	38.000000	0.010350	0.007899	-0.061143	0.010343	0.007907	-0.061141	0.141158	0.035986	0.000187	1.977814	4.376082	3.350108	1.000000
0.000000	64.000000	-0.014588	0.002825	-0.063404	0.000000	0.000000	0.000000	0.000000	0.000000	0.000000	0.000000	0.000000	0.000000	0.000000
0.000000	-1.000000	-0.008512	-0.007103	-0.060429	0.000000	0.000000	0.000000	0.000000	0.000000	0.000000	0.000000	0.000000	0.000000	0.000000
67.000000	66.000000	-0.012334	-0.001263	-0.081673	0.000000	0.000000	0.000000	0.000000	0.000000	0.000000	0.000000	0.000000	0.000000	0.000000
64.000000	63.000000	-0.006938	-0.006464	-0.060115	-0.006924	-0.006442	-0.060143	0.095697	0.003933	0.058782	3.114385	-1.762238	1.487263	1.000000
40.000000	-1.000000	0.010236	-0.011228	-0.071404	0.000000	0.000000	0.000000	0.000000	0.000000	0.000000	0.000000	0.000000	0.000000	0.000000
60.000000	65.000000	-0.004887	0.012543	-0.069221	-0.004862	0.012534	-0.069268	0.004479	-0.033320	0.112984	-0.242979	-0.392597	0.559504	1.000000
65.000000	62.000000	-0.015546	0.007721	-0.073679	0.000000	0.000000	0.000000	0.000000	0.000000	0.000000	0.000000	0.000000	0.000000	0.000000
68.000000	67.000000	-0.015626	0.001306	-0.081229	0.000000	0.000000	0.000000	0.000000	0.000000	0.000000	0.000000	0.000000	0.000000	0.000000
69.000000	68.000000	-0.016918	0.009802	-0.074936	0.000000	0.000000	0.000000	0.000000	0.000000	0.000000	0.000000	0.000000	0.000000	0.000000
70.000000	69.000000	0.016176	-0.002184	-0.066716	0.000000	0.000000	0.000000	0.000000	0.000000	0.000000	0.000000	0.000000	0.000000	0.000000
