2.000000	2.000000	-0.001840	0.005432	-0.065779	-0.001846	0.005423	-0.065797	-0.059671	-0.015275	0.008891	-1.311985	0.552238	-1.234234	1.000000
30.000000	1.000000	0.002932	-0.008442	-0.082556	0.002943	-0.008424	-0.082560	0.021053	0.048724	0.072754	0.390963	-0.532512	0.347975	1.000000
1.000000	10.000000	0.005605	-0.000532	-0.062202	0.005583	-0.000531	-0.062177	0.033182	0.106975	0.011074	-1.106407	-0.140710	0.625739	1.000000
59.000000	14.000000	-0.002121	0.004389	-0.069475	-0.002145	0.004383	-0.069500	-0.015422	-0.008034	0.036910	-1.201752	1.374796	-2.651156	1.000000
5.000000	3.000000	0.011707	-0.005229	-0.065573	0.011709	-0.005224	-0.065572	-0.018323	0.097868	0.051840	-0.737793	1.086095	-2.009554	1.000000
4.000000	6.000000	0.000644	0.004723	-0.070921	0.000645	0.004736	-0.070923	0.027044	0.012828	0.031716	-0.314497	0.121816	2.233253	1.000000
9.000000	5.000000	0.002735	-0.002344	-0.072314	0.002800	-0.002399	-0.072241	-0.018034	-0.023552	-0.082373	3.145279	-1.226314	1.400814	1.000000
7.000000	8.000000	0.001134	0.006518	-0.065653	0.001140	0.006522	-0.065648	-0.045364	0.026965	0.048081	1.835329	-0.782252	-0.106363	1.000000
19.000000	9.000000	0.005318	0.004812	-0.071668	0.005324	0.004808	-0.071665	0.000747	-0.048896	0.052838	0.848614	-1.065581	-0.796658	1.000000
6.000000	7.000000	0.005460	0.008642	-0.080415	0.005450	0.008641	-0.080402	0.025506	0.079247	0.066910	0.824044	1.559229	-0.150294	1.000000
8.000000	41.000000	0.005519	0.011237	-0.083731	0.005523	0.011241	-0.083744	0.016317	0.070981	-0.016559	1.867708	-0.874669	-1.792995	1.000000
12.000000	15.000000	-0.003711	0.003542	-0.063623	-0.003701	0.003545	-0.063628	-0.015534	0.032241	0.050568	-1.086488	-0.220697	0.753611	1.000000
13.000000	17.000000	0.005827	-0.001449	-0.066915	0.005832	-0.001454	-0.066923	-0.046185	0.168414	-0.058181	-1.695055	0.134615	3.276723	1.000000
24.000000	13.000000	-0.000519	0.013342	-0.077726	-0.000522	0.013353	-0.077734	0.003518	-0.120893	0.014135	-1.491317	1.993521	1.458468	1.000000
39.000000	18.000000	0.006575	0.009633	-0.071075	0.006593	0.009651	-0.071131	0.006977	0.046027	0.124572	-0.274058	0.216783	-1.176599	1.000000
3.000000	4.000000	0.003445	0.001049	-0.072458	0.003451	0.001072	-0.072496	0.011905	0.014457	-0.018336	-4.743719	0.301676	-2.663873	1.000000
14.000000	27.000000	-0.002961	-0.008886	-0.062877	-0.002951	-0.008883	-0.062882	-0.028555	0.073669	-0.074534	2.466455	1.021434	0.624439	1.000000
18.000000	19.000000	-0.003821	0.007201	-0.066830	-0.003826	0.007191	-0.066813	-0.105432	0.016664	0.054826	-0.605404	-0.324363	-0.214590	1.000000
17.000000	59.000000	-0.003573	-0.005585	-0.066202	-0.003603	-0.005577	-0.066175	0.003237	0.090435	-0.032651	-0.225601	-0.692220	1.595590	1.000000
28.000000	24.000000	-0.008237	-0.008116	-0.063733	-0.008237	-0.008132	-0.063725	0.035630	0.003626	-0.053653	-0.755944	0.867700	0.443542	1.000000
35.000000	28.000000	0.007048	-0.004400	-0.080278	0.006994	-0.004392	-0.080266	0.018840	0.124456	0.106872	-1.842172	-1.668259	0.940355	1.000000
20.000000	21.000000	0.005041	-0.005933	-0.083220	0.005025	-0.005912	-0.083217	-0.057100	0.042830	0.046961	-1.032393	-1.012006	-1.525372	1.000000
21.000000	23.000000	-0.006912	-0.010426	-0.067998	-0.006915	-0.010430	-0.067995	-0.003381	-0.003637	0.025209	-1.252103	-0.443063	-0.403620	1.000000
15.000000	26.000000	-0.010467	0.007713	-0.078451	-0.010457	0.007707	-0.078431	-0.083880	0.123417	0.041459	1.843606	0.629216	-1.312624	1.000000
32.000000	61.000000	0.006016	0.008435	-0.076680	0.006008	0.008415	-0.076637	0.000811	0.053931	0.085693	-0.727273	-5.047202	6.758491	1.000000
23.000000	22.000000	-0.005785	-0.003745	-0.084017	-0.005759	-0.003789	-0.083950	0.014818	0.012193	0.027217	0.308464	-0.729420	-0.603265	1.000000
71.000000	12.000000	0.009251	-0.007477	-0.062142	0.009201	-0.007480	-0.062195	-0.113658	0.076567	-0.084095	-3.105887	-0.101192	1.074111	1.000000
29.000000	32.000000	0.004827	-0.003409	-0.081072	0.004818	-0.003407	-0.081074	-0.007863	0.099839	-0.002583	-0.489754	0.167962	0.783366	1.000000
27.000000	20.000000	-0.002005	-0.006289	-0.078081	-0.001992	-0.006298	-0.078083	-0.031809	0.000253	-0.006944	-0.371631	0.285766	0.941447	1.000000
62.000000	29.000000	0.007594	-0.012338	-0.079686	0.007641	-0.012311	-0.079688	-0.019278	0.035984	0.123794	-0.196195	-2.271858	-1.496166	1.000000
33.000000	31.000000	-0.001253	-0.002768	-0.081639	-0.001272	-0.002767	-0.081637	-0.028519	0.101433	0.010460	-0.403095	-0.728038	-0.741827	1.000000
42.000000	30.000000	0.000454	0.010051	-0.083837	0.000455	0.010046	-0.083816	-0.020059	0.105870	-0.023111	-1.696514	-0.159254	-2.080849	1.000000
61.000000	43.000000	-0.011805	-0.008254	-0.075749	-0.011798	-0.008245	-0.075767	0.012906	0.018446	0.013465	-0.082699	-0.046406	0.226842	1.000000
34.000000	38.000000	-0.012427	0.007093	-0.075164	-0.012453	0.007104	-0.075157	-0.101421	-0.027475	-0.013666	-2.642234	0.621113	-0.636508	1.000000
11.000000	49.000000	0.004859	-0.008537	-0.070274	0.004829	-0.008549	-0.070265	-0.085106	0.120853	-0.072004	-1.153058	0.046250	-3.157456	1.000000
31.000000	50.000000	-0.005614	-0.007957	-0.067588	-0.005618	-0.007943	-0.067546	0.022607	0.055521	0.057477	1.191751	0.555767	-0.667301	1.000000
69.000000	37.000000	-0.007329	-0.000853	-0.069478	-0.007328	-0.000857	-0.069473	-0.002307	0.024026	-0.005886	-2.671328	-0.253496	4.912004	1.000000
36.000000	36.000000	-0.012824	-0.008811	-0.074880	-0.012818	-0.008813	-0.074882	0.001411	0.025528	0.037152	-0.808441	0.435570	0.255342	1.000000
22.000000	40.000000	0.006970	-0.005829	-0.079748	0.006914	-0.005805	-0.079713	-0.011345	0.105247	0.107672	-1.702703	0.045937	0.902233	1.000000
25.000000	44.000000	0.011750	0.005536	-0.079383	0.011761	0.005527	-0.079362	0.088594	0.121844	0.001756	3.004063	-0.122033	-2.116228	1.000000
41.000000	34.000000	0.002077	0.002527	-0.070120	0.002060	0.002532	-0.070125	-0.027846	0.009032	0.018950	-0.669931	0.827461	0.334497	1.000000
16.000000	39.000000	-0.007788	0.003680	-0.079426	-0.007773	0.003676	-0.079388	-0.054228	0.074774	0.019297	-0.448572	-0.554846	1.835849	1.000000
40.000000	72.000000	-0.007237	-0.001654	-0.077750	-0.007255	-0.001670	-0.077730	-0.065076	0.065831	-0.032983	-0.073383	0.855025	0.880405	1.000000
37.000000	25.000000	0.011162	-0.012882	-0.074138	0.011214	-0.012867	-0.074086	-0.013876	0.026498	-0.050253	-3.118298	-1.328671	-1.178904	1.000000
43.000000	46.000000	0.005834	0.011795	-0.069850	0.005814	0.011771	-0.069861	0.003601	0.053938	0.043983	0.768529	-0.058635	-0.539934	1.000000
83.000000	42.000000	0.015108	0.002787	-0.069866	0.015078	0.002753	-0.069881	-0.092116	0.221552	0.134842	7.366475	2.297956	1.965376	1.000000
45.000000	52.000000	-0.012784	0.002961	-0.063399	-0.012770	0.002968	-0.063400	-0.027039	-0.029431	0.039991	-0.990153	-0.975295	-0.475878	1.000000
10.000000	16.000000	-0.000015	0.001250	-0.077447	-0.000006	0.001240	-0.077320	-0.010058	0.055891	0.002756	-1.308768	0.175102	-1.002281	1.000000
54.000000	48.000000	0.004729	0.008289	-0.069783	0.004715	0.008311	-0.069792	-0.029926	-0.012537	0.042468	-0.671922	0.106957	1.098547	1.000000
47.000000	87.000000	-0.013026	-0.003546	-0.065430	-0.013068	-0.003552	-0.065436	0.007331	-0.001038	0.048881	-0.153400	0.095129	1.069378	1.000000
52.000000	54.000000	-0.010993	-0.003855	-0.079328	-0.010979	-0.003851	-0.079334	-0.039468	0.016081	0.011307	0.906490	-0.160540	1.554704	1.000000
57.000000	47.000000	-0.013588	0.000659	-0.063176	-0.013591	0.000655	-0.063175	-0.002484	-0.075265	0.053499	-1.924225	0.920087	0.911201	1.000000
51.000000	51.000000	0.008445	-0.009892	-0.070104	0.008444	-0.009890	-0.070099	-0.045750	0.035839	0.000554	-0.642070	0.279444	-1.943379	1.000000
50.000000	53.000000	-0.013565	-0.006369	-0.063635	-0.013581	-0.006374	-0.063639	-0.006355	-0.027967	-0.010893	3.029720	0.119190	-6.071222	1.000000
56.000000	82.000000	0.004333	0.003174	-0.085801	0.004362	0.003199	-0.085772	0.052103	0.250624	0.040793	-1.603147	-1.261488	-6.942307	1.000000
63.000000	75.000000	0.003116	-0.000091	-0.085746	0.003059	-0.000058	-0.085728	-0.068103	0.252434	0.061881	-2.407508	1.762771	4.158475	1.000000
55.000000	55.000000	-0.006744	0.011871	-0.086167	-0.006725	0.011884	-0.086183	-0.048293	0.048610	-0.001891	1.462280	1.983632	0.325322	1.000000
58.000000	84.000000	0.007185	0.011457	-0.077860	0.007159	0.011446	-0.077886	0.065176	0.066515	0.025780	-2.561970	0.690108	-0.201482	1.000000
60.000000	57.000000	0.002467	-0.008372	-0.081623	0.002470	-0.008390	-0.081622	0.035855	0.047396	0.094823	-0.386022	-1.579200	-1.375137	1.000000
53.000000	56.000000	-0.006716	0.006888	-0.082580	-0.006701	0.006924	-0.082595	-0.080683	0.018397	0.023399	-0.452153	0.463201	0.442160	1.000000
49.000000	33.000000	-0.003133	-0.001894	-0.069061	-0.003074	-0.001871	-0.069073	-0.133097	0.073183	-0.040822	3.805722	2.395888	0.454887	1.000000
65.000000	58.000000	0.013412	0.011065	-0.078487	0.013416	0.011058	-0.078503	0.085694	0.159188	0.040239	-0.617106	-0.725093	-1.126433	1.000000
48.000000	35.000000	-0.004453	-0.001552	-0.064905	-0.004446	-0.001591	-0.064890	-0.025497	0.008283	0.001918	0.341849	1.282390	0.539648	1.000000
26.000000	11.000000	0.012746	-0.010356	-0.070018	0.012748	-0.010363	-0.070018	-0.022883	0.105692	-0.048281	0.070329	0.891542	0.404997	1.000000
64.000000	88.000000	0.011972	-0.011810	-0.079856	0.011954	-0.011793	-0.079852	0.120513	0.047077	0.097897	-0.432068	0.347403	0.494755	1.000000
46.000000	68.000000	-0.000888	-0.012243	-0.070809	-0.000873	-0.012190	-0.070856	-0.053901	-0.049990	-0.067703	-2.589958	2.949567	-2.014012	1.000000
66.000000	63.000000	0.012570	0.012217	-0.078534	0.012571	0.012223	-0.078561	0.079457	0.174007	0.060063	0.875166	2.871457	0.432190	1.000000
67.000000	64.000000	0.011926	-0.005867	-0.082778	0.011902	-0.005859	-0.082774	-0.025492	0.107647	0.094347	0.354171	-1.169656	0.666402	1.000000
0.000000	70.000000	-0.009403	-0.009791	-0.074090	0.000000	0.000000	0.000000	0.000000	0.000000	0.000000	0.000000	0.000000	0.000000	0.000000
91.000000	69.000000	0.005904	0.000012	-0.061247	0.005889	0.000010	-0.061224	0.061326	0.120070	0.009900	1.115939	0.844572	1.689716	1.000000
80.000000	67.000000	0.002661	-0.004363	-0.085021	0.002684	-0.004371	-0.085020	-0.004053	0.085886	-0.010572	0.663162	-1.127812	-1.956581	1.000000
38.000000	65.000000	-0.007808	-0.002257	-0.073240	-0.007797	-0.002270	-0.073200	-0.021230	0.054222	0.070787	2.025223	0.653682	0.328628	1.000000
72.000000	71.000000	-0.015030	0.010567	-0.073495	-0.015038	0.010581	-0.073479	-0.077625	-0.019137	-0.018582	-0.397582	0.303397	0.834460	1.000000
89.000000	73.000000	0.013385	-0.013853	-0.070641	0.013397	-0.013949	-0.070691	-0.021978	0.041308	-0.049440	0.674492	-3.908474	-2.329935	1.000000
73.000000	66.000000	-0.006718	-0.015053	-0.073039	-0.006714	-0.015026	-0.073002	0.032685	0.045507	0.004173	0.310982	-0.766278	0.925079	1.000000
77.000000	83.000000	0.014236	0.008801	-0.061201	0.014230	0.008803	-0.061205	0.019660	0.091471	0.120391	-1.461039	-2.316433	-1.660090	1.000000
79.000000	78.000000	0.010940	0.005670	-0.085463	0.010953	0.005649	-0.085458	0.067266	0.140044	-0.002324	-1.884615	-2.686313	2.213037	1.000000
87.000000	79.000000	0.005592	-0.008947	-0.084120	0.005376	-0.008835	-0.084116	0.036771	0.042606	-0.015360	0.881901	0.168440	-0.361302	1.000000
84.000000	90.000000	0.004476	0.008097	-0.069768	0.004514	0.008085	-0.069697	-0.022733	-0.004780	0.032022	3.835373	3.964160	8.254078	1.000000
86.000000	45.000000	-0.010958	-0.001488	-0.071294	-0.011008	-0.001510	-0.071399	-0.027677	0.002533	-0.030754	-2.227023	1.634615	-9.405344	1.000000
88.000000	62.000000	-0.011314	0.002745	-0.080226	-0.011318	0.002735	-0.080193	-0.083961	-0.030068	0.056509	0.364268	1.842796	-0.322736	1.000000
75.000000	89.000000	0.005329	0.012775	-0.067965	0.005306	0.012802	-0.067909	-0.021794	0.102883	0.068853	-0.705474	0.131393	-1.160844	1.000000
44.000000	-1.000000	-0.009156	-0.009689	-0.074097	0.000000	0.000000	0.000000	0.000000	0.000000	0.000000	0.000000	0.000000	0.000000	0.000000
70.000000	-1.000000	0.014730	0.013416	-0.073165	0.000000	0.000000	0.000000	0.000000	0.000000	0.000000	0.000000	0.000000	0.000000	0.000000
76.000000	80.000000	0.009783	-0.014861	-0.073372	0.009776	-0.014825	-0.073362	-0.032550	-0.012106	-0.018952	-0.378845	-1.316517	1.065663	1.000000
68.000000	60.000000	-0.004222	-0.000876	-0.065921	-0.004223	-0.000822	-0.066003	-0.028365	0.032103	-0.019199	2.042460	2.552453	-1.424819	1.000000
74.000000	-1.000000	-0.013947	-0.015643	-0.076178	0.000000	0.000000	0.000000	0.000000	0.000000	0.000000	0.000000	0.000000	0.000000	0.000000
82.000000	85.000000	0.001214	-0.004370	-0.086628	0.001228	-0.004328	-0.086603	-0.007212	0.088815	0.012779	1.282105	-0.085959	-2.851594	1.000000
81.000000	74.000000	-0.000223	-0.009222	-0.085660	-0.000194	-0.009237	-0.085587	0.049215	0.081009	0.092373	2.554164	-0.714946	-3.029034	1.000000
90.000000	91.000000	0.005172	0.012606	-0.065583	0.005153	0.012610	-0.065568	-0.030922	0.106320	0.119678	0.401542	1.329438	1.020000	1.000000
92.000000	92.000000	0.012913	0.003061	-0.082325	0.012913	0.003045	-0.082349	0.076788	0.159947	-0.031548	-0.130353	-0.931469	0.231782	1.000000
93.000000	81.000000	0.002164	-0.014166	-0.085058	0.002150	-0.014205	-0.085157	-0.008442	0.038814	-0.106766	4.135114	1.284715	10.592157	1.000000
