800
  16  335     11.774      2.020    -71.824
   0    0      0.858      6.640    -69.745
 153    3      2.282      9.816    -71.535
  77    2     -7.022      7.608    -70.526
  22   95      2.760      5.248    -70.864
  -1  430     -0.885     -0.500    -74.570
 135  482      4.545     -5.519    -71.381
  27  391      5.645     -0.683    -66.494
  24    1      3.935      3.768    -70.227
   2    5      0.252      4.840    -68.630
   7    6      1.957      3.146    -69.848
  49   45     -0.629     -9.102    -71.788
  54   36      0.853      2.411    -73.402
   4   30     -7.992      9.133    -70.363
   3  338      7.475      3.834    -70.655
  14   46      8.372      6.978    -70.360
  28   33     -1.184      6.119    -71.145
   5   16      2.014      7.151    -69.548
   6    9      2.527     -7.196    -70.318
  11   64     -3.710     -7.820    -70.266
  12   10      3.724     10.167    -67.198
  29   12      3.910      1.987    -69.505
 343   35     -1.768     -2.520    -72.543
  30   55     -5.262      7.066    -67.158
  23  111     -1.715      4.008    -77.015
  13  343     -1.998     -3.598    -69.586
  20  333      4.669      3.550    -74.245
  -1   -2     -0.505     12.373    -68.674
  31  104      2.237      6.122    -68.460
 420  344      3.094     -5.202    -73.178
  96   68     -4.699     -7.986    -69.687
 425   77      0.582     -2.672    -66.170
  38   42      1.650      0.053    -71.623
  34  164     -9.820     11.880    -71.267
   8   27      7.844     -0.623    -70.847
 147   56     -0.233     -4.722    -71.773
  -1  230    -11.527     -4.018    -64.836
 232  781     -6.348      4.359    -72.602
  76  128      9.282      3.147    -73.813
  57   79      5.740     10.701    -67.931
  43    4      3.039     -4.682    -69.541
  42  216      0.001      2.057    -68.934
  35   26     -9.178     -6.213    -69.281
  19   -2      0.330     -8.575    -66.308
  21   -2     -1.942     -4.369    -72.017
  81  443     -7.341     -3.872    -66.856
 111   17     10.977      3.535    -68.845
  33   38     10.212      7.522    -69.865
  -1   40     -7.191      8.519    -64.406
  -1   -2     16.671      6.720    -72.632
 482  337      3.834     -6.841    -70.083
  67   61     -6.325     10.858    -66.942
 299  161     -1.316     10.497    -72.419
 396  554    -10.663    -12.146    -72.691
 242  382     -5.967     -5.926    -72.190
 162  480      4.679     -0.232    -62.174
  -1   -2     14.495      6.155    -70.393
  62   76      1.359     -8.356    -65.830
 352   -2     -3.019      3.136    -64.433
  15   90      7.447     -9.760    -74.565
 181  777      0.881     -3.703    -76.276
  41   72     -5.496      6.937    -64.728
  56   25    -10.654     -2.569    -66.747
 356  353      3.758      7.377    -70.499
 392   29     -2.696     -2.307    -64.891
  80   98     -4.934     -1.497    -64.218
 115   53      2.708      6.249    -64.072
  -1   -2     15.875     11.085    -68.871
  94   81      0.523      2.803    -67.407
 227  350      0.265     -4.428    -68.630
  -1   24      0.685     -7.512    -69.796
  65   87     12.554     -3.516    -67.634
  53   34     -1.969     -7.288    -67.704
  -1   -2      0.018     -8.578    -71.638
 540  285    -12.070      6.044    -70.770
  58  112     -4.359      3.694    -64.168
  63   60      3.324    -11.239    -68.395
 224   43     -7.883      8.689    -74.277
 428   -2      2.028     -1.662    -69.255
 384  393     -0.316    -10.393    -68.685
  78   85      8.885    -11.573    -69.150
 784  804     -3.722      5.228    -66.719
  61   92      6.916      6.830    -70.540
  26  351      0.126     -4.932    -67.854
  71  126    -11.783      4.833    -68.614
 166   94     -6.076     -1.965    -64.440
  25   -2      3.882      4.427    -68.054
  92   51     -3.578     -3.976    -67.673
  91  445      8.195      1.315    -63.887
  73   57     -0.273      6.065    -62.861
 105  105     -1.475     -9.191    -70.023
 380  435      3.832      2.354    -67.644
  36  529      7.589      1.041    -74.268
  -1   -2     -7.377      2.834    -62.346
  89  359     -3.838      5.010    -64.035
  64   28     -3.615    -12.660    -69.315
  18  291      1.573      6.661    -69.515
 387   -2     -4.398      4.927    -66.447
 751   88     -8.738     -4.498    -66.400
 398   63     -2.768     -7.972    -61.336
 140   65     -6.010     -5.228    -67.223
 281  167     14.505      5.414    -68.328
  -1   -2     -2.326     -9.932    -63.475
 772   -2     -6.450     -6.405    -76.448
 191  148     -6.903     12.212    -64.852
  95  552     14.303      2.659    -73.649
 473   59     -6.662    -10.557    -72.948
 374   20     -2.379      9.533    -74.145
 118  181      4.117     -9.005    -64.665
  -1  581     -4.849     -6.982    -74.374
 144   67     -8.121      2.596    -67.119
 419  141     -0.778      5.823    -68.617
 471   50      2.623      0.184    -64.827
  -1  134     -5.362     11.685    -71.417
  59   49    -11.487     11.160    -70.081
 404  139     -1.279    -12.751    -69.512
  46   83      8.924     -7.471    -72.149
  98  108     -0.727      3.032    -62.347
 174  127      8.248      6.676    -67.333
 175  191      0.664      9.284    -77.646
  90  116     -9.548      9.393    -67.786
 122  144     -7.203     10.883    -72.825
 412  119     -3.931      7.264    -65.104
 231  280      1.712     -4.868    -72.675
 167   89    -11.715     -0.671    -69.946
 365  788     -0.027      1.994    -60.943
 258  783      3.015     11.105    -68.943
 113  176     11.779      1.028    -64.453
 468  345      7.607     -4.143    -65.343
 187   66     12.797     -5.078    -69.992
 173  132    -11.574      1.418    -63.022
 168   97     -1.566      7.266    -64.639
 223  147     -0.450      4.884    -58.841
 201  150     -0.965     -0.871    -65.426
 397   86      7.312     10.008    -67.016
 322  124     -4.142      0.628    -62.159
 417  179     -1.271     -2.899    -63.125
 408  123     13.889      0.446    -68.012
 121   -2     -0.660     -8.871    -60.451
 160  180      4.307      1.200    -61.080
 754  492      1.975     -6.023    -66.176
 120   18      2.486     10.030    -75.313
  -1   -2     -5.031      2.329    -65.670
  -1   -2    -11.630      7.087    -67.785
 272  465      0.240      3.847    -71.638
 165  224      7.936      4.823    -63.602
 372  100      3.610     -0.996    -65.639
 148  225     13.400     10.865    -72.531
 748   21     -1.175      6.029    -73.057
 225  780    -12.959      4.052    -69.286
  40  769     -0.786      0.425    -72.227
 128  156      5.160      6.567    -62.634
 361   32     -7.265      5.651    -72.847
  45  103      4.885     -8.519    -63.395
 435   -2     -3.510     11.388    -64.211
  -1   -2      1.113     -8.882    -68.954
 454  489      4.147      5.353    -75.633
  -1   -2      6.322     10.191    -71.483
 432   -2     -7.298     -3.999    -70.240
 401  143      7.631      6.715    -70.299
 467  157      8.624    -10.353    -63.127
 305  307     -9.462      4.229    -70.741
  -1   47     10.091     10.036    -68.424
 358   19     -3.795     12.202    -71.504
 247  305     10.208      7.154    -74.129
 117  476     10.870      4.615    -66.031
  -1  309      5.194     -5.680    -62.842
  74   -2      3.139     -0.782    -71.569
 238  217     -2.722     10.115    -65.296
  -1   -2     -6.407      7.233    -61.578
  47  770      4.354    -13.129    -66.366
 657  185     15.888      1.154    -68.073
 213  173    -12.276     -6.449    -70.445
  -1   -2      7.862     -4.262    -68.583
  97  101    -13.814      5.238    -74.822
 185   44      1.988     -4.712    -71.280
 161  174      7.292     -9.284    -64.402
 202  183     -2.073      8.177    -72.732
 571  142      7.096     -3.763    -61.691
 196  209    -12.751      9.437    -69.561
 129  177     11.354      8.667    -70.742
 163  162      5.743     -1.004    -64.248
 278  785     12.790     -5.200    -68.652
 189   -2     -7.664     -6.724    -67.236
  -1   -2     13.296     10.038    -72.019
 127  406     16.099      7.340    -70.661
  -1   -2      6.138     -2.996    -69.831
 462   84     15.214      5.245    -69.439
  -1  154     -4.969     -8.963    -61.928
  -1   -2     -7.903     -2.410    -76.057
 132   22     15.486     -3.842    -69.489
 156  203      7.571      2.402    -63.145
 275  638     -5.137     -2.188    -72.693
  -1  102      4.574      2.456    -67.061
 554  149     -6.242     -1.935    -65.929
 197  250     -7.061      6.435    -68.259
 130  220     11.407    -10.434    -73.312
 228   82      3.491      0.535    -71.879
 138  304     -4.081    -10.588    -63.746
 581  212     -2.009      5.981    -74.103
  70  284     -6.840      4.753    -68.121
 172  498     15.419      9.061    -69.939
 142   14      1.778      5.735    -71.447
 133  170    -10.827      7.894    -66.484
  -1  247     10.986     -1.417    -65.713
 221  561     13.641      5.795    -72.273
 103  371      9.945      9.565    -70.491
  -1  341      9.737     -8.725    -61.540
 388  789      0.406     -9.643    -61.532
 573  236      7.083     -6.445    -65.490
 530  210    -11.091     12.689    -68.643
 523  206      3.620      7.167    -65.097
 317  201    -14.348     -6.013    -69.641
  -1  189     -9.381     -1.539    -61.347
 268  710     -4.558      6.096    -75.139
 206  129      6.945      2.486    -62.887
 124  315     -6.670    -10.314    -68.059
 125  277      6.447     -8.059    -71.647
  72  771      4.001      5.779    -65.572
 406   -2      3.305      7.233    -69.181
  -1  258      3.289     -9.224    -71.719
  -1   -2      0.930      6.153    -70.808
 262  471    -10.319      0.561    -62.789
  -1  434     13.968      6.027    -62.607
 789  107      6.691     -1.136    -64.915
  -1  279      4.646     12.553    -70.134
  -1   -2     -2.481      8.842    -62.086
 313  260      5.522     -0.964    -74.238
 383  596      5.511     10.896    -63.581
 475  682      8.934     10.644    -65.442
 538  567      8.194     -1.911    -71.693
 253  223     12.344    -10.141    -73.071
 461   -2     -6.298     -6.052    -59.725
 150  211      6.658      0.006    -64.792
 229  213     11.611      5.802    -72.562
 367   52      5.302    -10.240    -72.100
 235  312     13.481     -4.063    -73.295
 152  145      3.915     -2.740    -61.157
  -1   75     -8.268     -0.498    -75.511
  -1  404      6.192     12.220    -62.498
  -1   -2    -14.472      1.991    -76.480
 334  278     -7.133     10.457    -68.107
 193  547      5.690      1.710    -66.095
 507  182      5.877      2.248    -62.770
 219  227      9.427      8.899    -66.548
  -1  256     11.517    -11.976    -73.459
 381   -2     15.943      8.548    -72.708
 532  500     -7.654      8.170    -75.345
 522  192      8.275     -8.078    -63.534
 395  396      5.044    -11.864    -77.168
  -1   -2     -1.266     12.421    -71.900
 131  239      3.652      3.227    -62.853
 199  232      8.061    -12.545    -70.622
  -1  484      0.690      6.294    -72.720
 303  229     -9.174      0.979    -60.920
 284  263      7.347      9.151    -65.494
 188  779      0.626      2.649    -64.369
 149  165      7.114      8.937    -65.654
 241  221    -12.748     -3.027    -77.326
 757  136      5.947      5.046    -64.192
 257  267    -12.197      1.909    -63.925
  -1   -2      8.217      6.031    -73.174
  -1  664      2.891     -7.855    -63.660
 210  311     -9.891     11.459    -65.010
 114  293     -9.485     -3.976    -68.181
  -1  187    -10.426      4.384    -62.088
  -1  503     -7.103     -4.197    -63.454
  -1   -2      8.677     -0.546    -65.730
  -1   -2     -5.448      1.713    -77.244
 605  175     -6.993     10.504    -62.741
  -1  115     15.636      7.352    -71.026
 209  275     -9.636      8.419    -64.243
  -1   -2     14.572      7.748    -64.114
 282  580     -8.007      4.652    -61.137
 207  299      2.866    -11.313    -70.353
  -1   -2      9.906     -4.183    -73.681
  -1   -2      9.437      2.330    -59.401
  -1   -2     -8.489      1.362    -57.244
 251  323      8.785     -9.764    -69.731
 306  198      5.333     11.265    -66.941
 265  784    -12.629      4.239    -66.642
 222  467     -0.174      0.947    -61.842
 642  215      8.792    -13.072    -68.777
  -1   -2     -6.502     -9.347    -71.187
 180  776      2.394     -1.056    -74.325
  -1  687     -2.794     -0.920    -71.100
  -1   -2      7.807     -3.909    -61.400
  -1   -2      3.533     -9.754    -66.204
  93  125      5.889     -9.743    -73.460
 240  252     12.373      1.956    -66.339
  -1   -2    -14.496     12.357    -67.951
 178  316      3.620     -4.098    -64.229
 575   -2    -12.467     -2.413    -62.087
  -1   -2     -7.023     -0.075    -75.772
 536  525      5.007     -5.702    -74.134
  -1   -2     -4.056    -11.045    -71.336
 267   -2     11.630      6.504    -61.465
 291  166     -2.379      0.268    -67.409
 484  168     -1.411      9.392    -70.956
 157  542      8.253      7.109    -65.241
  -1   -2    -10.945     10.582    -58.929
  -1   -2      2.774     -9.376    -72.204
 218  572     -9.846    -11.440    -75.865
  -1  317     11.865      2.538    -65.374
  -1  641     -1.433      0.587    -71.545
 596  297     12.574     -0.570    -73.004
 318  518     11.226      7.253    -71.794
 459  614     -9.079     10.770    -73.863
 302  535     11.775      4.066    -64.603
 771  194      1.028     -2.545    -64.481
  -1  238      9.667     -0.026    -71.066
 444  310     14.017     11.247    -70.644
 320  240     10.250      6.280    -62.046
  -1  292      5.785     -1.178    -68.733
 756  271    -11.026     -7.976    -67.884
 141  643      6.913     -5.745    -69.095
 270   -2      1.428     -3.129    -69.305
 500  163     -8.922     -7.173    -70.477
  -1   -2    -14.518     10.555    -75.870
 293  295     12.153      8.891    -66.817
 614  286     -6.457     11.366    -78.067
 307  193    -11.048     12.038    -72.338
 146  197      6.356      6.061    -68.887
 255   -2    -12.428     -1.848    -64.533
  -1   -2      6.475      7.384    -76.184
 195  499     -8.909     -9.145    -70.336
  -1   -2    -13.010     10.715    -69.613
 310  313      3.939     10.974    -64.183
 477  794      7.106    -12.713    -73.767
 662  281     13.160      8.855    -68.228
  -1   -2     12.931      7.950    -62.802
 309  261      8.994      1.700    -72.238
 672  327     -2.520     -1.589    -65.700
 539   -2     15.496     -7.903    -71.182
  -1  534     13.811    -10.277    -70.729
  -1   -2     -1.091     -4.852    -65.847
  55  441     -3.487     -6.246    -69.363
 250  782     -2.796     -1.543    -63.556
  -1   -2     -1.370     -8.183    -62.999
 714  324     -9.585      7.024    -68.472
 763   -2     -1.080     -6.554    -69.270
  -1  270     -8.293      0.491    -64.567
 300   -2    -14.135      0.998    -70.385
  -1   -2     -4.093      8.084    -66.864
  -1   -2     -8.969      2.188    -77.597
  -1   -2     15.233      9.904    -64.674
  -1   -2      1.923     -7.105    -61.631
 546  517      2.447     -2.710    -72.546
 628  802      0.293     -6.725    -66.459
  -1   -2    -11.218     -6.233    -72.062
  -1   -2     -5.057     -5.316    -70.361
  -1   -2      0.872     -4.040    -63.667
  -1   -2     -1.661      8.864    -63.865
 711  226      9.826    -11.206    -69.668
  -1   -2    -12.506      9.270    -65.987
  -1   -2      3.178     -6.055    -71.954
   1    7      6.793      5.769    -71.630
  10   99     -0.718     -5.671    -70.824
  88  772      1.490     -4.328    -68.541
 350  339     -7.801      7.618    -69.548
 145   74      3.889      6.506    -69.790
 747  386     -9.873      4.710    -69.308
 110  773     -7.663     -7.175    -69.551
 447  121     -8.554      3.767    -72.849
  -1   -2     -4.644     -7.515    -61.346
 347  349     -7.182      6.028    -69.978
  -1   80     -3.498     -9.020    -68.776
   9   31      0.448     -8.976    -71.414
  -1   23      6.864     12.406    -70.055
 369   39    -12.538      5.875    -73.581
  -1  407     -4.674     -4.365    -59.650
 208  131      6.740     -4.758    -68.143
  -1  357     12.611     -8.912    -64.319
 344  340     -6.699      6.528    -59.001
 465   78     -1.125    -12.095    -69.980
  37  805    -12.849     -6.884    -69.967
  69  356     -0.762     -6.873    -65.448
  83   -2      2.429     -4.530    -66.750
 357  362     13.206     -5.585    -72.789
 393   62      2.405      8.668    -74.374
  -1   -2     10.273    -10.045    -73.465
  -1  233    -15.610      5.165    -75.078
  -1   -2      9.720     -8.410    -69.575
 107  571      0.641      9.163    -70.519
 101  137      4.572      4.495    -64.035
 143  133    -10.746     -8.988    -66.747
  -1   -2     -0.632      0.658    -63.020
  -1   -2     -1.261      4.825    -59.723
 415   93      0.488      3.147    -66.972
 119  367     -7.468    -11.012    -61.982
  -1   -2     -6.863     -7.729    -60.736
  -1  400    -11.052     -4.753    -60.303
 363  787    -10.630      6.558    -64.054
  -1   -2      8.635     -2.869    -62.231
  -1   -2     15.576      3.279    -71.540
 510  381     -1.677    -11.957    -69.201
  -1  378     -9.417     -6.132    -61.291
 472   -2      9.239     11.977    -59.714
  39  425     10.113     -6.225    -67.284
  -1   -2      3.050     10.859    -58.360
 355  487     -4.896    -12.401    -69.600
  -1   -2      0.633      7.243    -65.856
  -1  472     -5.943      2.933    -59.754
  -1   70     12.826     -6.634    -62.595
  75  110     -1.735      2.972    -67.396
 402  218     13.578      5.979    -70.484
 483  450     -5.460      2.390    -73.806
  -1   -2      8.212     -1.755    -59.266
  -1   -2     15.258     -2.263    -67.833
 416  379      1.542     -0.161    -62.706
 164  432    -11.317      9.243    -69.908
  -1   -2      6.204     -5.832    -60.823
  -1  392      0.330      8.266    -63.679
 239   13     10.364     -0.450    -70.921
 379   48     -1.396      4.318    -70.836
  -1   -2    -12.231    -10.826    -63.573
  -1   -2    -13.147     -4.595    -86.575
  -1   -2     14.102     -4.262    -66.437
 436  790     -1.277      3.232    -74.055
 237  158      3.894     -5.270    -66.502
  -1   -2     -6.425     -8.848    -71.424
 411  403     12.024      9.311    -63.951
 183   -2     -4.432    -10.146    -63.362
 354   -2     -1.615      0.486    -59.717
  -1   -2     -9.960     -8.858    -70.988
  -1  354     -0.154    -11.108    -67.537
  -1   -2      5.570     -9.526    -69.781
  68  208      7.974     -8.425    -71.621
  -1  159      7.093      1.510    -68.465
 176   -2      5.247     -3.118    -73.445
  -1   -2     12.732      6.695    -64.031
 410  414     -0.413      6.843    -59.964
 768   -2      4.839     -5.150    -64.463
  -1   -2      1.183      9.455    -56.187
 493  603     16.817     -2.626    -69.421
 139  426     -0.213    -10.185    -67.111
 184  778      0.347     -2.501    -62.617
  -1   -2     -8.024    -10.505    -60.471
  -1   -2    -12.226     10.563    -62.890
  -1   -2      8.551     10.284    -62.504
  -1   -2    -11.930      5.413    -61.602
 391  120    -11.383     -3.890    -73.543
  86  117     13.018      2.837    -73.004
 190   -2      1.138     -0.607    -61.558
 203  437      9.220     -4.750    -72.843
  -1   -2     16.545    -12.867    -69.475
 489  190      6.997     12.254    -68.269
 621  439    -15.055     11.463    -75.608
  -1   -2      6.568     11.087    -64.775
  -1   -2     10.549     -2.353    -60.845
  -1   -2      0.348     -7.439    -76.591
 126  160     -3.851      2.706    -74.020
  -1   -2    -12.639     10.404    -68.954
 382  568     -5.421      1.758    -64.560
 469  387     -5.653      6.267    -61.653
  -1   -2     -4.809     12.665    -60.534
 478  795      0.201    -11.410    -65.956
  -1  481    -13.746    -10.919    -69.348
  -1  588      3.893     -0.250    -59.041
 370   -2     17.019    -10.102    -69.737
  -1   -2     -7.168     -4.147    -60.578
  -1   -2     -0.613      1.896    -70.228
  -1   -2     -7.597    -12.945    -66.893
  -1  526    -12.884     -8.580    -64.581
  -1   -2      6.510     -3.959    -60.492
 249   58    -10.076      4.548    -71.517
 460  461      8.495     -5.783    -60.972
 200   -2     -8.680      6.084    -68.392
 427  178      5.702      8.950    -61.548
 439  449      7.108     10.851    -69.273
  -1   -2      6.077      7.913    -83.574
  -1  478     -8.112    -10.597    -59.110
 353   96     -4.297     -4.321    -71.496
 791   -2      5.121      0.484    -59.597
 108  151    -11.543      5.435    -66.354
 479  796     -9.960     -2.175    -74.161
 399  235     -9.911     -9.108    -62.904
  -1  114     -2.378      3.441    -63.415
 440  548      9.559     -3.907    -63.946
 405   -2     -7.403     -0.975    -65.870
 376  512     -1.355    -11.653    -66.093
 204  431     -2.871     -8.340    -68.369
 373   -2     -6.450     -3.167    -67.204
  -1  545     10.336     -2.516    -62.096
  -1  370     -8.959     -1.282    -67.321
  -1   -2     -9.602    -12.043    -71.531
  -1   -2     14.495      4.240    -71.459
  -1   -2     -2.493      7.600    -55.673
  -1   -2     -5.616     -3.952    -58.259
  -1   -2     -3.857     -6.123    -69.144
 533  798     10.480     -3.144    -74.183
 485  113     -2.457      6.971    -73.612
  -1   -2      4.035      8.627    -61.778
 205  200     12.287     10.711    -66.665
 216   -2     -4.726     12.902    -62.086
  -1   -2    -11.903    -10.309    -82.703
 516  797    -13.545     -4.461    -63.481
  -1   -2     -9.189     -5.697    -55.372
 603  244      7.599     -1.983    -71.721
  -1   -2     16.097     11.067    -77.707
  -1   -2     -7.073     -1.150    -56.849
  -1   -2     -5.156      3.591    -52.627
  -1   -2      0.011    -11.253    -77.990
 780  538      3.301    -12.212    -60.367
 574   -2      1.322      1.097    -72.217
  -1   -2    -13.498      6.119    -81.451
  -1   -2     -0.254      0.592    -75.468
  -1   -2     -4.210    -10.788    -61.612
  -1   -2     -5.790     -3.288    -70.323
  -1   -2     12.096      2.537    -61.876
  -1   -2     -3.292     -4.573    -54.004
  -1  510     -8.069      1.490    -61.372
 290  700     -7.120     -1.689    -76.777
  -1   -2    -10.891    -10.637    -68.050
  -1   -2     -4.914      0.942    -76.055
  -1   -2     -7.468      1.870    -59.022
 154  493    -12.924    -11.427    -70.576
 481  594      1.622     -1.466    -64.619
  -1   -2     13.162     -6.195    -60.810
 169   -2     -2.635      6.729    -61.963
  -1   -2     -5.721    -11.633    -64.939
 400  410     13.172     -5.383    -72.825
 451  506    -10.536    -12.361    -65.481
  -1   -2     16.067     -4.963    -72.854
 276  146     13.656     -6.218    -69.698
 422  806     12.578      0.028    -72.358
  -1  468     10.516     -0.646    -58.797
  -1   -2     -1.726     -5.816    -59.094
 106  577      3.257     -1.306    -74.123
 524  540     17.663     -8.497    -67.423
 288   -2     15.315     -4.940    -67.892
  -1   -2    -12.585     -2.493    -87.570
  -1   -2     -3.634      4.216    -57.493
 559  807     11.417     -4.274    -63.965
 215   -2     14.586     -9.326    -70.901
 766  272     -2.245     11.157    -60.554
  -1   -2    -12.198      0.422    -74.910
  -1  613     15.935      0.059    -65.425
  -1   -2     11.874     -5.626    -73.049
 283  507      5.103     -2.907    -59.327
  -1   -2     -3.757     -8.683    -58.870
 450  282     10.870     -8.528    -72.447
  -1   -2     13.622     -2.626    -61.362
  -1   -2     -8.707      7.481    -58.164
  -1   -2     -8.376     -8.360    -60.186
  -1   -2     14.793    -13.055    -67.142
 295  626     -4.978      1.460    -65.248
  -1   -2     14.470    -12.764    -63.788
 243  409      6.751    -11.791    -65.200
  -1   -2     11.272    -11.317    -56.818
 604  242     14.119     12.978    -67.942
 217  243     -1.240      1.250    -60.230
  -1   -2      6.310     -1.934    -75.676
  -1   -2     -8.800     -2.250    -55.879
  -1  485    -13.707      5.492    -69.723
  -1  583     -3.703     11.646    -70.164
 776  513     -1.289     -9.649    -68.539
 567   -2      8.182    -10.660    -59.116
  -1   -2     -5.167     -3.230    -59.624
  -1   -2     -1.631      4.177    -62.402
  -1  543     11.477     12.127    -64.709
  -1   -2     -6.809     -9.919    -75.250
 277   -2      5.783     -6.765    -70.296
  -1  266      4.964     -7.450    -73.189
 535   -2    -13.258    -10.873    -76.853
 259   -2      9.135      8.111    -62.027
  -1   -2     12.451     -8.486    -69.569
 362  666      8.903      9.538    -72.125
  -1   -2     -1.097      9.167    -62.830
  -1   -2     -4.244     10.893    -70.249
  -1  321     14.272     -8.170    -70.971
  -1  388     -8.599      2.344    -76.197
  -1   -2     15.138     10.632    -71.269
  -1   -2     17.353     11.043    -76.061
  -1   -2     -4.996    -11.884    -63.566
  -1   -2    -12.792    -12.174    -64.910
  -1   -2     13.219     10.667    -68.002
  -1  679     10.863     -9.146    -58.646
  -1  475     -4.457      0.389    -57.967
  -1   -2    -11.240     11.098    -66.311
  -1  539     18.261     -3.855    -69.568
 455  792     13.491    -13.321    -65.945
  -1   -2     -6.913    -12.666    -70.379
  -1   -2    -14.283      6.840    -78.314
  -1   -2    -14.149     -9.475    -75.980
  -1  122     -9.776      8.921    -66.117
  -1   -2     -5.250    -11.411    -59.936
  -1   -2     -2.530    -10.970    -72.510
 517   11     -7.468      3.524    -72.466
 346   -2     -6.119      8.148    -73.741
  -1   -2      5.024      3.409    -59.578
 340  376      9.311      9.218    -73.068
 556  808     10.436     -3.211    -66.094
  -1   -2    -10.799     -4.647    -62.869
 777  809     -8.424    -10.593    -67.529
  -1   -2    -10.234     -5.901    -73.895
  -1   -2      3.778      9.914    -57.610
  -1   -2      5.305      2.336    -61.360
 256  269     12.620     -7.102    -72.561
  -1   -2     14.071      1.749    -64.859
  -1   -2    -15.251      8.375    -73.490
 797   -2     10.301      9.301    -69.633
  -1   -2     -0.657     13.105    -61.966
  -1   -2    -12.265     11.759    -61.836
  -1   -2     -7.429     -0.860    -56.305
  -1   -2    -13.155     -6.724    -71.317
  -1   -2      0.837     -8.608    -73.205
  -1   -2     12.241     11.320    -60.935
  -1   -2     -6.063     -7.346    -66.264
 576  318      3.347      0.381    -64.367
  -1  602    -14.153      0.329    -71.320
  -1  186      1.848      5.803    -63.759
 775   -2     13.710    -12.754    -74.709
  -1   -2      3.104     -1.002    -59.279
 431   -2     11.564      3.519    -68.855
  -1   -2     13.733     -4.847    -61.995
  -1   -2      3.948     -6.204    -60.327
  -1   -2     14.746     -0.372    -69.094
  -1   -2     14.924     -3.586    -60.564
  -1   -2     -8.342     -1.045    -57.097
  -1   -2      6.430     -5.403    -55.891
  -1   -2      8.253     -6.416    -80.382
  -1  530      1.300    -12.347    -60.316
 608  801    -10.872    -10.464    -63.151
  -1   -2      2.532     10.229    -57.768
 651  693     -2.272      7.257    -68.333
 653  615     12.284     -6.913    -60.487
  -1   -2      3.861     -8.352    -76.472
  -1   -2     -7.939      8.513    -52.778
 332  713     -7.101      8.897    -71.199
  -1   -2     11.079    -12.987    -73.530
  -1   -2     -5.598     10.386    -54.401
 764  728     -4.056      8.554    -67.034
  -1   -2    -11.331      5.628    -77.260
  -1   -2    -10.811     -6.855    -69.160
  -1   -2     17.026     -8.783    -74.159
  -1  289     14.440      1.145    -63.404
  -1   -2     15.616      1.306    -63.582
  -1   -2     -8.460     11.197    -60.897
  -1   -2      4.403      2.043    -71.768
  -1   -2     11.724     -4.798    -64.057
  -1   -2    -13.597     11.397    -67.963
  -1   -2     -1.912     -3.146    -64.665
  -1   -2     -9.055     -8.995    -76.906
  -1   -2      3.774     -6.534    -65.278
  -1   -2     -2.005    -10.844    -68.559
  -1   -2      3.474      9.483    -76.713
  -1   -2     -2.263     -0.948    -55.080
  -1   -2     17.778     -2.453    -69.044
  -1   -2     13.244    -11.195    -85.935
  -1   -2      5.163     11.706    -58.678
 194  302      9.199      7.407    -65.887
  -1   -2    -15.115     -4.030    -73.565
  -1   -2      0.653     -9.432    -76.787
  -1  440    -15.099     -2.008    -72.390
  -1   -2     -7.020    -11.200    -74.776
 319  322     -2.958      1.613    -69.684
 296  153     14.872      1.913    -66.282
  -1   -2     -6.319      6.687    -62.076
  -1   -2      9.918      9.942    -63.637
  -1   -2     15.762    -11.724    -67.628
  -1   -2    -13.950      7.657    -77.602
 541  691     15.915     -7.998    -64.986
  -1  374     -0.045     11.005    -76.312
 214  249     12.507    -10.062    -68.855
  -1   -2    -10.857     -7.716    -58.812
  -1   -2    -10.553     -0.737    -64.537
  -1   -2     12.670      0.246    -63.904
 611  532      7.467     -6.057    -65.233
  -1   -2      1.414     -2.467    -69.332
  -1   -2     16.092     12.079    -75.429
  -1   -2      8.264      1.818    -57.935
  -1  720     16.069    -10.996    -64.816
 177  775      1.395     -0.613    -75.734
 774  541     -5.708      7.938    -73.793
  -1   -2     -8.658      2.346    -70.685
  -1   -2     -4.473     10.581    -55.459
  -1   -2     13.625      0.921    -60.405
  -1   -2      5.042     12.472    -60.300
  -1   -2    -14.416      4.884    -68.061
 230   -2     -8.100     -8.318    -64.015
  -1   -2      2.422     -3.807    -73.289
  -1   -2     16.649     -7.495    -65.797
  -1   -2     -7.048     -8.116    -69.716
 198   -2     10.378      1.518    -57.092
  -1   -2      1.120    -11.692    -75.861
  -1   -2      9.460    -12.164    -65.839
  -1   -2     -3.136     -2.871    -72.032
  -1  585      4.258      9.419    -69.221
 312  329      5.050      9.451    -66.939
 578  800     -1.279     -9.484    -63.837
  -1   -2     -4.104      1.787    -67.924
  -1   -2      0.874      0.233    -70.824
  -1   -2     12.529    -10.044    -58.506
  -1   -2     11.636     11.016    -74.037
 543  799      2.639     11.196    -66.331
  -1   -2      8.890      6.687    -60.228
  -1   -2      2.556      1.780    -58.899
  -1   -2    -11.900     -4.972    -76.863
  -1   -2    -10.300    -11.842    -70.110
  -1   -2    -14.623      3.823    -71.519
  -1   -2     10.731     -7.604    -63.269
  -1   -2      1.912     11.971    -65.591
  -1   -2      5.241      7.075    -74.874
  -1   -2     12.891      3.161    -66.480
  -1   -2     17.708     -2.870    -76.005
 555   -2      9.139      8.611    -75.607
  -1   -2     19.089     10.707    -78.479
  -1   -2     11.098     10.623    -65.253
  -1   -2     -3.669    -10.303    -69.104
  -1   -2    -14.919      6.784    -72.742
  -1   -2     -8.205      3.695    -83.049
  -1   -2     12.795     11.424    -64.971
  -1   -2    -15.405     -4.894    -76.490
  -1  668     13.688      7.275    -63.340
  -1   -2      6.055      6.406    -51.970
  -1   -2     13.670     -3.983    -69.752
  -1   -2     -4.241    -10.008    -61.833
  -1   -2     15.887     -5.024    -72.752
  -1   -2      5.957      1.415    -77.624
  -1   -2     -4.563    -11.878    -77.823
  -1   -2     -7.437      9.279    -63.241
 671   -2     -8.713     -0.230    -64.499
  -1   -2     -3.520      2.565    -56.482
 525  584     13.083     13.205    -66.596
 661   -2      8.991      7.755    -71.734
  -1   -2     17.893      4.364    -71.258
  -1   -2     -5.772     -4.420    -69.754
  -1   -2    -12.970     11.832    -65.923
  -1   -2     13.188     -3.179    -86.207
  -1   -2     10.043     12.046    -60.758
  -1   -2    -10.497     -6.596    -60.677
  -1   -2    -13.351     12.357    -65.141
  -1   -2      6.416      8.409    -68.038
  -1   -2      5.024      0.657    -65.899
  -1   -2     11.650    -11.053    -65.255
  -1   -2     -5.857    -11.510    -59.248
  -1   -2      1.598      6.509    -66.891
  -1   -2     -4.730      1.549    -56.027
  -1  632    -13.514     13.182    -64.980
  -1   -2    -13.914      2.397    -77.671
  -1   -2      1.585      0.196    -57.318
  -1   -2     10.990     -4.277    -61.826
  -1   -2      7.754     -1.271    -66.553
  -1   -2     -2.821      8.918    -63.891
  -1   -2     18.039     -0.731    -69.020
  -1   -2     18.454    -10.859    -68.501
  -1   -2     11.317    -10.235    -78.286
  -1   -2     -4.016      7.353    -87.478
  -1   -2     -6.829    -10.755    -75.108
  -1   -2    -13.850      3.376    -68.921
  -1   -2     11.944      6.455    -59.628
  -1   -2      0.178     -1.431    -55.935
  -1   -2     -0.770      8.081    -58.599
  -1   -2    -14.305    -12.468    -64.445
  -1   -2     -7.041     11.052    -62.057
  -1   -2     -9.806     10.660    -68.953
  -1   -2      0.876      2.031    -62.664
  -1   -2      8.963      7.232    -68.259
  -1   -2      4.180      6.726    -62.347
  -1   -2     13.325    -12.162    -80.047
  -1   -2     -3.301     -9.131    -64.209
  -1   -2      2.304     -8.311    -77.693
  -1   -2      3.346     12.419    -64.442
  -1   -2      6.357      9.748    -77.224
  -1   -2    -11.814     12.056    -67.402
  -1   -2      8.107     -8.222    -59.764
 750  398     -4.829      7.454    -65.187
 441  791     -2.226     -2.109    -74.424
 755  424     10.783      3.080    -70.708
 151  237     -7.120     -3.243    -63.215
 488  199     -3.207    -10.420    -69.741
 505   -2     -9.428     -9.393    -67.329
  -1   -2     18.237     -3.843    -75.470
 286   -2    -10.991     -7.014    -74.427
 316  195    -12.550      3.748    -68.302
 424   -2    -12.114    -10.372    -73.972
 315   -2      5.089      7.082    -66.797
 112  346      6.991      1.104    -69.559
 341  786     -7.817      3.897    -65.524
 466  306      4.419     -6.825    -71.226
 345   -2     15.949     10.443    -73.454
 779   -2     -6.573     -5.673    -76.775
 767   -2     -6.445      5.440    -59.890
 443   -2     16.866    -12.224    -69.608
 331  724      2.110     11.699    -64.744
 637   -2     -7.456    -11.895    -64.475
 674   -2     -4.527     -9.005    -69.309
 245  273     10.223    -12.780    -70.747
 644   -2      3.006     -3.110    -67.351
 683   -2      0.344      0.181    -70.272
 783  803      6.832     -4.091    -67.379
  84   37     -0.088     -3.410    -68.761
 109  365     -1.741    -12.349    -69.630
 261   -2      0.659     10.739    -67.833
 280  207      5.990      0.028    -63.881
 601   -2      1.855      0.726    -56.934
 705  810      6.835      7.065    -71.514
 794   -2     10.000      3.748    -70.734
 796  152      2.893     -6.998    -71.920
