808
  24  363     10.148      3.027    -72.183
   0    0      9.141      1.187    -69.158
  14    7     -1.055      4.900    -70.506
   2   81     -0.757      6.243    -71.657
   7    5      5.561      1.661    -72.376
   1    3      0.121      8.125    -68.183
   4   17      7.029      6.189    -72.712
  21   87     -2.864      8.026    -68.886
  63    6      5.686     -2.888    -73.230
  17   15      6.440      2.429    -72.625
  22    8      6.852      5.724    -67.924
   8   12      2.920      2.040    -69.351
   9   11     -9.196      3.868    -73.398
  52  395    -15.939     -8.171    -74.321
 231   71      4.519      8.360    -71.098
  58  187    -13.454     10.447    -72.011
   6  155      2.943      6.101    -69.532
  13  373     -8.444      9.186    -68.908
  37   19      1.724      8.540    -67.666
 322  786      0.202     -6.997    -71.849
  66  290      3.673     11.655    -68.850
 121   50     -3.075    -12.177    -72.664
 145   -2      0.040     12.818    -69.079
  11  484      1.585      8.717    -71.826
  84   38      9.889     -0.775    -67.626
 394    4     -5.791      4.338    -71.490
  27   48     -1.501     12.513    -67.372
 151   24     -9.084     12.419    -70.864
  34   73     -0.123      9.829    -68.794
  -1   26     -7.066     -8.142    -68.507
  43  267      9.380     10.736    -71.734
  33   29    -10.728      6.652    -68.143
  69   30     -3.717      1.723    -67.349
  29   34      1.398     11.331    -67.111
  28   41     -1.186    -10.149    -70.518
 129   31     -6.809     11.673    -68.647
  10  289     10.246      5.644    -72.779
  26   25    -14.800     -6.289    -71.673
  47   42      4.301     -6.161    -67.331
 445   56     -0.424      3.656    -66.312
  65   -2      6.254     -8.116    -69.020
  53   32      0.712      8.663    -68.152
  23   36      1.389     10.883    -69.463
 496   44     -6.658     -4.965    -68.697
  85  194      6.354      6.308    -63.741
 386   65     -4.096      4.207    -71.752
  -1    2      0.290      3.444    -72.462
  20   20     -0.348      7.566    -69.348
 175   40      5.478     -6.682    -72.213
  49  125    -13.662     -3.715    -70.579
  15    9     -1.081     11.024    -68.508
  55   53      1.105     -9.268    -66.311
  79  217      0.447     -2.024    -72.862
  48   68      1.510      9.983    -66.115
 140   43      3.399      1.104    -70.776
  83   59      1.415      0.128    -66.929
 228  389     -6.323      0.200    -75.994
  -1   -2    -10.922      3.471    -69.506
  -1  552     -1.373     -5.601    -68.323
  77   33     -4.704      4.464    -64.228
  56  127      7.210     -0.229    -72.953
  60   49     -3.756     10.324    -67.592
  38  385     -7.189      2.373    -68.591
  61   39     -7.017      7.494    -64.643
  73   35     -7.394      2.209    -64.955
  98   82     -9.811     -5.138    -67.651
  87   60     -0.558      5.807    -66.472
  -1   -2     -6.175      4.396    -65.693
 100   64      8.883     -7.892    -68.658
  64   55      4.227     -9.128    -68.695
  40  381     -4.017     -9.883    -72.162
 188  178      5.745    -11.878    -68.565
  -1   -2      1.580     -2.405    -65.934
  76   63      9.414      7.393    -68.831
  86   91     11.417     -3.499    -64.687
  -1   89     -0.652     -9.223    -69.733
 401   23      9.559      4.624    -71.675
 183  408      6.114     -1.390    -74.891
 150   84    -12.631     -1.242    -68.132
 115  243      5.159      9.596    -74.958
 125  121     12.385     -6.010    -66.006
  19  377      8.634      3.589    -66.887
 464   77     -1.893     -7.081    -66.867
 767   46     -7.777    -12.257    -68.330
  70  159      0.549      8.488    -74.507
 238  154      9.894     -4.757    -70.801
 211   62     -3.451    -10.568    -64.633
  44   16      0.389    -10.529    -71.626
 185  311      9.812     -1.574    -65.038
 274  281     -8.657      7.255    -74.562
 111   66     -1.593     10.931    -65.782
 141  153    -12.455      3.902    -70.645
  45  122    -12.983     -2.115    -71.938
  -1   61     -3.041      0.837    -65.558
  89   -2    -15.244      9.189    -70.149
 515  532      6.128    -10.777    -73.133
  -1   -2     -6.807      9.658    -62.645
 166  123     16.703      8.542    -68.611
  39  368     -3.810      8.343    -67.644
  25   95      9.150      5.603    -69.371
 345  538     -2.277      4.040    -69.331
 112  105      4.760      8.908    -64.849
  75  208     14.437      7.910    -74.686
 167  170    -14.348      4.558    -69.388
  97   72      9.812     -2.624    -69.717
 102   90     -3.957     10.555    -61.258
 163   99     -8.446     -7.653    -68.279
 290  272     -5.554     -5.556    -68.656
 199  221    -11.364      6.358    -72.618
  91  748      4.261      1.486    -64.804
  -1   -2     -2.728     -6.506    -66.488
 593  103      7.580     -1.229    -66.450
 123  164      5.431    -10.262    -66.466
 124   96     -1.572     -3.805    -63.279
 105   -2    -14.279     -7.870    -74.242
  88  129      0.309      1.530    -64.322
 182  173      9.955     -0.269    -68.319
 171  106     -5.174     -1.139    -62.824
 193  753    -14.476     12.868    -69.027
  12   21      5.374     10.883    -73.403
 130  437    -10.598     -2.622    -72.748
 110  278     15.700      3.425    -68.593
  72  168      9.383      1.947    -71.647
 192  483      5.240     11.452    -71.241
 463   51      0.451     -9.601    -68.566
 223  151     14.461      3.469    -67.927
 162  149      2.685      4.337    -62.725
 221  755      3.347      5.649    -67.056
   3    1     -3.506     -4.480    -73.336
 152  417     10.900      6.834    -62.856
 276  242     -4.578     12.069    -74.251
 132   94     -5.812      8.831    -62.810
 138  148     -7.467      3.112    -61.852
  96  131      0.282     -2.550    -68.145
  46   69     -5.209      0.414    -70.203
 148  126     -9.923     -8.448    -68.501
 174   88     15.381      7.154    -68.293
 327  760      1.347      5.014    -76.686
 155  403    -13.935     -9.860    -69.500
 424  124      0.468    -10.991    -65.443
  32  291      8.571      1.174    -73.878
 131  112     -0.875     -3.974    -63.817
  80  119     11.734     12.070    -67.506
 256  102    -10.433      7.345    -62.756
 611  777      7.564    -10.178    -67.779
  94  100     15.991      5.635    -71.903
  50   37     -2.726     -0.231    -64.873
  71   13    -10.718      9.149    -70.980
 113   74      1.636     12.179    -64.907
 458  158     -0.371      3.207    -65.232
 108  110     16.442      0.445    -67.896
 518  191      0.108     -2.293    -63.186
 205  101     -2.762    -11.344    -74.752
 184  136      4.072      2.451    -64.955
  41  198     -0.536     12.888    -65.529
 219  175    -12.162      3.396    -70.255
 106   79    -13.206     -1.494    -71.007
 195  423     -7.975      2.244    -63.848
  -1  203      7.907     10.275    -62.924
 203  213      5.189      2.304    -62.438
 120  751     -4.815     -1.531    -76.683
 109  399    -12.538     -7.462    -68.858
 267   58      8.710      8.225    -64.408
  99  266     -6.930      5.468    -70.290
 249  114    -12.806     -8.260    -67.321
  -1  234     -3.191     -4.456    -62.489
 137  171      9.568     12.276    -65.717
 117  140     -2.879      9.390    -62.807
  68  746     -9.147     -6.960    -69.959
 146  235     -1.295      7.956    -64.491
 321  113     -7.845      4.702    -76.064
 194  177      5.545     -8.358    -67.472
 204  109      4.447    -12.855    -66.897
 177  180      4.920    -11.768    -68.594
 187  152      8.353      5.770    -65.697
 271  215     10.232     -6.055    -71.450
  35   -2     -2.556     -0.147    -68.084
 419  410     -6.059    -11.710    -65.982
  67   -2     -5.808     -0.458    -67.601
 157  265     11.611     -4.943    -70.469
 253  254     -7.218     -4.843    -74.893
 347  141      4.724      5.227    -66.058
  -1   57    -10.472     -6.994    -67.721
 771   86     -5.436      3.587    -63.606
 556  448      0.877      0.157    -64.610
 189  268     13.063      7.204    -66.503
 438  248     12.101      4.619    -66.199
 154   80    -15.886     -9.354    -72.501
 165  222      9.815     -2.359    -63.590
 147  488     -0.396      4.516    -61.561
 484  287      0.762    -11.421    -68.485
   5   52      7.993     -0.949    -70.972
 107  422     -3.456     -7.366    -67.469
 487  487     -9.555    -12.411    -69.102
 161  133      9.694     -1.964    -71.763
 186  550     -1.314     12.438    -61.991
 768  238     -7.903     -7.299    -67.805
 225  120      0.551    -10.235    -65.624
 512  205    -10.971     -1.250    -74.819
  81  477      0.164     -3.041    -67.998
 305  275     10.489     -3.736    -68.412
 226   -2     -8.068      2.623    -74.903
 118  225     12.337     -1.478    -68.277
  -1  185      7.608      2.365    -74.895
 431  104     -8.184      5.894    -68.932
 209  176     -8.438     -6.352    -66.787
 235  195    -11.738      4.235    -62.579
 402   -2      5.711      7.092    -75.329
  -1   -2     -6.438     -4.903    -66.422
 224  236      6.794     10.006    -70.086
  -1  160      7.066     -9.823    -75.287
 288  269     11.901      0.525    -72.352
  -1   -2      8.963     11.317    -65.621
 101  138      0.720      6.822    -63.505
  42  165     -9.734     -2.318    -73.301
 492  199      3.721     -9.172    -64.725
 296  256      1.187     11.551    -71.344
 156  230     10.556     -5.434    -65.495
  -1  485     -0.979     -0.337    -62.095
 217   93      9.949      4.601    -67.497
 114   45      2.584      1.003    -73.733
 239  216     -5.180    -10.638    -66.656
  -1   -2    -11.563     -3.432    -59.996
 255  156     -2.009      6.504    -62.152
 230  183      2.867      0.135    -64.436
 212  406     -5.653     -0.597    -69.945
 348  762     13.758     -8.309    -68.918
  -1   -2     -6.776      6.610    -58.186
 800  582     12.970      6.000    -70.581
 173  150    -13.218      1.604    -67.078
 407   -2      7.067     10.600    -76.505
  -1   -2    -11.011     -7.500    -62.805
 309  300     12.273     -7.369    -66.305
 316  263     -3.007      4.824    -71.897
 619  490      8.276    -12.398    -70.452
  -1  247      5.543     -1.956    -74.284
 466  204     -0.783     -3.534    -59.888
 318  662      3.371      8.857    -62.772
  -1  524    -12.377    -12.570    -63.907
 244  519     -3.749     -0.298    -67.740
 282  261    -13.473     12.796    -65.671
  -1  130     -3.277      0.600    -67.798
  51  353      8.133     -8.112    -70.430
 236  554     -1.614      6.599    -68.971
  -1   -2     11.062     -9.277    -65.748
 259  276     13.190     -3.665    -68.604
 229  182     -8.894      9.144    -75.202
 196  787     -1.201     -2.329    -66.592
  -1  258      4.527      1.227    -60.843
 509  308    -13.724     12.161    -68.508
 308  220     14.253      0.788    -68.624
 772   -2     -8.165      3.282    -64.034
 297  224     -0.191      7.289    -67.403
 301  282     10.786      2.479    -66.870
  -1  430    -10.804     12.205    -63.372
 326  264      0.984      8.258    -62.113
 202   98     12.836      1.215    -67.079
 359  229      6.276     -5.261    -63.601
 643   47      0.880     -4.804    -73.698
 233  163      0.892     -3.239    -64.312
  -1   -2    -13.312      2.521    -68.021
 190  324     16.692     -4.040    -70.172
 482  305     -2.578      3.989    -63.125
  -1  252    -13.062     -9.542    -66.062
  -1   -2    -13.407     -3.147    -71.117
 495  241    -12.099      4.854    -68.525
 799  388      4.002      3.454    -66.753
 206  514    -12.249     -5.856    -73.810
 293  255      2.564     -8.531    -64.638
 245  271    -13.581      5.665    -77.035
 349  211      7.766      5.238    -60.503
 400  240    -11.626     -6.268    -65.685
  -1  345    -11.060     -1.152    -76.859
 243  283     10.024     -8.000    -70.258
 328  251    -14.083      1.211    -75.586
 493  162     -4.498     11.725    -63.563
 220  788     11.376      2.210    -61.573
 352  188     12.613      9.827    -71.850
 312   -2    -13.366    -10.386    -75.881
 325  759    -12.238      4.652    -66.394
  62   97    -11.915      6.748    -70.906
  -1   -2    -16.114     -5.957    -74.016
 334  586     11.069     -1.207    -72.690
 329  543      5.991      1.908    -61.526
 264  536     -3.806     -6.033    -73.237
  -1   -2      0.883     -6.203    -76.923
 269  328     15.478     12.179    -67.440
 295  277     12.184      8.921    -69.106
  -1  312      8.018     -4.894    -74.797
 320  301     17.605     -5.666    -69.659
  -1   -2    -10.010     -4.790    -76.828
 642  218    -11.357      6.945    -74.978
 144  517     -3.369      3.329    -69.512
 354  763     13.268      8.573    -67.857
  -1   -2     11.426     -4.312    -62.963
  -1   -2    -15.710     -3.968    -75.519
  -1  232      6.637     -2.020    -69.058
 258  545     -9.756     -1.022    -71.145
 340  340     12.930     -1.640    -72.143
 649  111      2.172      7.183    -72.459
  -1   -2     -8.136     -6.224    -57.474
 302  695     15.302      1.859    -67.025
 300  190    -15.036     -9.388    -71.605
 337  299     10.111     -5.086    -74.863
 788  493      2.968    -10.153    -76.405
 278  573     -3.797      7.603    -64.196
 232  565     -1.410      5.559    -64.413
 287  288    -15.210      6.047    -72.969
 222  333     10.469      4.923    -71.801
 122  245    -15.679      9.023    -73.115
  -1  116     -3.165     -7.365    -72.148
  -1   -2     -5.774     -6.006    -65.614
 387  161     -2.635      8.197    -76.026
 344  331     -6.909      9.135    -67.780
  -1   -2     -5.040    -11.150    -70.418
 103   -2     -0.481      1.625    -77.046
 473  482      1.982    -12.627    -68.525
 679  779     12.887     10.866    -64.971
  -1   -2    -14.419      1.955    -76.192
 719  144     11.886     -4.202    -68.310
  -1  327      7.315      7.021    -61.534
 330  574     -2.558     11.497    -68.438
 319   -2     -1.640     11.989    -66.621
 530  641      9.271      3.113    -67.167
 286   -2     14.957      5.244    -72.849
 294  292      2.131      5.822    -61.274
  -1   -2     -5.901     -2.239    -65.268
 776  782     -8.336     -7.319    -75.537
 331  306      9.478      5.948    -66.548
  -1  293      6.616     -0.643    -67.440
 342   -2    -13.951     -6.379    -72.084
 541  619      5.310      5.678    -73.813
 806  322     -0.205     -9.884    -67.529
 383  581      4.068    -11.801    -67.109
 332  325     13.014      6.787    -64.137
  -1   -2      3.449     12.799    -64.879
 254  172      1.715     -3.846    -66.601
 356   -2     14.002      5.919    -64.281
 351  343     12.492      3.465    -64.100
  -1  314      5.024    -10.575    -65.931
 579   -2     -8.276      1.332    -65.592
 306  355     -8.559      6.748    -61.333
 281  600    -12.800      4.170    -75.915
 696  725      2.188     -3.390    -67.330
 368  789     14.988      8.906    -72.191
  -1   -2    -14.585     -2.929    -70.499
 372  329      3.833    -11.118    -69.728
  -1   -2     13.211      8.610    -63.850
 796   -2     -1.164      3.558    -61.735
 375  341     12.688      0.272    -65.097
 370  560     -5.659      9.153    -75.669
 591   -2      9.849     -0.941    -61.267
 361  337     -8.279      0.605    -63.431
  -1   -2     -3.949      4.283    -62.478
  -1   -2      6.295     -6.612    -63.793
 367  712     12.899     -7.812    -65.119
 333  790      3.168      9.502    -68.307
 366   -2     12.764     -3.225    -65.079
 711   -2     11.357      8.012    -62.173
 385  359     -2.936      5.200    -73.126
 128  752     -6.723      8.176    -75.537
 395  376     -7.043      1.297    -75.597
 415   14     -2.451     -2.323    -71.353
 208  361     -8.728      5.594    -64.817
  -1   -2     -2.816      5.334    -61.893
  -1  365     -6.966     -0.157    -61.652
  -1   -2      4.066     -5.667    -63.187
  18  137     -0.938      4.389    -73.871
  74   18      7.231     -3.039    -70.390
 179  404      2.054     -5.805    -70.976
 405  379     12.410     -8.319    -66.623
 418  364     -9.776      1.965    -72.800
  -1   -2     -8.257     -9.536    -62.849
  -1   27    -12.221      8.267    -69.103
  -1   -2     -6.908    -11.905    -74.989
  -1  223    -13.788      4.657    -73.230
 403   10      1.750      1.564    -68.947
 809  378      2.531     -5.852    -76.719
 456   -2      1.161     -7.404    -66.497
  -1   -2    -10.831     -5.354    -65.969
 428  394      2.661     11.002    -61.578
 434   70      4.394      6.620    -67.106
 283  402     13.638    -10.996    -69.725
  -1   -2      6.969      5.501    -73.233
 143   -2     -6.029     -8.091    -64.441
  -1   -2     -7.389     -5.119    -68.092
 526   -2     -5.490      7.410    -72.347
  -1   -2     13.652      4.936    -84.839
 469  420     -4.108     -9.793    -62.011
  93  433      4.758     -4.206    -63.255
 180  134      5.480      2.566    -71.741
 127   -2     -6.203      0.739    -64.476
 410  107      5.070      7.396    -63.717
  -1   -2     -0.814     -0.978    -64.894
  -1   -2     -4.812      8.680    -55.320
 176   28      7.524      6.088    -66.596
 396  432     -4.452      2.995    -74.524
  -1   -2     -4.695     -4.018    -66.619
  16   -2     -6.234      4.676    -70.279
  -1   -2      0.523     -3.155    -74.318
 399  518      4.554      8.626    -76.876
 478  511     12.377     -9.083    -65.706
  -1   -2     10.431     10.904    -73.125
 341   -2    -11.478     12.704    -64.429
 455  460     16.323     -4.480    -67.254
 449  405     11.264     -5.079    -64.713
  -1   -2    -10.816     -9.442    -65.319
 216   -2      8.370     -1.989    -69.553
  -1   -2    -10.141     11.948    -69.057
 164  390      5.361     -1.675    -75.054
  -1   -2      3.863     11.950    -76.677
 454  132     -1.997     -9.087    -62.856
 437  313    -14.259     -8.354    -71.360
 390  791     -7.693      5.737    -61.901
 448  398     -1.122      4.130    -69.226
 616  219     -6.398     -2.433    -73.052
  -1   54     -7.148      5.271    -63.415
 142  491     -9.532     -9.478    -75.783
  -1  369    -12.037    -11.951    -73.304
  -1   -2     -3.507     -3.414    -73.613
 540  562      1.702     -4.865    -62.530
 460  143     -8.427      1.290    -66.404
  -1  118     -1.864     -6.557    -67.630
  78  747      2.584     -5.015    -67.494
 303  457     14.614     10.901    -68.818
 594  774     16.686     -3.073    -63.973
  -1   -2     11.272      1.226    -52.023
  -1  535      4.513      1.280    -74.770
  -1  557     11.127      5.009    -62.589
  -1   -2      6.423     -3.493    -68.083
 285  228     14.443     10.002    -68.121
 675  416     -3.005     -5.348    -74.788
  -1   -2    -13.129     -5.255    -73.506
  -1   -2     12.035      9.483    -62.855
  -1   -2     -8.611     -5.331    -72.651
 511   -2     -6.908     -8.714    -70.081
  57  407      7.741      1.765    -68.553
 268  166      0.642      9.733    -63.237
  -1   -2      1.407     -2.980    -60.906
 277  467      0.072     10.074    -58.527
  -1   -2     -5.611    -10.084    -81.751
 200  193      0.384    -11.724    -67.981
 119  750     -6.856     -8.641    -67.635
 104  246     -7.649    -10.521    -73.447
  -1   -2     10.586    -11.757    -70.316
 191   -2     -1.216     12.950    -64.593
 659  561    -10.699    -11.202    -77.327
 257  200     -9.833     -0.560    -73.163
  -1   -2     -4.818     -3.217    -59.251
 479  476      9.593      9.857    -63.664
 656  635     12.646    -11.676    -71.239
 452  481      8.709     -4.647    -61.762
  -1   -2     -4.216     -7.744    -52.263
  -1   -2     -7.075     -9.578    -64.151
  -1   -2    -15.714      9.983    -72.950
 476  462      7.229      8.750    -65.361
 490  769     -7.701      2.362    -66.284
  -1   -2      9.843    -11.624    -62.513
 489  475     12.030     -1.172    -63.057
 435  767     -2.076     10.911    -70.784
 134  453     -3.472      7.368    -61.987
 497  633      8.754     -1.022    -59.422
 420  765      1.700     -4.193    -69.558
 672  326      9.200      4.889    -66.003
 516  439     -1.411     10.328    -59.930
 562  426    -13.057     -3.786    -74.337
 604  480    -10.038    -10.558    -63.464
  -1   -2     -5.887     -9.361    -74.771
  -1  212     -4.969     -3.319    -77.351
 213  754      0.777      2.978    -74.736
 488  544      6.334     12.696    -70.072
  -1   -2      1.519    -10.350    -77.960
  -1   -2     -9.750    -10.331    -60.863
  30  383      1.880      6.080    -70.018
  -1  474      7.950     11.530    -65.668
  -1   -2     -4.066    -11.160    -77.750
 214  145     -2.389    -12.487    -68.711
 600  775    -13.703      9.485    -73.125
  -1  179     10.165    -11.749    -66.197
  -1  504     -7.086     -9.010    -71.617
 765  128     -9.781     12.222    -70.965
 552  169     11.214      9.887    -69.106
 565  595     16.061     -3.103    -63.385
  -1   -2     12.554     -3.156    -74.484
  -1   -2     -4.781     -6.091    -60.793
 807  525    -10.750      4.160    -73.299
 793   -2      4.108     -2.513    -69.373
  -1   -2     -5.037     -4.079    -62.392
  -1  516     11.119     -1.465    -63.186
  -1   -2      7.441     -4.416    -61.256
  -1   -2      4.450      4.258    -55.800
 241   -2    -10.470      8.804    -64.682
 153  286     -7.408     11.779    -63.801
 170  146     -3.702      5.463    -62.185
  -1   -2      6.822      8.413    -57.020
  -1  418      9.440    -12.045    -65.013
  -1  367    -14.307    -12.730    -68.180
  -1   -2    -11.185      3.801    -62.799
  -1   -2     -7.005      2.069    -74.533
  -1  489     -9.969     -7.613    -66.810
 227  569     12.028     -5.376    -73.857
 251   -2    -13.241     -0.559    -66.771
  -1   -2      5.501     -5.563    -59.710
  -1   -2    -11.258     -4.013    -77.445
 160  441    -13.289     11.811    -72.807
  -1   -2    -10.120     -8.061    -58.845
  -1   -2     13.648     -5.656    -74.883
  -1   -2      3.142     -6.497    -60.494
  -1  454     13.288    -11.765    -74.338
  -1  392      8.112      9.752    -61.305
 457   -2      1.715      0.726    -63.307
  -1   -2     -9.317     -3.340    -61.745
  -1   -2     14.711     -5.803    -66.077
  54   76     -6.101      7.950    -72.192
  -1   -2      1.267     12.291    -62.845
 425  588     -5.102      7.544    -62.825
  -1  210      1.006     -0.486    -66.133
  -1   -2     11.991     -4.983    -68.733
 471  528      7.303     -0.962    -60.217
  -1   -2     -2.364     -0.312    -55.732
  -1   -2    -16.355     -5.216    -74.800
 307  758      0.129     -3.735    -59.455
 261  756    -14.506     -9.297    -76.531
  -1   -2     -5.425     -8.111    -57.601
 521   -2     -1.929     13.122    -61.349
  -1   -2      9.059    -13.192    -67.951
 116  315    -10.393      6.545    -62.471
  -1   -2    -11.333      9.327    -70.126
  -1   -2     -3.522      0.450    -58.246
  -1   -2      2.924    -10.248    -61.088
 603  579     10.941     13.054    -63.765
  -1   -2    -13.518     -0.411    -78.049
  -1   -2     -7.577      9.440    -60.907
  -1   -2     -7.024    -10.261    -57.773
 543  771     10.690      0.376    -69.401
  -1  677     11.990     -9.265    -68.842
 618  142     -5.226     11.280    -74.706
 542  285      0.278    -11.859    -65.579
  -1   -2     -8.019     -0.929    -59.618
  -1   -2     14.478     -2.556    -61.103
 275  599      3.431     11.008    -71.670
 533  636     12.557     -5.096    -67.429
 547  772     10.421    -12.384    -67.448
 580   -2     12.834     -5.633    -65.163
  -1  259     15.589      8.072    -71.689
 548  526     16.549     -7.868    -67.350
  -1   -2      7.568      4.006    -61.864
  -1   -2     12.270     11.474    -71.265
  -1   -2     -6.135      4.324    -60.495
  -1   -2      6.245     -7.620    -73.358
  -1   -2     -9.713     13.441    -65.466
 149  135     -9.423      0.551    -67.457
 623  792      1.683     -8.207    -75.945
  -1   -2     -8.572    -11.802    -82.086
 371  463     12.113     -0.822    -71.004
  -1   -2     -2.869     -6.361    -75.645
  -1   -2     -6.080      6.165    -60.348
  -1   -2     -4.883     -7.197    -60.551
  -1   -2     -6.289     -7.051    -67.213
  -1   -2      2.263      9.763    -52.956
  -1   -2     -8.336    -10.324    -67.651
  -1   -2      0.935    -11.881    -71.249
  -1   -2      3.254     -3.517    -51.983
  -1   -2    -11.174     -4.296    -64.036
 481   -2     16.981      4.829    -65.279
 172  201     -3.646     -7.828    -68.169
 242  466     -8.533     10.160    -71.051
 197  612     -0.134    -11.784    -65.354
 716  470      1.975      7.022    -76.668
  -1   -2     -5.030      7.596    -74.094
 624  523     14.155     -4.234    -64.721
  -1  226      5.797     -7.360    -71.977
 270  321     -3.742     -5.599    -64.528
  -1   -2      5.393     -7.467    -66.481
  -1   -2      3.117     -9.114    -58.909
 596  793     -4.004     -0.464    -70.248
 311  274     10.024      7.464    -66.506
 740   -2      8.441     -5.432    -61.150
  -1   -2     17.528    -12.353    -72.181
  -1   -2     -1.069    -11.860    -60.990
  -1   -2     -5.311     -0.538    -55.166
 689  296     11.930     -2.364    -63.570
 791  575      8.465    -11.191    -64.248
  -1   -2      3.995     -5.192    -58.302
  -1   -2    -13.591     -8.776    -79.380
 605  139     -0.947     -7.342    -69.645
  -1   -2      7.389      1.410    -69.154
  -1   -2      5.810    -11.709    -68.605
  -1   -2      7.258    -12.524    -65.287
  -1   -2    -14.838     -0.298    -76.267
  -1   -2    -16.153    -11.662    -76.096
  -1   -2     -2.684     11.924    -74.131
  -1  522      4.655     -5.402    -61.661
  -1   -2      1.265     -8.985    -59.937
 250  284     15.855      3.802    -72.506
 652  778     -7.544      4.203    -59.936
 586  316    -13.322     12.176    -72.011
 585  295      3.988      7.332    -64.295
 139  429      8.158     -0.448    -73.121
  -1   -2     -8.852      1.014    -77.213
  -1   -2     12.339     11.291    -72.866
 608  776    -13.407      4.646    -64.568
  -1  597     14.503     11.249    -61.951
  -1  539     15.312    -12.064    -72.897
 539  770     12.012     -3.247    -62.128
  -1   -2      6.622     -7.463    -52.752
  -1   -2      4.677      5.010    -58.022
 572  773      3.923      6.601    -76.534
 265   -2    -11.135     -6.343    -67.195
 662  431    -12.103    -11.532    -68.836
 421  766      0.919      6.144    -76.215
  -1   -2     -1.992      5.116    -56.536
 637  645     17.317     10.946    -72.328
 634  515     -7.480     -1.075    -75.641
  -1   -2     -9.265     10.447    -80.440
  -1   -2     10.939     11.539    -60.406
  -1   -2      0.990    -12.360    -63.526
 613  537     13.542     -2.723    -63.160
  -1   -2     -1.321    -10.321    -75.921
  -1   -2     -6.376     -2.246    -68.245
  -1  351      1.057      8.028    -70.163
  -1   -2     -7.381     10.454    -63.520
 392   -2      2.450    -11.832    -75.564
  -1   -2     -5.868     11.918    -74.624
  -1  640      6.281     -4.015    -66.570
  -1  648      0.101      4.711    -59.098
  -1   -2      1.668      6.792    -56.150
  -1   -2    -14.000     -1.869    -73.063
  -1  435     -4.875      7.438    -60.057
  -1   -2      8.580      0.340    -67.112
  -1   -2    -14.361      2.202    -75.797
 549   -2      6.568      7.614    -76.558
  -1   -2      1.945      6.030    -52.041
  -1   -2      8.511     -6.206    -86.103
  -1   -2      6.503     -4.583    -80.383
  -1   -2     -5.085     11.633    -68.509
  -1   -2     14.022      5.979    -70.542
  -1   -2    -13.009     -5.785    -72.224
  -1   -2      1.006      3.462    -73.018
  -1   -2    -14.900     -7.791    -86.315
  -1   -2      9.970     -7.126    -54.108
  -1   -2      4.232    -12.524    -75.567
  -1  500     16.316      0.156    -74.371
 713  647      2.456     11.777    -71.974
  -1   -2      0.317     13.443    -64.273
  -1   -2     14.028      1.241    -63.502
  -1   -2     -2.261     -1.494    -70.659
  -1   -2     -9.995     -4.985    -84.216
 528  497     -7.666     -3.589    -74.063
  -1   -2     15.949     10.836    -64.403
  -1   -2    -11.860      1.954    -64.403
  -1   -2     -9.869      2.186    -70.386
 721   -2      9.460      9.744    -70.994
  -1   -2     -6.254     -6.127    -53.407
  -1   -2    -14.757      6.879    -71.181
 692  357     11.524      2.339    -72.973
  -1   -2      5.517      6.124    -72.440
 260  529     15.382      2.998    -68.879
 578  473      6.743      1.037    -61.641
  -1   -2    -12.858      8.593    -65.530
  -1   -2    -14.262     -7.972    -71.750
  -1   -2     -0.235     -2.905    -74.911
  -1   -2     11.601      3.578    -59.625
  -1  270    -14.105     -6.221    -66.527
 336  624     13.157     -4.338    -66.758
  -1   -2     14.150      9.768    -67.900
  -1   -2     -6.959     -6.187    -69.540
  -1   -2     -5.833      8.680    -55.956
 566   -2     12.955     12.945    -64.792
 339  334      5.451     11.516    -67.833
  -1   -2      1.297     -9.147    -56.367
  -1   -2     -0.233      5.615    -66.167
 641  214     13.720    -13.069    -69.505
  -1   -2      7.416      9.227    -74.364
  -1   -2     -4.859     -9.857    -72.947
  -1   -2      1.519    -11.948    -65.319
  -1   -2      9.905     -4.024    -54.270
  -1   -2     11.236    -12.282    -75.239
 298  273      7.910     -5.039    -64.826
  -1   -2      1.320      0.207    -65.379
 248  303     16.625      8.710    -72.236
  -1   -2     13.186      8.113    -72.402
  -1   -2      6.591    -13.070    -68.345
 606  603      5.372    -10.865    -61.782
 691  318      2.961      3.277    -64.696
 532   -2     10.287      5.891    -60.573
 373  680      5.867      9.030    -63.799
  -1   -2      1.778     -0.858    -62.902
  -1  302      6.111     11.290    -72.418
  -1   -2     -2.211      3.370    -54.578
  -1   -2    -10.783      6.287    -71.646
  -1   -2      7.056    -10.216    -68.037
 314   -2     12.001     -8.528    -73.888
  -1  297    -11.254     -9.599    -74.688
 714  592     11.870    -11.553    -69.326
 595  687     -8.872     -8.195    -65.910
  -1  617     -5.236    -12.152    -74.288
  -1   -2    -15.045     -9.472    -77.688
  -1   -2      2.606     -4.291    -65.952
 653  670     11.458     -0.973    -63.893
  -1  320    -13.042     10.617    -69.731
  -1   -2     15.699     -3.972    -64.191
  -1   -2      2.160      5.815    -61.850
  -1   -2      7.999     10.732    -65.807
  -1   -2     -4.150    -10.931    -66.103
  -1   -2     -9.733     11.117    -57.710
  -1   -2    -11.998     -9.495    -65.512
  -1   -2     -1.051     -6.715    -59.919
 369  607     -1.844      8.151    -60.398
  -1   -2     -0.294      6.413    -73.055
  -1   -2     -8.982     -6.885    -65.466
  -1   -2     11.766     10.830    -70.094
  -1   -2     -3.347     -3.948    -66.967
  -1   -2     -2.303      4.039    -62.668
 574  728    -12.602      7.756    -73.152
 680   -2     -3.201      1.953    -70.988
  -1  209     -1.669    -12.183    -67.626
 133   -2      5.403    -10.292    -70.609
  -1   -2      6.797     10.400    -66.624
  -1   -2    -10.051      7.016    -77.210
 790   -2      3.291      9.340    -68.158
  -1   -2     -8.100      4.376    -55.389
  -1   -2      2.437      8.964    -80.376
 670  720    -12.628    -12.130    -77.232
 477   -2     16.813     -4.771    -69.598
  -1   -2     -1.963     -8.731    -58.057
  -1   -2     13.555      9.707    -62.751
  -1   -2    -14.555      8.966    -72.548
 381  794     -2.584      0.577    -70.261
  -1   -2      4.876      1.394    -68.212
  -1   -2     15.774     -6.121    -70.185
  -1  348     -6.124      4.055    -63.961
  -1   -2     -0.378      0.256    -77.687
 705  780     14.897      0.676    -65.486
  -1   -2     -8.763      5.561    -54.127
  -1   -2      2.837     10.895    -74.130
  -1   -2    -11.645     -8.498    -78.543
  -1   -2     17.301     -9.409    -64.585
  -1   -2      5.482     -2.772    -59.957
  -1   -2     18.049     11.769    -71.558
  -1   -2     -7.684     -2.930    -61.706
  -1   -2     15.139     -6.211    -65.387
 324   -2     -4.102     -2.639    -70.995
  -1   -2     -5.232     -1.898    -63.775
  -1   -2    -15.870     -8.800    -80.142
  -1   -2     -6.356      1.743    -84.676
  -1   -2     10.566      2.849    -66.864
  -1  347     11.940     10.864    -64.216
 743  781     -0.357    -11.297    -68.022
  -1   -2    -12.994      4.323    -73.269
  -1   -2      7.664     12.682    -64.559
  -1   -2      1.456      9.083    -57.999
  -1   -2      2.547     -7.486    -66.273
  -1   -2     14.591     -5.007    -61.898
  -1   -2     -5.227      7.486    -69.657
  -1   -2     14.766     -6.076    -80.495
  -1  354     -7.836     -1.323    -63.469
  -1   -2     -3.310     11.469    -71.681
  -1   -2     -8.505     -3.553    -63.989
  -1   -2     17.069     -8.746    -85.989
  -1   -2     -5.376     13.100    -68.147
  -1   -2    -10.201     -2.281    -62.752
  -1   -2     11.056      8.051    -68.078
  -1   -2     16.258     12.981    -67.499
  -1   -2      1.193     -1.597    -62.432
  -1   -2     -3.464      7.559    -54.934
  90  386      6.035     -7.945    -70.657
 158   -2     11.621      6.968    -70.657
 126  391     -4.312     -3.812    -68.261
 720  634     -2.723    -10.304    -69.151
 210  456      9.219      3.526    -63.535
  -1   -2      6.278      2.172    -66.753
 215   -2     -2.831     -5.159    -69.065
 769  506      9.246      7.359    -61.668
  82   85     -7.896     10.534    -66.470
 159   67      7.234    -10.554    -68.988
 272   -2    -14.149     -1.619    -71.574
 760   -2      5.217      0.034    -70.575
 207   -2     -9.020      2.889    -67.637
 273  757      9.650     -1.493    -62.804
  95  749      3.812      5.915    -69.152
 513   -2     -9.208      6.823    -74.779
 498   -2     -1.467     13.602    -62.860
 338  761     -5.553      7.872    -63.344
 343   -2     10.587    -11.706    -70.589
 416  202      3.932     -7.849    -67.335
 447  768     -4.088      3.548    -72.949
 404  370      2.414     -3.702    -68.370
 537   -2     -3.011     10.150    -60.476
 784  783      0.839      9.420    -69.259
  -1   -2     12.962     13.031    -64.878
 640  692     -3.631      5.544    -77.712
 795  583      5.980    -13.309    -62.782
 544  330     -8.694      5.342    -68.464
 363  764    -14.505     -2.827    -70.496
 657  304    -10.504      0.840    -62.052
 785  784     -8.550     12.462    -76.227
 789  785    -16.306      7.156    -74.403
 804  227     13.553    -11.603    -76.232
 355  580    -13.023      4.101    -67.993
 523  496     -6.128     -8.349    -63.565
 567   -2     -0.199    -12.240    -63.165
 731   -2     -6.972     -1.066    -69.340
 808   -2    -13.851      9.558    -68.699
 812  795      7.676    -11.732    -62.355
 813  486    -12.551      2.731    -77.275
 815  796    -15.169     10.266    -68.567
 816  797     19.065     -6.786    -69.679
