852
  34    1      2.092      6.770    -70.485
   0   17      0.677      4.823    -70.659
   2   74      3.728      2.963    -69.007
   1    5      1.592      3.871    -71.409
  10    0     -0.568      0.836    -71.421
 199  518      4.549     -5.641    -73.066
  77    7      1.539     -4.486    -70.877
   9   23      4.923     -3.135    -70.544
   5   72    -11.026      5.406    -72.106
  24   14      0.402      3.560    -68.552
   7   11      1.544      3.560    -69.316
  30   22      4.099     10.490    -69.830
  11   45     -3.442      3.423    -68.454
   8   30      6.784     -1.930    -70.479
  23   96     -0.249      8.508    -68.173
 250   25      3.015     -0.753    -74.973
  98   27      0.529     -4.518    -70.282
  55   35      5.941      8.590    -70.299
  12   24      1.336     10.244    -68.762
  16   38     -3.439     -0.406    -71.534
  17    2     -1.717     10.665    -69.860
 394  397      8.747      3.690    -68.992
  14   10     -2.756      5.681    -70.212
  22    4      5.723     -3.405    -71.057
  27   31     -2.416     -4.624    -69.899
  -1  467    -15.007     10.554    -72.912
  58   16     -3.263      5.927    -69.459
   3  407    -10.334      2.197    -71.240
 797   48      7.320      2.914    -72.105
 305   76    -13.333     -1.113    -73.899
  29  233     -4.396     11.566    -66.446
  -1   50     -5.772      1.715    -68.761
  95   26      7.860      7.959    -72.092
  31   20     -1.416      4.619    -72.815
  38  157      1.711     10.251    -64.653
  21   21      5.213      2.343    -68.532
  61  800      3.165     -6.002    -70.357
  35   33     -6.275     -1.017    -67.091
 143   13     -5.471      8.793    -72.999
  60    3     -8.363     10.192    -74.125
 452  135      7.297      6.513    -70.100
 125   66     -7.883     -5.848    -67.126
 229  487     -4.640     10.368    -68.961
  36   77     -3.338      1.738    -71.817
  74  230     -4.738     -5.283    -66.664
 137  406     -7.189      7.153    -70.807
  -1   -2     -1.537     -5.691    -64.527
  88   28     -7.256      9.724    -66.797
  18   59     -5.181     -3.642    -67.842
  82  226      0.575      8.318    -72.154
 416  205      5.417      0.890    -65.544
  44   64     -8.219     -9.137    -66.219
 232   15     -5.165    -10.662    -69.146
 404  402     -3.933     -5.765    -67.279
  48   78     -8.153     -2.914    -69.762
 287   46     -0.682     -4.861    -69.059
 389  408     -1.232     -0.718    -71.637
 164  106      6.476     12.007    -71.065
 387   79     14.706     -4.072    -72.378
  42  103      1.513    -10.091    -73.168
 105  101      1.809      5.398    -71.366
 520  524      3.854      9.823    -67.333
  -1  124     -5.458      1.149    -65.204
  63   -2    -10.310     -8.669    -68.698
 461   -2     -4.456      0.161    -72.787
 112   86     -0.872      2.715    -68.903
 798  108      4.110      7.484    -74.035
  56   47     -6.720     -0.304    -67.990
  -1   -2     -5.752      6.414    -67.720
 193   93     12.549     -3.710    -71.565
 223  308      9.616     -7.979    -71.395
  -1  178      6.318      8.899    -72.069
 245  153     -7.168     -9.767    -66.599
 436  141     -7.400     -0.192    -62.168
 108   34     -8.154      4.910    -68.785
  40  428     -0.242     -4.496    -65.831
  66  440     -8.967     -3.598    -67.051
 526  235     16.860     10.332    -72.438
  47   95    -12.189     -0.127    -68.896
 113   83     -9.702      1.822    -67.174
   4   -2      9.062      6.157    -71.651
  -1   55      3.206     11.350    -68.214
  65   82     -6.167     -4.209    -67.988
  85  137    -10.561      9.346    -63.751
  -1    6      1.533     12.032    -70.572
 414  146     -3.317      3.370    -66.829
  -1   -2     -4.257      3.119    -64.634
  94  113      5.486     -5.073    -65.552
  28   29      8.111      2.480    -68.534
  93  607      0.233     -0.076    -65.575
 295   -2     -7.160     -2.930    -73.535
 103  125    -11.863      1.844    -63.474
  -1  161    -11.730      8.162    -75.620
  78  425     12.091     -4.091    -69.057
  64   98     -6.430     11.010    -61.989
 197   -2     -6.193      1.512    -72.893
 148  132      9.540      8.189    -63.787
  13  281      7.741      9.529    -70.635
 213  218     12.364      0.299    -69.282
 443  172      8.063      3.417    -68.247
 397  170     -1.044      6.446    -70.920
  45  194      7.450     -4.450    -70.838
 118  131    -13.386      2.006    -70.561
 151  127    -10.824      1.658    -69.867
 634  163     11.636     -0.643    -69.823
 115  203      9.495      4.161    -66.542
 127   91      8.020      9.364    -65.446
 109  110    -11.452     -5.716    -69.127
 502   84     -0.042    -10.988    -70.544
  80  148     -6.439      1.900    -63.864
 467    8     -4.566     -4.236    -69.394
 209  439     12.470      8.980    -73.801
 152   67      9.121     11.621    -67.619
 194  136    -10.834     12.882    -67.665
  67   -2      6.699     -8.875    -63.741
  -1  130      1.229     -2.372    -63.627
 399   75     -1.042     -7.217    -67.695
  -1  134     -5.840      4.151    -74.115
 217  316     10.642     -3.663    -69.807
  -1   -2      5.252      8.760    -76.028
 279  260     -2.435      2.620    -65.632
 220   65      1.426     -6.169    -65.185
 207   49     -2.697     -6.453    -73.513
 156  165     -3.157     11.991    -71.656
 582  326     -9.424     -7.016    -68.088
 204  246     -8.986     -6.151    -65.433
  89   54     -2.926     -2.549    -73.932
  41  105    -13.037      7.283    -71.089
  87  109     11.545     10.784    -70.467
  -1  469      2.622     -4.917    -76.509
 838   99    -10.415      3.318    -67.222
 218   94    -12.730      1.762    -70.466
  90  423     -9.980     -9.129    -69.163
 437   69    -14.831     12.088    -72.981
  76  265     12.174     -5.232    -68.984
 206  481      8.723     -4.786    -72.960
 110  566     11.304      8.840    -70.011
  -1   90      3.088     -6.619    -62.967
 192  215     10.957     -0.883    -65.501
 141  164     -5.296     -8.930    -64.259
 122  453     -6.657      8.985    -66.462
 249  393    -14.714    -10.762    -76.927
  -1   60      7.740     -4.228    -74.940
 171  533    -15.495      3.878    -70.367
 413  431     -5.925     -0.741    -67.503
 221  151      1.812      5.068    -64.415
  86  448     13.250     -1.414    -63.425
 159  635     -7.880      1.805    -64.149
 124  188    -12.124      3.378    -69.047
  62   -2      4.172      1.719    -74.567
 475  139    -11.071      6.343    -63.682
 111  175     -0.500     -6.326    -66.323
 119  583     -3.410      1.691    -66.169
 180  171     14.036      0.822    -65.722
 130  240      8.014     11.206    -65.750
  75  155      2.533      6.840    -63.483
  -1   -2     -5.267     -2.850    -69.043
 326  128      8.710     -4.447    -69.666
  99  168     -5.254     11.672    -65.360
  59  120     -6.354      7.742    -63.701
 227  302     -4.087     -5.002    -64.505
 188  152      8.409    -12.336    -67.580
 144  217      2.833      9.457    -63.784
 195  183     12.857     -4.502    -69.846
  -1   -2     11.347      2.460    -75.137
 139  158    -13.000     10.415    -65.359
  -1  176      6.122    -13.117    -66.665
 133  275      6.416      2.253    -63.897
  57   68     -8.952     12.204    -69.615
 173  126     12.474      8.052    -64.156
  -1  145    -11.912      9.664    -65.487
  -1  198      2.801    -10.079    -75.752
 107  291      9.784     10.667    -67.236
  -1  112      3.578    -10.943    -65.499
 138  219    -14.162     -1.364    -70.619
 531   -2    -13.912    -11.932    -71.760
 128  100      7.248      9.013    -68.259
 203  530     10.979      4.095    -64.215
 183  144     -7.406      5.254    -61.626
 417  242     -2.201     -2.022    -62.025
 165  445      7.132     12.833    -63.171
 123  212     -5.067     -8.075    -73.038
 101  801      3.985     -1.928    -70.727
 208  102      6.008     -3.040    -64.789
 104  156     -3.641     -4.763    -70.444
 277  405      9.274      6.844    -66.912
 338   92     -8.189      6.524    -64.929
 336  142     -4.683     10.337    -74.601
 468  116     -2.599      7.620    -66.386
  -1  191      2.824    -10.013    -68.155
 162  166     -7.588      0.140    -68.515
 135  160     -6.853     12.247    -64.919
 146  264      6.940      0.082    -69.537
 446  820    -13.680     -8.593    -66.405
  81  389     -7.523     -0.918    -75.890
 132   -2      0.153     10.631    -63.855
  -1   -2     -8.340      2.239    -73.032
  -1   -2     11.413     -4.819    -63.422
 411   -2     -7.350     -1.444    -72.751
 256  117      6.877      2.169    -71.761
 186  263     -7.621     -8.251    -64.823
 276  283     -4.469     -9.081    -64.175
  -1  211     -6.149      3.140    -76.163
 163  499      5.455      4.417    -62.539
  -1   -2     -4.473     -0.170    -66.648
 266  195      9.543    -12.281    -67.113
  -1   -2     16.244     -1.970    -67.866
 215  167     13.637     -5.510    -65.675
 312  238      6.995     -0.437    -62.777
 172   52     11.174     11.868    -66.833
 246  181    -11.041     -6.996    -68.679
  -1   -2     -0.957      8.665    -73.504
 117  267     11.222     -4.200    -69.934
 185  740     -0.588     -9.828    -67.844
  15  250     -7.355      6.848    -72.918
 129  225     14.118      1.919    -69.982
  83  538      8.367     -2.625    -72.236
 283  204     10.889      6.537    -72.427
  52  574      7.707     -7.831    -71.751
  -1   -2    -12.812      1.415    -76.303
 487  169     -1.446     10.184    -62.368
 230  229     -5.654     -8.728    -69.954
  -1   -2     -4.370     -9.941    -76.585
 319  629      9.664      2.245    -72.043
 267  273     17.942     -7.013    -71.494
 309  234     -0.167      6.877    -75.937
 442   87    -12.212      5.220    -68.758
  -1   -2    -11.505      7.461    -76.197
 261  306     13.405     -6.295    -71.081
  -1   -2      8.089    -12.719    -73.765
  -1   -2      7.682     -5.608    -66.054
 457  224     -3.419    -12.261    -65.682
 202   -2      0.384      7.374    -61.581
 226  298     -2.129      8.624    -63.208
  68  121     -7.954     -3.360    -68.356
 210  231      9.216      2.859    -63.415
 157   19      5.254      8.154    -69.957
  -1  184     -0.351     10.356    -61.404
  -1  617      2.246      2.769    -60.262
 846   -2      7.718     -7.243    -65.600
  -1   -2     -4.946     -5.344    -72.168
 200   -2    -10.240     10.018    -62.272
 500  822      3.703     12.548    -61.928
 244   -2    -14.047     -4.245    -69.907
 489  221     14.895      8.625    -72.827
 198   -2    -12.076      0.704    -73.011
  39  479      1.598      4.814    -73.046
 454   62     -2.285     -1.529    -71.164
  -1  396     -7.196      5.139    -76.502
 556  245     -0.790      8.847    -60.319
 317  236     -0.778      1.530    -68.774
 258  220      7.617     -5.907    -72.627
  -1   32      6.663      4.773    -66.767
 571  482      1.924    -12.118    -66.073
 693  248     11.756      6.059    -64.502
 225  254    -11.251     10.894    -64.452
  -1   -2     -8.372      5.293    -61.440
 242   -2    -10.396     -2.712    -73.777
 235  356      6.652      0.259    -63.475
 306  368     13.068     -0.722    -67.740
 637  269    -11.784      1.179    -67.290
  -1  274     10.086     -7.657    -71.135
 154  190      8.992    -12.017    -68.244
 384  202    -15.104    -10.122    -73.822
 126  111      3.729     -4.656    -66.094
  20  251     -2.704      0.370    -72.633
 289  449      2.909     11.319    -63.567
  -1  585    -13.572      9.839    -76.134
 161  495     12.211    -11.507    -65.781
 501  140    -14.478     -8.314    -69.284
  -1  129     -1.632      0.515    -71.614
 329  182     12.802      5.452    -74.265
 478  685     -8.694     -1.508    -63.485
 555  247      4.922     -1.172    -62.071
 842  838     -0.859     -7.309    -72.031
 498  282    -11.290     -3.181    -64.671
 102  209     -6.327     -1.973    -70.664
 216   57     13.233      8.905    -70.830
 334  355    -10.875      5.018    -65.357
 270  278     14.610     -4.197    -65.992
 189  331     -7.097      9.440    -76.558
 809  216     10.160     -9.501    -71.006
 120  223      0.458     -6.382    -64.058
  -1  704    -10.920     -4.509    -67.461
 528  272      8.408     -3.797    -63.992
 587  612     -7.373      7.121    -69.838
 178  159     14.614      8.267    -70.749
 335  304     15.770      2.447    -63.997
  -1  317     15.164      4.924    -71.106
 269  537    -13.343      5.365    -71.026
 234  646    -14.671    -10.773    -72.262
  -1  199      7.057    -11.487    -65.179
  91   -2      8.887     -2.370    -69.069
 350  232     14.737      9.502    -73.725
  -1   -2     -4.874     -0.071    -65.831
 624  579     16.142      3.362    -64.757
 114   -2    -11.429     -2.105    -73.027
 259  804     -9.671     -6.801    -63.965
 233   -2      0.805      7.199    -76.828
  -1  483     -9.852     -4.891    -63.836
 507   -2      5.059      0.656    -73.066
 805  597     10.651      5.202    -66.483
 323  329     10.154     -8.364    -66.466
 291  540     13.782     -0.673    -63.209
  -1  468    -11.401     -8.196    -60.790
  -1   -2     17.208      7.389    -67.885
 140  353     15.678    -10.008    -71.683
 205   61      3.269     10.551    -67.989
 303   -2      7.685    -11.267    -69.975
 222  590     -7.518     12.295    -71.026
 271  213     13.118     10.479    -67.319
 590  201     16.698      8.856    -65.774
  -1  571     -6.785     -7.778    -70.594
 353  354      0.979     -0.987    -64.722
  84  337     -8.199      7.717    -63.803
  -1   -2     -2.240     -9.330    -55.958
  -1  292      3.703     -9.271    -64.591
 344  237     14.165     -4.551    -68.992
 100  343     10.099      7.953    -70.062
 473  350      5.091      0.588    -66.070
 341  390     -6.376    -11.766    -68.438
 301  404     -1.780      7.419    -71.730
 841  840     16.219      4.025    -70.945
  -1   -2      4.850      9.686    -72.312
 619  255     10.469      0.364    -62.459
 633  689      7.323      4.923    -60.905
 332  654     13.075     -5.691    -65.862
  -1   -2    -12.773     -5.400    -75.815
 753  339    -14.463     -1.940    -69.323
 285  541    -14.610      5.181    -68.463
  -1  323      7.475      2.906    -62.855
 314  313     11.287      2.303    -62.042
 168  340      9.077      0.115    -71.644
 549  361     10.758      1.858    -62.791
 617  348      9.630     10.843    -69.328
 333  591     10.223     -9.674    -72.551
  -1   -2     -4.015      0.927    -70.470
  -1  550     -1.531    -12.897    -68.098
 273  680     16.956     -0.272    -68.120
 689  294     10.348     -0.437    -65.684
 324  307     16.564      6.146    -69.519
  -1   -2      3.406     -9.677    -62.507
 252  243     11.854     -1.880    -69.452
 243   36     -6.223      5.958    -73.581
 349  312     10.827     -2.054    -68.294
 550  299     16.484     -4.815    -72.092
  -1   -2     -2.338     10.408    -67.175
 345  387     12.807      1.738    -71.498
 278   -2    -14.788     -8.511    -69.227
 375   -2    -12.023      5.923    -68.179
  -1   -2      5.005     12.537    -68.455
 307  808    -11.465    -11.061    -72.698
 778  376      4.373      1.756    -69.195
  -1   -2     -4.405     -2.595    -73.393
  -1   -2      7.699      2.107    -61.364
 308  809      5.544    -10.100    -74.293
  -1   -2     14.586    -10.753    -74.696
  -1  366     15.303    -12.508    -68.798
 240  506      1.908     -6.858    -72.183
  -1  252     -3.408     -9.454    -70.499
 738  388     -6.219     -9.500    -65.805
 650  319      9.762      8.178    -68.194
 342  529     12.482     -2.183    -69.095
 134  342     -8.897      7.533    -63.311
 282  679      1.769      4.597    -67.719
 363   -2     -0.139     12.772    -69.847
 463  719    -10.547      3.359    -64.056
  -1  358      7.907      1.552    -65.114
  -1   -2      0.975     -3.413    -75.401
 826   -2      6.559     -7.301    -67.602
 337  813     -8.301      5.858    -66.122
 328  810      0.881     -9.239    -65.299
  -1  641     -3.542     11.468    -75.031
 732   -2     -0.198      4.571    -73.176
  -1   -2      0.066     -8.755    -59.588
 366  370    -13.421     12.262    -66.756
  -1   -2     -7.525      2.479    -56.320
 710  322     13.533     -3.402    -68.367
 275   -2    -11.203     -4.249    -62.656
  -1   -2     -9.255      9.323    -65.154
  -1   -2     -6.362      5.546    -66.628
 664  832     16.219     -9.342    -68.793
 656  830    -11.190     -7.422    -66.543
 515  661      9.023    -11.067    -72.091
  -1  372     -4.031     -6.811    -65.297
 672   -2     17.837      3.600    -72.750
  25  122     -3.684     -5.423    -72.205
 386    9      1.781      5.556    -69.544
 391   18      5.496     -7.698    -76.376
 247  391     15.751      3.069    -70.377
  96  447      4.373     -4.552    -73.195
 456   -2     -5.095      5.501    -60.786
  -1   -2     -4.218     12.689    -60.611
 409  818      8.872      8.637    -74.443
 158  411      8.762     10.441    -69.102
  -1   -2     -7.045     -0.142    -59.347
 393  417      2.689      4.929    -74.169
 728  834     -7.223    -11.662    -62.831
 390  227     -5.016      6.330    -73.769
  49   41      4.916      4.169    -67.748
  -1  147     -0.231    -10.034    -71.505
  -1   -2      7.069     -5.550    -59.295
 294   -2      0.176      0.728    -76.461
  -1   -2      2.289    -12.790    -63.163
  -1  154     -6.392      6.558    -60.013
 403  817      0.194     13.297    -64.560
 177  288      2.475      9.225    -75.057
  -1   -2     -4.651     -1.138    -60.087
 400  452     -1.852      4.059    -61.933
  73   85      0.563      0.530    -68.773
  -1  534     12.089      1.055    -74.191
  37   -2     -6.368      9.635    -69.111
 260   -2    -13.512      8.008    -69.179
 212   58      1.762      1.757    -64.563
  -1   -2     -7.079    -12.395    -68.600
  -1  186     -2.293     12.067    -73.030
  -1   -2     -2.215      4.961    -59.757
  54   80     -8.235      1.822    -69.175
 723  415     -7.455     -1.032    -65.781
  -1   -2     -8.430     -8.549    -74.181
 485  412     -4.248      7.491    -60.811
  -1   -2     -7.443     -8.076    -66.777
  -1   -2     -5.662     -7.421    -64.596
 422  562      3.528     10.571    -76.047
 153   -2     -3.970     11.503    -62.706
 385   -2      1.361     -7.944    -73.774
  -1   -2     -8.703     -2.968    -62.853
 441  461    -11.787     -8.502    -66.290
  -1   -2     -8.033      4.373    -59.405
  69  118    -13.281      5.327    -73.965
  -1   -2      1.125    -11.734    -73.512
  -1  463     -5.543     -2.654    -72.956
  -1   -2      5.653      7.124    -57.048
 427  521     -8.936      2.095    -63.574
  -1   -2     -9.859      9.543    -58.575
  50  214     -7.428     -4.349    -67.718
  -1  474      4.874    -11.943    -73.735
 382   63    -11.540     -4.146    -75.730
  97  114     -5.423      5.645    -62.517
 136  207     -8.959    -10.567    -67.125
  -1   -2     -7.534     -8.649    -71.458
  -1   -2     -3.682    -10.139    -58.980
 668  592      4.821     -4.700    -59.400
 562  464     -7.379      8.699    -62.586
  33   44      7.752      7.473    -69.783
 257   -2     -8.291     -6.111    -63.888
  -1   -2      6.242      2.654    -60.860
  -1   -2     -0.342    -10.217    -61.575
  -1  620      5.395      2.161    -59.157
  -1   -2     -0.353     11.478    -62.629
  -1  271     -9.988    -11.714    -65.022
 845   -2    -10.871     12.306    -62.058
 815  593     16.068     11.343    -66.852
  -1  222    -12.611    -12.592    -69.034
  -1   -2      0.768      0.372    -61.157
  -1   -2      9.143      4.470    -58.968
  -1   88     -9.330    -12.643    -68.926
  -1   -2    -12.628     -0.508    -83.041
 505   73    -11.147     -4.951    -66.020
  -1  115     -8.385    -10.605    -67.023
 121  394    -10.495     -4.834    -68.399
 560  301     -9.934     11.451    -74.832
 182  193     -8.855     -0.592    -61.466
  -1   -2     -4.554      4.235    -57.420
 464  486     12.527      4.049    -65.085
  -1  712      8.379     -7.909    -73.746
  -1   -2      8.572    -13.280    -64.106
 150  119    -10.274     -3.121    -68.537
  -1  420     17.804      1.042    -67.830
 304  807     -5.732     -3.206    -69.340
 238  347    -11.399      9.631    -69.343
 568  640    -14.447    -12.028    -72.258
  -1   -2    -16.278      1.324    -75.554
 184  446      3.076    -10.531    -66.913
  -1   -2     -0.580     -4.222    -63.321
  -1   -2     -0.736      7.441    -62.070
 239  803     -7.756     -6.146    -65.278
  -1   -2    -16.522      2.109    -73.336
 514  662      2.643     11.370    -60.008
 477  519     13.220     -8.346    -65.809
  -1   -2    -10.468    -11.231    -79.490
  -1  473     -5.852     10.807    -70.788
 428   -2     10.716      5.495    -63.499
  -1   -2     11.216      1.098    -75.023
 381  657    -16.118      5.209    -75.959
 525  477     -1.596     -7.972    -61.728
 445   -2     -2.405      2.472    -61.020
 503  555      3.169    -11.078    -62.589
  -1   70      0.851    -11.838    -72.740
 155  485     -3.647     -9.815    -60.738
 169  179      0.069    -10.460    -72.438
  -1   -2     -7.720     12.121    -61.490
  -1   -2    -10.426      8.112    -86.213
 219  513    -10.607     -3.038    -67.371
 145  143     -6.420      4.297    -69.394
 106  287     -5.209      3.191    -64.693
  51   42     -9.209     -0.516    -70.818
  -1   -2     16.886      4.213    -66.854
  -1   89     -0.360      1.677    -72.403
 262  715    -14.370     -1.920    -68.235
  -1   -2      0.457     -7.091    -77.774
 497  374     17.053     -9.275    -70.578
 573  512     12.134      3.964    -64.462
  -1   -2     -1.668      1.815    -52.517
  -1   -2    -10.481     -3.950    -58.561
  -1   -2      6.501      8.499    -56.663
  -1   -2     -3.541     -5.360    -61.058
  -1  497      8.115      3.762    -70.848
  -1   -2     -1.567      4.058    -58.675
  -1   -2     -1.256      6.825    -60.203
 288  259      0.188     10.275    -61.030
  -1   -2      9.180     -3.708    -73.917
  -1  149    -14.645     -2.509    -68.029
 607  527      5.921     -0.354    -62.431
  -1   -2      8.285     -5.146    -62.229
  -1   -2     -2.447    -11.271    -60.639
 632  653      6.719      9.688    -77.049
 546  823    -12.889    -11.127    -66.566
 439  295      6.701      9.464    -73.597
  -1   -2      2.581     -0.733    -63.853
  -1   -2    -10.267      4.207    -58.461
  -1   -2     16.474     -2.227    -74.153
  -1   -2     -6.238      8.949    -62.444
 460  430     -9.125     -2.543    -67.660
  -1   -2     -4.323    -12.347    -64.277
 636  828     13.512      2.760    -72.025
  -1   -2     -2.142     -8.145    -58.236
  -1   -2      4.818     -9.549    -56.056
 843  839    -14.980    -10.411    -70.425
 601  553     -5.032     -6.438    -59.089
  -1   -2      1.291     -9.723    -64.294
 518  309     13.972     -6.038    -69.978
  -1   -2     11.145      6.621    -52.245
  -1  104      7.322     12.100    -69.820
  -1   -2      7.487     -2.242    -85.693
 251  187     12.658     -1.379    -70.777
 621   39      8.355      3.624    -73.604
  -1   -2     -3.287     -0.337    -80.504
  -1  180     -4.849      3.068    -61.662
  -1   -2     -9.706     -9.188    -58.733
  -1  360      9.192     -2.665    -62.392
  -1   -2     -5.372     -4.531    -75.573
  -1   -2     -5.490     11.014    -62.066
  -1   -2     -4.487      7.588    -69.291
  -1   -2      4.702    -10.447    -59.368
 176  561     15.900    -11.850    -71.126
  -1   -2    -14.669      5.296    -84.766
  -1   -2     -7.910    -10.888    -62.888
  -1  285     -1.093     -6.417    -57.055
  -1   -2     16.129      9.955    -71.198
  -1   -2     11.367      9.518    -57.394
  -1  466      0.286      9.943    -66.616
  -1   -2      8.716      6.223    -76.966
  -1   -2      4.167     -8.240    -79.139
  -1   -2     -0.190      7.398    -61.162
  -1   -2     -0.744     -8.337    -61.229
 816  841     12.054     -9.485    -64.521
  -1  520     -2.882     -8.881    -60.965
  -1  367    -11.852    -10.854    -66.649
  -1  558    -10.785    -12.227    -62.348
  -1   -2     -4.207     -4.640    -72.603
 490  357     14.857     -9.612    -68.340
  -1   -2     12.293     -5.018    -61.970
  -1   -2     -6.425     -3.418    -61.457
 474   -2     -7.323     -7.540    -64.306
 228  842     -6.003      8.831    -75.150
 190  256      0.915     -1.024    -63.299
  -1   -2    -11.117     -9.223    -66.835
 575   -2     -4.907     -2.877    -75.525
  -1   -2     -2.989      8.219    -76.497
  -1   -2      4.443     -9.995    -61.009
 565  643     11.649     -7.417    -64.233
 264   -2    -10.400      2.449    -61.898
 166  802      7.254     -5.868    -68.781
 576   -2      8.571     13.284    -65.476
 600  559      6.811      7.338    -58.430
  -1   -2      2.674     -5.106    -66.919
  -1   -2     18.597    -10.890    -68.041
  -1   -2     10.319      3.354    -76.337
  -1   -2      9.701    -11.511    -78.705
  -1  605     13.111     -7.557    -60.052
  -1   -2    -12.347     -4.676    -69.005
 248  535     -3.458    -11.580    -63.887
  -1   -2     10.748     -4.453    -57.427
  -1   -2     -8.055      1.961    -61.850
  -1   -2      5.889     -8.333    -60.368
  -1   -2     -5.749     -2.834    -60.185
  -1   -2     -9.918     -5.552    -57.288
 817  369     11.391      8.304    -62.490
  -1  373     11.695     -0.026    -63.058
  -1   -2     17.158      7.659    -66.916
 673  424     13.979     -5.230    -74.815
  -1   -2    -11.092    -10.326    -79.314
  -1  505      0.038     -3.849    -62.614
  -1   -2     -6.736     -0.435    -61.055
  -1   -2    -14.853     -1.937    -76.427
 265   -2     -9.718     -5.115    -70.995
  -1  455    -11.414      8.560    -74.748
  -1  580     11.484     11.986    -68.101
  -1   -2      1.220     -2.846    -63.446
  -1   -2     -8.302     10.209    -55.060
 481  821      4.408      2.985    -70.160
  -1   -2    -10.938      6.063    -65.688
  -1   -2      5.820    -12.354    -67.889
  -1   -2      0.663      6.881    -59.321
  -1   -2     -6.184      5.940    -67.254
 331   -2     -5.410      8.051    -72.536
  -1   -2     -4.362     -6.877    -71.139
  -1   -2      7.993     -8.296    -65.465
  -1   -2     17.823     -4.766    -69.726
 510  459     -8.856     10.134    -62.831
  -1   -2    -14.241     10.092    -78.013
  -1   -2     16.890      1.970    -64.498
 373  333     13.183     11.646    -70.378
  -1   -2     -3.477     -6.607    -77.274
  -1   -2     -5.262     -5.571    -52.852
 543  599     16.667      6.447    -64.829
  -1  604      8.360     10.341    -68.180
  -1   -2     -9.369     12.612    -62.931
  -1   -2      5.820     -9.689    -63.823
 686  833     12.651      4.758    -72.386
  -1   -2    -13.226     -4.513    -74.435
 296  332     -8.348     11.589    -75.813
  -1   -2      5.066      8.297    -64.333
  -1   -2     13.437     10.914    -65.255
  -1   -2     -2.794     -9.125    -54.424
  -1   -2     15.374     12.987    -67.283
  -1   -2      5.317      9.640    -60.843
  -1   -2      6.340      2.597    -83.983
  -1  682     -2.295     10.829    -71.387
  -1   -2     -6.543     -3.147    -77.253
  -1   -2     -9.150     -5.912    -60.267
  -1   -2    -13.583     -5.116    -85.409
  -1   -2     14.407     -2.364    -75.179
  -1   -2     -3.194      7.374    -56.857
  -1   -2      5.197     -3.399    -76.173
 254   -2      3.896     10.467    -62.965
 330  811      7.742     -5.196    -70.675
 598  826      4.799     10.019    -71.893
 320  403    -16.298     -9.191    -75.492
 646   -2     -4.768      5.619    -59.384
  -1   -2    -12.722      8.648    -64.278
  -1   -2     -6.635     -6.761    -81.778
  -1   -2     -2.529     -6.343    -59.798
  -1   -2    -10.177     -3.730    -59.367
  -1  726     -7.746     -5.046    -59.629
 551  690     -5.052    -11.796    -62.310
 379  816     -5.242     -5.695    -77.040
 618  507     12.209      0.373    -73.353
  -1   -2     17.311      6.971    -67.530
  -1   -2     17.921     10.068    -70.972
  -1   -2      3.393     -0.955    -58.060
  -1   -2     -4.649    -10.363    -83.211
  -1   -2     -4.405     -0.760    -65.426
  -1  504    -11.194     -2.755    -68.317
  -1  539     11.378    -11.323    -62.337
  -1  577     16.441     -1.974    -65.789
  -1   -2     -5.962      2.892    -59.715
  -1   -2      6.493      4.315    -63.549
  -1   -2    -11.777      1.284    -69.139
  -1  429     -5.430      0.486    -72.129
  -1   -2     11.354      4.169    -62.700
  -1   -2     13.412     -4.221    -74.751
 435  315     13.455      4.745    -73.047
 322  736     -4.495     -1.563    -68.048
  -1   -2      9.754      2.895    -57.948
  -1   -2     -4.153     -1.960    -67.182
  -1   -2     -8.863     -9.032    -55.825
 447  674    -12.356      8.003    -76.043
  -1   -2     -9.266     -1.067    -60.583
 211  784     -0.404    -10.142    -76.407
  -1   -2     -5.878     -5.905    -62.910
  -1   -2     12.955      3.015    -77.685
 558  824      2.549    -12.884    -64.849
  -1  526     11.685     -8.971    -65.726
  -1   -2     -6.728     -9.773    -54.980
  -1   -2    -10.116      7.323    -70.763
  -1   -2      4.615     -7.973    -71.863
  -1   -2     -9.900     -4.464    -56.583
 351  711     15.570      8.201    -66.869
  -1   -2    -15.375      2.887    -72.720
  -1   -2     12.919     -3.281    -59.573
  -1   -2      4.009      7.877    -74.721
  -1   -2     -5.183     -8.095    -75.163
 574  351    -13.017     -3.898    -72.212
  -1   -2      2.225      1.354    -59.805
  -1   -2     -0.358      0.362    -57.707
  -1   -2      1.496    -10.055    -60.258
  -1   -2      3.642     -4.309    -59.369
  -1   -2      3.457     -7.887    -54.283
  -1   -2    -12.196      2.327    -81.516
 635  843     13.387    -12.418    -68.479
  -1   -2      0.604     -6.494    -76.873
  -1  318     16.572      3.716    -74.318
  -1   -2     -5.825     -3.126    -75.946
 539   -2     -2.219      2.492    -67.782
  -1   -2     16.904     -9.074    -81.386
  -1   -2      7.321     -2.583    -61.032
 553  364    -11.203      0.172    -76.100
  -1   -2     -1.088      2.870    -61.783
  -1   -2     -5.307     13.453    -61.807
  -1   -2      6.731     10.339    -65.400
  -1   -2     18.046     -5.620    -70.800
  -1  480     16.380     -7.783    -70.315
  -1   -2      3.868     -9.524    -75.980
  -1   -2     -7.320     11.037    -64.652
  -1   -2     13.815      4.626    -78.039
  -1   -2    -12.048     -9.781    -60.263
 255  244    -12.940     -8.074    -68.191
  -1   -2     15.252     -0.076    -72.058
  -1  720     11.572      8.942    -59.622
  -1   -2     -3.045      4.996    -60.772
  -1   -2     -1.860     -4.140    -87.203
  -1   -2     -3.957      7.118    -54.423
  -1  678     -3.728      7.851    -61.716
  -1   -2     -5.485    -12.395    -68.879
  -1   -2      0.583     -9.938    -68.533
  -1   -2      6.606     -7.844    -67.144
 701   -2     11.999      9.853    -60.920
  -1   -2     -6.380      1.156    -75.672
 356  572      3.661     11.786    -76.940
  -1   -2     15.490     -2.690    -61.389
  -1   -2    -13.003      7.219    -74.826
  -1   -2      7.301     11.648    -68.712
  -1   -2     -3.988     -7.377    -63.855
  -1  383     -0.144     -9.356    -62.468
  -1   -2      7.349     -9.951    -62.540
  -1   -2      1.148     10.205    -64.667
  -1   -2     10.730     10.312    -56.710
  -1   -2     -1.787     -0.777    -60.915
  -1  547     15.349     10.162    -63.485
  -1   -2     -7.612     -7.323    -74.110
  -1   -2      4.011      8.383    -87.014
  -1   -2     13.666     -1.616    -59.257
 731  835     12.690      6.345    -62.454
  -1   -2    -13.943      0.413    -81.890
  -1   -2      6.858      5.130    -64.453
 709   -2     15.902      4.450    -62.662
  -1   -2     -8.973     -4.398    -80.358
  -1   -2     -8.151     -8.556    -60.541
  -1   -2     -5.266    -12.274    -73.505
  -1   -2    -13.696      8.223    -81.543
 370  814    -12.701     12.183    -69.007
  -1  707     16.096    -11.512    -66.852
  -1   -2     -2.039      9.589    -52.870
  -1   -2    -12.195    -10.922    -75.935
  -1   -2     -9.094      8.547    -84.139
 742  764      0.129      7.591    -64.764
 591  758    -13.170     -0.232    -63.252
  -1   -2     -0.072      3.601    -86.054
  -1   -2     -9.895      7.532    -84.249
  -1   -2     14.230     -8.136    -75.346
  -1   -2     10.446     -7.278    -73.383
  -1  270      8.255     -8.429    -73.557
  -1   -2     -4.173    -10.109    -56.329
  -1   -2     12.166     -2.020    -59.825
  -1   -2      9.618     -7.544    -62.759
  -1   -2    -12.228     -7.239    -72.105
  -1   -2      2.825     10.263    -54.364
  -1   -2      7.836     -3.458    -63.095
  -1   -2    -10.577     -2.009    -80.446
  -1   -2     -2.117     -7.074    -72.041
  -1   -2      6.176     -4.928    -69.877
  -1   -2      2.662    -12.095    -72.369
  -1   -2      1.698      8.231    -57.515
  -1   -2     -6.860     10.178    -52.708
 433  280     14.887     -7.142    -71.362
 325  783     -2.333     -9.609    -76.736
  -1   -2     13.236     -6.674    -73.867
  -1   -2     -8.378      5.481    -68.523
  -1   -2      8.208      7.973    -56.641
  -1   -2     -5.199     11.980    -59.712
  -1   -2     12.173      2.902    -82.024
  -1   -2      1.125      9.526    -74.409
  -1   -2     -2.692     -7.562    -71.440
  -1   -2     11.289     -0.283    -54.112
  -1   -2    -12.565      9.387    -73.631
  -1  759      5.545     11.323    -65.343
  -1  725     10.690     11.389    -62.760
  -1   -2     -4.840     -4.228    -66.801
  -1   -2    -11.001     -9.666    -56.207
  -1   -2     18.569      7.187    -72.698
  -1   -2     -4.064    -10.613    -73.374
 781  836    -15.942     -5.502    -77.548
  -1   -2    -15.615      6.043    -70.687
  -1   -2      6.635    -12.265    -65.159
  -1   -2    -13.723     -4.439    -65.207
  -1   -2     -4.375     -9.464    -58.270
  -1   -2     12.618     -8.600    -60.973
  -1   -2      4.150     -1.395    -86.215
  -1   -2     -9.858      0.428    -69.217
  -1   -2      9.949    -10.548    -55.723
  -1   -2      0.275      8.223    -61.277
  -1   -2    -12.699     12.934    -65.246
  -1   -2      4.827     -2.726    -67.507
  -1   -2     -1.120      1.176    -64.017
 663  789      5.013    -10.976    -72.257
  -1   -2     10.340     -8.805    -57.562
  -1  698     10.045     -5.340    -67.419
  -1   -2     11.735     -6.359    -75.138
  -1   -2     -7.681     -2.179    -52.105
  -1   -2     -0.254      8.526    -61.152
  -1   -2    -10.051     -3.171    -57.410
  -1   -2    -12.155     -6.144    -63.308
 346  290     13.240      4.267    -63.523
  -1   -2     12.698     -1.577    -59.088
  79  471      3.348      9.019    -67.791
  19  197     -1.931      6.296    -68.064
 480  498      5.346     -9.153    -62.411
 421  819      2.057    -10.314    -70.918
 174  457     -6.794     -6.834    -68.485
 483  162      8.534     11.244    -71.012
 196  418      0.426      5.071    -62.988
 799   -2     11.944     -4.415    -70.114
 149  123     -9.445      6.169    -70.000
 201   -2     -5.058      6.544    -65.951
 284   -2      1.987     -8.854    -60.790
 804  494     14.742      9.536    -70.161
 293  806     14.257      1.556    -68.333
 313   -2    -14.978     -6.271    -74.470
 735   -2     -0.753      5.852    -75.008
 160   -2     -5.064      2.403    -72.260
 625  827     15.302    -12.664    -74.505
 620   -2     15.231     -2.323    -63.866
 224  546     -4.857      9.640    -74.537
 374  815    -14.383     11.074    -70.662
 450   -2     -2.271     -3.019    -60.718
 401  432      1.686     -3.947    -75.229
 419  138     10.876     -5.787    -66.982
 808  738     15.588     -6.735    -74.363
 407   97     -1.416      4.498    -63.981
 831  837     15.636     -4.308    -75.174
 643  829     15.829     -7.867    -74.319
 517  286     -2.143      4.848    -59.621
 471   -2     -6.987      9.345    -65.595
 179  277     -4.202      1.503    -67.867
 661  831      4.544    -12.266    -63.446
 495   -2      1.032      7.159    -68.833
 802  189     11.664      6.980    -69.780
 579   -2      7.203     -7.549    -63.074
 586   -2     -2.565     13.495    -66.087
 629  773     15.548     13.246    -65.067
 595  601      8.835     -0.210    -76.300
 181  377     -0.001     11.210    -68.490
 688   -2     -8.330    -10.782    -64.623
 828  493     15.703     -7.586    -71.473
 834   -2    -15.697      7.156    -69.294
 298  257     -9.806      3.284    -64.772
 459   -2      8.169     -6.690    -63.244
 470  375      2.342    -11.392    -70.435
 836   -2      7.653     -8.322    -74.385
 844  844     10.687      4.115    -69.978
