789
   1    0      3.746      4.509    -70.298
 415   54      2.887     -4.356    -71.364
   3    4      1.843      6.981    -70.049
 381    1      1.171     -4.232    -69.975
   4    7     -6.800      4.108    -73.144
  25   24      0.118     -8.326    -71.719
 391   62      3.016      4.818    -71.694
  37   59      1.166     -7.818    -66.968
   2   11     -7.121      8.156    -71.296
  20   15      4.002      6.258    -70.342
   8   23      4.748     -6.087    -68.477
 101  411      0.102     -3.283    -69.836
   9    5     -1.059      4.255    -71.678
  10  384      2.999      9.787    -66.998
  12   51      0.070     -4.464    -68.944
  -1  136     -6.800     12.114    -71.720
   5   44      3.820      4.839    -68.127
  14   31      0.210      5.180    -68.961
  48   30     -8.751     -5.095    -69.912
  41  756     -1.005      6.513    -72.289
  33   53      4.001     -6.960    -71.030
   0  335      0.670      6.518    -70.731
 343  116      2.322      2.886    -70.495
  -1   16      3.622      7.041    -70.723
  24  262      2.331      5.703    -69.626
 158  108     13.000      2.572    -74.224
  62   79      9.541      6.191    -71.181
 146   12      6.899     -3.444    -69.472
  21  341      5.672     -4.953    -72.093
 204   86     10.971      4.124    -69.364
  -1   37      1.147     -2.032    -67.568
  28  284     -4.082     -1.001    -73.237
  44   21      1.255     -8.332    -71.476
  13   61    -12.266      7.265    -73.846
 340   45     -6.820      6.387    -70.315
 353  181      1.304     -7.631    -71.023
  35   25      5.201      9.882    -67.576
 193   13      7.411      3.841    -71.697
 120   96      3.094     -4.724    -68.239
 242  339      1.792      5.550    -72.334
  23  348      2.382      0.537    -72.850
 406   60    -11.470      8.558    -67.316
  -1   -2     -4.417     -6.414    -67.290
  86   40     -9.375      5.292    -69.226
  -1   -2     15.045      8.178    -71.691
 123   34      5.824     -0.202    -67.313
 398    2      5.723      4.408    -75.155
 432   28      0.729     -7.914    -71.730
 176  553      4.418      6.252    -62.863
  22  118     -2.186     10.602    -72.389
  60  387      7.236      1.563    -68.963
  16  755      3.328     -7.379    -72.112
  36   99      4.151      1.388    -70.778
  50   73     -5.487     -4.969    -68.186
  34  392     -2.932      5.867    -66.768
  53   27      1.467      2.876    -68.225
  15    6      4.008      3.712    -70.651
  51  422      1.911      9.748    -71.717
  55   55      0.043      8.123    -66.173
  67  120      1.239      3.261    -67.752
  32   50      0.115     -5.115    -71.939
  -1   -2     -9.964      7.082    -62.855
 110  101      8.064     -9.547    -75.086
  -1   -2     -2.311     12.164    -68.250
 747  350     -4.900      7.403    -64.548
 161  100     13.112     -3.813    -69.164
 180   35     -4.963      7.435    -67.262
  56   -2     -6.828      0.175    -66.409
   7   36      8.141     -0.638    -71.788
  61   98     -6.620      9.941    -63.758
  -1  125     -5.293      6.041    -68.168
  49   78     10.308      9.851    -68.757
 372   77     -2.117      3.678    -64.246
 185  130     -5.831     -1.099    -65.716
 184  194      7.422      9.214    -66.412
 144   48      3.117      6.811    -69.702
 173  353      9.193    -11.128    -69.035
 217  142     13.230     -6.945    -70.646
 201   22      4.940     11.520    -72.578
 147  356     -1.900      1.134    -60.423
  -1   66      6.478     11.109    -69.929
 136   14     -5.131     10.524    -68.297
 109   72    -10.057     -1.899    -67.452
 111   33     -1.758     -7.897    -68.693
  47  119      3.680    -10.803    -68.484
  58  430      0.405      1.178    -74.019
  -1   67      3.276     -6.842    -66.206
  96   84     12.040      8.472    -71.702
  -1   69     -1.558     -9.094    -67.829
 121   93      0.717      7.870    -65.969
  83   71     -0.990      7.920    -64.766
  59  365     -8.439     -4.112    -67.468
 367  104     -2.871     -9.799    -63.618
  88  404     -7.829     11.774    -73.940
  -1   -2     -8.054     -8.728    -71.268
 117   41      4.926      3.024    -67.146
 188   -2     -5.996     -6.233    -76.832
  46  354      1.414      6.496    -70.292
 154  121     -2.280      3.093    -64.267
  64   26     -5.661      5.156    -73.071
 525   39     -6.857     -6.337    -70.559
  29   63    -11.047     -4.929    -73.830
  -1   -2      4.235     -8.029    -63.882
 106  175      1.852      3.172    -74.096
  26   90     -2.630     -1.464    -66.516
 104  399     -4.941      7.960    -64.810
  -1  133     -6.585      3.504    -62.062
 375  117     -7.106     -7.839    -61.958
  95   87     -6.977     -2.850    -64.200
 132  379     -1.121     -2.461    -64.630
  70  191     -9.322      9.676    -67.649
  78  106    -11.069     -3.309    -65.793
  69  137     -0.591      3.346    -67.658
 129  405      3.564     -1.022    -66.315
 467   -2    -12.554    -11.563    -71.110
  -1   -2     -8.511     -0.918    -73.895
 281  123     -2.273      8.850    -73.849
 165  173     15.197     -4.048    -69.929
 160  156     -2.091     -8.472    -68.371
 148  219     -1.583     -9.685    -65.055
 115  400      7.389     -2.621    -63.529
  80   92     -5.858     -2.249    -68.343
 102  272     -3.560     -7.922    -62.736
 206   64     -6.350    -12.667    -66.436
 543   -2     14.655      1.794    -67.825
 350  260     11.145     -0.249    -72.633
 164  115    -11.549      5.746    -68.381
 175  139      4.550      1.976    -61.275
  45  299     -4.852      2.507    -72.598
  -1   -2      1.263     -9.478    -67.413
 219  781      4.499      7.747    -65.267
 118   68      7.763     -4.393    -66.981
 453  126    -10.306     -9.951    -68.490
 397  151      7.325     -0.437    -66.260
  94  163     -7.977     -7.038    -65.741
 139  135    -11.442      1.758    -63.356
 784  210     -9.859      7.912    -65.372
 771   -2      8.651      1.357    -75.450
  -1  450     10.633     -6.128    -67.564
 434  360     -6.885     -3.686    -61.372
 130   32     -2.426      6.270    -71.423
 194  257     -6.457     -4.806    -63.445
 125  155     -5.812      8.924    -74.164
 131  381     -6.438      2.821    -62.456
  66  111     -9.896     12.166    -72.051
  -1  415     -0.759    -11.530    -69.000
 128  174     -3.489      1.119    -62.502
  98  134      6.967      3.256    -63.109
 162  158      3.345      9.678    -64.978
 485  189     -0.620      1.283    -62.113
 113  237     12.658     -9.887    -73.483
 156  167      6.505     -6.215    -63.439
 152  250    -11.593     -5.567    -70.859
 163  147     -4.303      3.687    -63.874
 169  179      7.673      3.178    -63.553
 250  226      8.756     -3.868    -62.857
 191  596      2.766      2.275    -59.002
 177  160      7.368      6.170    -69.590
  79   -2     12.763     10.525    -67.030
 228  252    -10.951     -7.825    -68.942
 459  771      3.297     -2.369    -60.634
  -1  166    -10.020     -4.165    -62.847
 592  223      4.848      0.357    -73.437
  -1   -2      8.934     -2.052    -72.767
  76    3    -10.825     -2.426    -72.642
  27   56      9.487     -7.177    -72.683
  -1  572     12.501      7.356    -63.566
  71  154     -7.469      3.876    -67.168
  -1  466     -5.505     -8.927    -62.177
  -1   -2      7.361     10.814    -74.285
 135  258      3.155     11.864    -69.621
 226   -2     12.250      5.367    -73.568
 116   88      5.965     -5.361    -66.264
 237  288     -5.325    -10.372    -72.526
  68   -2    -11.354     11.990    -70.470
 388   -2     -2.027      0.021    -59.774
  -1   -2    -11.731      7.746    -68.641
 198  207      7.254      0.558    -66.059
 358  185     10.802      9.323    -71.260
  -1   -2    -10.353      2.315    -74.990
 224  212    -13.332      5.500    -68.817
  -1   -2    -11.015     11.579    -61.342
 368  234      6.727     10.312    -68.670
 212  418      1.410     -2.562    -65.697
 190  124     -9.683      8.761    -68.912
 287  263     10.358      0.237    -72.659
 167  412      2.248     -6.170    -67.180
 137  205      9.536     -2.521    -63.940
 187  153     -5.438    -10.822    -63.297
  -1  364      8.025     -6.825    -65.810
 179  222      2.388     -9.508    -69.614
 249  295     10.500      3.022    -71.219
 395  767     -4.532     -5.134    -61.032
 769  428      1.558     -6.702    -63.279
 253   46     -5.191     -1.061    -66.911
 255  419     13.862      2.796    -66.853
 243  192      9.843      8.595    -66.513
 133   18      3.038     -1.395    -71.063
 222  227    -12.410     12.077    -69.548
 209  102     -0.535    -12.664    -69.241
 507  437     -4.462     -6.815    -62.362
 236  240    -12.626      5.166    -69.216
  -1  275      1.472     -0.452    -63.093
 107  225     -7.238     11.081    -67.360
  -1  256     -3.939      2.394    -65.470
 127   -2     -7.769      1.818    -65.466
 213  504      6.757      0.615    -64.915
 454   52     15.409      6.413    -71.347
 196  279     12.999    -10.005    -68.749
 770  149     -7.789     -1.855    -76.305
  -1  254      1.711      9.879    -75.444
 272  439     10.062      4.271    -66.357
 291  203      5.117      0.516    -62.927
  -1  542      8.004    -12.520    -73.855
  -1   -2      5.981      2.602    -62.773
 241    8      3.312    -11.242    -70.769
  92  248      0.865      9.173    -63.626
 140   89      4.126     -5.192    -67.827
 416  164     -9.109     -2.305    -63.314
  -1   -2     -7.114      5.800    -68.542
 192  208     -9.307     -3.222    -68.665
  -1  168     -6.925     10.720    -63.339
 182  278    -11.953      2.880    -64.128
  19  197      7.189      7.010    -71.140
 276  587     -6.690      6.339    -68.884
 262  281     13.513      0.615    -68.640
  -1   -2     -2.170     -8.525    -60.576
  97  702      4.064     -0.640    -73.577
 359  204     -5.030      3.257    -75.005
 240   -2    -12.228     -0.826    -65.605
 361  363     -7.971     -0.363    -67.118
  -1   -2      0.405     11.886    -71.219
  -1  510      6.515     -9.633    -70.321
 171  761      9.114      6.351    -74.528
 200  231    -11.891     10.162    -66.169
  -1   -2     -1.471     10.681    -67.589
 263  214    -10.086      5.175    -62.063
 469   80     12.020     11.005    -69.288
 307  112     -0.848      4.626    -62.902
 274  290      7.927    -11.837    -69.118
 247  329     -2.512     -1.257    -64.606
 103  132     -0.253     -9.763    -62.236
 126  243    -10.268     -8.789    -67.748
 149   83      2.850      7.255    -64.759
 315   -2    -13.091      2.171    -71.413
 418  171      8.406      6.015    -67.596
  -1   -2     13.219      1.012    -65.590
 183  228      6.994     -9.008    -65.381
 279   -2    -12.207     -8.717    -74.209
  -1  242      4.834      5.058    -64.412
  -1  484     -2.864    -10.724    -71.450
  -1   -2     15.148      5.118    -74.241
 278  302     11.408     -3.377    -67.605
 380  180      2.256      3.039    -68.154
 472  193      8.591     -7.948    -71.754
  89  346     14.413      6.546    -69.645
  -1   -2      0.954      9.768    -68.256
 239  494     -9.544     11.346    -64.280
  -1  178      2.332     -6.756    -64.543
 108  146     -1.257     -9.395    -70.903
  -1   76      8.830    -12.655    -68.630
  -1   -2      7.730      6.255    -72.503
 227  491     -3.636      5.727    -66.621
  -1  454      0.953      2.348    -64.396
  -1   -2     -2.891     -3.227    -71.913
 491  294      8.836      9.841    -65.310
 248  498     -6.540     11.295    -62.152
  -1   -2     -6.513    -10.310    -74.700
 260   -2     -3.281      5.341    -66.551
 545  526     13.950      6.999    -73.341
 246  286      7.782     -0.915    -65.965
 216   -2      4.400     -4.466    -66.013
 124  245      1.699     -3.895    -66.025
 568  594     -0.647      3.451    -63.980
  -1  144      8.589      1.420    -64.227
 159  264     -9.942     -1.314    -63.232
 549  531     11.630      6.813    -60.688
 787  539     11.898    -10.382    -73.804
  -1   -2     -9.003     11.123    -74.965
 608  782      7.278     -8.313    -72.292
 750   -2     -7.641     12.814    -64.622
 376  766      2.464     -4.522    -72.852
  -1  282     -6.714     -5.187    -60.640
  -1   -2    -10.894     11.426    -66.586
 203  762      6.745     -5.946    -70.612
 486  579     -1.330     -3.619    -72.785
  -1  627      8.305     -2.892    -63.240
 316  161      3.445     -8.563    -64.411
  84   -2      9.357      1.224    -72.947
  -1  289     10.160      7.382    -65.614
 328   -2      3.052      9.783    -76.157
 322  394     12.018      8.946    -67.453
 437  340      9.202      3.491    -74.974
 312  241     -9.752      0.545    -74.584
 220   -2      5.403     10.903    -66.610
 300  471     12.835      9.887    -65.522
 289  305      0.796      4.654    -72.552
  -1  311     10.606     -4.057    -65.802
  -1   -2      1.036     -0.888    -65.763
  -1  541      4.889      7.743    -72.710
  -1   -2    -15.808      9.020    -73.157
 327  603     -3.154    -11.003    -70.830
  -1   -2      8.214     -2.662    -69.137
  -1  218     13.057     -5.284    -71.511
 221  550    -10.448      8.968    -69.734
 225  277    -14.170     -5.468    -70.037
  -1   -2      5.718      1.808    -52.083
 489  148      8.057     10.175    -64.586
 233   -2      6.104     10.330    -75.343
  -1   -2     -9.304    -11.721    -61.439
 595  783      8.026      9.192    -64.811
 294  310      4.109     -7.078    -73.685
 295  319      3.869     10.836    -63.707
  -1   -2     16.995     -2.464    -67.780
 785   -2     13.681      0.589    -74.390
 638  563     -1.652     -1.360    -73.182
  -1   -2     -9.026     -7.627    -59.300
  -1  230     13.530     -5.641    -70.404
  -1   -2     11.926     -6.850    -61.960
  72   82      2.189     -0.508    -65.813
  -1  280    -11.150     -8.263    -74.626
  -1  386      2.753     -2.290    -73.483
 298  574     10.729    -12.349    -70.557
  -1  417     -9.342      8.034    -73.660
 759  276     11.272      3.120    -65.933
 303  586      4.066      4.218    -64.461
  -1   -2     15.958     -8.759    -70.095
  -1  441     13.168      9.297    -69.054
 451  581    -12.655      5.450    -66.157
 302  451     13.955     -8.514    -71.470
 296   -2      1.854    -11.485    -65.932
 283   -2     -6.082     -5.179    -77.559
  -1  635     -5.323      8.681    -74.312
  -1  297     -9.730     -5.091    -73.183
 334   -2     10.111    -10.136    -72.628
  -1   -2      6.935     -1.104    -61.222
 522  784     -2.305      9.750    -71.556
  -1   -2     -6.085     -2.162    -55.220
  -1   -2     11.258     -6.468    -61.416
  -1  361     -8.397      3.281    -76.706
  -1   -2      2.537      0.126    -55.688
 683  535     12.029      7.298    -72.536
 711  656    -11.354    -11.863    -70.642
  -1   -2     -0.718    -12.470    -74.219
 669  423      6.158     -7.130    -73.849
  -1   -2     11.491      9.239    -69.908
  -1   -2    -12.194      7.919    -78.229
 323  315      1.452      6.428    -64.280
 271  206      6.711     -6.383    -72.737
  -1   -2     -0.492     -0.702    -64.322
  -1   -2     10.735      8.891    -64.774
 304  750      1.855      4.258    -65.857
  -1   -2      7.355     -1.065    -76.932
  -1  736     -8.075     -1.373    -66.420
  -1   -2     -1.103     -5.828    -60.262
  -1   -2    -12.241    -10.535    -70.694
  -1   -2     -4.942     10.891    -59.499
  42   -2     -5.673      6.536    -73.007
  -1   -2     -3.797    -12.418    -64.389
 168  760      4.434     -9.440    -61.736
  -1   17     -1.372     -6.053    -66.740
  -1   -2      6.718     12.476    -72.371
 476   70     -1.789     -2.737    -70.992
  -1   -2     11.663     -8.635    -72.929
 352   43     -3.922     -7.298    -70.260
  -1  285     13.579     10.667    -72.723
 760  349     -7.704      8.015    -69.863
  -1  113     13.982     -3.083    -69.125
  -1  351     -8.619     -2.675    -73.752
  -1   -2     -8.842      3.502    -65.504
  -1  397     -4.419    -11.009    -62.941
 392  452     -8.461     -0.835    -60.668
  -1  190    -13.572      6.186    -74.954
 562  608     -8.834     -8.788    -68.634
  38  110      5.622      9.112    -70.917
  -1   -2      1.993     -0.008    -77.061
  -1   -2     -9.592     11.133    -55.971
  -1  401     -9.498     -6.520    -62.455
 256  140      0.257     -2.627    -63.746
 746  244      1.910      8.118    -74.843
 364   -2    -10.152      5.595    -71.368
  -1   10      0.057     -2.100    -70.084
 442  785     -9.087     -1.540    -74.483
  -1  380     -6.827     -3.876    -64.589
 373  273      3.138     -5.023    -74.412
 181  338      2.264    -12.248    -76.771
 384   -2     10.345     -4.975    -73.762
  43  143     -9.824    -11.471    -71.866
 410  374     12.676     -6.320    -64.324
  77  370     -4.706     -0.606    -65.423
  65  131     -3.033      3.339    -75.215
  63   -2     -0.575     -1.727    -74.032
 385  388    -11.012     -4.696    -61.012
  -1   97     -1.801     -6.655    -68.082
  99  758      5.919     11.399    -67.499
 238  578      9.775      8.463    -71.581
 382  391      2.233    -12.424    -62.637
   6  368     -7.142     -3.285    -68.086
 143   85     -2.955     -3.976    -68.850
  -1   -2     -5.468     -8.261    -59.468
  91   38      7.386      8.469    -71.772
  -1   -2     -9.867     -9.702    -63.855
 377  429     13.110     -8.461    -63.925
  -1   -2     -9.086      5.327    -70.262
  -1   -2      8.240     12.311    -72.789
  -1   -2    -12.393     10.296    -62.537
 402   -2      1.687     -9.924    -67.449
  -1  224     -0.239      5.997    -62.642
  -1  403    -12.071     -7.730    -62.986
 458  770      5.116      0.746    -59.724
 223  382    -12.900    -10.767    -69.938
 471  253    -13.872     10.878    -68.948
 425  434     16.993    -11.234    -69.983
  -1   -2     -1.507      4.699    -59.772
 386  421     10.486      1.840    -57.874
 290  383     10.417     -1.874    -64.966
 379  342      1.869    -10.290    -61.915
  -1  188     -8.190      1.851    -62.172
  -1  105      2.430     -7.394    -71.081
 441  402    -11.763    -10.980    -64.612
  87  200      3.766      6.745    -65.838
 299  566      1.721     11.889    -65.834
  -1   -2     -0.482     -1.508    -58.788
 172  157     -5.080      2.103    -76.691
  -1  523     -4.432     -9.838    -62.189
  -1  389      6.678      0.821    -73.797
  -1   -2      2.229     -9.432    -76.441
  -1   -2      8.499     -9.796    -79.914
  -1   -2      2.783     11.214    -76.699
  -1  162     -7.211      7.345    -59.736
  81  235    -11.149      6.510    -66.129
 186  255      6.562     -3.027    -71.879
  -1   -2      8.737     -0.960    -60.858
  -1   -2     -5.546      2.867    -60.284
  -1   -2      0.947    -11.887    -59.834
  -1   -2     -4.876      3.628    -60.328
  -1   -2      5.400     -2.470    -60.747
  -1   -2      0.394    -11.825    -66.152
  -1   -2     16.037     11.923    -69.539
  -1   -2      0.303     -4.904    -75.241
 356  172     -3.316     -7.721    -70.256
 408  426     -5.499    -11.929    -62.494
  75  757     -3.417      8.070    -64.890
 288  764    -11.650      5.480    -61.337
  -1   -2     -1.027    -11.959    -69.333
  -1  427     12.755     -4.586    -65.729
 775   -2     -4.742      2.633    -64.556
  -1   -2     -0.535      3.011    -62.590
  -1   -2      1.291     -6.281    -58.587
 423   -2      8.444    -10.218    -63.387
  -1   -2     -7.891    -12.107    -62.750
  -1   -2      2.921      5.953    -60.221
 761  317     -5.370     -9.356    -72.041
 495  199     -8.796      9.345    -65.375
 114  169      0.753     -9.054    -60.974
 231  270      8.209     -5.736    -65.561
  -1   -2      0.757    -10.765    -69.311
 435  480     -1.848     -1.422    -56.490
  -1  220     12.758     13.158    -68.153
 261  176    -12.562      4.996    -67.661
 438   -2     13.847     -5.347    -74.335
  -1   -2     -9.061      4.212    -70.654
 235  545     11.599     -1.877    -66.292
 429  646     15.877     -1.861    -68.807
 403  461     14.494     -4.880    -64.777
  -1  458     16.731      7.772    -72.214
  -1   -2     13.539      2.861    -57.632
 264  390    -11.969     10.577    -69.360
 396   -2    -10.523     -7.043    -74.139
  -1   -2    -14.893     12.474    -69.215
 150   81      1.301    -10.998    -67.824
 347   -2      4.353      0.382    -59.125
  -1   -2    -14.949     -2.847    -85.527
  -1   -2     -3.669     -3.947    -58.544
  40  138     10.647      7.013    -70.484
 407  768      6.484     -5.148    -61.574
  -1   -2      9.007      2.851    -60.389
 752  150      6.249     -0.666    -65.668
 421  359      5.776      8.524    -60.906
 615  777    -12.830    -12.530    -69.596
 357  344      3.423     -9.751    -73.673
 419  769      5.722    -11.468    -77.568
  -1   -2     -9.886      9.669    -87.506
  -1  698     16.720    -13.050    -69.600
 409  446     -0.699      7.518    -59.500
  -1   -2     13.959    -10.614    -70.537
  -1   -2     17.298      8.175    -71.785
  -1  488      1.019     -8.515    -55.598
  -1   -2     17.576      6.987    -70.771
 155  436     -0.459     -0.638    -66.768
 466   -2     -5.525      8.345    -61.229
  -1  463     -2.949      3.252    -68.307
  -1  159     -7.565    -10.752    -71.262
  -1   -2    -15.300      6.932    -73.566
  -1   -2     11.912     -4.784    -64.234
 501   -2     12.609     13.041    -66.260
 654   -2      0.373      6.181    -74.088
 341  786      0.423      2.402    -71.033
  -1  672    -12.511    -10.882    -65.152
 214  221     -2.158    -10.347    -69.918
 267  639      9.499     -8.533    -69.592
  -1   -2     -1.135      3.568    -55.798
  -1  201     -3.800     10.037    -64.883
  -1   -2      7.174     -3.752    -79.609
 508  129     -3.786      3.670    -65.306
  -1  435     -8.867      6.029    -61.020
  -1  495     14.842     -4.914    -67.809
  -1  268      4.102     -9.953    -73.211
  -1   -2    -10.428      0.132    -68.897
 526  247      7.728      8.825    -65.312
 557  774      8.147    -13.146    -65.384
 748   -2     -7.952     -0.234    -75.700
  -1   -2     14.049     -6.867    -62.229
  -1   -2     -7.526    -11.375    -60.013
  54  703     -2.384      7.752    -74.774
 269  259      7.584     -8.150    -63.910
  -1  376    -12.551    -11.793    -66.368
  -1   -2     -2.888     -4.935    -58.113
  -1   -2     -1.179    -10.290    -71.948
  -1   -2     -5.480     11.154    -70.966
  -1   -2     -0.911      1.149    -68.092
  -1   -2     14.424      8.136    -63.107
  -1  614      3.048     -3.670    -74.441
 461  447    -13.154    -12.515    -65.023
  -1   -2     11.252      4.220    -64.520
 559  457     11.415     -2.856    -63.343
  -1   -2     -9.087     -4.193    -59.096
 766  787     -3.696    -12.807    -68.984
  -1   -2      9.782     -0.133    -66.793
  -1  516    -14.400     -4.047    -66.196
  -1   -2     -1.951     10.423    -54.222
 496  500     11.048      0.220    -60.255
 492  511     10.442     -8.561    -64.158
  -1   -2      8.808     11.746    -59.973
  -1  565     11.549    -11.821    -60.686
 464   -2     -3.987    -11.670    -61.130
 266  570     -1.805      7.675    -61.762
  -1   -2      7.155    -11.413    -64.464
  -1   -2      0.642     -0.758    -61.558
 757  779     14.827    -13.027    -70.744
  -1   -2    -10.504    -12.422    -72.944
  -1   -2     11.360     -4.069    -74.995
 311  347     -1.248      0.731    -71.854
 497  473     -4.851      0.153    -59.330
  -1   -2     10.158      8.069    -53.920
 511  664      6.329     12.002    -61.522
  -1   -2     -1.598      4.366    -63.950
 208   75     12.043      2.220    -62.887
  -1   -2    -15.683     10.090    -78.033
  -1  620     10.747    -10.218    -69.581
  -1   -2     15.635     -9.150    -70.712
  -1   -2     -3.544    -11.986    -69.261
 401   -2     -8.610      2.778    -59.644
 428  416      7.490      0.403    -57.101
 613  584     18.113     -4.651    -68.887
  -1  196     -2.081     -5.653    -70.474
  -1   -2    -10.968     -7.235    -75.038
  -1   -2     -9.647      2.893    -66.100
 157   -2     -9.038      8.006    -63.088
  -1  641     -8.788     12.533    -64.240
  -1   -2     -9.555     -0.144    -59.124
  -1  385      8.049     10.035    -62.272
 285   -2      8.636      7.079    -65.586
 778  591     -1.872      7.575    -69.303
 578  775     -7.614     -6.591    -66.199
  -1   -2     15.832     -3.232    -75.020
  -1   -2     12.053      2.489    -73.027
  82  640     -6.519      0.764    -66.129
  -1   -2     -1.531      9.192    -60.037
 153  696     -1.414      6.451    -74.125
  -1   -2     14.497     -4.479    -61.983
  -1   -2     -5.009     -9.389    -71.547
 551  492    -11.073     10.652    -60.012
  -1   -2     16.600    -11.104    -71.611
  -1   -2     -0.701    -12.106    -69.997
  -1   -2     11.450     12.372    -65.047
 538  773     13.745     11.166    -73.608
  -1   -2    -11.063      1.034    -76.618
  -1   -2     -0.877    -13.052    -63.250
  -1   -2     11.379      0.429    -79.212
  -1   -2      3.456     13.219    -65.902
 636  308      3.559      9.306    -69.236
  -1   -2     17.498      6.819    -70.713
  -1   -2     -6.673      2.895    -55.499
 753  688     13.977      6.799    -70.634
  -1   -2     -3.047     -5.425    -60.458
  -1   -2    -14.443     -3.072    -77.576
 151  759     10.965      3.385    -69.690
  -1   -2      3.819     -1.338    -57.857
  -1   -2    -11.104     -8.534    -71.124
  -1   -2     -7.641      5.517    -59.671
  -1   -2    -13.289     11.443    -64.652
 556  215     -6.442     -3.615    -70.295
  -1   -2      3.589    -12.199    -59.861
 293  184      7.860      5.300    -64.433
  -1   -2    -15.918     -2.050    -74.462
  -1  211    -12.538     10.879    -76.282
  -1   -2     15.095     -7.190    -69.134
  -1  460    -10.522     -6.948    -61.641
 215   57     -7.512      4.489    -73.234
  -1   -2     17.586      8.504    -70.204
  -1   -2      6.593     -6.953    -77.111
  -1   -2     -7.863    -10.469    -67.532
  -1   -2     14.566     -3.567    -64.239
  -1   -2     17.312     -6.475    -79.002
  -1   -2     -7.163     -0.727    -58.218
  -1   -2      7.729    -10.522    -59.013
 258  493     12.380     10.647    -64.457
 345  638     14.731     -7.172    -70.014
 540   -2      3.536     -9.472    -69.473
  -1   -2     -3.378      9.742    -80.456
 324   -2      6.616     -9.671    -73.769
  -1   -2      4.557      5.726    -77.258
  -1   -2      8.629     -4.904    -62.228
  -1  582      1.958     -5.464    -62.565
  -1   -2      0.617     -2.406    -77.787
  -1  606      4.330     -0.207    -59.356
  -1   -2      2.821     -1.126    -63.550
  -1   -2      7.301      4.800    -58.249
  -1   -2      1.070      0.305    -55.079
  -1   -2     -8.746     -2.567    -59.851
 273  562     -7.569     -6.304    -67.931
  -1   -2     14.326     -7.807    -61.295
  -1   -2    -10.063     -7.870    -59.733
  -1   -2     10.548      8.728    -75.108
  -1   -2     13.262      8.661    -76.648
  -1   -2    -13.480      8.960    -69.928
  -1   -2    -13.432    -12.623    -63.968
 527  515     -8.305     -9.254    -60.952
 621  568     13.975    -13.092    -66.246
 598  776      4.211      8.360    -61.744
  -1   -2     -5.050     12.279    -70.093
  -1   -2     -4.536      0.434    -61.115
  -1   -2      9.214      6.542    -59.657
 530  487      7.490     -2.515    -61.049
  -1   -2     -5.905     -7.563    -75.234
  -1   -2     -3.895     -2.492    -80.494
  -1   -2     12.335      8.996    -58.714
 284  213    -11.472      7.145    -70.316
 331  274     -2.301     -0.913    -67.238
 292  765      2.085     -0.108    -57.366
 574   -2     -9.470      1.301    -58.372
  -1  533     13.422      1.110    -61.332
  -1   -2     11.740     -3.698    -71.555
 601  524      0.597      1.892    -75.487
  -1   -2    -13.797      5.445    -87.493
  -1   -2      8.606      6.684    -59.992
  -1   -2    -14.540      3.689    -69.807
  -1   -2    -10.699      8.673    -58.772
 756  472      6.213     -0.443    -75.664
 265   -2     14.694      1.807    -63.971
  -1   -2    -12.973      3.825    -78.639
  -1   -2      7.573     -7.190    -57.015
 555   -2      3.671    -11.509    -76.069
  -1   -2      9.464     -5.002    -61.983
  -1   -2     -1.222      4.589    -77.901
  -1   -2     -9.776    -11.739    -65.149
  -1   -2    -11.574     12.262    -60.680
  -1   -2    -12.504     12.187    -66.008
  -1   -2     -3.449      7.268    -78.559
  -1   -2    -10.853    -10.324    -79.562
  -1   -2      0.339     -5.719    -70.666
  -1   -2     11.027    -11.412    -69.472
  -1   -2      9.935    -13.139    -65.031
  -1   -2     -2.326      3.844    -55.972
  -1   -2    -14.038      5.858    -69.090
  -1   -2    -12.723     -6.126    -72.457
  -1   -2      1.037      2.274    -57.584
  -1   -2      8.562     10.248    -57.535
  -1   -2     15.667     -3.868    -84.770
  -1   -2     -2.720     -9.064    -60.389
  -1   -2      8.542    -10.113    -67.216
  -1  233      3.070    -11.645    -65.768
  -1   -2     10.874      3.235    -56.102
  -1   -2      2.739     10.783    -56.536
  -1   -2      6.285     -9.389    -55.936
  -1   -2      0.617     12.315    -65.585
  -1   -2     17.068     -7.660    -65.863
  -1  593     12.644     -0.107    -62.758
  -1   -2     17.519      8.008    -74.613
  -1   -2     14.579      0.454    -66.892
  -1   -2      4.981     11.483    -58.217
  -1   -2     17.161     11.794    -67.604
  -1   -2      5.781     -3.149    -75.159
  -1   -2      5.896     -9.369    -53.547
  -1   -2      4.285     -5.163    -61.868
  -1   -2      6.551      9.504    -70.511
  -1   -2      2.383     -3.188    -86.055
  -1   -2     -8.188     12.157    -62.662
  -1   -2      9.075      0.199    -74.331
  -1   -2     17.201      8.722    -67.556
  -1  324     -8.095     -1.266    -56.937
  -1   -2    -15.932      3.525    -77.977
  -1   -2      8.487     -2.159    -76.162
  -1   -2     13.690     -0.407    -61.535
  -1   -2      3.236     -2.509    -76.298
  -1   -2     -5.256     -7.478    -76.629
  -1   -2     14.497     -7.368    -78.342
  -1   -2     -9.487      1.651    -62.741
  -1   -2      5.806     -2.007    -71.501
 790   -2      0.200     -6.290    -67.394
  -1   -2     -4.158      8.536    -66.632
  -1   -2     11.123     -8.006    -70.778
  -1   -2    -13.912      2.597    -66.795
  -1  556      7.523      8.081    -72.126
  -1   -2     -6.440     -4.952    -76.345
 688  778      8.478    -12.300    -70.391
  -1   -2     -2.061     -8.597    -66.185
  -1   -2      1.338     11.858    -64.402
  -1   -2     17.450     10.742    -70.229
  -1   -2     -5.254     -4.398    -86.266
  -1   -2     -6.758      8.527    -76.139
  -1  630      8.902     -3.891    -67.702
  -1   -2      3.876      8.089    -68.905
  -1   -2     14.329     -4.213    -71.816
  -1   -2     13.031    -11.984    -62.123
  -1   -2      4.497      7.181    -66.108
  -1   -2    -11.806      1.373    -62.968
  -1   -2     13.165      0.582    -71.457
  -1   -2     14.102     -6.487    -62.626
  -1   -2     16.034     11.420    -65.908
  -1   -2     11.509    -11.236    -62.585
  -1   -2     11.227    -10.298    -62.383
 645   -2     16.342     -7.940    -65.059
  -1   -2      9.701      7.814    -53.448
  -1   -2     12.316    -12.156    -81.114
  -1   -2     -1.796    -10.996    -71.024
  -1   -2      1.450     12.624    -69.338
  -1   -2    -13.884     -7.365    -71.101
  -1   -2     16.245     -5.897    -68.602
  -1   -2      2.351      4.115    -77.167
  -1  742      1.101      2.851    -64.372
 629  709      9.638    -11.836    -65.502
  -1   -2      5.043     -2.888    -84.004
  -1   -2     -7.807     -1.019    -59.571
  -1   -2     -1.705     12.903    -68.510
  -1   -2    -11.042      3.679    -81.188
  -1   -2      3.787     -8.039    -73.005
  -1   -2      7.611      5.086    -54.324
  -1   -2     -9.828     11.314    -69.250
  -1   -2      4.238      7.552    -60.536
  -1   -2     14.155     11.780    -75.592
  -1   -2     12.444    -10.389    -78.302
 309  576      8.976     -9.523    -69.701
  -1   -2    -10.658     -8.175    -57.838
  -1   -2     -4.634      4.160    -61.088
  -1   -2     15.527      3.975    -74.334
  -1   -2     -2.448     -1.135    -64.307
  -1   -2      1.954    -11.412    -76.266
  -1   -2     -1.438     -4.624    -56.567
  -1   -2      3.941    -11.393    -64.200
  -1   -2      2.025      0.499    -58.499
  -1   -2     13.872     -9.471    -63.540
  -1  330      2.438     -4.401    -64.742
  -1   -2     13.785      8.295    -62.434
  -1   -2      3.537     -2.809    -68.874
  -1  665     16.314    -11.109    -65.523
  -1   -2     -3.914      2.128    -54.033
  -1   -2      1.257     10.313    -87.450
  -1   -2     10.940    -12.843    -67.236
  52   49    -12.494     -6.224    -70.565
  30  128     -0.394      5.873    -69.460
 232  476      6.219    -10.153    -72.335
 244  692      8.715      6.747    -71.478
 779   -2     -5.674    -10.696    -67.920
  11  369     -8.407      9.180    -71.334
 516   -2     14.511     -9.659    -71.118
 207  103     11.949      1.236    -65.766
 440   -2     13.704     12.602    -67.975
 695  626     11.156     -8.933    -73.941
 572   -2     -5.100     11.913    -70.087
 338   -2    -10.217      0.759    -63.700
 443   65      0.364      9.509    -70.795
 349    9     -7.184      8.967    -74.894
 405  377      2.249      0.165    -61.788
 245   -2      0.832     -4.157    -73.286
 554   -2      3.358     10.982    -59.401
 580  564    -12.090     12.434    -64.549
 776  217      1.522     -1.579    -65.439
 510  772    -11.133      5.889    -77.227
 665   -2     14.228     11.670    -71.322
 692   -2      7.418     -3.282    -68.911
 670   -2     -7.906     -9.383    -66.466
 765  780      4.774      2.119    -67.771
 329   -2      7.081      7.147    -72.028
 330  788     -7.945     10.459    -68.313
 534   -2    -12.865      1.315    -72.970
 546   -2     -0.048     -9.681    -68.685
 788  789    -13.909     -3.830    -64.063
