830
  48  362     -8.419     -5.623    -73.491
   6   73     -3.499      2.555    -73.213
  37    3      2.337      9.953    -70.133
  57   35     -3.234      7.328    -70.251
 378    0     -8.235      2.179    -72.120
   5    8     -6.053      9.168    -73.951
   9    4     -3.180     -5.266    -73.385
  17    5     -0.695      5.795    -70.823
  54   23      8.017      5.469    -69.645
 190  174     -1.534     -6.260    -72.638
   7    6     -7.162      5.582    -70.592
  21    1     -3.100     -6.794    -72.442
  68   92      2.723     -5.854    -72.017
  15   39     -4.263      8.080    -72.474
  34   45      0.643      0.287    -70.295
   8   67      5.718      5.733    -69.023
   0   58     -2.169      4.545    -73.715
  46   53     -1.559      6.700    -68.804
  65   76     -5.615     -0.343    -67.024
  29   51      2.566     -7.214    -73.068
  23  786      1.506      7.245    -71.224
  33   77      3.831     -1.201    -67.808
  41  147      8.907     -3.596    -71.470
  14  374     -3.703     -2.033    -67.599
  19   43     -3.634      1.691    -70.757
  26   57     -2.478     -2.786    -68.589
 421   14      2.666     -1.142    -67.524
  22  124     -8.345     -5.355    -68.723
  18   36     -1.379      2.305    -72.513
 381    2      3.402      5.241    -71.342
  82   32     -5.885     -6.234    -71.196
 408  423     -6.456     -2.815    -64.632
 152   27      7.322     -0.430    -73.758
  10   25      0.125      1.526    -71.493
   3    7      1.764      5.093    -69.136
  44   24     -4.691     -4.143    -69.760
   4   82      5.683      3.581    -70.162
 441   61     -1.517     11.649    -70.234
  35   26      8.614      0.648    -68.264
 238   20     -1.393      8.352    -73.159
  43   42      5.575     -3.548    -66.227
  49   44      2.842      4.775    -67.294
 768   38      2.668      6.363    -65.990
 379  825    -12.560     -6.260    -75.449
  12  244      7.622      6.873    -73.184
  60   34     -4.662      3.095    -68.220
  47   69    -11.777     -7.908    -69.055
 128  227     14.982      8.800    -70.819
 387  166     -1.610     -1.098    -65.767
  56  140    -10.354      2.014    -69.759
  55   33      6.511     -2.644    -67.788
  50   93     -3.410      6.763    -67.429
 188  121     -5.264      5.526    -71.186
 196  217     -0.679     -9.916    -75.575
  92  162     -6.637    -10.834    -72.509
  28   49      6.144     -1.214    -68.023
  -1  390      5.313      2.397    -65.922
 123  158     10.294     10.432    -67.203
  52  364     -6.250      3.107    -67.968
 116   41    -14.630      5.826    -74.042
  95   31      1.777     -1.892    -66.549
  30  366    -12.133      2.527    -71.260
 102   66     17.387      1.077    -69.662
  -1   59     -8.573      9.003    -73.852
  81  379      5.084    -12.862    -67.850
  -1  208      3.380     -4.732    -63.437
  75  182    -11.224      5.968    -62.988
  74  105     -6.155      4.285    -62.293
 431   21      3.038      5.130    -64.542
 393  538      4.242     -9.265    -71.160
 112  496     -3.410      3.581    -71.754
  32   -2      8.032      8.924    -69.114
  96   81     -7.411     -7.529    -66.742
  80   63     -6.441      8.985    -64.929
 205   68     -8.734     -8.168    -68.665
  91   80      6.952    -10.154    -64.032
  45   50     13.135     -1.847    -69.950
  -1   -2     -7.834     12.669    -65.986
  86   75     -8.163     -7.277    -67.376
 424   -2     -8.395      5.260    -63.023
  39  392      5.366      8.627    -71.265
  -1   -2      1.497     -0.685    -70.855
  84   89     -8.187     -9.330    -68.953
  66   91      6.420     11.578    -66.463
  73   55     -0.947      7.700    -63.488
  40   46     -5.713      1.822    -68.922
 141  150     -3.815     -8.991    -76.959
  77   94      1.830      5.036    -63.705
  13   37    -12.052      6.034    -72.435
  67   95      0.770      3.895    -66.611
 325  202     12.687     -0.427    -69.826
 158  389     13.225     -3.054    -70.213
  -1   -2    -12.977      1.025    -66.347
 107  110     -7.984     -1.589    -67.660
 198  100     13.963     -8.090    -68.239
 125   96     -6.441      8.213    -62.996
 253  185      0.502    -11.667    -71.026
  -1  377     -5.499     -4.101    -71.157
 150  112      9.214     11.490    -69.499
 777   16     -4.314      4.588    -72.467
  72  111    -13.807     -0.525    -69.095
 122  414      7.107      4.571    -63.322
 156  211     12.116     -3.758    -71.011
 273  103      0.603      1.747    -61.998
  94   88     -6.806      4.889    -63.516
  93   12     -4.392      8.999    -71.104
  -1   -2     -5.025     -2.762    -75.615
  89  516     -1.200      5.878    -66.587
  99  123     -6.186     -1.499    -64.690
  88   48      9.387      6.541    -68.164
 117  125      5.757     -3.143    -63.004
  -1   90     -4.932     -5.791    -67.555
  69  521     -9.421      5.465    -67.027
 105  101     -7.162      2.623    -62.049
 489  117    -11.884      4.176    -69.588
 114  226     14.786     -0.572    -70.177
 153   83    -14.339     -4.924    -68.464
   1   13     -9.979      2.030    -72.477
 232  231     12.357     -0.679    -71.976
  -1   -2     -3.298     -9.907    -62.763
 181  465    -10.532     -1.748    -64.614
 173   74    -11.203      0.878    -68.667
 202  826     -6.355     10.042    -65.263
  24  384     -0.851      1.269    -72.355
  90  119     -7.763     -1.697    -64.411
 139  437      3.337      5.964    -60.014
 109  498     -9.861      8.944    -66.365
 510  126     -6.740    -12.654    -66.511
  79   64     -2.093     -1.330    -69.547
 110  262     11.379      9.517    -65.745
 215  504    -13.382     -0.453    -71.014
 165  238      0.977     -4.239    -62.394
 143   -2      5.462     -5.890    -77.684
 224  156     -4.618      0.005    -72.999
  -1  153      8.128    -12.459    -70.124
 492   84     -5.202     -0.362    -64.532
  59   28     14.740     -5.644    -72.624
  -1  114      3.478      1.649    -62.343
 454  104     -1.643      8.207    -64.844
 134  157     -4.562     -8.675    -66.943
 490  155      1.838    -11.550    -61.928
 380   -2      0.617      5.632    -71.233
 462  205    -10.354      3.297    -69.890
  -1   -2      8.339      2.326    -72.175
  -1  439     -4.003    -12.139    -62.808
  -1   -2     -0.084     -0.239    -62.811
 148  434     -3.533     10.577    -75.901
 251   98     -2.559     -5.774    -62.436
 790  133     -0.195     -1.451    -66.181
 144  109    -11.708     -5.726    -66.504
 448  130      6.684    -12.600    -66.845
 138  134      8.491      5.087    -70.278
  76   -2     -6.659     11.389    -66.742
 216   -2     -8.815     -1.769    -67.467
 518  137     -5.597     -9.614    -66.479
 225   86     10.330      8.061    -70.650
 132  131     15.592      4.169    -70.574
 411  383      4.397      3.344    -66.184
 212  556     11.772     -4.245    -67.363
 151  193      7.986     -9.760    -69.226
 389   -2     -7.064     10.319    -60.153
  -1  212      0.240      6.546    -72.825
  83  116     -6.309     -6.709    -68.151
 104  170      4.909     -9.778    -66.320
 231  167     -6.154     -4.469    -64.323
 353  215     -2.100     -6.079    -66.437
 126  149      5.443     11.501    -70.728
 174  236     -3.801     -9.359    -74.592
  -1  148      7.967     -0.625    -62.191
 166  251    -12.610     -1.175    -69.312
 264  500      5.219      1.940    -66.257
 297  127    -13.474      9.246    -73.108
 193  792    -10.297      5.702    -65.350
 118  141     11.870      3.544    -66.920
 171  188     -8.503     -8.967    -66.957
 443   54      2.733     -2.067    -66.120
 306  175     -4.662     -5.898    -71.140
 182  191      2.919      9.821    -64.908
 160  221     -6.397     11.028    -74.610
 395  186     -8.088      7.329    -73.811
 179  108     13.350     10.335    -66.282
 331  800     17.402      7.404    -71.737
   2   -2     -3.611    -11.869    -73.176
 593  113      5.097    -12.929    -70.819
 284  280      9.968     -6.415    -72.621
 788   -2     -3.518      8.054    -68.725
 286   -2    -13.859     12.754    -67.254
  87  456      0.391      1.394    -73.495
  -1  430     -9.261     -9.098    -73.921
 164  228      7.483     12.148    -65.791
 131  242     -0.064     -8.860    -60.938
 200  293    -10.223     -2.207    -68.339
 197  267     -5.231     10.546    -65.852
 365  224      3.479     -7.810    -72.010
 254  207      4.737      9.858    -71.827
 459  486     -6.467     -4.526    -60.731
 106  787      1.376      9.932    -63.435
 502  223     17.514      3.554    -68.023
 119   97     12.655      0.028    -71.142
  78  232     -8.194     -4.437    -65.240
  -1   -2    -11.703     -2.365    -73.764
 120  230     13.059      2.843    -71.417
 146  788     -2.951    -11.331    -69.364
 291  553     -3.824     10.981    -66.696
  -1  266    -12.534     -0.618    -75.135
 204  210    -13.549      2.006    -66.443
 180  200      9.538     -1.760    -64.908
  -1   -2     -3.973     -6.447    -64.435
 177   -2      6.606     -4.326    -72.954
  -1  655      3.842     -8.508    -71.428
 142  247    -13.766      1.458    -67.008
 233  204      7.613      3.487    -61.891
  -1  243     -2.175     -1.644    -64.480
  -1  102      0.414    -13.009    -66.669
 207  233     10.717      5.434    -63.651
 305  405      8.014      8.986    -73.264
  71  355     13.498      0.514    -70.821
 343  128    -14.347     -6.668    -69.856
 227  179     11.763      1.260    -71.430
 135  107     -8.349      9.616    -65.917
 157  790     -7.001     10.773    -77.865
 155  239      6.860     12.238    -72.108
  -1   -2     -7.400      4.917    -63.747
 582  253      0.412    -10.678    -75.103
 229  201     10.663      8.241    -67.995
 571  479     10.453    -12.650    -70.029
 217  827      8.386      7.948    -63.801
  -1  442      7.430      0.760    -64.769
 113  718     -8.966      2.921    -60.901
 246  250      4.404     -6.897    -69.833
 321  246      2.314      8.050    -76.974
 415  206    -12.852      7.852    -69.093
  -1   -2      6.320     -5.732    -76.081
  -1  252     -6.525     -7.410    -68.280
 172  260      2.680     10.651    -73.983
 528  229      1.378     -2.882    -63.851
 214   -2     -8.639     -1.456    -67.661
  62   70      3.084     12.162    -69.276
 221  275     10.882     -3.559    -70.710
  -1  172    -13.940      6.084    -70.502
 244  475    -13.856      8.974    -70.866
  -1  737     -6.898     -5.726    -76.309
 545  302      7.562     -5.352    -63.001
 311   79    -12.662      9.323    -76.124
 239  198      8.725     -3.313    -69.307
 206  483     10.088    -11.358    -66.752
 396   71     -2.026      8.372    -73.537
 230  195      6.462      2.923    -63.687
 195  218     -3.862      8.193    -63.558
 307   99     -2.542     -6.544    -69.563
  -1  183    -13.521      4.617    -65.359
 185  464     -1.353      8.796    -60.279
 328  564     -9.571     -9.493    -66.221
 203  724     -0.847     -8.727    -66.564
 219  278      8.125      2.124    -61.845
 351  171     -5.053     -4.214    -74.542
 356  263     13.278      7.356    -64.343
 255  194    -13.124     -3.928    -70.235
 243  298     -4.707      6.307    -66.301
 296  797     -5.367     -7.736    -65.665
 320  254     14.882     -5.200    -66.453
 169  225      5.635     -0.152    -68.510
 278  728     -3.995     -4.212    -63.198
 237  237     -3.181     -5.912    -72.609
  -1  219     -4.351      9.371    -74.044
 327  799     -1.791     -2.570    -63.921
 210  287     15.081     -4.327    -71.708
 497  325      3.561     11.853    -73.328
 340  269      6.455     -8.480    -65.666
 786  613     17.460      9.015    -70.011
  -1   78      5.635      8.147    -74.270
  -1  575      7.926     -3.538    -74.336
 568  190    -10.056     12.116    -65.415
 129  264      9.967     -2.965    -65.476
  -1  142     -7.814      7.762    -73.663
 538   -2      0.713     -5.312    -60.936
 247  622     14.668      2.536    -69.681
  -1   -2      5.183     11.917    -61.238
 226   -2      4.461    -11.681    -63.995
  -1   -2     14.180      3.160    -64.215
 272  151     -4.015     -4.291    -65.273
  -1  164    -12.679     12.563    -71.955
  -1  571      6.757    -10.791    -68.415
  -1  557    -10.045      4.605    -69.187
 298  196     13.461     -3.151    -65.596
 515  294     17.600      2.163    -69.909
 614  279     -7.317      8.860    -66.394
 274  600     11.168     10.906    -70.194
  -1   -2    -10.646     -9.887    -69.909
 300  277     12.313      1.485    -64.162
 282  672     -4.821      3.310    -65.232
 337  572    -13.671     11.706    -68.319
  -1  596     16.642      6.298    -67.876
 334   -2    -13.106     11.510    -66.408
  -1   -2      8.765      1.148    -62.518
 817  261      7.257     -0.519    -64.351
 167  791     -6.805     -1.382    -74.422
 784  720    -14.180      3.564    -70.636
  -1  671      5.528     -8.640    -64.852
 147  300      2.739      6.891    -65.513
 301   -2     -7.995      0.521    -71.568
 463  828      9.688      8.887    -73.457
 346  299      9.482      0.117    -62.364
  -1   -2     14.641      9.713    -75.630
  -1   -2    -10.685     -4.577    -64.748
  -1   -2     -2.592    -11.086    -76.662
  -1   -2      8.268     -6.860    -69.961
  42  385      4.924      7.587    -71.267
 338  388     -2.866     12.272    -72.063
 279  276     14.725      2.805    -63.618
 323  664     -0.265      5.996    -63.099
 267  606     12.871     -8.007    -68.709
 252   -2     10.009      6.937    -63.808
 339  334     12.405     11.138    -69.914
 295  168     -9.983     -3.390    -67.759
 567  241     10.348     -3.308    -70.896
  -1  519      3.293    -12.440    -67.425
 374  353     -2.489      5.719    -69.788
 438   -2      0.403      3.403    -71.142
 332  347    -13.282     -1.440    -72.143
 355  289     -6.086     -9.251    -75.917
  -1  330    -12.096      1.542    -73.777
  -1   -2    -10.384     11.135    -66.196
 256  349      8.412      5.889    -63.052
 228  203     -2.642     12.145    -67.597
  -1   -2    -12.068     -0.959    -72.380
 316  311     16.357      6.302    -65.353
  -1  274    -13.289      8.250    -76.271
 569   -2     16.334     -9.644    -74.906
 280  234     -8.230     -2.272    -69.335
 811  619     -6.286      8.341    -67.908
  64   -2     10.215     10.720    -73.231
 345  312     11.475      4.748    -65.005
  -1   -2      0.256     -6.536    -77.315
  -1   -2    -10.936     -9.474    -63.746
 363  802     12.549      4.388    -63.394
  -1  675    -13.357     -8.330    -75.657
 810  359      9.246      3.631    -65.342
 240  829     -4.624      0.376    -67.566
  -1   -2      5.457     -4.819    -63.099
 266  285     16.083     -7.767    -72.161
 349  350      9.734     -0.375    -64.701
  -1  335      6.611     -9.099    -75.513
 149  789     -9.333     -1.824    -64.937
  -1   -2    -11.811      1.459    -77.789
 623  360    -14.726     -4.356    -77.097
 234  327     11.806      2.946    -66.477
 324  684    -15.658     -9.874    -71.661
  -1   -2     12.150     -4.216    -61.791
  -1   -2     13.519     -2.636    -71.069
  -1   -2    -12.272     12.346    -66.424
 692  337     15.615     -9.995    -69.009
  -1  546      3.031    -12.165    -70.476
  -1   -2      1.785     -3.292    -72.760
 371  357     -3.228      0.591    -67.294
 736  578    -10.586      8.186    -66.365
  -1   -2     -4.864      5.400    -77.848
  -1   -2      1.159     12.847    -63.297
 360  317    -11.105     -6.695    -64.940
 646  310      7.840     -7.004    -70.124
  -1   -2      1.678     -9.523    -65.750
  -1   -2    -14.017      1.590    -71.704
  -1  358      5.423      9.990    -66.070
 785  356    -13.402      2.359    -67.305
  -1   -2      0.276     -9.808    -69.427
  -1   -2     -2.226    -11.036    -67.970
 587   -2      0.420      9.796    -69.710
  -1   -2      0.838     -4.853    -68.585
 127   -2     -6.876     -5.093    -64.107
  20   18      1.482     -2.168    -70.012
 452  637     -3.812      2.660    -69.061
  -1   -2     14.039      5.013    -72.863
 787   15      8.617      6.752    -70.566
 377   19     -2.797     -3.011    -71.794
  -1   -2     -5.519     -8.691    -77.090
 245  711      5.190     11.122    -74.009
  -1   -2     -5.676      1.267    -61.339
  51   29      7.925      5.952    -67.787
 388   17      0.184      8.648    -72.561
  -1   40     -2.729      9.064    -70.384
  -1  192     -9.877      0.633    -77.128
 384  803     -3.156     -3.130    -71.089
  -1  281     -6.261     10.039    -74.003
  58   -2     -6.259     -5.098    -66.437
  -1  469     13.991     -4.272    -76.620
  63   -2     -2.279      6.006    -62.160
 111  830     -9.988      9.927    -65.435
 385  477      8.627     -3.314    -75.778
 406   10      8.430     11.600    -71.156
 419  380     -9.045     -4.287    -68.969
 426   -2      2.688     11.876    -64.834
 409  371     -4.034      4.872    -69.365
 399  135     -8.290     11.585    -74.441
 391   56     -6.463      9.434    -69.723
  -1   -2     -7.812    -11.391    -68.440
 796  378     -5.952     -4.870    -67.441
 402  431     -8.699    -11.238    -67.601
 103  376    -11.390     10.309    -66.330
  -1   -2    -16.227     12.068    -73.072
  -1    9     -3.433     -1.311    -75.102
 413  199      8.011     10.948    -69.598
  -1   -2    -11.001     -9.445    -59.256
 467  471      8.614     11.497    -64.237
  -1  152      2.432    -10.551    -66.387
  -1   -2     -3.452      7.750    -59.288
  -1   -2      1.887     -7.431    -58.992
  -1  555    -14.974      4.798    -69.007
 455  454     -0.682      9.184    -64.348
  61   47      5.463     -1.890    -71.608
  -1   -2     -3.417      5.978    -64.888
 436  806     -7.471     -1.584    -65.504
  -1   -2     11.027     -2.755    -76.844
 121   -2     -6.170      3.270    -69.368
 771   -2      3.221      7.898    -75.188
 604  248     17.036     11.411    -69.624
  -1   -2     -4.682     12.309    -69.998
  -1  507     -2.459      8.082    -60.479
 407  367      3.197     -7.476    -67.263
 101  393     17.025      9.740    -69.983
 780  459     15.258      3.813    -66.874
  -1   -2      1.859     -1.066    -78.028
 159   -2     -3.793      6.785    -60.310
 222  794      1.461     -9.795    -76.504
  -1   -2      0.397     -2.680    -75.550
 818  566     17.101      8.796    -73.481
 791  189      6.782      9.448    -75.824
 299  798      6.274      2.448    -75.077
  -1   -2     15.328      5.193    -72.610
 211  793      3.398     -3.700    -64.560
 209  513     -1.248      2.224    -73.981
 319  399      2.291      2.633    -72.029
 445  444    -13.547      5.428    -66.177
 178  511      3.066    -12.203    -66.476
  -1   -2      3.507      4.766    -60.093
 187  501     15.320      9.734    -69.018
 793  398      7.862     -9.372    -63.144
  -1  161      1.766    -11.385    -63.402
  -1   -2      3.107     -5.833    -66.302
  -1   -2     -5.651    -11.962    -64.841
  -1   -2     -9.401    -11.713    -61.455
  -1   -2     -2.282      1.162    -61.048
 186  216      8.220    -10.782    -73.772
 468  482     14.561      1.093    -59.638
 268  118      6.272     -5.407    -62.791
 154  460     -0.660     11.087    -62.517
 450   -2     10.678      2.683    -76.662
  -1   62      2.352     -8.578    -64.030
  -1   -2      6.192      1.468    -76.342
 145   60     -7.355     -4.929    -66.132
  25  831     -2.087     10.833    -68.215
 806  154    -12.796      1.941    -66.861
 434  418      6.704      7.861    -60.903
  -1  408      5.683     -6.046    -63.765
  -1  284      8.097     -6.582    -63.508
  -1   -2      0.995     11.499    -80.374
 807  282    -10.039      5.908    -69.358
  98   72      0.958      2.687    -64.087
  11  370      4.624      8.882    -71.248
 579  419     -7.584    -12.679    -65.068
 136  181     11.550      9.318    -74.250
  -1   -2      3.998      1.154    -85.258
 564  832     -7.916     -8.136    -75.285
 108  139      7.735      4.028    -65.428
 133  457     -7.407     12.360    -64.856
 622  554     16.082    -12.081    -67.849
 456  443     15.122     -6.418    -66.010
 350  411     15.676     -2.459    -70.669
  -1   -2     -0.061      2.806    -74.083
  -1   -2     -6.621      5.300    -75.954
  -1  653      5.590     -1.947    -59.335
 281  257     14.625     -4.763    -71.923
 483  551     -8.641     -1.940    -61.964
 283   -2     -2.936     -0.587    -66.054
  -1   -2     -1.527     11.773    -62.476
 423  187     -6.218     11.316    -63.573
  -1   -2     -0.417     -6.036    -60.642
 417  295     -5.822    -12.029    -72.251
  -1   -2      0.538      3.395    -59.917
  -1  438     -2.302     -7.699    -61.160
 499   -2     10.565    -11.248    -64.558
 170   -2     -8.937     -0.885    -62.891
 485  426     -9.135    -12.393    -63.679
 115   -2    -10.212     11.801    -63.104
  -1   -2     -2.848      5.560    -87.482
 330  525    -13.861    -10.538    -70.987
  -1   -2      2.948     12.271    -63.664
 514  497     13.068     10.797    -71.064
 632   -2      6.586      4.658    -77.027
  -1   -2     10.571     -5.994    -63.195
 530  558    -11.101    -11.512    -61.553
 555  413     12.497     -9.855    -66.304
 505  421      9.303     -7.460    -65.645
 779  451      7.314     -4.694    -71.225
 716  624     11.509     -7.203    -60.895
  -1   -2      8.300    -10.996    -62.003
 815  824      0.455      2.548    -59.723
 439  448    -12.858     11.451    -65.177
  -1   -2      7.982      8.129    -60.633
 140  144     -8.978      8.198    -63.857
 495  478    -14.948     -6.544    -67.647
 199  560     15.976     -6.709    -73.895
  -1   -2    -10.882     -0.170    -62.666
  -1   -2     -3.223     -7.740    -77.523
  -1  563     10.824    -12.243    -67.335
 403   -2     -1.463    -10.169    -74.817
 550   -2    -13.336      1.581    -76.701
  -1   -2      1.474      5.416    -76.750
 220  415     -1.825     -0.728    -65.482
 162  453     -8.328      8.577    -73.113
 542  517    -15.892      5.108    -71.331
  -1   -2     14.689    -12.821    -65.365
  -1   -2      5.956    -10.938    -66.369
 397   -2     16.068      7.359    -69.071
 566  548      7.690    -12.260    -62.741
  -1  488     10.623     -7.358    -65.884
 184  146     15.592    -11.508    -68.709
  -1   -2      3.509      1.421    -63.572
 557  178     14.379     10.047    -65.622
  -1   -2      1.784    -11.653    -73.855
 314   22      8.170      9.782    -70.497
  -1   -2     11.028      0.141    -63.897
  -1   -2      5.296     -4.553    -56.923
  -1   -2     -2.767     -0.679    -59.407
 581  808     10.383    -12.265    -64.469
 163  481      3.937    -11.782    -66.899
  -1   -2      0.752     -9.189    -64.140
  -1  184     -9.120      6.051    -72.014
  -1  138     -1.434      4.107    -62.001
  -1  528     16.493      9.096    -68.152
 586  530    -14.160      1.579    -66.723
 504  499      1.278     11.213    -62.147
  -1   -2    -11.394    -12.158    -70.444
  -1  249     -4.411     -5.167    -61.847
  -1   -2     -9.537     -3.898    -67.070
  -1   -2     -9.541     11.883    -76.045
 449   -2     -7.185     -1.090    -77.691
 469  807     -1.963     -9.943    -68.260
  -1   -2     -7.123     13.043    -62.019
  -1  387      5.146    -10.043    -58.454
  -1  417    -14.118      7.684    -71.579
  -1   -2     -6.305    -10.921    -64.159
  -1   -2     -9.575     -6.674    -69.579
  -1   -2     12.069      6.461    -61.739
  -1  255     -5.671      2.978    -61.927
  -1   -2     -5.040     -2.134    -75.357
  -1   -2     -3.208      3.101    -64.190
  -1   -2     -3.035      5.319    -71.759
  -1   -2      9.826     -8.808    -69.468
  -1   -2     12.312      1.275    -82.910
  -1   -2      0.630     13.518    -63.783
  -1  512     11.641      9.049    -64.427
  -1   -2    -15.040     -8.975    -71.854
  -1  494     15.643    -12.659    -72.756
  -1   -2    -14.909      6.977    -76.375
  -1   -2      9.897     -1.610    -71.536
  -1   -2     -3.403      1.221    -53.318
  -1   -2      5.468    -10.631    -67.129
  -1  751      0.901     -5.340    -66.661
  -1   -2     -6.023      1.261    -62.502
 565   -2      9.407     -4.526    -62.285
  -1   -2     -6.198     11.781    -62.482
  -1   -2     13.543      3.698    -76.927
  -1  584      8.081     -6.826    -59.770
  -1   -2      1.944      3.023    -58.160
 161  290    -15.441     -5.386    -71.147
  -1   -2     -4.009      8.308    -55.476
  -1   -2     10.041      1.469    -62.722
  -1   -2     11.519      1.866    -74.939
  -1   -2     -4.668     -9.395    -58.136
  -1   -2     -2.031     -8.056    -56.155
  -1   -2     12.063      8.815    -80.643
 576   -2      5.751      3.832    -61.927
  -1   -2     -7.917     -0.355    -60.694
  -1   -2     -5.793     10.186    -59.642
  -1   -2      5.067     -6.614    -84.677
 313  573     13.125     -6.020    -65.906
  -1   -2      4.598      2.068    -57.452
 527  549     13.233     13.162    -64.520
  -1   -2      1.194     -6.316    -64.926
  -1  307     10.208      2.783    -62.513
 598  810    -14.035    -11.942    -76.860
 137  240     -3.137     -8.814    -64.073
 594  145      2.569      3.981    -65.665
 322  332      9.750     -8.639    -63.246
  -1   -2     -9.833     -2.843    -75.256
 600  811     13.850     11.626    -73.990
  -1   -2      9.089     -6.858    -74.162
  -1   -2     -9.970     -2.910    -56.059
  -1   -2      9.576      9.089    -77.494
  -1  447      3.369     -2.778    -74.932
  -1   -2      0.984     10.792    -71.370
 572   -2     15.272     -7.568    -63.395
  -1   -2      7.830    -11.812    -61.924
 326  701      7.709      7.346    -66.011
  -1   -2     -7.275      6.982    -75.778
  -1   -2      9.507     -4.303    -54.055
 687  400     -7.656     -6.880    -77.410
 551  651     15.794     -9.587    -66.232
  -1   -2      8.316     -2.317    -59.869
  -1   -2     13.551     -1.480    -59.006
 333  801     13.350     -6.620    -70.485
  -1  487      0.009     -0.842    -62.630
  -1   -2      6.874    -10.800    -62.877
  -1   -2     -2.890     10.913    -56.740
 470  552     14.175     -3.067    -73.518
  -1   -2     -9.395      6.262    -64.452
  -1   -2      7.785     -8.746    -69.084
  -1  143     -4.454    -12.657    -69.850
  -1   -2      3.670     -5.177    -69.578
 667  288     13.228     -7.033    -66.439
 382  197     -2.539     -0.549    -73.982
 611  319     13.789     -2.774    -66.054
  -1   -2    -14.020      7.881    -75.866
 595  809     -6.470      7.935    -67.987
 682  351     16.084      0.880    -65.639
  -1   -2     -6.274     12.278    -60.749
 275  559     15.405     -9.453    -71.736
  -1   -2      0.865     -3.211    -58.201
  -1   -2    -10.451     -9.325    -56.462
  -1  526     11.945      7.657    -62.425
  -1   -2    -13.378    -11.293    -68.146
  -1   -2     -5.865     -1.164    -75.988
 652   -2     -1.841     -4.841    -72.067
 662  682    -10.375     -9.152    -63.479
  -1   -2     13.111    -10.574    -74.981
  -1   -2     -4.671     11.686    -65.493
  -1   -2     -6.253     -0.820    -74.054
  -1   -2     -2.770    -11.871    -61.307
  -1  368    -13.645     -9.048    -65.916
 309  420      6.392     10.186    -72.688
  -1   -2     -7.313     12.980    -68.163
  -1   -2     15.499      4.660    -85.441
  -1   -2     -7.524      2.066    -68.059
  -1   -2     -3.863     10.173    -59.308
  -1  490     -1.596     12.250    -60.310
  -1  633      9.672      2.130    -77.573
 218  258      6.968     -5.648    -65.679
  -1   -2     -7.864      2.434    -56.642
  -1   -2    -13.015      6.970    -74.760
  -1   -2     -5.750     -9.349    -64.413
  -1  468      4.850    -13.071    -65.460
 317  643     16.330      7.441    -65.104
  -1   -2    -13.257     -1.418    -67.166
  -1   -2      6.770      6.055    -58.734
  -1   -2     -5.460     -3.598    -63.698
  -1  309    -12.105     -3.902    -74.790
  -1   -2      6.188     10.718    -65.936
 481  535     14.688     -9.321    -64.243
 259  340      7.177     -6.967    -74.362
  -1   -2      9.312     -3.663    -64.340
  -1   -2      3.835    -12.444    -64.925
 624  813     -6.836     11.551    -76.486
 359   -2      6.892    -11.199    -65.567
  -1   -2     13.245     -1.818    -74.311
  -1   -2     17.706      7.861    -67.445
  -1   -2     -6.341      6.967    -69.767
 474   -2      9.305      1.820    -74.174
  -1  272    -14.455     -6.825    -68.076
  -1  329     -4.854     -7.654    -60.075
  -1   -2     -7.140      1.570    -59.316
  -1   -2     -0.817     -7.601    -60.197
 642  814      5.198     -7.724    -52.046
 560  676     15.902     -3.175    -62.038
 318  410      3.779    -10.565    -70.018
  -1   -2     -3.991     -5.473    -75.006
  -1   -2     -6.885     13.532    -63.000
  -1   -2      7.916     -9.318    -82.199
  -1   -2     -8.201      5.707    -60.704
 643  614     -3.704      5.633    -65.518
  -1  449     -1.290     -0.650    -77.407
  -1   -2     -4.691     -5.994    -59.773
  -1   -2     -7.431    -12.599    -62.602
  -1   -2     17.443      9.239    -67.903
  -1   -2    -11.257     -1.806    -63.029
  -1   -2     -1.324      4.597    -66.790
  -1  649     17.118      9.338    -66.301
  -1   -2     -1.497      7.933    -58.482
 655  815     19.164      6.963    -73.716
  -1   -2    -11.005     -0.340    -65.363
  -1   -2     13.553      1.640    -61.848
 726  699     -6.817    -12.037    -73.326
  -1   -2      4.706    -12.192    -71.888
  -1   -2    -12.618     12.277    -64.958
 799  820     -2.836      5.930    -75.693
  -1   -2     -5.789      6.823    -76.061
  -1   -2    -11.227      9.450    -59.872
 546  338     15.857     -7.546    -68.764
  -1   -2    -10.451     -9.864    -72.094
  -1   -2     -9.862    -12.612    -68.500
  -1  679     10.665     -7.970    -70.985
  -1   -2     11.352     12.548    -69.558
  -1   -2      8.446     11.524    -65.376
  -1  321     -9.253      7.743    -68.089
  -1   -2     -2.571     -7.956    -59.632
  -1   -2     11.025     -2.109    -78.896
  -1   -2      8.418     -8.121    -53.239
  -1   -2      8.665      5.689    -75.425
 361  339    -15.895      1.060    -72.892
  -1   -2     -6.373      6.757    -58.482
 741  209     13.503     -5.464    -72.479
  -1   -2    -11.649      9.750    -69.870
 704  818    -10.247      8.102    -63.847
  -1   -2      8.444    -13.299    -62.958
 732  686     12.971     -6.056    -74.039
  -1   -2     14.853     11.720    -70.106
 674  163    -15.021      7.040    -74.810
 659  738     17.609     -6.486    -70.990
 368  746     -7.233      7.370    -68.423
  -1   -2    -11.197      0.353    -59.950
  -1   -2     13.306     -0.617    -76.215
  -1  561      8.366     -2.395    -56.788
  -1   -2    -10.891     11.177    -75.903
  -1   -2     -6.776     -2.755    -77.335
  -1   -2    -15.364    -12.141    -70.915
  -1   -2      9.602     -2.421    -75.231
 213  706      9.960     11.655    -70.366
  -1   -2     -3.333      3.302    -65.667
 688   -2     13.460    -10.679    -63.610
  -1  541     14.089      6.530    -72.687
  -1   -2      5.757     -9.110    -82.254
  -1   -2    -11.974      1.799    -87.537
  -1   -2    -10.687     -3.048    -75.119
  -1  440     16.323     -4.214    -73.453
  -1   -2    -12.459    -10.502    -66.470
  -1   -2      1.804     -6.274    -78.882
 705  346     15.892    -11.472    -71.464
 354  348     15.830     -6.918    -71.338
 422  804     12.021    -10.388    -74.728
 802  732     13.094     -5.930    -60.952
  -1   -2     -2.183     11.152    -65.343
  -1   -2    -13.632    -10.465    -67.503
  -1   -2     -4.872      9.008    -53.252
  -1   -2     16.855      1.050    -68.665
  -1   -2     17.594     -8.225    -67.669
  -1   -2    -10.062      1.364    -67.094
  -1   -2    -11.221      9.707    -68.792
 685  817      5.551     -2.235    -73.109
  -1  345     12.738      6.500    -65.361
  -1  745      7.252      3.862    -66.173
  -1   -2     11.465     10.158    -71.693
  -1   -2    -13.360     -5.430    -77.705
  -1   -2     -3.310     -9.468    -58.409
 754   -2     10.857     -6.739    -66.540
  -1   -2     -1.382     10.983    -57.041
  -1   -2      6.239     -3.688    -68.557
  -1   -2      4.800      3.930    -75.406
  -1   -2      5.284     -9.134    -55.255
  -1   -2    -11.876      0.398    -76.453
  -1   -2      5.146    -10.347    -84.538
  -1   -2     16.079      5.084    -80.177
  -1   -2     10.461      3.069    -78.769
  -1   -2     16.730      3.585    -70.796
  -1   -2      3.395      4.764    -64.627
  -1   -2      1.971      0.611    -65.164
  -1  663     -7.804     -3.544    -62.752
  -1   -2     -6.509     -3.794    -61.267
 677  816     12.386     -9.062    -68.789
  -1   -2      9.393     -2.760    -65.553
  -1   -2     -2.513      9.238    -80.675
  -1   -2     -9.020     -7.690    -76.418
  -1   -2      2.935     10.968    -81.120
 605  735     14.860    -10.362    -66.886
  -1   -2    -13.051      6.071    -71.452
  -1   -2     10.144      9.661    -66.658
  -1   -2    -12.268     11.796    -64.229
  -1   -2     12.080      4.517    -70.996
  -1   -2     -8.607     -9.997    -88.103
  -1   -2    -11.511     -5.015    -77.664
  -1   -2     -8.859      8.790    -62.539
  -1   -2     -1.103     -4.439    -79.613
  -1   -2    -10.519     -3.212    -58.374
  -1   -2    -10.785     -7.920    -75.844
  -1   -2      1.398     -1.047    -56.723
  -1   -2     13.172     -2.914    -59.954
  -1   -2     -5.550      6.084    -66.804
  -1   -2     -7.431      5.695    -69.136
  -1   -2      5.873     10.574    -78.499
  -1   -2    -14.684      9.381    -72.785
  -1   -2     -1.857      4.605    -67.228
  -1   -2     -6.186     -9.668    -69.992
  -1   -2    -12.382      2.080    -73.044
 176  365      2.172     -2.417    -70.856
 241  291     -3.550     -3.496    -70.286
 442   -2      1.664     -4.895    -72.709
 427  805     -2.253     11.357    -73.454
 453  177      3.397     -9.035    -74.931
 271  303      4.677     -5.361    -68.398
 100   -2      4.257    -10.901    -71.644
 475   -2     13.166     -3.779    -75.418
 269  698     -3.917     11.969    -63.604
 258   -2      6.637    -10.780    -68.262
 616  812     12.169     10.271    -71.732
 357   -2     13.859      4.073    -75.711
 262   -2      0.745     -7.280    -65.042
 808  821     15.025     -5.707    -73.094
 290  305     -3.587     -0.804    -59.727
 376   -2     14.237      5.195    -64.439
 772  604     -6.039      7.847    -74.596
 412  136     -5.855      3.017    -73.197
 435  324      4.529      4.627    -72.265
 668   -2     -6.714      2.941    -69.378
 480  169      6.312    -10.102    -64.204
 390   -2      1.264     -0.638    -70.388
  85   -2    -12.316      1.893    -71.493
 800  569      3.707     -6.713    -64.769
 285   -2     -8.704      0.427    -76.736
 348  833     10.869      8.950    -62.483
 235   -2     -4.240     -7.250    -64.110
 804   -2     -5.781      9.979    -67.230
 721   -2     -7.415      8.435    -67.760
 506   -2     -0.501      5.420    -75.669
 270  795     14.443     -4.912    -76.179
 619   -2      4.281     10.573    -60.338
 651  716     14.386     -1.376    -66.813
 697   -2      4.659    -10.405    -72.480
 710   -2    -12.192      5.499    -64.215
 347   -2      7.276     -6.907    -72.408
 767   30      1.884      7.603    -69.520
 770  120     -8.873      4.998    -65.226
 183  527     12.768     -4.189    -64.182
  53   -2     -6.204      4.191    -75.363
 798   -2      0.665      9.905    -60.281
 778   -2     -8.743      5.981    -64.680
 803   -2      7.392     -6.381    -74.758
 812  823    -10.788      2.470    -74.843
 809  822      1.967      9.900    -71.373
 629   -2     10.009      7.446    -73.667
 465  402     -7.834     -0.616    -65.333
 482  834     -4.730     11.946    -72.608
 773  176      5.871    -11.476    -74.163
