804
   4   10     -6.706     -0.900    -73.801
   2    2      1.191      5.315    -70.416
   5   16     10.901      4.300    -71.927
   0    3      5.989      5.493    -72.046
  12   24     -8.634      6.959    -74.794
   7   34     -4.070     -3.055    -69.762
  11   23      3.634      1.515    -69.863
   6   18      5.886     -0.081    -69.102
  13   53     -2.285     10.475    -70.511
 371    1      1.090     -5.863    -70.381
 349    7      1.967     -0.159    -69.464
  48   89      8.862      1.258    -69.884
 356  104      5.057      8.567    -70.433
  19    6    -11.720     -4.371    -72.619
  45    5     -8.430     -8.323    -71.514
 227   17      4.984      4.349    -71.941
  34  744     -2.095     -3.498    -69.522
 403   19      4.594      6.870    -70.739
  26   44     -0.348     10.539    -70.226
  27   12     -1.568     -5.986    -68.000
   9  330     -6.588     -1.706    -71.218
  47   41      2.621      9.440    -66.448
  16   13     -5.029     -1.765    -70.980
 387   46     -7.663     10.502    -75.099
  66   66      3.717     -8.002    -67.194
 299   49      7.665     -0.258    -69.924
  54   92      6.821     -0.313    -75.185
 749    4     -5.803      8.443    -72.828
  -1  656      1.295     -9.240    -73.301
 770   -2    -10.898      2.535    -71.837
  -1   -2    -13.040     -0.156    -69.592
  -1  362     -3.380      6.428    -73.838
  21   28      4.720      4.153    -68.538
 516  116      8.645    -11.249    -68.920
  -1   22     -6.928      1.484    -74.226
 168   51     -0.629     -5.396    -70.177
 365   32     -2.884     11.211    -64.466
   1   78      0.090      6.194    -73.967
  40   -2      1.012      7.600    -66.213
  28  351     -7.275      4.391    -67.037
  60  332      0.114     -2.810    -70.662
 752  189      0.037      1.513    -71.010
 429  181     -7.395     -5.739    -64.611
  65   71     -0.134     -6.389    -70.118
  53   43     -2.072      7.073    -66.019
  50  342     -7.117     -7.305    -68.252
  76   27      1.172    -12.076    -69.751
 158   82     13.785      4.735    -65.868
 178   26      4.978      9.162    -71.321
 138   40     -7.041     10.739    -69.309
 364   77      8.894     -5.683    -67.207
 192   70      8.152     -0.862    -68.588
  -1   -2      1.855     11.633    -69.488
 143  121    -13.689     -4.821    -69.366
   8   11      4.279      2.552    -71.844
 135    8     -8.442      1.829    -68.924
 409   88      8.236     -6.977    -63.746
  15   50      1.122     10.619    -68.011
  -1   -2      4.748     -6.250    -74.635
 550  768      8.265      1.850    -67.244
 399   56     -1.048      5.904    -62.454
  -1   -2     -3.892      4.438    -65.381
  92   59      0.498     -1.811    -64.234
  33   38     -6.371      7.134    -66.459
  70   73      9.742      1.103    -64.630
  -1  367     -0.204     12.977    -67.333
 161   93     -4.152      8.448    -63.978
 111  443     -9.615      9.632    -66.116
 755  170     -4.715     10.081    -69.319
  73   85     -3.998      1.855    -67.896
 137   76     -2.301      7.401    -73.620
  35  417      3.222     -5.012    -70.538
 163   72      5.394     -3.912    -68.679
  24  355     -8.195      5.132    -69.485
  42  141      1.304     -2.884    -72.830
  25   14     -3.630     -6.102    -69.944
  79   75      0.489      5.461    -65.114
 187   91     -3.060     -1.500    -65.773
  -1   -2    -11.999      9.539    -71.885
 104   36      1.050     -7.293    -66.971
  86  134    -13.182     -3.273    -67.275
 184  530      6.967     -2.946    -64.539
 486  616      3.754     -9.439    -72.128
 768  394      5.776      8.719    -67.335
  -1   63     -0.699      5.489    -68.494
  69  118    -10.086     -7.110    -65.394
  59    0      4.200     -6.440    -73.311
  -1  411      0.228     11.936    -71.622
  44   86     -3.393      6.441    -62.795
 439  762    -12.224      1.077    -78.039
  90  127      4.001      0.496    -61.837
 101  203     -9.972     -2.288    -67.594
  62   65     -5.857     -7.026    -65.698
  49  112      5.816      5.132    -65.319
 124  106      3.780     -0.955    -60.817
 108  366      2.188    -11.787    -68.706
  77   -2     -4.418     -6.489    -63.916
  32   15     -0.733     -0.481    -67.741
 169  390     -2.871      3.328    -63.353
 447  138     -8.768    -11.636    -70.031
 122  458     -3.487     -5.096    -67.163
  -1  222     -0.871     -7.203    -70.428
 196  365      6.038     -5.229    -65.031
 554   94      4.726     -2.019    -66.309
 176  496     -7.840     -0.274    -70.027
 118  164     -7.079     12.604    -67.163
  23   84      2.783      6.045    -71.879
 105  184      0.407      3.492    -63.577
  61  113     -7.277      3.256    -62.017
  -1   -2    -10.032      8.633    -67.872
 485  187     -4.253     -3.102    -63.828
  72   -2      1.986     -6.349    -72.433
 777  776      7.607      8.362    -59.519
 512  385      5.860    -12.441    -65.230
  -1   -2      3.585      1.169    -72.789
 794   -2      3.115      8.754    -73.902
 112  130     14.572     -4.412    -72.425
 186  750     -6.649     -1.821    -65.100
  64  401     -9.058    -12.178    -69.590
 253  105      6.979     -7.510    -64.360
  94   96      9.066     -5.761    -68.992
  93  206    -10.259      9.172    -70.798
 166  209     -9.098      8.016    -71.011
 165  125      6.137      1.841    -63.938
 126  286     10.858      4.364    -75.809
 421  148     -1.251      3.528    -64.543
 129  173    -11.015     -4.443    -63.211
 120  214      6.341    -11.730    -66.451
  95  171     -2.898     -8.206    -63.799
  -1  360      2.183    -12.299    -68.661
  -1   -2      0.040     12.508    -69.910
 107  124     -0.533      3.057    -63.702
 378  139     -2.807     -2.099    -62.018
  -1   -2      5.201      0.900    -77.318
  74   -2    -10.884      1.511    -67.345
 250  157      2.617      0.257    -60.351
  -1   87     -6.013     -3.641    -64.956
 179  250      8.738      4.642    -68.012
  84  533      8.773     -4.090    -71.851
 230  269     10.759      7.862    -72.089
 204  196     -3.664      0.428    -62.274
  -1  198     10.197      3.022    -69.691
 173  226     -0.963      2.992    -63.631
 214  752      6.529      3.707    -63.156
 119  479     -3.237      4.379    -63.985
  85  398      6.393      2.163    -67.422
 453  763     -4.055     -1.213    -62.529
 515   -2     -8.824     -7.263    -71.303
 224  232      5.058      6.007    -65.991
 245  427    -14.728     -8.426    -73.150
 680  402    -11.540      8.850    -67.404
  97  174    -11.136      8.630    -76.012
 788   33      3.220     -6.097    -73.024
  -1   -2    -12.241     12.215    -63.327
  -1   -2    -11.010      7.685    -73.920
 209   42      0.959     -1.214    -67.648
 370  177      3.185     10.980    -69.646
 412  111     -6.851     -7.284    -64.123
  -1   -2      5.663     11.474    -72.264
  -1   -2    -11.364     -0.684    -64.166
 106  132      8.739     -1.065    -66.478
 391  140     -4.428     -5.334    -62.638
 189  119     -7.061      9.508    -67.056
 286  341     -4.839     -8.882    -73.901
 128  183      3.188    -10.259    -68.917
  57  469      3.170     -8.270    -62.873
 408  501     12.242      8.067    -64.211
 270  465    -12.292     -7.226    -64.743
 199  689     -4.714     -0.464    -63.031
 175  156      1.393      5.351    -62.773
  82  194    -10.250      2.146    -62.828
  -1   25      6.250      4.240    -65.038
 280   -2     -8.457    -10.370    -66.545
  -1   -2      6.619     -9.249    -68.342
  -1  375      6.422     -0.869    -66.904
 265  568     12.036     -9.386    -68.536
 757  236      9.782     -6.216    -71.848
 244   -2     11.743      0.802    -67.524
  -1   -2     -2.579      2.704    -70.498
  67  129     -5.542     -0.097    -63.533
  41  476    -12.016    -12.128    -71.384
  14  169    -13.737      6.980    -77.241
  -1  200     -6.887      2.862    -61.611
 172  468     -5.347     -0.860    -63.284
  -1   -2      6.080     -7.498    -76.553
  -1   -2     11.362     -1.866    -67.973
 141  103      1.845     -2.953    -63.792
 782  252      7.280     11.321    -70.439
  78  574     11.129      4.521    -67.613
  98   -2      6.604     -8.009    -62.879
  83  610      0.731      6.171    -72.731
  -1   -2     -4.815     -5.276    -61.867
 147  230     -0.280    -10.620    -70.572
 544   37      5.320    -10.485    -68.911
 180  489    -10.527      2.609    -65.603
 273  233      9.017    -11.652    -68.406
 252  191      9.048     -2.966    -65.286
 491  188      4.891      0.184    -62.211
 255  221     -3.667     -8.706    -65.074
 203  358      2.206    -11.954    -70.596
 520  416     -3.718      1.700    -58.293
  -1  158      5.869      2.748    -60.882
 164  253      0.949     -6.971    -62.211
 400  215      8.733     -4.311    -67.679
 183  282     -3.442      4.262    -69.036
 488  418     15.984     -2.013    -65.809
 228  212      4.945     10.399    -65.927
 382   -2      0.755      9.871    -64.695
 241   -2     -7.437      1.476    -61.386
 231  218      8.412      7.204    -64.547
 195  160     -9.214     11.256    -67.513
 207   79      6.088     -7.842    -67.200
 304   -2      0.185     -2.859    -61.849
 208  751      1.194     11.703    -66.182
  -1  172     14.014      5.915    -69.002
 283  281      9.644      6.737    -65.493
 149  243     -3.397      1.467    -63.507
 193  155     -5.256      5.022    -61.122
 154  195     -4.835     -1.418    -63.321
 289  290      9.144      4.352    -71.852
 456   74     -0.734    -11.908    -69.595
 222  497    -11.000     -8.179    -63.968
 200  263     11.582      2.082    -64.225
 315   -2    -13.774     -4.481    -71.483
 213  159    -10.388     -4.214    -72.723
  -1   -2     -2.496     10.364    -67.268
  -1   -2     -7.697      6.999    -61.779
 269  755     -2.659    -12.346    -68.671
 238  306     -2.140      7.673    -65.541
 357  435    -11.237    -11.416    -67.779
 256   -2      6.692      0.704    -71.965
 406  246     -5.363     -6.947    -63.511
 266  190     13.950     11.667    -67.255
 452  275      9.502      8.881    -63.285
  -1   -2     11.246     -3.359    -69.515
 167  240      8.770      8.207    -65.191
 218  108      8.789     -8.365    -68.856
 191  241     -1.645    -12.130    -64.004
 262   -2    -13.796     -8.148    -76.583
 314   -2     -4.257     -4.652    -72.369
  -1   -2     -9.258     -9.269    -59.695
 153  102     -8.080     12.457    -70.435
 152  144    -11.252      2.973    -62.391
 246   -2     -3.561      6.354    -70.584
 287   -2      4.666      0.367    -70.122
 242  754     -3.346     -6.409    -63.468
 436  357    -12.349      4.357    -65.866
 275  581      7.839     -8.452    -70.241
 170  749      4.610     -6.693    -70.139
 150  185     11.773     10.557    -71.074
  -1   -2     10.575      0.674    -61.437
 103  289      3.783     -0.295    -64.878
 474  344     14.556     -6.848    -63.230
 225  205      9.729      8.179    -66.810
 248   -2      6.871     -8.236    -77.270
  -1  255      3.561      4.119    -67.087
 260  711    -12.741      2.617    -69.901
  89  285      8.481      1.916    -69.085
 310  261    -10.032     -7.473    -72.067
  -1   -2    -14.643     -3.137    -85.233
  -1   67     -9.068    -11.356    -72.669
  -1   -2    -10.287     -9.103    -58.784
  -1  388     -7.977     -9.559    -63.606
  -1  488      3.114     -7.282    -69.074
 261   -2     -5.189      8.404    -67.415
 489  331     11.151      2.275    -70.203
  38   -2     -1.780     -7.485    -65.908
 492  667    -12.416     12.995    -64.244
  -1  591      7.270    -10.513    -70.818
  -1   -2    -10.145      6.879    -72.415
  -1   -2    -16.020     -8.283    -74.050
 185  239      5.680      9.240    -70.189
  -1   -2     -7.569     -1.318    -72.324
  -1  430     10.693     -2.329    -63.132
 775  150     12.096     11.977    -68.164
 146  235     -5.642     -2.363    -63.781
 306   -2      3.799     -8.557    -61.957
 221  308      0.957      5.578    -65.082
  -1  161      5.626     10.538    -73.992
 319  293    -12.881      6.974    -64.384
 573  770      1.779     -0.536    -66.327
  -1  544     -9.440      8.075    -62.437
 374  202      9.037     -2.786    -72.017
  -1   -2     11.648     -7.114    -60.470
 305  623     12.577      2.809    -63.450
 599  307     -4.666     -5.120    -70.802
  -1   -2      5.821      9.488    -68.048
  -1  114      2.710     11.239    -74.994
 640  609    -13.709      0.608    -76.504
  -1  498      6.097     -6.514    -67.613
 743  536     15.171      6.211    -66.183
  -1   -2     -3.327    -12.750    -67.949
  -1  273     10.009     13.093    -67.000
 555  244     -5.528     -7.446    -70.467
 648  774      4.872     12.914    -66.088
 525  258      9.957     -8.473    -74.077
  -1   -2    -10.383      7.556    -74.765
  -1   -2      3.836     -5.102    -60.145
  -1  550     15.193      1.693    -67.322
  -1   -2     -1.616     -8.164    -68.469
 764  257     -1.121    -10.746    -70.612
  -1   -2    -13.997      2.359    -72.674
 657  213      0.132      0.307    -66.794
 517   -2     -5.741      8.780    -74.951
  -1   -2     -1.343      9.360    -61.851
 331   -2     13.198     -6.357    -70.154
 761   -2      4.725     -1.723    -59.287
 258  295      7.125     -1.648    -65.406
  -1   -2      6.803     11.029    -58.437
  -1   -2      0.385      8.876    -68.123
 232  301     10.915     -1.510    -68.509
 567  473    -12.778     -0.531    -66.825
 303  316     -4.077     -7.742    -65.642
 605   -2     11.655     -3.317    -69.290
 308  756      4.646      1.510    -60.535
  -1   -2    -11.160    -10.276    -70.684
  -1   -2     -1.144      5.721    -66.138
 329  670    -13.712     -3.373    -67.162
  81  599     -3.427     -8.550    -69.422
 745  675     -4.507      6.468    -65.746
  -1   -2     -5.239      5.671    -66.789
 116   -2    -11.719     11.087    -68.749
 294   -2     11.546    -12.565    -72.909
 339  758     -9.520     -1.565    -66.385
 341  778     13.220    -12.610    -69.230
  -1  323      6.623      6.586    -64.306
  -1   -2      7.783     10.359    -69.580
  -1   -2     10.618      9.588    -64.096
 338   -2     -1.644     10.617    -69.633
  -1   -2      3.410     10.711    -63.549
 215  400     -3.660     -6.498    -72.517
 431  329     -1.506     -9.768    -72.967
  -1   -2     -1.935     -4.313    -76.126
  -1   -2      3.878      8.201    -70.426
  10  386     -2.948      3.203    -67.843
  -1   -2     -1.890     -7.968    -56.620
  -1  128      2.342      5.166    -63.613
 110   -2    -10.196     -2.606    -74.228
  37  131     -0.566     -2.159    -67.373
  -1   -2      6.027      5.281    -74.580
  -1   -2     10.918      6.888    -76.453
  -1  471     -6.965    -10.426    -70.044
  -1  372     -5.663     -3.061    -61.210
  -1  349      1.710     -7.137    -67.189
  18  126      2.439      3.186    -68.451
  -1   -2      0.235    -10.737    -71.969
  20   54     -6.605     -1.225    -69.024
  -1   -2     17.088     -1.403    -76.431
 358  340      1.946     -3.007    -68.779
  -1   -2      9.447     -4.275    -63.097
  -1   -2     -4.925     -7.090    -58.489
  -1  399      7.445      0.891    -60.356
  -1   -2     -7.876     -4.427    -52.328
 543  305     14.070      9.021    -75.582
  52  745     -0.203     10.542    -64.818
 259  292      0.634      7.043    -71.304
 420   21     -7.698    -12.223    -72.301
 366   39     -1.573     -8.760    -61.847
  58  384     -0.920     -7.854    -67.420
  -1   -2     -3.898      7.573    -56.936
  31  343     -3.362      6.517    -68.085
 367   31      4.485      6.222    -68.719
 360  760      6.238     10.522    -68.585
  -1   -2    -10.413      0.280    -65.533
  80  658      8.307      4.025    -73.708
  -1  373     -0.737      5.751    -65.994
  71  359      0.621    -10.262    -62.718
  -1   -2     12.902     -5.488    -65.872
 139   57     11.924     -7.470    -73.105
 205  779     -6.886      8.216    -71.499
 379  377     -7.684     -6.044    -58.685
 475  404     14.587     -8.235    -66.499
  -1  186      1.520      0.320    -72.201
  -1  504     13.889     -7.321    -68.126
  -1   -2    -10.557    -10.282    -65.739
  -1   -2     -5.131      9.925    -67.513
  -1   -2     16.214      6.057    -71.826
  -1   -2     -4.874      0.733    -60.456
  -1   -2     14.917     -9.221    -74.341
  -1   -2     -1.754     -9.601    -61.725
 276  122     -6.156      6.252    -64.606
  -1  448      0.865     12.061    -62.528
 396  396     -5.618      1.120    -61.426
  -1  347     12.380      2.022    -69.461
 130  748      6.233     -1.211    -64.869
  -1   -2     12.375      1.774    -69.388
  22  743      1.441      0.486    -69.885
 249   64      0.633    -10.296    -60.664
  -1   -2     -5.640     -1.009    -58.489
  -1  219     -0.747     -9.349    -72.959
 417  277     -8.789     -8.289    -74.274
  -1  227     11.241     12.037    -70.528
 401  424      4.750      1.177    -60.488
 202  397     -6.393      6.527    -60.569
  -1   -2     -7.931      7.846    -61.532
  -1   -2     -5.960     -9.502    -63.574
 480  765     -7.901      8.286    -64.292
 114   83     -6.862     -0.985    -64.008
  -1   -2      9.172     -9.263    -74.086
 435  432     -0.521     10.763    -64.034
  -1   -2      0.306     -3.400    -72.765
 148   -2     -8.927     -6.312    -65.012
 441  452     15.648     -5.085    -70.681
  -1  480      4.851      7.721    -65.635
  -1   -2     -0.534     11.460    -73.948
 792   -2      3.624      4.177    -62.579
 413  211     -5.328     -4.362    -62.302
  -1   -2     -0.929     -4.183    -59.738
 201  444    -11.688      5.999    -61.837
 385  780     14.139     -7.203    -66.014
 415  445     -1.318     -1.016    -60.367
  -1  154    -11.686      9.407    -66.702
 159  100    -11.289     -0.453    -67.452
 405   52     -0.258     -7.082    -64.127
  -1   -2     -5.656     10.855    -68.797
 243   -2     17.506     11.045    -69.439
 397  153      7.003     -7.108    -66.606
 433  477      9.371     -9.341    -63.460
 384   -2     18.131     -4.423    -67.292
  -1   58     11.490      0.937    -67.040
  -1   -2      6.507     -8.954    -63.537
  -1   -2     -1.200      9.859    -52.951
  -1   -2      1.001     -3.000    -68.750
 411  383     11.007     -8.433    -70.481
 465   -2      7.651      0.058    -64.104
 226  421     -7.528     12.564    -63.038
  -1  438     -8.463      0.363    -61.278
  -1   -2    -11.032      2.751    -70.029
  -1   -2     13.744     -5.912    -65.837
  -1   -2      9.124     -5.300    -59.194
 753  151      1.916      1.607    -66.425
  -1   -2    -11.663      9.553    -67.704
  91  419     -0.781     12.406    -66.894
  -1   -2     -5.164    -11.180    -62.147
 247  175    -13.784     -4.999    -73.563
 346  413      1.252     -3.843    -74.727
  -1  162     -6.733     -2.517    -62.675
  -1  436     -8.961     -6.012    -66.932
  -1   -2      0.822    -10.975    -62.570
 693  775    -10.512     -1.306    -82.320
 156   -2     -9.342    -11.408    -65.717
 353  395     -8.048     -8.896    -64.676
  -1   -2     11.896      4.723    -73.127
  -1   -2    -14.249      1.549    -77.333
 769  216      1.855      5.874    -71.387
  -1   -2      6.944      2.765    -54.770
 268  535      5.828     -9.554    -63.443
 217   60      9.448      0.723    -69.660
  -1   -2    -12.787    -10.589    -64.190
  -1   -2     -2.326     -1.967    -61.025
 311  584     15.311     10.671    -69.019
  -1  472     11.938      8.329    -71.866
  -1   -2     -6.389      3.013    -58.222
  -1   -2     11.483     -3.500    -69.404
  -1   -2     -8.696     10.809    -67.600
 369  511    -14.213    -12.240    -70.649
 459  437    -12.714     -3.368    -67.098
 458   -2     10.170     -2.796    -67.055
 117  165     11.059     -6.200    -66.805
  -1   -2      6.156     -2.260    -72.911
  -1  147     -8.608     -8.976    -62.100
  -1  207    -15.228     11.919    -74.672
   3    9      2.794      3.751    -71.869
  68  152     -3.209    -11.686    -71.719
  56  348     14.054     -3.798    -72.227
 309  163     -3.563      3.536    -62.706
  -1   -2     -9.693    -11.550    -75.955
  -1  506      3.108     -5.314    -60.176
 553   -2    -13.580      8.700    -65.069
  -1   -2     -2.970     -5.752    -71.883
  -1   -2      0.228    -12.025    -75.364
  -1  328     13.752     -5.561    -73.982
  -1   -2      8.043    -10.285    -62.316
 121  167      3.116      7.512    -63.150
  -1  475      2.782     12.712    -63.194
 194  145      6.701      3.019    -67.606
  -1   -2    -15.396     -4.149    -75.241
 528   -2     13.305     -4.789    -67.394
 290  256    -13.903     11.471    -73.440
 416  719      2.140      1.394    -69.938
 134  279    -12.411      7.955    -65.709
  -1  137     -9.069     -3.339    -62.818
 216  525     -3.444      0.866    -70.702
  -1   -2      1.729     11.305    -65.977
  -1   -2     -4.715    -11.998    -61.406
 281   -2     -0.736      1.522    -61.615
  -1   -2    -13.761     11.208    -70.154
  -1   -2     14.876      1.227    -65.344
  -1   -2    -13.152     12.997    -66.553
  -1   -2     -0.398     -7.950    -52.144
 174   61      5.427      8.441    -72.803
 351  225      0.933      9.255    -72.756
  -1   -2    -15.694    -10.300    -69.071
 361  374     -4.239    -11.628    -61.995
  -1   -2      7.365     12.899    -68.368
 428  368     10.497    -10.067    -68.611
  -1   -2     17.507     -9.739    -66.352
 511  767     11.468    -11.657    -58.772
  -1  166    -11.799     -7.923    -60.611
 773   -2      3.847      3.817    -61.744
 425  204    -10.546      9.066    -64.971
  -1   -2     -4.101      3.888    -63.602
 524  485     11.467     -1.007    -63.038
  -1   -2     -0.525     -3.486    -55.124
  -1   -2     13.476      0.625    -63.584
  -1  193      7.353      4.970    -61.200
  -1   -2      9.991      2.687    -60.384
  -1   -2     -5.128      8.038    -67.444
 746  723     -0.464     -8.641    -66.814
 593  576      9.004      9.309    -62.699
  -1   -2     -8.614      3.512    -63.312
  -1   -2    -12.848     -4.322    -75.056
  -1   -2     -8.797     -5.376    -61.257
  -1   -2    -13.648     -6.851    -83.324
 589  772    -13.273      9.884    -67.990
  -1   -2     -9.729     -5.406    -73.259
  63  746     -0.614     -7.273    -63.435
 642  570      3.066     -8.781    -61.537
 562  641      4.713      6.954    -58.624
  -1   -2      5.393      8.841    -64.086
  -1   -2     14.059    -11.633    -84.708
  -1   -2      2.338     -0.414    -58.565
  -1   -2     -7.233      8.881    -60.781
  -1   -2     -9.830    -10.085    -86.038
 324  199    -11.035    -10.179    -71.487
  -1   -2      1.393      3.624    -57.086
  -1   -2      8.505      4.718    -62.214
  -1   -2     -8.125     -7.069    -67.552
  -1   -2      8.682      3.732    -58.196
  -1   -2      4.461    -13.152    -65.685
  -1   -2     10.400     12.005    -62.200
  99  747      0.416      4.600    -64.734
 198  660      2.322      0.421    -66.727
  -1   -2     -0.128     -9.689    -58.654
 584  771      6.451      1.287    -60.297
  -1   -2     13.987     -5.403    -61.780
 470   98      6.659     -7.650    -72.554
  -1   -2     -8.280      1.649    -58.882
  -1   -2     11.681     11.821    -62.312
 787   -2     11.668     12.692    -71.529
  -1   -2    -14.584     -4.225    -66.576
 298  552     -0.505      3.795    -65.095
  -1   -2     17.583     -8.944    -66.109
 477  580      2.493     -6.991    -59.486
  -1   -2      0.775     -1.574    -68.069
  -1   -2     16.701     12.819    -70.394
 785  622      5.106    -10.426    -74.625
  -1   -2     12.831     10.816    -67.421
  -1   -2     -8.888     -4.728    -57.545
  -1  459    -12.991     -1.364    -71.398
  -1   -2    -12.520     -5.960    -71.146
  87  604      4.899     -6.259    -71.838
  -1   -2     10.308     -6.174    -74.879
  -1   -2     -4.826      4.178    -62.492
 575  629     -1.786      1.723    -60.593
  -1  197     -0.825     -0.622    -63.459
  51  109      0.774     -9.052    -73.260
  -1   -2     12.821      7.292    -63.807
 513  315    -12.710      0.524    -63.587
  -1   -2    -13.955      1.067    -79.725
  -1   -2    -12.292     11.187    -64.121
 790  601     10.313     -0.092    -69.556
  -1   -2     16.911    -11.684    -67.406
  -1   -2    -11.857    -11.866    -64.476
  -1   -2      2.049     -1.421    -62.787
  -1   -2     10.947     -7.331    -59.197
  -1   -2     12.237      3.640    -64.469
 434  614      6.559      3.074    -70.098
 617  773     12.360    -11.710    -63.397
  -1   -2     13.840     -0.174    -66.132
  -1   -2     12.893     -1.942    -63.992
  -1   -2    -11.351      8.908    -69.093
 437  761      7.712      0.358    -62.474
 676  671      1.378      3.069    -70.118
  -1   -2      4.339     -3.265    -61.799
 608  317      2.110     -1.092    -61.126
  -1   -2     14.450     -5.592    -63.216
  -1   -2    -15.196     -1.097    -79.546
  -1   -2     -6.403     12.723    -63.101
  -1   -2     11.783     -7.287    -64.391
  -1   -2     14.255      0.322    -74.677
  -1   -2     16.239      4.673    -72.734
 602  274     14.201     11.559    -73.318
 571  318     11.858     -3.242    -59.358
  -1   -2    -13.356     -3.126    -73.288
 123  542     12.609      6.048    -71.944
  -1   -2      4.620      8.510    -59.471
  -1   -2     -4.520    -12.197    -76.076
  -1  245    -10.569      4.615    -66.997
  -1   -2     10.993      5.018    -84.202
 471  571     12.019    -10.225    -60.968
  -1   -2      3.024      9.794    -66.613
  -1  429     14.550     -9.992    -67.598
  -1   -2     -8.700     -5.036    -59.527
  -1   -2     -0.782     -2.451    -70.350
  -1   -2      4.557    -10.285    -69.488
  -1   -2     14.832      3.722    -63.591
  -1   -2     14.407     -1.897    -64.440
  -1   -2      7.543    -10.080    -60.102
  -1   -2    -13.671     10.887    -71.755
  -1  283      5.343      7.399    -62.549
  -1   -2     11.503     -8.125    -86.105
  -1   -2      4.329     -3.775    -69.999
  -1   -2    -11.692     10.723    -71.418
 229  463      8.710     11.105    -71.189
  -1   -2     -6.024     -5.971    -62.181
 583   -2     11.705      8.502    -64.054
  -1   -2    -15.378     -9.826    -70.640
 263  620     -8.541      6.475    -68.404
 457  543     13.916     11.452    -62.741
  -1  238     -7.915      9.699    -61.772
  -1   -2     14.816     -6.937    -73.276
  -1   -2      4.761     -2.723    -57.008
  -1   -2    -14.347     -5.794    -68.696
  -1   -2    -10.189     12.319    -66.503
  -1   -2     -6.931      0.733    -75.768
  -1   -2     11.924     -7.233    -55.978
  -1   -2     14.662     11.964    -65.006
 756   -2     -2.075      0.017    -67.212
  -1   -2     -0.834    -10.826    -85.210
  -1   -2     15.256      0.463    -64.372
 131  180     13.901     10.942    -69.800
 542  551     11.176    -12.939    -66.375
 337  757     15.555    -12.475    -67.163
  -1   -2     14.181     11.295    -73.640
  -1   -2     -0.090      2.664    -65.181
 469  764      6.861     -3.232    -75.713
  -1   -2     -9.946     13.244    -62.993
  -1   -2     -7.268     -9.807    -54.914
  -1   -2    -13.383     -4.315    -87.556
  -1   -2      3.839      7.025    -59.813
  -1  512     -5.289      8.018    -63.471
  -1   -2      8.043     -0.372    -74.620
  -1   -2      0.624     -2.115    -58.226
  -1   -2    -16.369     -9.116    -77.655
  -1   -2    -14.009     -9.915    -77.112
  -1   -2     16.110     12.682    -72.546
 496  433     -6.265     -2.364    -76.344
  -1   -2     -2.757      9.364    -66.704
  -1   -2    -14.074      2.404    -86.241
  -1   -2     -4.934     12.468    -69.050
  -1   -2     13.124    -12.144    -74.644
  -1   -2      8.479      5.293    -73.152
  -1   -2     14.762     10.125    -70.344
  -1   -2     14.154     -7.070    -61.472
  -1   -2    -14.994     -0.898    -69.287
  -1   -2      3.771      1.031    -64.832
  -1   -2    -12.234     -1.890    -73.632
  -1   -2     -8.982      3.609    -68.376
  -1   -2    -14.926     11.749    -70.632
 323  643     -0.932    -12.723    -67.292
  -1   -2     15.927     -3.088    -67.743
  -1   -2      9.389      6.474    -73.256
 502   -2     17.306     -6.116    -67.303
  -1   -2    -15.374     -5.463    -72.449
  -1   -2      4.091     -6.565    -65.234
  -1   -2     14.600      7.108    -67.838
  -1   -2     14.602    -11.045    -77.823
  -1   -2    -11.663     -4.581    -58.975
  -1  234      3.112      3.127    -64.364
  -1   -2     -4.646     -8.442    -72.508
  -1   -2    -10.530      3.361    -70.493
  -1   -2     -2.076      4.313    -59.298
  -1   -2     -1.240      8.357    -59.658
  -1   -2     -7.895     -4.437    -73.166
  -1   -2    -14.435     -0.610    -66.414
 342  759      8.636     -8.979    -71.218
 681  272      2.974     -4.334    -67.623
  -1   -2     -5.457     -2.280    -62.448
 704  268    -12.076      3.829    -64.846
  -1   -2      9.282    -11.468    -74.250
  -1   -2     14.523     10.815    -76.306
  -1   -2     12.605     11.768    -70.663
  -1   -2     -8.032    -12.428    -70.362
 219  753      7.217     -6.275    -73.985
  -1   -2      1.090      4.873    -86.790
  -1   -2    -13.658    -10.236    -76.623
  -1   -2     -5.207    -10.550    -72.023
  -1   -2     10.026     -2.664    -73.078
  -1   -2     -1.384     -7.840    -65.755
  -1   -2      0.264      5.605    -53.282
  -1   -2     10.244     12.521    -65.774
  -1   -2    -13.142      7.447    -67.686
  -1   -2     14.274      4.884    -79.191
 300   -2     -0.871      7.500    -76.444
  -1   -2     -6.692     -5.464    -80.982
  -1   -2     16.326     -6.094    -71.216
  -1   -2      1.508    -11.418    -65.239
  -1   -2     -6.313    -11.460    -66.369
  -1   -2     -9.667     -3.668    -63.491
  -1   -2    -10.941    -11.952    -62.135
  -1   -2      9.026      5.900    -58.273
 334  781    -11.334      0.146    -66.488
  -1   -2      1.913      4.398    -60.835
  -1   -2     14.121      7.681    -67.361
  -1   -2     -6.662     -0.794    -71.987
  -1   -2     -9.301      2.712    -55.712
  -1   -2     15.056      6.485    -74.020
  -1   -2    -10.927     -7.607    -78.904
  -1   -2     16.091     -7.340    -69.693
  -1   -2     -6.468     12.383    -69.138
  -1   -2     -7.588      8.547    -53.733
  -1   -2      2.123      0.595    -66.575
  -1   -2    -14.889      6.554    -73.777
  -1   -2    -12.139     -0.830    -67.381
 295   -2     -9.167      7.924    -65.656
  -1   -2    -15.677      0.637    -72.123
  -1   -2    -14.810      4.408    -78.960
 659   -2      8.992    -11.619    -61.616
  -1   -2     -1.253     -2.472    -74.937
 739   -2     -0.121     -0.444    -74.931
  -1   -2      4.419     -2.693    -61.673
  -1   -2     11.761      7.803    -60.184
 332  703     -3.953     -8.315    -65.945
  -1   -2     -1.473      4.123    -63.867
  -1  589     -5.591     10.424    -75.247
  -1   -2      7.794     -5.601    -81.595
  -1   -2    -12.920      4.742    -72.395
  -1   -2     -8.439     10.142    -71.102
  -1   -2    -10.572     -2.164    -56.777
  -1   -2      6.528    -11.373    -76.943
  -1   -2      3.835     -4.783    -67.258
  -1   -2    -14.492      6.641    -71.982
  -1   -2    -10.774     11.891    -58.355
  -1  260     -9.950      5.976    -73.348
  -1  541     10.249     10.707    -62.673
  -1   -2      1.777     -2.583    -81.666
 344   -2      8.087      7.668    -65.617
  -1  699     -6.248      3.003    -62.457
  -1   -2     -0.950     -0.927    -77.196
  -1   -2    -11.875      3.458    -64.599
  -1   -2    -13.966      9.571    -75.367
  -1   -2     -5.645    -10.426    -75.625
  -1   -2    -12.446    -12.239    -65.534
  -1   -2     -4.628     10.941    -67.564
  -1   -2     -3.863     -7.953    -58.262
  -1   -2     10.366     -8.397    -68.701
  -1   -2     -6.799      7.715    -75.777
  -1   -2     -5.501     -5.569    -65.025
  -1   -2    -11.157      2.403    -60.150
  -1   -2     12.655      2.482    -60.687
  -1   -2     -5.942     -9.067    -55.978
  -1   -2     -2.040      5.897    -81.020
  -1   -2      6.908      6.972    -65.907
  -1   -2     -9.839      1.126    -72.277
  -1   -2     -2.023      4.547    -51.989
  -1  735      2.057     -4.007    -68.560
  -1   -2     -6.018      0.893    -63.267
  -1   -2     -2.055      6.156    -78.970
  -1   -2     -5.743     -5.744    -77.400
  -1   -2      2.950     11.931    -71.923
 390  439     -7.950     13.185    -64.320
 182   99     12.122      5.008    -67.921
 490  782      1.433     -7.407    -65.474
 136   -2     -6.125     -4.863    -66.693
 460  783     -0.214      6.530    -72.045
  55  110      2.559      0.230    -71.351
  36  117      5.362     -5.260    -73.029
 145   -2     -7.478      5.626    -72.269
 767  265      4.580     10.374    -74.699
 151  208      3.281     -7.065    -67.034
 313   -2      8.808     -1.671    -72.084
 237  270    -12.053      3.208    -68.186
 312   -2    -12.602     10.180    -69.171
 737  423      0.153     -2.515    -72.214
 239  320     13.020      2.257    -65.989
 285   55      9.689      2.534    -71.213
 464   -2    -10.746      9.807    -78.236
 235   -2     14.334     11.672    -67.450
 609  577     -8.158      4.137    -73.161
 557   -2     -7.652     12.150    -72.512
 302  596      4.830      0.730    -68.001
 621   -2     13.506     -8.134    -72.205
 689   -2     -9.335     10.579    -68.772
 774  378      9.415      1.881    -65.235
 644   -2     -2.225     10.559    -75.723
 359  410     -1.020     -9.929    -64.274
 451  333      3.523      7.983    -71.773
 418  115     -4.722    -10.106    -70.114
 533   69      5.047      5.920    -74.112
 211  133     -7.733     -4.523    -63.397
 410   -2      4.859    -10.202    -60.312
 607   -2     10.055     -2.470    -72.204
 292   -2      9.068     -1.730    -70.954
 432   -2      6.425     -7.738    -76.146
 559  769      9.723     -2.924    -64.746
 426   -2    -10.093     -6.552    -60.587
 577   -2     -7.523    -12.219    -62.906
 499  766      5.231      7.292    -64.307
 786  777     -7.253     -0.512    -72.244
 650  647    -14.230    -10.522    -71.107
 716   -2      3.138      2.283    -66.135
 628  242      5.723     -1.896    -74.899
 561   -2      6.101     -8.752    -68.751
 157  231     -4.793    -10.749    -68.378
 251  784     -0.193      6.604    -61.660
 380   -2     -6.780     -0.903    -66.932
 388  785      3.589      4.315    -62.566
 445   -2     -4.189      3.828    -74.372
 539  548     10.489    -12.325    -73.908
 669  451     -1.378      3.481    -75.661
 683  613      8.166     -2.407    -75.450
 779   -2      7.411     -0.052    -72.987
 793   -2     -8.132     -7.035    -71.153
