830
   0    2     -6.307      6.113    -71.383
   1    3     -9.252      2.523    -73.406
 136  121     12.154     -0.234    -73.030
   3    1      1.948     -3.224    -72.986
  22   20    -10.663      2.915    -71.830
  42   29     -6.693    -10.100    -70.644
   6   18      1.605     11.042    -69.998
  20   43      8.565      7.111    -69.095
  34   17     -7.448     -4.336    -77.787
  18   79     -4.744      1.544    -68.139
  53   16      1.402      3.606    -70.999
  30    6      4.022      8.741    -72.289
   5   41     -2.291      3.722    -69.975
  49    9      4.098      3.074    -67.689
   7   36     -3.610     10.901    -72.039
  13   25      4.205      7.986    -67.934
  12   14      7.996     -0.157    -69.335
  15   11      8.630      1.287    -70.075
 132   67     -6.460     -6.610    -69.563
  21   32     -0.920      1.786    -68.474
   8   24    -10.787     -4.304    -71.058
  19   21     -3.836     -2.347    -69.822
  26   31     -2.816      1.673    -66.079
  -1   71     -3.014     10.437    -65.616
  11  156     -3.063      4.379    -67.847
   4  181      5.412      2.748    -70.035
  48   30      4.537     -1.492    -65.851
  52   15      2.632      6.626    -73.268
   2   -2     -8.297     -3.868    -72.191
 110  395      7.708      5.982    -66.603
  95   42     -6.968     -2.046    -68.251
  33   51     11.840      2.791    -68.794
 410   50      5.084     -3.785    -68.671
  36    7     -3.326     -8.621    -73.285
  27  363    -14.046     -6.261    -76.494
  56   38      3.407     -3.229    -67.920
  68  139      2.853      8.762    -65.150
  23   54     -8.315     -5.869    -68.092
  72  215     14.830     -7.883    -72.321
 151  118      9.089     10.345    -67.739
 403  378    -13.911     10.037    -73.927
  31   26     -5.917      5.570    -68.413
 288  329      6.070     10.454    -71.236
  59    0      2.469      6.981    -70.814
  73  119     11.970      5.883    -67.713
  75   99    -11.159      2.797    -71.772
 384   27    -10.342      3.764    -70.017
  50  167      3.636      8.349    -75.858
 128   91     -7.760     -1.366    -67.184
 391  387     -2.696      6.829    -65.722
  89  481      6.983     -0.255    -66.288
 105   19     -2.130     -0.901    -70.972
  -1   -2     -2.181      5.914    -60.914
  46   65     -8.596      7.202    -64.356
 367  725      0.852      4.685    -72.363
 143  216     -1.512    -10.740    -65.068
  -1   40    -10.797      4.933    -66.772
  96   -2     -3.855      2.979    -64.943
 214   70     -3.913     -9.421    -68.446
  35  758     -2.791      8.227    -68.056
  64  398      7.189     11.803    -72.690
  58   59      3.521      6.632    -65.192
 375   87     -1.709      8.699    -63.047
  -1   22      9.869     -2.779    -71.060
 821  360     -1.955     -3.610    -71.641
  10   12     -3.676      9.818    -71.683
  90   64      7.907     -5.949    -66.704
  87   62      2.120      4.323    -64.182
  77   72      1.499      8.171    -62.561
  -1   77      1.871      7.764    -68.145
  -1   -2      5.442    -10.192    -70.983
 177  221     12.302     -3.226    -71.675
  93  126     -8.893      2.629    -68.876
  17   63      1.075      1.611    -70.233
  81   90      1.596     -6.902    -64.225
 785  143      4.664     -4.269    -69.911
 439  145     -8.316     -1.188    -66.538
 782  182      1.891     -1.189    -68.308
 385  213     11.447     -2.950    -72.539
 440  129     -4.838     -2.613    -71.830
 825  502     10.436    -10.598    -71.097
 820   34     -0.424     10.385    -64.476
  71  388    -11.423     -2.032    -65.848
  91   84    -14.748     -7.869    -70.002
   9  273      6.445      7.110    -74.852
  85   66    -14.103     -1.524    -68.530
  99  144      9.519     -5.324    -73.887
  69   -2     -7.133     10.924    -75.279
  97  316     -5.429     -0.100    -62.940
  -1   -2     -3.772      6.126    -72.935
 116   -2      4.082      5.695    -60.944
 157  529    -11.407     -0.700    -75.861
  28  125     -0.631      8.437    -72.682
 112  371     11.955     12.648    -68.812
 416  410     -0.102      3.103    -66.171
 125  110     -6.684     11.827    -63.940
  67  109      8.915     -4.307    -66.760
 109   69     -6.632     -8.123    -69.320
 311  134     -5.692     10.746    -72.401
  84   57     -7.809      4.202    -70.043
  57   -2     -9.134     13.213    -66.289
  29  757      3.933      1.553    -67.643
 127  386      7.824    -12.003    -66.244
 203  141     14.318      2.428    -72.384
 186  403      9.518      2.954    -64.765
 220  765     -5.218      1.744    -64.577
  38  365     -2.943     -3.935    -73.676
  79  113      6.737     -8.757    -63.730
  32   47      1.335     -3.377    -73.526
 312   81     -1.188     -2.314    -63.859
  61  112     -7.173     11.540    -71.165
 178  198     -8.601      0.870    -67.449
  47  107     -3.823     10.864    -69.876
 183  161    -11.716      5.165    -66.365
 379  776      4.060     -4.531    -67.238
 119  124     13.599     -7.048    -67.728
  -1   -2     -2.417      4.091    -72.321
 461  404     -5.324     -9.674    -66.572
 392  796     -6.212      7.906    -63.573
  -1  114    -12.965     12.182    -72.690
 118   -2     -2.764     -8.355    -68.069
 142   86      0.313    -12.040    -67.823
 399  379      4.599     -8.832    -66.252
  39   56      4.103      9.858    -65.243
 137  549      5.203      5.308    -66.144
 148  165      0.074     -0.457    -63.816
 126  467     -9.103     -1.913    -66.560
 799   -2      1.561     -5.465    -63.542
  -1  104      0.042      4.571    -60.722
 133  166    -12.253     12.896    -64.988
 146   13      8.257     -2.435    -72.468
 135   92    -12.976      9.580    -70.951
  55   46     -1.292      7.693    -72.451
 111  138    -10.897      9.308    -63.263
 794  337     -2.753     -6.146    -67.947
 259  122      0.077      7.134    -66.047
 104  130     11.914      3.039    -65.005
 408   55     -5.323     -2.465    -67.517
 261  153     10.354      8.251    -64.079
  76  385      2.945      9.802    -66.509
 191  176     -2.430    -10.339    -63.994
 436  116     -7.563      7.885    -63.813
 400  175     -9.606      9.503    -65.165
  -1  191     -6.893     -9.004    -74.370
 234  254    -11.801     -1.867    -73.830
 289  240     -8.548      9.091    -74.597
 368  201     -2.425     -7.174    -64.053
 199  108      8.603    -12.563    -69.298
 168  409     -0.714     -6.009    -62.183
 195   78      1.235    -11.949    -66.813
 176  488     16.624    -10.233    -68.873
 235  200     -0.709    -12.313    -73.918
  -1   76     -8.745      8.672    -64.114
  70   88      7.609     10.862    -70.962
 144  159      4.177     -6.185    -63.882
 290  163    -12.904      1.733    -63.746
 161  399    -12.124      0.308    -67.580
 260  289     -8.832      8.408    -74.658
  25  172      7.644      8.635    -72.537
  16   45      3.486      2.165    -69.370
 207  563     -9.430      2.710    -65.927
 221  179     -1.611     10.246    -68.407
 437  383    -12.624    -10.315    -69.267
  45  164     14.228     -0.522    -70.921
 145  482    -12.971      6.825    -66.668
  24  207     14.858      9.629    -72.368
 141   98      0.737    -10.362    -66.157
 222  272     15.393     -3.873    -72.816
  43  187     -4.154      8.916    -67.049
 803  478    -15.092      8.363    -76.025
 448  204      6.240     -8.974    -71.875
 510  174     12.309     -3.304    -68.691
 279  202     -5.970     -4.029    -67.081
 196  509      4.640     -5.161    -62.923
 453  117     -1.686     -9.231    -71.295
  -1   -2      3.569     -0.251    -69.783
 162  157     -8.269      2.347    -61.252
  -1  244     -3.011     -1.961    -64.140
  83  136     -9.663     -6.379    -74.420
 167  169      9.326     -6.101    -70.579
 456  294     14.982      6.461    -64.786
 181  189      4.251     -7.644    -65.173
  -1  317     -8.923      0.132    -77.770
 265  277     -1.887     -6.057    -65.582
 800  424      8.845      2.204    -67.287
  86   -2     -1.184      8.840    -69.461
 595  152     -0.857     -6.680    -63.469
  65  149      5.929      7.525    -70.074
 205  194    -11.804      7.746    -68.971
 653  297     -9.946      4.569    -75.657
 166  103     -7.092     11.669    -66.872
 380  777      2.940     -8.123    -58.070
 377  101     -1.147      9.816    -74.053
 215  218      7.619    -10.317    -64.884
 158  762     -0.392      6.915    -72.912
 147  188     -4.866      5.787    -63.254
 255  214     -7.153      5.032    -62.040
  -1   -2      9.834     -8.686    -75.063
 225  180     -8.660      1.296    -60.861
  88  131      4.860     -0.850    -74.005
 211  446     -8.856      7.333    -67.232
 226  324      8.026      2.598    -69.914
 209  464      5.006    -11.942    -65.907
  -1   97     -8.754     10.238    -68.613
  -1   -2     -9.611      9.886    -74.918
 213  495     -7.746     -6.480    -71.863
 120  268      5.896      4.613    -65.233
 153  219     -3.531      4.744    -67.490
 278  196    -13.908     -5.082    -68.875
 208  115     -2.590     -0.022    -74.851
 182  178     -6.814     -0.406    -65.681
 323  346      7.000     -6.148    -73.106
 341  263      7.274     -4.372    -69.635
 101  269     13.322      1.442    -72.730
 171   35     -1.533     11.189    -66.283
  14  148     -4.678      6.741    -72.263
 156  394      0.826     -6.532    -69.316
 250  301     -7.358      5.273    -69.749
 185  442     -4.487      4.750    -69.463
 169  210     10.416     -3.280    -64.054
  -1   -2     -8.052      6.045    -60.089
  -1   83     -4.497    -10.746    -69.215
  -1   -2    -14.017     -8.530    -72.343
 480  123     -7.302    -11.584    -68.448
  54  209    -12.453      6.759    -72.586
 160  238    -15.220     -4.234    -71.638
  -1  258     17.961      4.262    -68.803
 539   -2    -13.638     12.573    -66.907
 138  533     -0.972      0.984    -64.880
 298  435     12.041      6.240    -75.174
 130  168      4.041     -0.342    -66.868
  74  177     13.935     -1.809    -71.398
 247   -2     -6.900     -5.231    -69.095
 100  761     -2.804    -10.738    -58.800
 557  519     -3.514     -1.199    -74.021
 252  650     -6.362     12.488    -67.743
 308  245     17.919      2.887    -70.782
 233  397      2.444    -12.118    -70.562
 107   37      4.217      9.572    -72.319
 535   89    -14.493    -11.246    -73.260
 306  400     -7.275     -5.122    -68.516
 152  295     -5.243      1.360    -63.115
 663   -2     12.485      9.552    -64.892
 154  512    -15.233     -6.960    -73.207
 212  247     -4.021     11.294    -74.569
  -1  413      2.053     -4.535    -61.766
 313  252    -15.838     -4.130    -72.281
 216  311     -7.213     -4.399    -67.539
 446  192      2.963     11.078    -72.918
  -1  235      5.652     -2.476    -73.359
  92   96     -0.478     -0.475    -67.122
 266  769      7.184     -8.623    -66.474
  -1  462      9.043     -2.300    -76.968
 411  266     15.825      8.282    -69.293
  -1  299      4.649     -0.485    -64.237
 297  251      8.827      5.579    -65.414
 229  279      5.258    -11.027    -65.071
 443  781      6.439    -11.858    -72.204
 643   93     -8.401      6.313    -71.194
 129  249      5.820     11.988    -71.988
 469  315     -8.250     12.260    -67.141
 263  288     15.822      1.396    -71.537
 684  242     -3.156      9.957    -65.754
 164  447     -1.494      1.423    -74.441
 718  234      2.791    -10.066    -64.764
  98  287      0.776     -2.845    -73.735
  40  476     14.712     -4.253    -73.755
 256  205      9.926      5.979    -62.988
 577   73     15.891      9.261    -72.277
  -1   -2    -12.562      2.270    -70.875
 184  203     10.042     -8.408    -68.901
 285  422      2.992     10.599    -65.799
  -1   -2     11.152     -7.331    -65.289
 492  257    -12.313     11.926    -66.179
 295  582     10.546     -0.523    -65.740
  -1  283      5.389    -10.279    -68.498
 275  231    -13.122      4.604    -68.120
 273  250      4.710    -11.102    -68.089
 232  284     11.113      9.135    -64.383
 364  267    -10.729     -9.642    -73.176
 108  572    -14.503      8.284    -71.991
 284  285      0.218      8.439    -64.490
 433  208      1.015     -1.680    -75.693
 187  282    -11.177     10.125    -65.177
 286  469     -0.845     -3.556    -64.836
  -1   -2     -3.303     -7.867    -77.841
  -1   -2    -13.846      5.987    -67.834
 274  309      8.049     -7.052    -65.476
  -1  274      3.666     10.174    -71.978
  -1  246     14.884     10.827    -68.318
  -1   -2      0.381     -7.844    -75.962
 283   80     -6.705      0.657    -71.644
 224  766     -5.129     -1.893    -75.321
 103  630      8.659      4.170    -67.104
 591   -2      6.868     -2.368    -75.628
 206  183    -10.329     11.176    -67.454
  -1   -2      0.339      5.874    -76.152
 648   75    -15.816      0.465    -71.845
  -1  185     -8.639     11.411    -64.015
 504  717      9.999      9.703    -77.244
 382  237      4.578     10.330    -76.580
 309  305     -8.821     -9.435    -62.570
 514  293     15.796     -2.759    -66.779
 245  566     13.417      4.478    -73.405
 326  154      3.137      9.903    -72.158
  -1   -2     -9.335     -1.239    -80.119
  -1   -2     -4.144      3.238    -62.585
  -1   -2     13.715     -0.500    -63.224
 173  382      6.496     -1.887    -72.770
  -1   -2     -9.040     -8.819    -61.331
 271  454      1.883    -11.376    -65.607
  -1  227     11.179      9.622    -69.455
 692  106      7.809     -1.586    -69.612
 302  140     -5.441    -11.462    -72.254
 622  797    -12.982    -10.583    -74.850
  -1  658      5.929     -1.197    -65.946
  -1   -2     -7.567     -0.903    -58.169
 345  773     -5.322    -10.702    -71.634
 337  619      3.788     -8.531    -73.844
  -1   -2     -6.315      8.407    -71.709
 324  736     12.393      2.987    -64.402
  -1  132    -14.206      8.323    -76.831
 336   -2     -5.591      9.584    -68.750
 315  432      8.611     -3.424    -64.941
 603  335      7.157     -0.867    -61.029
  -1   -2     11.996     -2.121    -62.421
 223  275     -0.199     -3.746    -65.427
 296  771      5.227     11.344    -72.391
 679  276     -2.145     -7.567    -76.158
 373  361     -8.720      6.809    -73.282
 330  286     -7.326     -6.016    -65.094
 246  265    -11.690      0.504    -72.979
  -1  248    -11.769     -4.304    -77.182
  -1   -2      0.703     10.592    -72.118
 310  336     15.341      8.646    -65.290
  -1   -2      8.354      6.097    -60.446
 294  102     12.035      2.862    -72.790
  -1  721     15.457      8.080    -63.031
  -1   -2     13.251      7.484    -75.035
 231  767     11.607     11.288    -74.244
 359  341     16.018     11.298    -66.543
 333  312    -14.171      2.731    -73.993
 353  347      6.637     -7.057    -67.553
 258   -2     -5.791      0.351    -74.857
 362   -2    -11.785    -11.126    -74.577
 790  332     10.809      1.285    -66.200
 640  313      0.479     -1.666    -75.615
  -1   -2      1.236      7.016    -59.952
 317  700    -13.734    -11.741    -74.256
 646  786      5.915     -6.650    -76.720
 342  688    -14.036      4.387    -71.355
  -1   -2      2.809    -10.236    -69.913
 813  416     15.756     -5.602    -72.005
  -1  170    -10.506     -6.764    -72.308
  -1  307     12.620     -2.547    -66.484
  62  224      3.192     -5.792    -69.007
 517  604    -13.766      7.420    -75.675
  -1   -2      9.757      3.867    -59.230
 737  352      8.645      3.055    -62.773
 356  322     12.637      8.653    -66.083
  -1   -2     -9.351      6.169    -71.027
 363   -2     14.867    -11.975    -73.229
 243  541     12.771     -6.287    -68.481
 165  763      9.299     -2.541    -71.372
 360   -2     15.815      5.383    -63.688
 361  775    -11.046     -8.233    -69.975
  -1   -2      1.849    -12.687    -72.818
  -1  260     -0.164     -2.773    -70.652
  -1  351     -8.977      5.121    -69.407
 329   -2     11.157     -8.831    -74.945
  -1   -2      8.311     -3.251    -69.120
  -1  677    -12.875      1.524    -78.150
  -1   -2      7.118      1.472    -63.493
  -1   -2     -9.407     -4.237    -71.495
 241    4     -7.877      2.328    -71.656
  -1  111      6.109      4.490    -71.273
 511   49      8.015      6.663    -71.260
  51   -2      9.059      8.283    -69.981
  -1   -2     -5.741     -3.726    -71.759
  -1   -2     14.600     -9.721    -67.748
 388  373     -0.292      4.166    -74.020
  -1   -2     -9.357     -8.327    -75.376
 407  193     15.622     -3.302    -72.726
 190  368      1.639      0.827    -71.259
 140   85      3.203     -8.706    -65.649
 124   94      6.764     -1.653    -65.900
 378   23      2.922     -4.953    -73.829
 102   74      6.556     -2.477    -66.620
  -1   -2     11.399     -7.774    -59.962
 376  367      7.632     -0.978    -68.669
 545  514      6.945     -3.086    -71.766
 405  418     -1.066    -12.140    -67.929
 444  362     -2.648     -2.100    -70.906
 201  376     -2.672      3.503    -66.203
 277  243      9.165      9.745    -72.672
  66   -2     -7.565      0.395    -66.058
 321  190     -5.988    -10.546    -72.296
 287   -2     -2.261      0.483    -72.035
 398  778      0.550      3.395    -73.521
  -1   -2     -2.753      5.914    -75.730
  -1   39     -3.182      5.205    -72.171
  82  171      3.106    -12.335    -68.737
  -1   -2     -6.994     -1.347    -64.718
 338  448     15.916     -9.784    -71.213
 420  292     13.393     -2.315    -74.603
 464   -2     -9.608     -6.718    -62.369
 396  160     10.664     -4.697    -65.374
 438  423     -4.315     -4.602    -59.840
 418  407     -4.017      8.551    -61.101
 459   -2      6.851      6.569    -63.831
 395  527     11.993     -4.393    -62.380
  -1   -2     11.319     -0.277    -81.827
  -1   -2    -10.714     -1.110    -62.335
 463  411     -6.215    -10.744    -63.843
  -1  525    -10.085      2.993    -75.269
 639    8     -4.261      6.611    -70.560
 106   -2     -8.434    -10.035    -69.777
  -1  443     -4.345      3.185    -66.666
  -1   -2      2.538      2.091    -67.742
  -1  436      7.347     -7.067    -61.893
  -1   -2     -8.261     -8.430    -64.766
 150  392     -9.814      2.656    -67.891
 522  428    -11.960      2.116    -62.714
 468  466     16.791     -4.427    -66.466
 506  384     -3.500      2.435    -73.069
 784   -2     -1.563     -7.715    -63.560
 451  374     -0.381     -0.885    -60.824
  -1   -2     -6.123     -7.218    -61.105
 262   58     -3.482      6.296    -65.645
  -1   -2      0.922     -6.376    -62.058
  -1   -2      2.891      6.747    -60.015
 267  197     13.842     -4.487    -72.683
 163  484      6.621     -8.292    -64.519
  -1   -2      3.806     -1.226    -60.563
  -1   -2    -11.047    -11.466    -69.115
  -1  444     13.961     -9.493    -64.693
  -1   -2     12.216     -9.993    -64.237
 113   -2     -3.635     -0.632    -65.498
 242   -2    -12.508     10.609    -65.256
 387   48      1.690      3.069    -71.043
  41  759     -4.578    -12.162    -70.072
 798   68      7.897      5.733    -67.461
  -1  372     -8.603      9.010    -63.357
  -1   -2     -2.272     10.929    -60.712
  -1   -2     -0.471     12.678    -64.266
 123   -2     -8.830     12.116    -66.948
 454  782      3.048      9.010    -64.342
 348   60      8.064      7.323    -72.050
  -1   -2      5.167      5.508    -63.225
 447   -2     -4.964     13.571    -61.444
  -1   -2     -8.095     -2.254    -58.795
 479  146    -14.288      7.827    -70.742
  -1  490    -10.238     -2.888    -60.673
  -1   -2     -8.950    -11.321    -65.522
  -1   -2      1.507     -7.214    -75.507
  -1   -2     -7.797      0.358    -54.252
  -1   -2      8.928     -9.196    -64.469
 413  779     -6.624      1.107    -63.396
  63  475     -7.444     -1.758    -64.122
 431   -2     -3.683     -2.105    -62.449
 412  271     -4.362     11.643    -63.353
  -1   -2      6.953     11.816    -60.683
 787  678     -5.613     -9.597    -73.967
 484   52     -9.941     -1.141    -62.266
  -1   -2     11.473     12.048    -66.226
  60  760     -4.074     12.704    -70.690
  -1  162      3.437     -1.570    -62.558
  -1   -2      3.959     -5.464    -57.212
 465  471    -10.689     -9.538    -61.049
 552  798     -6.733     -0.282    -66.804
  -1   -2      5.330     10.285    -74.506
  -1   -2    -10.097      1.176    -64.959
  -1  559      0.774      8.442    -72.629
  -1   -2     -2.143      1.946    -65.760
 471   -2     12.413      9.595    -60.886
 268   -2      8.003      7.806    -62.794
  -1  487     10.303     -4.578    -61.806
  -1   -2     15.051     -2.315    -60.008
  -1  290    -14.616      9.604    -67.716
 427  430     -3.416     -9.547    -67.202
  -1   -2      6.309     -5.627    -78.376
 276  770     11.183      8.248    -67.229
 682  787      9.903     10.904    -63.922
  -1   -2      1.768     -5.790    -58.463
 497   -2     -2.634     -3.614    -68.962
  -1   -2     -3.395     -2.121    -64.892
  -1  434     16.285     10.724    -72.132
  -1  150    -14.443    -10.201    -77.531
  -1  184    -14.813     -9.888    -73.143
 467  522     14.683     -8.992    -64.020
 579  784     17.621    -11.379    -68.007
  -1   -2     -2.885     -7.145    -55.402
 498  491    -15.827      5.867    -71.091
 159  408      1.243     -2.859    -67.870
 487  556     -8.683     -9.988    -61.410
 593  499     11.917    -12.981    -64.457
  -1  158     -6.437     -2.180    -61.911
  -1   -2    -13.799     11.710    -67.996
  -1  524     -9.286      4.409    -57.861
 542  261     12.390      5.738    -66.780
  -1  492    -14.674     -2.656    -67.185
  -1  298     14.506      1.038    -66.972
  -1   -2      7.798    -12.597    -76.740
  -1   44      1.462      9.708    -70.598
  -1   -2      7.791     -4.425    -60.403
  -1   -2      6.599     -2.034    -59.582
  -1   -2     -7.593    -12.215    -61.748
 495  518      6.673     -8.146    -63.286
  -1  468      8.217      9.761    -62.159
 515  585     10.269     10.144    -63.689
 426   -2     -5.230      4.104    -73.328
 658  420    -15.348      6.754    -74.268
 441   -2     -3.599     11.296    -65.395
  -1  450     -9.051     -9.736    -59.417
  -1   -2     17.171      7.433    -75.625
  -1  498     12.224    -10.695    -65.381
 198   -2    -11.765      1.904    -69.040
  -1   -2      9.446      4.678    -76.035
 822  795      6.217     -6.768    -71.544
 637   -2     15.557      5.966    -72.587
 518  578      8.286      2.038    -61.717
  -1   -2     -0.838    -10.174    -67.013
  -1  508     -4.423      2.938    -57.239
  -1   -2     -5.363     -9.741    -57.468
 314  228     15.772      5.640    -67.845
 239  100      1.321      1.985    -66.070
  -1  377     -1.443    -12.771    -69.708
 516  489     -4.168     -9.299    -61.610
 571  419     -2.750     -3.817    -70.906
 414  780      1.095      4.367    -72.395
 491  220      6.148      2.548    -74.430
  -1  339    -11.375     10.012    -69.789
 114   -2      5.793      1.603    -72.974
 218  211     -6.385      5.271    -68.379
  -1   -2     -1.773      4.337    -55.359
 477  278    -15.614     -8.311    -73.541
  -1   -2     -7.934     -3.916    -84.114
  -1   -2     -2.622      6.409    -55.894
  -1   -2     -1.040    -11.917    -59.428
  -1   -2     -8.292    -12.150    -76.283
 230  425     -7.859     -1.896    -60.222
 202  562     14.820     -6.521    -68.856
 485  639     13.104     10.465    -67.255
  -1   -2      2.436    -11.133    -70.891
  -1  457      2.847      2.293    -60.068
 472  544     -2.242    -12.790    -65.282
 227  674     -6.588      9.177    -75.792
  -1   -2     -5.984     -7.163    -75.316
  -1  497     18.753      5.281    -71.803
 645   -2     14.584      4.275    -65.129
 194  151     14.099      0.761    -71.035
 236  429    -11.375     -4.036    -60.696
 269  477    -13.314      2.070    -77.201
 586  503     11.887     -6.896    -65.131
  -1   -2    -13.391     -9.922    -62.733
 564   61      9.141     -1.694    -73.173
  -1   -2     10.661      5.211    -63.813
 351  588      8.623     -5.378    -73.920
  -1   -2     -6.457      5.475    -75.910
 804  303     14.065     -4.074    -74.405
  -1   -2      3.769    -10.880    -63.177
  -1   -2      4.603     -9.062    -76.528
 700  788     11.593    -12.488    -60.813
 307  697     12.462     -5.569    -74.265
  -1   -2     -1.819     -4.611    -80.317
  -1   -2     -5.865    -10.547    -58.444
  -1   -2     -2.701      9.966    -60.793
 509  594      0.879     10.649    -62.000
  -1   -2     -7.865     -6.748    -60.629
 508  561    -14.611     -3.206    -67.007
  -1  460     -6.163     -5.802    -66.740
  -1   -2      9.594     12.441    -61.710
 581  722     15.696    -10.235    -67.973
  -1   -2     -2.030      3.975    -58.037
  -1   -2     -0.752      6.960    -62.884
 149  241      7.327    -12.401    -70.179
  -1   -2     -6.397     -7.177    -61.132
 251  530     -9.480      7.337    -66.177
  -1  438    -11.977     -4.079    -63.326
  -1   -2     17.305      8.346    -70.787
  -1   -2     15.102      8.439    -76.602
  -1  636     10.388     10.363    -74.575
 694   -2      2.304     -8.419    -75.320
 624  542     17.457      9.748    -68.758
  -1  567      8.492    -12.958    -61.065
  -1   -2     13.839     -4.940    -65.087
  -1   -2     -5.593     -8.716    -87.749
  -1  631    -14.775     -9.030    -72.131
 589  327     11.354      3.553    -62.931
  -1   -2      4.690      9.619    -52.301
 523   -2      0.090     -9.392    -76.680
  -1   -2      1.081     13.475    -63.618
  -1   -2     -5.419     -5.158    -56.009
  -1   -2     12.036     10.793    -61.459
  -1   -2     16.646     -1.271    -71.859
 300  651    -10.629     12.831    -63.969
  -1   -2     -4.250      6.644    -55.913
  -1   -2     -9.086     -1.437    -53.038
  -1   -2     -0.439     -0.277    -58.603
  -1   -2     -8.920    -11.337    -84.661
  -1   -2     10.851     -9.992    -62.844
  -1   -2      5.388     -8.184    -67.969
 331  690     11.576      0.921    -63.522
  -1   -2      3.685      2.750    -63.777
 204   -2      2.207     11.514    -61.283
  -1  623     17.386     -7.097    -74.993
  -1   -2     -8.535     10.224    -78.308
  -1   -2      9.193     10.681    -72.517
  -1   -2      8.717      7.196    -52.082
  -1   -2    -13.516    -11.476    -77.513
  -1  540     11.246     -4.750    -65.626
  -1   -2      5.450    -12.608    -66.072
  -1   -2     15.846      0.793    -68.615
  -1   -2      3.197     -3.692    -62.293
 570  670     16.622      8.598    -71.250
 632   -2    -14.801      4.485    -69.413
 616  687     17.075     -8.680    -66.140
  -1   -2     -4.451      1.236    -76.430
  -1   -2     -1.851     11.329    -55.457
 483  591     11.540    -13.162    -70.864
 200  507     -7.012     12.006    -75.352
 580  710     -8.369     11.637    -76.283
  -1  664     12.446      4.731    -74.652
  -1   -2    -10.226      1.450    -72.676
 210  551     15.544      4.727    -71.328
  -1   -2      8.966     11.049    -73.538
  -1   -2     -7.241     10.645    -60.192
 328  799     15.171     12.141    -71.534
  -1   -2      0.969    -11.283    -60.900
  -1   -2    -11.463      0.617    -67.866
 742   -2     -2.930     -7.630    -68.133
 544  625    -13.546      4.504    -64.516
  -1   -2    -13.715      6.188    -70.015
 524  406      8.202     10.968    -72.431
 677  302    -13.967     -0.471    -70.100
 322  698     11.158     -6.841    -71.137
  -1   -2      9.353     10.769    -63.222
 561  328    -13.773      4.924    -65.556
 627  314    -15.838    -11.912    -75.355
  -1   -2      6.498     -4.799    -83.457
  -1   -2      3.900      7.080    -56.018
  -1  605     -3.894     -9.215    -72.945
  -1  656     -4.986      1.245    -73.437
 686   -2      9.885     -2.673    -66.639
  -1   -2     -8.273     11.102    -57.005
 537   -2      5.351      2.813    -65.022
  -1   -2    -10.032      7.456    -63.654
  -1   -2      1.040      5.886    -56.406
  -1   -2      5.987      9.172    -54.331
  -1   -2     13.223      8.188    -58.740
  -1   -2      7.801     -4.440    -55.382
 540  621      4.003    -12.723    -65.327
  -1  575     -4.601     -3.945    -63.457
  -1   -2    -11.764    -12.699    -66.405
  -1  671      0.358      6.676    -65.677
  -1   -2     -0.460     -7.526    -58.315
  -1   -2     16.554     -7.753    -65.559
  -1  532     -9.557      7.847    -64.633
 642   -2      2.716    -11.495    -60.417
  -1   -2     -2.376      6.661    -67.353
  -1   -2      7.092     10.251    -71.836
  -1   -2      9.470     -6.111    -60.545
  -1   -2     -0.360     12.511    -70.466
  -1   -2     -2.172     -2.052    -57.016
 357  742     -3.762      7.931    -66.909
 240  212      3.631      7.159    -66.403
  -1   -2      3.205      0.836    -62.076
  -1   -2      0.253      1.495    -58.657
 347  774     -7.680      7.737    -75.080
 657  640    -14.278     -3.548    -66.605
  -1   -2     11.360    -12.237    -73.671
  -1   -2     -1.485     -5.283    -67.285
 335   -2      5.414     -0.756    -65.165
  -1   -2     -9.152      3.919    -67.604
  -1   -2     -2.378     10.980    -82.905
  -1   -2     -2.001     -9.261    -56.097
  -1   -2     12.000     11.825    -76.311
  -1   -2     15.330     -9.882    -74.314
  -1   -2     -8.774      8.354    -81.358
 299  772     15.781     11.538    -72.461
 282   -2     -3.662     -6.279    -67.420
  -1   -2     -9.305     10.127    -75.589
  -1  602     15.365    -12.329    -68.497
  -1   -2    -14.011     10.705    -65.947
  -1   -2     13.427     -4.288    -71.767
  -1   -2      7.548      2.412    -63.401
  -1   -2     -5.115      7.519    -60.602
  -1   -2     -5.049     -0.877    -75.376
  -1   -2    -13.183     10.080    -63.896
  -1   -2     -2.280      2.243    -54.740
  -1  306     -1.275      7.762    -68.202
 281   -2    -11.434      6.482    -64.525
 576  226      8.486    -12.398    -64.822
 264  800     11.449     -1.075    -70.569
  -1   -2     14.124    -10.446    -64.183
  -1   -2      6.411     -4.262    -76.661
  -1   -2     -6.414     -8.868    -59.860
  -1   -2     -9.161     -7.729    -58.821
  -1   -2    -13.169      2.046    -77.967
  -1   -2     17.016     -4.966    -73.799
  -1  354      4.957     12.480    -66.848
  -1   -2      5.802    -10.900    -76.017
  -1   -2      4.308      5.117    -56.072
  -1   -2     11.807    -10.522    -62.221
  -1   -2     17.497     -4.030    -69.732
  -1   -2      2.562    -12.047    -74.617
  -1   -2     -4.996      7.241    -72.359
  -1   -2      2.281     -7.741    -69.006
  -1   -2     -3.828      1.622    -65.651
  -1   -2      6.162      4.644    -54.912
  -1   -2     -7.874      0.220    -77.217
 219  661     -5.417      8.322    -77.074
  -1   -2    -12.024     -6.121    -84.260
  -1   -2     15.725     -8.812    -69.363
  -1   -2      8.177      9.902    -60.436
  -1   -2    -10.689      2.418    -59.442
  -1   -2     14.491     -8.260    -87.186
  -1   -2      9.916      9.360    -56.746
 729   -2     -8.095     -8.945    -69.266
  -1   -2      8.369     -7.263    -74.259
  -1   -2     10.563      4.950    -65.552
  -1   -2      5.826     12.202    -72.387
  -1   -2     13.397      5.623    -74.332
  -1   -2    -11.606      2.702    -74.643
  -1   -2      1.745     -7.891    -75.581
 293   -2     -2.988      2.289    -60.979
 578   -2     -8.906      5.776    -58.510
  -1   -2     -3.497      0.957    -75.525
  -1   -2     -1.989     -9.025    -62.526
  -1   -2     -4.926     -8.919    -84.132
  -1   -2      5.226      3.678    -86.715
  -1   -2     -8.410    -12.241    -68.063
  -1   -2     13.477      7.078    -80.779
  -1   -2     -6.811     -6.441    -77.305
  -1   -2     -3.742      4.155    -60.816
  -1   -2      5.240      3.584    -66.601
  -1   -2    -10.505      0.206    -67.910
  -1   -2     10.692      7.973    -81.395
  -1   -2     11.188     11.377    -71.702
  -1   -2      5.838     -7.837    -54.081
 249  768      4.574     -6.812    -73.194
  -1   -2      6.180     -5.810    -83.943
  -1   -2     -7.014     11.181    -60.905
  -1  707    -13.647      7.481    -74.782
  -1   -2     -3.426     -4.804    -81.697
  -1   -2     12.799     -5.016    -76.526
  -1   -2     -6.584      8.466    -87.722
  -1   -2     10.281     10.251    -86.066
  -1   -2     -2.539      0.221    -82.493
  -1   -2     15.008      8.981    -76.514
  -1  330      3.598     -4.125    -67.543
  -1   -2     -8.008     -7.627    -74.626
  -1   -2      8.993      8.148    -57.791
  -1   -2     -4.586     -2.439    -82.656
  -1   -2     -9.627    -10.320    -74.113
  -1   -2    -13.627     -0.340    -69.466
  -1  695     16.224    -12.619    -68.822
  -1   -2     -5.385     12.131    -68.293
  -1   -2      3.688     -1.679    -77.459
  -1   -2    -10.331    -11.740    -69.102
  -1   -2     -9.221      9.484    -59.191
  -1   -2     13.929      1.564    -64.544
  -1   -2      8.966      3.559    -71.644
  -1   -2    -14.864      0.557    -72.034
  -1   -2     -2.586     -4.726    -54.665
  -1   -2      9.173     -5.608    -65.715
  -1   -2     10.448    -10.915    -61.245
  -1   -2    -10.951     11.959    -76.404
  -1   -2     -8.863      7.525    -58.581
  -1   -2     17.378      2.826    -71.753
  -1   -2     12.720     -7.390    -68.402
  -1   -2     10.166     10.004    -59.500
  -1   -2      4.865      2.024    -66.828
  -1   -2     -6.876      1.691    -63.491
  -1   -2      6.103    -13.043    -63.407
  -1   -2     11.559      4.264    -55.613
  -1   -2    -13.071     -7.224    -65.288
  -1   -2     -1.726     -4.023    -78.552
  37   53     -4.258      2.690    -69.091
 442   -2     -5.563      7.726    -63.201
 435   28     -8.263      9.580    -69.966
 424  135     -3.731     -1.233    -69.935
 248   -2      0.741     -3.904    -76.038
 419  173      8.704     -9.498    -65.259
 117   -2     -2.299     10.057    -60.263
 466  281      9.231    -10.973    -67.567
 529   -2      7.980     -9.849    -66.782
 139   -2     -4.247      6.320    -77.900
  78   -2      0.830    -10.782    -62.252
 789   -2      2.252     11.900    -76.327
 192   -2     -3.067     -6.077    -77.611
 590  370     -7.944     12.109    -62.632
 339   -2     15.153      7.160    -64.125
 795  790     -7.615    -10.871    -67.302
 332  705     17.752      3.796    -71.218
 783   -2     -2.718      4.672    -73.725
 386   -2    -11.534     -4.385    -75.376
 608  694    -10.727     -3.778    -75.664
 457  783    -12.987    -10.520    -69.966
 788   -2      2.617     -3.542    -75.812
 179  764      5.146     -2.370    -70.061
 786  338      9.263      6.113    -64.585
 474   -2      0.375     -6.153    -60.351
 634   -2     12.126      5.652    -76.851
 676   -2     -3.670     13.075    -64.822
 626  785     10.500      2.737    -76.468
 816  793     -5.171     -2.047    -69.428
 494   -2      8.596      3.972    -56.946
 802   -2      6.484      9.707    -75.574
 486   -2      3.861      7.777    -73.570
 796  791     16.797     11.799    -67.959
 818   -2     -7.773     11.222    -67.413
 304  565    -12.676     -0.247    -71.695
 791   -2     11.834      0.629    -77.154
 629   -2     14.181     -5.089    -65.600
 745  789     -6.063     -9.760    -66.776
 755  666     -6.154      2.340    -66.482
 352   -2     11.538      9.427    -69.184
  -1   -2      8.226     11.083    -72.507
 815  792     -2.615     -1.047    -68.755
 819  794     14.550     -3.202    -75.151
 122   -2      4.729     -1.081    -64.575
 430   33    -11.983      0.793    -72.031
 473  222      6.919     -8.938    -67.833
 538   -2     -5.702     13.504    -66.668
 734  321      6.353     -9.683    -71.343
 823  801     -9.209    -10.236    -67.716
 824   -2     -5.808     -9.375    -70.685
 543   -2     15.350      9.206    -65.577
 830   -2     -3.458      9.733    -75.045
