848
   0    1      2.262      6.612    -70.459
   9    4     -9.608      3.623    -71.412
  27    3     -5.610     -0.903    -71.409
   3   12    -10.288      6.660    -70.922
  91    0     -7.627     -2.242    -73.031
   2  411      4.941     -3.918    -70.482
  53    8     -3.423    -10.307    -71.605
   1   38     -4.813      3.803    -73.920
  -1   26     -2.454     -3.698    -75.450
  39   15      3.611     12.029    -71.684
  23   10      4.457      1.864    -70.445
  14  139     -7.298      5.465    -71.163
  24   11      3.197     -5.415    -72.803
 139   22     -4.238     -2.913    -74.645
  70   28     12.184      5.548    -69.931
 412   17     -0.508     -8.154    -74.349
  13  116      4.091     -2.023    -72.905
 120   37     -4.338     -9.015    -72.042
 126    9     -6.043      3.638    -70.021
 503   30      1.098     -5.813    -75.972
  49    2    -14.493     -3.845    -74.786
 808  196     -1.312     -7.943    -71.421
  30  562      0.236      6.304    -74.031
  32   24      1.137      3.721    -67.273
   5   27      3.738      8.742    -70.160
   6   14      4.317      9.063    -69.820
  38    6     -0.139      9.424    -74.216
  64   -2     -8.256      8.165    -73.119
  68   13     -2.830      4.087    -69.172
  51   36     -2.001      4.284    -69.422
  25   25     -5.003      3.209    -69.513
  75   59     -6.254     10.310    -69.842
  -1   -2     16.597     -4.420    -72.833
  84   29      4.960     -2.482    -74.589
 142  186     -5.413     10.822    -74.399
 407   -2      1.862     -4.243    -71.604
  20  177      8.248     -1.295    -71.602
  -1  114      8.833      6.491    -73.375
  12  137     -4.439      8.798    -68.965
  17    7      6.713     11.647    -71.007
 175   87      5.238      9.282    -70.795
 220  419    -11.592     10.281    -74.719
 806  436     -4.901     12.184    -68.681
  29  110     -1.678      8.735    -68.764
 423  129     -3.193      8.148    -68.993
  36   16     -0.891     -2.886    -71.933
  33   99      1.374     11.317    -67.893
  44   39     -5.014     -8.834    -71.103
 116   42      7.668      4.625    -68.738
 124  205     -9.552      3.674    -68.789
 414   31     -4.586      9.512    -68.166
  55   43      4.670      1.108    -65.485
  48   34     12.253      1.156    -68.954
  63   47      4.867     -0.642    -65.457
  26  184     -7.180      9.301    -73.032
  22  347      0.886      5.235    -67.767
 164   33     13.526      2.549    -69.181
  -1   -2      3.476      4.530    -62.426
 445   18    -11.481     -5.685    -70.055
  41  142      7.671      9.577    -69.113
  59   52      5.472      0.980    -66.795
  18   85     10.954      2.919    -71.698
  28   -2      0.933     -4.702    -70.342
 529  111     -3.546     10.610    -73.973
  60   67     -4.176     -0.069    -64.682
  88  150     -2.074      9.792    -70.310
 104   78     -7.708     12.063    -70.134
  79  119      1.821     11.826    -67.716
  50  166     -8.537     -6.002    -70.002
  66   41     -6.972     12.249    -66.509
 460  414     -8.311     -9.730    -66.646
 123  180     11.316      9.347    -66.325
  81  429    -11.810     -3.093    -68.010
  58  146     -9.262      4.226    -65.958
  43   96     -7.231     -3.979    -69.860
  69   68      2.441      5.863    -63.243
 141   48     11.748     -3.948    -69.851
  11  106      6.655      2.667    -73.786
  46  105    -12.410    -10.519    -72.529
  45   46     -5.857     12.127    -67.135
   4    5     -0.061      1.426    -72.036
  67   55    -12.505      1.973    -69.561
  -1  131    -11.224      2.555    -62.244
  52  803     -2.435     -5.713    -70.084
 490  135     -8.812     12.479    -62.881
 157  136      7.202      0.029    -66.362
 253   79      8.811     12.389    -67.500
  89  165     -5.622     -8.835    -71.738
  71  160    -10.360     -3.777    -71.109
  61   72      6.716     -6.741    -69.156
 114   49      4.432      9.857    -66.538
 261  226      5.069      9.770    -71.717
  -1   -2      0.979     -6.834    -71.353
 828  127      3.908     -8.430    -68.912
 213   51     -3.439     -3.348    -65.785
 214  327      3.850    -12.788    -70.150
 108   89      9.047     -8.451    -67.969
  35  162     -9.584      7.343    -72.103
 462  152      7.935      5.529    -68.111
 411  423     -4.068      9.555    -64.589
 230  418    -12.177      9.561    -70.113
  -1  191     -9.978      4.976    -67.271
 140  126     -6.827     10.199    -62.725
  76   91      0.250      1.440    -65.891
  54  591      8.080     12.821    -69.278
  86  236      1.230     -0.053    -66.070
  94  103      6.135     -2.021    -65.728
  -1   -2     11.396     -6.810    -70.433
  95   84     -9.930     -2.051    -64.505
 415   93    -11.418     -0.017    -66.097
 251  138      4.429      3.493    -72.808
 807   -2      5.912     11.568    -70.089
 103   76     10.943      3.753    -65.603
 150  112     -1.092    -10.627    -68.119
 550  189    -10.242    -11.950    -70.925
 143   64      7.729      9.553    -64.952
 198   74     -3.963      1.107    -67.165
 805   -2     -4.469     -5.963    -71.917
  82  348     -6.978      7.827    -66.768
 135  178     16.668      7.027    -67.906
  -1   -2      3.316    -11.763    -69.760
 118  130     -9.241      9.817    -63.590
 130  122     -9.251      1.156    -65.222
 191  134    -11.083     10.551    -70.589
 396   35      3.394     -0.708    -76.888
  73   71     13.906      4.951    -67.139
 227   63    -12.448     -7.423    -70.129
  -1   -2     -5.933      7.854    -76.774
 325  288      0.642      8.092    -65.822
  37  593      6.683     -1.271    -70.364
 172   -2      6.696     -5.411    -68.963
 481  109     -6.896      3.290    -60.770
  -1  228      4.278    -12.332    -70.165
  72   92    -11.547     -8.563    -71.822
 119  443     -7.648     -9.977    -69.669
 115  232     -0.601     -5.639    -68.138
 520  271     12.688     12.181    -72.347
 573  824     -9.677      3.414    -76.334
 102  218     -4.787     -6.857    -65.332
 209  642     11.900      3.824    -71.439
 439  133      3.286     -0.389    -68.543
 513   -2      9.205     -1.170    -65.461
 278  336     -7.687      9.521    -71.655
 136  313      7.777     -5.271    -72.758
  -1   -2     -1.264      0.383    -63.764
 190  202     17.329      0.976    -69.212
 830  843     -9.839     11.731    -61.104
 216  225     -7.219      7.654    -62.928
  -1  307     -9.374    -10.267    -66.089
  93  170      9.893      8.375    -67.665
 162  323    -13.160     -3.957    -70.087
 145  113      4.979    -11.387    -67.985
 151  446     -7.576     -1.099    -70.208
 202   -2      3.655      1.390    -64.493
 176  208     14.818     -8.503    -70.040
 149  172      1.171     -1.065    -65.450
 161  806     11.567     -7.183    -68.649
 850  222      4.412     10.856    -70.413
  -1  219      4.340      3.768    -67.057
 295  213     -7.724     -3.447    -75.133
  99  185     -1.447      6.822    -61.856
 156  194    -14.585     -5.512    -69.606
 186  125    -10.367      0.943    -66.448
 499  144     13.517      0.526    -67.423
 450  197     15.812     10.103    -68.458
 218  214      3.950     -0.809    -63.730
 249   -2     13.290     -9.332    -73.370
 100  104     10.977      7.214    -72.465
  -1  273     -4.501     -4.490    -71.724
 160  190     -0.500      2.157    -65.981
 113  625     10.307      2.975    -71.127
 442  467     16.071      4.190    -72.749
 199  807     -3.941    -12.448    -67.302
 538  128    -12.652     -1.318    -69.724
  -1   45    -12.067      6.368    -72.752
 117  230     -2.229      9.482    -66.747
 222  253     -9.829     -4.139    -68.455
 152  155    -14.470      4.947    -75.079
  16  121      0.923      6.367    -74.483
 262   73      1.169     -8.056    -69.441
 201  211     -5.842      4.908    -65.112
  87  227      3.822     -6.483    -65.837
  -1  198      1.609      7.768    -70.309
 330   97    -14.380     -2.993    -71.448
 409   -2     -4.969     -3.523    -74.625
 247  811     11.893      6.739    -68.647
  -1   -2    -10.966     -0.053    -62.563
 173  101     -2.279      4.207    -74.900
  40  143     -0.826     -0.508    -71.768
 234  244      0.134     -0.735    -66.600
  98  158      5.790     -0.191    -72.241
 417  159      5.812     -8.516    -67.433
 112  132    -11.985      7.525    -69.330
 515   57     12.302     10.895    -74.238
 238  176      7.879      1.081    -64.857
 226  239      9.625     -9.454    -68.537
  42  182      7.938    -11.346    -68.304
 272   -2      2.968      9.073    -65.093
 231  167      3.752    -12.384    -65.960
 290  331     -2.166      4.156    -60.493
 146  174      9.883    -11.128    -67.794
 820  349     -9.085     11.551    -68.253
 195  461      6.755     -4.452    -67.226
 128  521     -5.916      3.723    -71.415
 856  258      1.912     -0.581    -74.100
 281  240    -12.399     -0.201    -68.068
 466  188      9.366      9.633    -66.286
  -1   -2     -3.340     -3.569    -74.339
 569  286    -13.679      8.320    -69.334
  -1   -2     -9.297    -12.073    -71.892
 815   -2     -7.097     -3.137    -71.923
 179  284      8.354     11.785    -64.805
 232  476    -10.378      3.361    -61.786
 205  281     11.078      5.059    -63.349
 203  548    -14.372      6.087    -70.243
 301  815      6.931     -3.328    -61.982
  -1   -2     -3.729      9.597    -62.680
  -1   -2     -6.242     -1.568    -63.764
 236  200     16.721     -0.738    -68.014
 106  270      1.095     -8.668    -62.083
 263  515     14.039     -8.232    -69.399
  -1   -2     -6.809     -7.424    -73.201
 178  234     13.308     -1.152    -74.300
 388  309     -2.855      2.727    -69.636
 185   -2      0.511     -5.526    -62.190
 844  210      2.142     -8.515    -72.373
 254  254      2.526     12.585    -64.890
  -1  169      5.290     11.688    -66.174
 400  195     -7.804      8.290    -75.121
 257   -2     -6.553     -0.404    -70.035
 211  241      1.765     12.930    -65.608
 501  192      3.266     -9.614    -64.978
 418  287      9.106     -4.511    -73.656
 174  378      0.822    -11.987    -68.921
 307  341     12.692      7.827    -71.098
  -1   -2     -0.112     -7.178    -62.446
 217  248     10.023      2.448    -75.120
 292  260      5.057     -4.925    -66.805
 358  295    -10.610     -3.283    -73.561
 313  816     -2.874     12.380    -62.416
  -1   -2      7.451     -4.500    -69.685
 685  164     11.947      3.613    -67.070
 252  268      8.631      8.020    -75.847
 239  212     -5.759      8.953    -61.455
 267  365    -13.045    -11.699    -67.687
 170   80    -10.545     -2.189    -71.311
 144   -2     -9.796      1.596    -71.201
 855  594    -14.820     -8.918    -70.603
 351  264    -12.728     -6.833    -66.776
  -1   -2    -10.755     12.853    -63.605
 809  448     -3.942      2.081    -72.593
 315  409     12.102     -7.650    -69.324
 500  713      5.273     -8.289    -61.628
  -1   -2      4.538     -7.212    -64.440
 834   21    -14.733    -10.422    -72.000
  -1  179     -7.830     -7.230    -71.034
 327  141     -6.664     -5.001    -70.527
 204   88    -12.179      6.255    -71.164
 268  388    -11.111     -1.039    -69.040
 296   -2     14.653      7.353    -66.058
 193   53     -8.950      7.357    -71.614
 200  203     14.965      4.147    -68.284
 248  583     -8.208      2.443    -75.567
 215   -2      0.090     12.504    -66.555
 168  527     -2.574     10.971    -68.906
  -1  269      5.531     10.416    -63.733
 206  237     -3.229      9.106    -64.092
 441  123     14.946     -1.090    -69.183
  -1   -2      3.025      6.185    -57.741
 250  207    -10.140      9.781    -64.773
 392  209      3.655      1.359    -70.203
 405  406     10.169     -5.850    -67.249
 223  808     -4.256      1.276    -61.616
 107  153     -8.319      6.398    -66.014
 240  272     15.023    -10.753    -69.278
  -1   -2     13.055      6.230    -64.239
  77   40    -15.808     -3.286    -73.045
 158  498     -8.050      8.713    -64.125
 314  320      6.398      2.935    -62.415
 360  328     -0.871      3.676    -64.560
  -1   70      1.590     -2.781    -74.765
 163  568     -1.905    -11.825    -66.313
  -1   -2    -11.610    -10.762    -79.017
  -1  224     10.703     -5.545    -66.520
  -1   65      8.834      1.954    -70.188
 266  631     -4.300      4.268    -74.976
  -1  382    -11.489     -7.893    -73.300
 154   60      2.389      1.353    -66.898
 280  375     10.355    -11.631    -71.257
 243  508     -2.172     -1.333    -75.144
  -1   -2    -10.205     -6.300    -61.155
 188   -2      8.890      9.071    -65.570
  -1  259    -13.947     -9.152    -76.870
 302  173     -8.580      3.966    -74.281
 293  221    -11.209      4.628    -67.744
  -1   -2    -12.855     12.314    -68.345
  -1  361      8.287     10.790    -65.532
 468  117     -5.307      5.215    -71.990
 269  813    -12.659    -10.787    -69.292
 688  684    -11.836     -6.860    -73.947
 225  598    -13.190      6.600    -70.988
  85  277     16.978     10.481    -69.889
 642  367    -11.483     -4.902    -71.083
  -1   -2      1.686     -1.813    -77.208
 537  533     -1.434    -12.507    -68.077
 237  303      9.033    -10.801    -70.376
  -1   -2     10.512     -2.145    -70.826
 364  279     17.200     -1.791    -69.323
 369  362     14.166      2.357    -69.558
  -1   -2     -7.454    -10.978    -67.120
 298  282     13.300     -1.758    -68.640
 671   -2     -2.535     -8.755    -75.167
  -1   -2     10.178     -1.494    -62.683
  -1  261     10.045     -3.460    -62.557
 279  335      8.619     -5.651    -71.240
 571  344     -7.090     11.883    -73.763
 271  346     16.085     -1.492    -67.877
 449  668      2.752      9.191    -61.879
  -1   -2     10.561      7.771    -69.834
  -1  360      9.878    -10.153    -65.155
 197  654      5.886     -5.837    -68.390
 332  680      8.810      5.262    -76.063
 246  267     10.639     -4.812    -68.862
 497   -2     -4.328     -3.605    -71.585
 345  398     -5.939      4.384    -73.091
 167  345     -3.683     -0.977    -61.574
 286  145     -5.848      6.600    -74.462
  -1  542     -5.286     -8.919    -77.681
 282  357     13.651      3.889    -67.996
  -1  314     12.074     -7.228    -70.594
 258  249      9.362     -1.911    -68.034
  -1   -2     -8.585      0.429    -66.619
 346  326    -12.500      1.729    -63.656
  -1   -2     10.483     -7.106    -69.589
  -1  151      8.453      2.038    -69.899
 323  262      2.152      9.068    -77.005
 852   77      7.844      0.124    -64.006
  -1   -2     -9.753     -7.457    -73.520
  -1   -2     -2.096    -11.784    -68.315
 264  293     -5.882      3.371    -62.141
  -1   -2     -8.790      1.757    -75.260
  -1   -2     -5.227     -6.165    -74.953
 517  661     -0.706     -3.250    -57.077
 378  379     -2.067     -1.973    -70.649
  -1  242     14.359     -0.411    -67.096
 196  426     -7.348     -9.198    -70.304
  -1   -2      4.865     -9.799    -57.175
 371  342      5.031     10.669    -67.882
 593  358      2.728     -3.527    -71.083
  -1  351     -0.033    -11.310    -75.081
  -1  306      6.880      9.294    -62.491
 359  329    -11.777      0.763    -71.490
 509   -2    -12.704      7.507    -62.445
 283  302     -2.003     -0.509    -73.812
 380  330     10.381    -10.698    -65.752
 306  780     -4.947      6.887    -70.126
 317   90     12.938      6.763    -70.093
 698  280      7.074    -10.255    -69.711
 321  601     15.682     10.884    -70.288
 495  247     15.721      1.692    -71.957
  -1   -2      6.291      9.149    -55.975
  -1   -2    -11.560    -10.542    -73.450
 521  402     -0.557     -6.391    -74.778
 311  319      0.265      7.355    -67.314
  -1   -2      1.443      5.204    -54.165
 659  487    -13.695     -9.970    -68.283
 357  620     -2.517      6.371    -71.234
 626  364      8.801    -10.825    -72.123
  -1  677      0.443     -5.651    -68.852
 648  266      0.913     -0.653    -60.327
  -1   -2      8.492      0.900    -74.548
 823  767    -10.254      1.931    -77.294
 788   -2    -13.105     -1.249    -77.201
 356  599     10.454      9.508    -67.030
  -1   -2      3.035      5.125    -78.244
  -1   -2    -15.115      6.755    -71.935
 334  592     10.254     -1.523    -65.086
 543  317     16.404     11.101    -68.169
  -1   -2     -6.381     -8.135    -63.020
 374  708    -14.161      3.286    -67.934
  -1   -2     -6.875     -5.029    -63.427
  -1   -2      9.253     -4.787    -71.332
  -1   -2     -6.769     -3.320    -60.432
  -1   -2     -6.849     -3.792    -56.072
 333   -2     12.772     10.223    -67.422
 375  324     10.569      8.038    -64.243
  -1   -2      1.184      0.871    -71.149
  -1   -2      2.655     -2.723    -77.251
 576  350     15.397      8.051    -66.631
 365  366      4.220      9.197    -66.184
  -1   -2     -7.837     -1.674    -65.681
 858  397     -2.353      1.440    -66.289
  -1   -2    -14.122      2.111    -75.810
  -1  338     -7.187     -7.622    -67.077
  -1   -2      1.715    -12.586    -65.486
 678  714    -12.701      7.077    -68.630
 265  812     11.883     -0.759    -74.217
 596  827    -10.397     11.294    -72.015
  -1   -2    -12.555     11.743    -63.656
  -1   -2     -0.014    -12.605    -67.487
  -1  380     12.228      6.432    -63.254
  65  410     -5.218      0.996    -70.940
 393  481      2.773      4.782    -68.894
 177  148      4.411      6.780    -75.285
 395  431     -1.454      5.946    -69.163
 700  836      3.327      4.338    -66.887
  -1   -2      6.493      9.559    -74.689
  -1   -2     -6.405     -0.885    -70.712
 138  804     -8.912     -4.184    -65.526
 192  844    -13.897     -5.411    -74.105
 121   81     -1.413     -1.614    -66.898
  -1   61      6.591      7.744    -66.107
 525  377    -14.064     -2.570    -78.040
  -1  449     -9.480     -9.237    -58.261
 422   82    -11.985     11.784    -73.575
 426   58     -6.023     -1.372    -65.569
 402   94      7.579    -11.669    -69.199
 416  519      8.480      7.993    -66.342
 406  482      7.222    -10.791    -73.413
  -1   -2     -0.399     -7.065    -70.119
  21  416      6.269    -10.756    -73.822
  19  441     -4.224     -8.391    -73.697
  -1   -2      8.049     -2.654    -77.679
  -1   -2      3.458      1.254    -62.113
 413  422      5.899     -2.013    -72.517
 453   -2      0.299     -5.881    -75.710
  -1   -2      3.703     -4.499    -61.743
  10   -2     -3.673     -8.593    -73.079
   7  193     -5.354     -2.749    -72.831
 134   44     -0.951     10.081    -66.517
 811  107     -0.758      8.660    -67.379
 147  445      2.687    -10.062    -64.869
  -1   -2      9.014     -2.343    -70.862
  -1   -2      7.791    -12.623    -73.975
  -1   -2      9.992     11.804    -59.704
  -1  696     -6.958      3.762    -72.249
  -1   -2      0.916      3.938    -62.788
  -1   -2      8.521     12.170    -72.653
  74   -2     -3.604     -7.274    -69.149
  -1   -2     -5.881     -1.887    -62.033
  -1   56     -0.739      3.370    -60.655
 153  171    -10.357      3.400    -66.228
 592  618     14.789     -7.737    -70.983
 476  483      8.465      5.750    -64.835
  -1   -2     -5.459     -5.202    -71.421
 122  175     -0.600      7.817    -74.000
  -1   -2     -7.440     -6.988    -61.500
 539   -2    -10.384     -6.685    -69.669
 826  115     -0.843     -0.902    -63.486
  80  438     -5.317     -4.002    -68.341
 456  444     16.526     -4.873    -64.774
 353  322      6.028     -3.101    -74.269
  92  235      6.173     11.929    -70.816
 189   19    -10.868     -7.682    -71.856
  -1   -2     -7.437     -8.894    -62.792
  -1   -2      4.471     -3.670    -56.316
 111  420      5.441     10.921    -67.809
  -1   -2     15.359      2.676    -68.518
  -1  163      0.913     -9.255    -64.207
 446  471      8.362    -12.049    -67.765
 425  577     12.613     -3.489    -64.711
 435  477     -9.931      4.170    -66.242
 297  516     12.205     -8.651    -73.745
 235  243    -15.729     -8.510    -72.983
  -1  453    -11.521    -11.963    -66.435
  -1   -2     -7.193     -8.262    -63.906
 447  140     -0.014      2.961    -60.028
  -1   -2     -7.222     -6.163    -64.712
  -1   -2     -7.106     -9.262    -65.681
  -1   -2     -3.010      5.349    -75.973
  -1  463     -7.777     -3.276    -59.746
  -1  484    -10.973      0.835    -75.980
  -1   -2      0.605     -7.089    -74.854
  -1   -2     -6.160     -8.034    -77.225
  -1   -2     -5.820     -1.251    -58.865
  -1   -2    -11.614    -12.158    -71.649
 670   -2     -4.361     -1.829    -75.618
 127  455     12.955     -2.780    -67.858
 403  251     13.203      5.580    -74.845
 459  183    -12.601     11.005    -66.421
  -1  430      8.670     -1.631    -63.725
 166  605     -8.262      9.304    -75.432
 488  447    -10.741     -3.230    -62.669
 560  475     14.025    -13.183    -66.286
 586  622      2.741     11.185    -59.000
  -1  478     -8.600    -12.919    -66.519
  -1   83      0.070      9.336    -63.353
 511  297      5.931     -6.197    -70.577
 159  805     13.743     -1.382    -67.421
 542  552    -13.298      1.982    -77.987
  -1   -2      1.595    -10.819    -71.972
  -1   -2      5.369      0.244    -76.918
 469  510     -4.077     -9.355    -60.807
  -1   -2      4.209     -6.961    -74.340
 602  490     13.358    -11.438    -65.910
 557  822     -6.479     -4.390    -75.255
 133   -2     -8.202     -3.913    -65.417
 829  488      9.495    -11.968    -66.169
   8  802    -11.836     -4.829    -75.291
 294  814     10.228     -6.898    -63.694
  -1   -2     -8.635     -7.177    -64.727
 463  523    -12.339      5.914    -63.757
  -1   -2    -11.327     -4.635    -63.692
 478  518    -11.651      8.163    -64.916
 506  514     17.646     -0.201    -72.823
 471   -2     13.216     -0.282    -62.140
 208  512     -9.996     -6.265    -69.318
 465  820     18.047    -12.364    -70.513
 510  556     17.612    -10.806    -65.510
 436  459     14.146     -8.792    -65.403
 475  275     13.217      3.235    -68.614
  -1  534     -9.049    -10.156    -66.789
  -1   -2     -4.750      4.553    -56.958
 370  156     -9.128     -2.548    -74.637
 498  337     -9.385     10.699    -59.408
 347   -2      2.459      3.554    -75.171
  -1   -2    -13.593     -9.144    -68.032
 373   -2    -13.641     -1.640    -72.381
 137  292     -0.008     -9.529    -65.970
 472  480     -5.952      8.448    -70.627
  -1   -2     -7.683     -7.994    -77.643
 568   -2     -5.812     -0.680    -61.196
  -1  312    -15.215     -4.700    -76.047
 753  278     -8.671      3.878    -76.072
  -1  501     14.901     11.856    -66.410
 502  546     12.778      9.993    -64.034
 132  238     -8.665      0.332    -63.625
 494  667     -6.428    -11.533    -74.696
  -1   -2      1.033      0.649    -53.662
 316  220      9.794     -1.384    -74.268
  -1   -2     -0.380    -10.048    -54.982
 564  554    -13.653     11.798    -66.057
 289   -2      5.700     -5.984    -63.097
  -1   -2    -10.326     -8.963    -73.911
 530  561      9.887     -3.722    -63.992
  -1  619      9.810    -10.457    -62.258
 397   -2    -12.266     11.395    -65.180
 245  199     12.380     10.415    -72.513
  -1  513     -8.529      8.165    -71.393
  -1   -2     -5.663     -2.812    -80.150
  56  124     -2.200      3.618    -67.813
  -1  610     -5.327      7.994    -61.477
  -1  472     13.290     -7.261    -73.846
  -1   -2     11.749     -4.603    -75.239
  -1   -2      3.795     11.024    -60.967
  -1   -2      3.367     -9.944    -77.170
  -1   -2     -6.517      8.931    -60.729
  -1   -2      6.437      5.683    -59.443
  -1   -2      4.654     -7.807    -69.001
 284  310      2.014      2.197    -68.226
 818  359     -8.356     -8.742    -72.023
 303   -2     -6.561      9.520    -75.567
  -1   -2     14.562      7.556    -73.776
 553  547     16.228     -6.950    -67.362
  -1   -2     -8.319     -0.400    -54.388
  -1  647     -0.671     -0.264    -60.423
  -1   -2     14.096      1.245    -63.467
 312  412     12.788      5.285    -72.052
  -1  544     11.033     -2.836    -62.572
 255  587    -12.590     11.752    -68.370
  -1   -2     10.080     -6.819    -69.111
  -1  450      9.014    -10.724    -63.330
  97  567      7.601    -10.491    -73.858
  -1   -2      7.806     10.293    -59.734
  -1   -2      3.664     10.789    -62.003
 310  493     14.483     12.150    -72.007
  -1   -2     11.304    -10.103    -72.559
  -1   -2      6.404      6.143    -76.951
 433  296     -2.457      0.348    -60.167
  -1  551      7.880      5.746    -61.071
 575  825     15.618     -5.762    -73.984
  -1   -2     -4.533      1.085    -60.120
 532  821      3.074     -9.849    -72.954
 105  432      2.564     -6.418    -62.450
  -1   -2     -4.811     -6.101    -79.344
  -1   -2     12.650    -12.145    -75.140
  -1   -2     13.228      8.386    -62.081
  -1   -2     -6.843      4.912    -76.342
  -1   -2      5.949    -12.906    -64.885
  -1   -2     -3.018     -1.743    -60.363
 833  845      8.776    -11.860    -62.744
  -1  564     10.419     -2.005    -68.528
  -1   -2      0.800     -1.403    -57.102
  -1   -2      4.992    -12.579    -77.930
 717  354    -12.717      8.938    -63.637
 270   -2    -14.444      8.007    -77.016
 563  595     14.594    -13.364    -69.915
  -1  569     -7.429     -1.172    -63.472
 633   -2     -1.425     -9.702    -76.742
  -1   -2    -10.740     -3.184    -75.425
  -1   -2     -2.253     -7.213    -66.140
 410  679     11.360     -5.846    -73.014
  -1   -2     -1.611     -2.135    -57.552
  -1  339     12.265     -4.621    -74.501
  -1   -2    -12.131      5.721    -73.803
 598  828      7.401     13.261    -67.469
  -1  540      2.783      3.498    -58.171
 212   -2     -0.967      9.262    -69.043
 368  666     16.597    -10.359    -67.918
 662  670     -7.262    -12.376    -72.307
 836  223      2.455     -5.380    -64.078
  -1   -2     -4.394    -10.378    -57.564
 335  788     -5.629    -10.162    -73.109
 362  576     12.117     -9.603    -64.330
 379  649      0.305     -3.764    -70.911
  -1   -2     -9.845     -1.417    -58.809
 577  558     -1.472     13.181    -61.653
  -1   -2     -4.386     -2.012    -59.588
  -1   -2     -0.819     11.591    -64.625
 627  831      5.361    -11.310    -63.296
 839   -2     -0.608      7.829    -71.441
  -1   -2     16.353     -8.465    -76.419
  -1   -2     13.701     -7.037    -74.894
 628  520     11.316      8.700    -71.286
  -1   -2      1.134     -3.989    -71.360
 548  580     12.787      2.716    -66.713
  -1   -2      0.826     11.633    -60.846
  -1   -2      8.083     -7.078    -62.362
  -1   -2      8.680     -1.855    -83.312
 849  637    -15.197     -6.811    -76.851
  -1   -2      0.667      9.406    -66.033
 228  383     -7.681     -3.006    -71.826
  -1   -2     -8.320     -9.660    -57.796
  -1   -2      9.223     12.833    -63.780
 636  832    -16.106    -11.931    -74.334
 372   -2      9.874     -2.213    -61.254
  -1   54     -7.585      0.114    -64.428
  -1  468    -13.310     -6.542    -65.112
  -1   -2     -8.545      8.896    -61.303
  -1   -2      7.579     -7.894    -56.170
  -1   -2      4.723     12.678    -69.688
 305  724     -5.353     -1.987    -61.463
 287  505     -6.192     -6.792    -68.187
  -1   -2     -5.296      2.811    -65.680
 350   -2     11.165      8.307    -66.984
  -1   -2    -10.960    -11.143    -81.048
  -1   -2     15.360     -7.363    -63.866
 691  834      7.973      3.444    -77.276
 131   66      6.498      4.188    -69.914
  -1   -2      2.926      2.876    -58.148
  -1   -2     -3.433     -4.980    -64.844
  -1   -2      6.490     -8.040    -60.053
 580  578    -15.413      0.553    -69.244
  -1   -2     18.645     10.458    -70.964
  -1   -2     -8.515      8.343    -71.421
  -1  663     18.649     -7.682    -68.291
  -1   -2     -6.991     -3.793    -62.147
 604   -2    -12.985    -11.259    -68.591
 728  392      3.218    -10.629    -70.688
 429  603     15.665     -7.110    -73.539
  -1   -2    -15.637     -7.923    -69.811
 451  305     -2.669      7.449    -73.825
  -1   -2     10.581      7.462    -75.929
  -1   -2      6.877     -1.442    -59.786
 585  368     13.910      6.456    -61.386
  -1   -2     -6.045     -5.639    -79.709
 171  627     -2.410      9.031    -63.106
  -1   -2    -15.900     -3.980    -74.790
  -1   -2     -2.988      7.403    -59.168
  -1   -2     17.138      6.626    -72.535
  -1   -2      4.568     -0.609    -61.194
  -1   -2      8.504     -9.331    -58.479
  -1   -2     -9.097    -12.960    -65.353
  -1   -2      9.087     -9.386    -65.246
  -1   -2     -3.405    -12.845    -67.259
  -1   -2    -12.239      2.539    -70.361
  -1   -2      9.272     -5.881    -57.181
  -1   -2     -1.879      9.278    -59.115
 737  643     17.793     10.051    -70.601
 819  846    -13.279      7.609    -67.673
  -1   -2    -10.499     -9.728    -58.432
 630  352      5.431      7.211    -58.992
  -1   -2     -9.983     -3.628    -60.035
  -1   -2     -0.518     -0.855    -60.068
  -1   -2     10.746      6.620    -71.497
  -1   98     11.182      7.794    -67.878
 611  829    -10.511      1.646    -72.305
  -1   -2     -1.451     -7.197    -78.172
 304  847     -1.716     11.255    -75.343
  -1   -2      3.559      6.801    -56.130
  -1   -2     -9.407      4.201    -80.651
  -1   -2      6.112      5.522    -58.931
  -1   -2     -4.746      5.356    -76.674
  -1   -2     -9.495      2.950    -56.770
  -1   -2      5.376     -5.318    -61.922
  -1   -2     -4.032    -12.176    -70.716
  -1   -2     11.276      1.075    -73.794
  -1   -2    -13.103      8.365    -73.432
  -1   -2      8.535      6.637    -60.073
  -1   -2     12.478     -7.783    -65.101
  -1   -2     15.376     -7.405    -84.634
  -1   -2     -4.846    -11.302    -84.109
  -1   -2      4.761     -8.311    -75.436
  -1   -2      8.643    -10.626    -75.399
 385  818     -4.449      4.803    -66.988
 291   -2    -11.983    -10.108    -70.597
  -1   -2     10.732    -12.800    -72.407
  -1  256     -2.437      4.649    -61.713
 841  658      9.659      2.869    -59.937
  -1   -2      5.696    -12.935    -68.083
 337  408     -7.061      0.859    -61.638
  -1  541     -3.010      3.025    -69.485
 631   -2     -2.889     13.597    -62.766
 324  371     12.251    -10.290    -71.516
  -1   -2     -0.087      8.317    -69.008
 589  308     12.091    -10.279    -67.445
  -1   -2     12.423     12.381    -63.611
  -1   -2     -7.426     -2.849    -55.558
  -1   -2     -3.760     -8.714    -53.843
  -1   -2    -13.140     -8.114    -68.372
  -1   -2     -1.490      4.887    -87.923
 288   -2    -12.627     12.708    -70.679
 624  652     14.191     10.909    -65.770
 169   -2      2.754      1.614    -76.584
  -1   -2     -7.240     -4.426    -68.382
  -1   -2      8.496     -4.524    -56.918
  -1   -2     -6.609      1.192    -57.294
  -1   -2     15.628      3.590    -61.490
 692   -2     12.899     -8.819    -59.803
  -1   -2      4.930    -11.923    -66.923
  -1   -2    -15.753     -1.879    -74.237
  -1   -2     13.111     -3.902    -83.376
  -1  391      4.019      5.460    -69.688
  -1   -2     -0.402     10.279    -69.425
 507   -2     -8.583      2.225    -68.162
  -1   -2      5.514      2.198    -73.751
  -1   -2      2.073      8.876    -63.135
  -1   -2     -8.023     -4.164    -84.528
 348  817    -14.025     -3.249    -74.314
  -1   -2     -0.330     -5.585    -82.473
 846  719     14.787     -0.741    -72.572
  -1  608     -5.304      3.529    -67.112
  -1   -2      6.755     -7.025    -77.163
 331  656     14.495      9.056    -74.061
  -1   -2      5.257     -8.090    -59.532
 650   -2     12.273    -12.496    -71.071
  -1   -2     -6.959     -3.096    -62.221
 713  837     18.035    -11.981    -66.821
  -1   -2      8.377     10.851    -63.680
  -1   -2      1.929     -4.796    -58.710
  -1   -2    -11.454     -1.538    -74.304
  -1   -2    -11.167    -11.748    -62.422
  -1   -2      8.958     -0.841    -57.115
  -1   -2     -0.103    -12.054    -77.376
  -1   -2    -10.966     -3.432    -76.734
  -1   -2      2.994     -5.507    -63.425
 775  839    -15.504      4.688    -70.223
  -1   -2      6.454     12.478    -62.387
 654  737     17.259     -5.572    -72.643
  -1   -2      4.373     -2.561    -58.405
 751  838     -8.871      9.209    -62.832
  -1   -2      3.800     12.069    -67.937
  -1   -2      6.831      5.110    -58.813
  -1   -2      4.339     11.324    -59.065
 694  835      3.053     -2.557    -67.113
  -1   -2     -3.310     12.403    -62.041
  -1   -2      4.649     -3.850    -63.932
  -1   -2     -9.587     -5.511    -77.916
  -1   -2      6.928     -9.894    -65.239
 384  370     14.223      5.650    -64.598
  -1   -2     18.609      2.695    -73.961
  -1   -2     14.162      1.995    -59.224
  -1   -2     -7.146    -11.322    -66.873
  -1   -2     -7.580     -9.881    -60.703
  -1   -2    -11.226     11.155    -66.301
  -1  400      1.429      3.143    -63.971
  -1   -2     16.719      2.748    -79.424
  -1   -2      6.414      5.458    -61.252
  -1   -2     -4.204     -2.126    -69.989
 376  386     -3.314      3.950    -62.530
 646   -2     -4.179      7.214    -67.371
  -1   -2     -2.568    -10.900    -87.370
  -1   -2      9.478      9.678    -61.341
  -1   -2      9.119    -11.287    -75.502
  -1   -2    -14.873      4.158    -70.858
  -1   -2      5.706     -8.484    -76.006
  -1   -2      6.834      9.544    -81.381
  -1   -2     12.349     -0.095    -70.414
  -1   -2     -3.386      0.326    -61.525
  -1   -2    -14.741     -1.422    -87.599
  -1   -2     -9.633    -10.367    -74.377
  -1   -2     -9.737     -3.224    -64.631
  -1   -2      8.478    -10.252    -56.237
 727   -2      4.308     -1.286    -64.819
  -1   -2    -11.588     -4.861    -68.848
  -1   -2      3.170     12.173    -64.271
  -1   -2     -0.463     -0.110    -66.086
  -1   -2    -12.733      7.640    -68.686
  -1   -2    -12.490     -1.272    -73.986
 766  757    -10.194      4.282    -74.154
  -1   -2    -16.202     11.304    -73.064
  -1   -2     16.368     -3.467    -77.484
  -1   -2      6.894     -0.861    -66.051
  -1   -2      3.491     -9.928    -65.678
  -1   -2     -7.287     11.980    -61.309
  -1   -2      7.226      2.299    -79.536
  -1   -2    -10.031     -6.120    -75.445
  -1   -2      6.315    -12.171    -69.595
  -1   -2      8.004      1.830    -77.069
  -1   -2     -2.772    -11.749    -69.773
  -1   -2      5.693      8.894    -56.889
  -1   -2    -13.243     -3.032    -72.569
  -1   -2     16.150     -5.107    -70.591
 804   75     -3.235     -1.391    -72.073
 485   -2      7.311     -5.716    -66.617
  90   50      1.762     -7.152    -71.174
  57  848     15.408      0.136    -70.149
  47   -2     -3.270     -4.773    -67.928
 398   -2      2.246      0.531    -73.466
 448  504      3.500     11.041    -71.178
 148  154      4.326      5.146    -64.859
 824  840      7.021      3.735    -73.128
 486  381      1.868      8.945    -70.423
 242  809     10.982      2.001    -66.013
 552   -2      5.606     -4.546    -61.188
 229  491      5.453      4.373    -62.993
 274   -2      5.433      2.315    -57.064
 748   -2    -14.809      1.088    -77.577
 838  841      4.862     -2.597    -69.399
 554   -2      8.200     -3.718    -76.239
 454  640      0.686     -2.645    -74.845
 837  572     11.254     -5.242    -63.598
 676   -2    -13.279      2.969    -72.307
 541   -2      0.091      7.030    -63.255
 320   -2     -9.348      7.069    -69.019
 601   -2    -10.768      3.935    -69.810
 821  609     11.716     -0.256    -72.171
 558  823      3.510      2.165    -60.912
 588   -2      3.921      3.906    -58.042
 840  715     14.937     11.038    -70.407
 464  819      6.973      1.196    -75.311
 467   -2     -8.042      6.564    -72.484
 845   -2     16.795     -2.716    -71.733
 612  830     -1.403    -12.222    -76.163
 817   -2    -13.145     -8.258    -72.372
 729  673     -4.062      3.834    -66.604
 743   -2    -12.247    -10.941    -73.341
 655  623     -6.350      0.472    -71.999
 843  842     11.875      6.929    -74.563
 669  833    -14.475     -5.242    -66.053
 110  460     -4.217     12.582    -66.057
 184   -2      4.484    -11.579    -71.003
 207  849      3.049     -3.699    -62.781
 329   -2     -2.175     -5.665    -63.394
 367  393      3.765      7.224    -70.768
 594   -2      5.989     -1.530    -73.434
 687   -2     15.809     -8.790    -74.496
 825  385      5.489      9.526    -74.090
