812
   2    7     -4.531     -0.591    -71.280
   1    5     -1.969     -7.218    -73.515
  16    1      7.774      7.978    -71.622
   7  195      4.105      7.607    -73.336
  22   16      3.607      5.594    -69.478
  71   53     -2.330     -3.256    -73.946
  13   10     -1.069     10.637    -69.274
  87   86      9.731      3.002    -71.492
  12    2     10.026      7.789    -70.076
 604  179     -7.717     -2.133    -72.730
  54    3      1.649      2.446    -69.428
 553   -2     12.188     -7.175    -70.853
  18   26      7.824      8.990    -69.640
  33  199      2.556      4.140    -69.755
  52  113      1.258      1.478    -66.277
  17   18      4.003      1.424    -67.468
  93   19      4.783     -6.664    -71.482
  25    6     -1.011      9.447    -71.845
  42    9     -3.704     -4.602    -77.261
 380  120      1.456    -11.084    -70.141
  11   15     -4.509      7.130    -72.013
  28   54     -3.110      2.756    -68.376
 779  392    -10.140      3.104    -70.012
  77  395    -10.843      2.204    -71.607
  92  101      3.924     -0.785    -71.175
 399  422     -6.811     -5.594    -66.887
   8   60     -1.922      7.060    -71.180
  51   83     -6.595      5.451    -68.456
  40   35      5.265      1.730    -67.847
  84   20      2.597      9.320    -67.972
  61  257      3.935      4.305    -72.547
 383  142      3.471      8.184    -73.822
  -1  136     14.589      8.525    -68.178
 403  185     -4.441     11.116    -72.292
 164  287      1.724      1.481    -74.118
 792   38     -9.092     -3.971    -69.180
  27  116      0.638     -9.652    -72.808
  55   33      4.533      2.615    -66.540
  36  411     -2.001     11.320    -67.215
  49   23      0.426      0.996    -66.958
  68  156     12.132     10.813    -68.906
  83  225     11.295     -7.102    -68.275
 322   48      0.385     -6.799    -70.819
  72   34      3.816      7.890    -67.318
 143   95     -7.858     -8.560    -70.729
  65  665     -5.466      0.738    -72.282
  62   56     13.738      8.728    -71.774
 151  149    -10.193     -1.496    -67.818
  30   30      5.443     11.567    -69.730
  67  227      7.845      6.430    -75.868
 134  398      2.604     -7.863    -72.298
 158  215     12.916     -1.887    -69.773
 119   29     -5.456     -4.915    -70.073
 402  413      3.431     -9.934    -63.509
  94   61      0.132     10.798    -64.512
  47  135      9.373      9.417    -66.568
 795  125      6.825     -4.444    -73.602
  21  303    -11.916      7.124    -70.989
  73   43     -4.919      7.916    -65.289
 439   28      0.569      3.105    -69.173
  57   92     -1.554     13.012    -67.227
  39   24     -5.419      3.435    -66.413
  45  416    -13.499      1.773    -69.986
 274  190     11.795     -1.769    -68.125
  79  436     -9.043      4.012    -67.047
  56   21     -2.629     -8.398    -69.014
  -1  386    -10.156      4.987    -71.835
  -1   -2     -6.182      0.865    -73.016
  38   22      8.257      1.784    -68.101
  70   91      6.012     -3.528    -68.420
  98   85     -0.331     -9.646    -63.430
  23  382     -4.659     -2.420    -74.166
  78   17     -6.101      0.837    -69.580
  -1   -2      2.299     11.717    -69.814
  41   87     -0.596      5.806    -70.048
 209   66     13.796      4.817    -72.881
 208  130    -12.362      4.529    -70.835
 131  124      9.777      5.941    -67.956
  91   52     -6.997     -2.201    -65.815
  66   78     -1.708    -11.411    -65.658
  76   -2      9.303      5.821    -74.692
  -1   57     -3.894      7.172    -68.314
 133  168     -6.566     -8.105    -67.242
 791   96     -6.670     -4.308    -67.159
  14   62      5.428     -9.017    -75.336
 115   63      1.248    -11.833    -73.107
 210  803     12.210     -5.032    -69.822
 112  145     -7.608      0.309    -64.686
 188   11     -4.574     -6.131    -70.543
   3   -2      2.592     -5.164    -75.821
 123  111     17.122      2.673    -71.569
 181  128     -6.031      4.640    -63.847
 104   93     14.153     -5.112    -71.791
 437   13      9.105      5.403    -68.631
  97   80     -8.761     -6.307    -66.274
  60   25     -3.430     -1.796    -70.243
  88  171      2.139      3.631    -61.549
  -1   32     16.623      0.981    -68.707
 177  453     -3.105     11.023    -70.635
  50   39    -11.132    -11.186    -70.035
 156   79     -8.924     -7.915    -68.803
  48  112    -11.379      9.057    -71.484
 227   71      3.546     -8.148    -69.398
  96   41      1.467      4.208    -68.310
 183  106     -8.899      4.212    -63.910
  64   58      7.289      0.847    -67.458
  53  793      9.912      9.991    -68.050
  -1   -2     -2.581      0.572    -63.101
 114  103    -14.295    -11.082    -69.713
  -1   12     -0.667     -6.100    -71.241
 394  117    -10.990      7.422    -62.849
 416   97      5.562     -5.344    -63.373
  -1   -2     -5.815     -3.316    -76.449
 196   98    -12.589     -6.687    -70.270
  -1   -2    -10.605     -6.275    -64.911
 121   40      2.636     -2.181    -72.040
 413  161     12.782     -1.861    -64.846
 161  182     13.646      0.963    -70.187
 265  427     -4.366      5.069    -60.061
 401   -2     -2.825     -0.463    -60.158
 433  498      4.360      8.681    -60.053
 373  220    -14.872    -12.066    -72.608
 101  102     -0.911      6.460    -63.081
 140   49      3.675      6.207    -66.865
 145  138    -12.727     10.088    -65.620
 173   99      3.368     -4.470    -68.566
  86  329      9.410     -3.259    -67.375
 138   77     12.495      8.588    -67.455
 118  797      6.255      8.531    -68.026
 141  114     -6.337      7.641    -66.043
 220  127     -9.625      1.341    -68.445
 474  816      0.245     -8.013    -71.826
  80  480      7.434     -5.482    -68.535
 167  800     -6.802     -0.206    -63.807
 382  133      8.349     10.592    -69.050
 157  291     11.768      7.081    -67.203
 278   68     -7.690     11.910    -69.069
 136  231      9.376      2.223    -65.732
 777  435     -9.559    -11.394    -67.902
  -1   42     -6.522     -5.794    -69.658
 218  141     -6.726    -10.635    -69.710
  89  439     -1.329     -5.241    -62.946
 130   37     -8.449     10.434    -73.123
 120  254    -13.611     12.168    -73.070
 238  196     -2.108     10.520    -70.319
 291  583    -11.773     -4.313    -75.194
  -1   -2     -9.759      7.611    -62.534
 284  140     -6.517      5.745    -65.123
 295  401      4.306      1.639    -72.566
 671  273    -11.601      9.462    -75.823
 432  201     -2.063      2.584    -59.197
  90    4     -6.129      6.953    -73.249
  63   -2     -1.652      3.498    -66.258
 100  796     11.608     -4.842    -69.560
 283  473      9.071      2.373    -62.794
 486  390    -13.140     -1.699    -72.871
 125  143     -9.150     -7.241    -69.475
  -1   -2     -8.285     -6.862    -70.777
 260  249     -0.172     -0.026    -61.267
 199  166     -8.761      9.558    -63.427
 153  478      0.771      5.960    -73.032
 172  824     -7.175      3.006    -67.822
 248  272    -11.848      4.049    -68.406
  -1   -2      9.951      4.528    -68.962
 773  131     -5.455     -4.293    -66.843
 255  214    -10.959     -9.722    -66.201
  15   75     -6.899     10.548    -70.807
 204  237      8.434     -1.233    -69.858
 198  256      3.996    -10.987    -68.370
  -1   -2     -8.970     -3.268    -61.623
 193  802     12.376      7.521    -70.266
 174  158      6.763    -12.046    -66.906
 420  481      5.624      3.831    -66.077
 194  159     -4.830      2.655    -60.093
 280  233    -12.148     -5.381    -69.530
  58   84     -0.911      0.043    -70.231
   9  197     10.137      5.137    -70.730
 127  278     14.933      2.300    -70.510
 144  213     -4.969      3.641    -72.388
  -1   -2      0.637     -6.910    -76.990
 250  447     15.592     -4.876    -66.630
 189  108      4.804     -4.728    -68.794
 201  441      3.490     -2.008    -64.787
 282  110      2.063      8.142    -66.120
 149  183     14.860     -8.399    -70.448
  -1   -2     10.797      7.740    -72.507
 117  184     -5.427      5.389    -62.662
 543  538    -12.343      1.030    -76.048
 243  122      9.504      5.366    -62.810
 184  729      4.557    -11.011    -73.453
 330  255      6.740     11.033    -72.033
  -1  121      6.517     12.797    -66.887
 466   -2      1.306     -0.279    -60.407
 329  198     10.423      2.010    -64.064
 303  269    -13.623      5.742    -68.430
 137  192      3.987      7.107    -63.426
 658  107      5.633    -11.964    -68.973
 212  228     -2.155     -1.660    -74.486
 180  187     11.107     -3.619    -68.289
 263  274     -9.845     -2.438    -75.365
 273  205    -10.901     -4.305    -69.332
 463  250      5.718     -1.803    -63.291
 211  150      1.433      7.024    -75.940
 244  210     12.029      4.952    -62.447
 484  817     -4.093      8.557    -60.077
 247  144     -6.752      2.349    -75.712
 304  297     11.733     -6.144    -69.356
  -1   -2    -12.323      5.266    -73.692
   5  623     -2.878      9.025    -72.095
  -1   -2      4.107    -12.480    -73.787
  -1   -2    -13.464     -9.498    -67.666
 483  177    -11.818     -7.918    -69.151
  -1   -2      0.093     -2.625    -63.945
 165  464    -11.349      4.827    -63.336
 197  188    -14.615      8.178    -69.996
 231  218    -11.592     -4.583    -69.504
 186   82      7.397     12.566    -68.661
 170   -2    -11.888      9.639    -65.156
 155  115      5.291     -2.013    -67.966
 245  477    -13.055     -6.635    -66.197
 214  202     -3.747     13.058    -63.987
 111   -2     14.903    -10.673    -68.534
 113   51     11.247     -5.785    -68.841
 293   -2      4.831     -1.112    -64.353
  -1   -2     -6.700     -3.222    -65.128
 294  281     -6.244     -8.433    -73.211
 192   73     -3.349     -3.465    -70.950
 567   -2    -10.076     -4.809    -67.825
 148  151    -13.339      8.200    -69.705
 178  170    -10.753      2.004    -69.031
 262  246      3.943    -12.597    -67.112
 257  384      7.759      3.762    -75.735
 802  334     14.138      4.181    -70.586
 106  104     -5.710      2.321    -64.163
 471  421      7.515     -7.267    -69.336
 200  219      8.198     -0.374    -63.121
 206  339    -13.478      8.505    -71.056
 239  230     -9.441     -9.422    -65.810
  -1   -2    -10.450      8.154    -73.805
  -1  544    -11.656      2.091    -67.023
 129   -2     12.042      1.739    -72.658
 190  333      0.455      7.143    -72.509
 187  483     -9.279     -2.009    -69.922
 559  154     -6.619     -6.270    -73.348
  -1  496    -10.775     -8.486    -64.350
 537  677      5.564      7.711    -59.330
 268  808      0.036      4.367    -60.962
  -1   -2     -6.934      9.082    -75.167
 300  172    -13.790     11.309    -67.529
 221  217    -13.604     -2.125    -70.764
 223  528     -9.410      6.611    -68.582
 538  560     -1.993      6.162    -58.930
 816   -2      9.785     -4.852    -64.230
 132  178      9.114      8.453    -64.701
 160  248      9.293      4.556    -65.709
 269   46      6.600      9.880    -70.733
 467  275     -7.814      7.250    -65.792
  -1  396     -0.416      6.073    -60.038
 233  262      9.804    -11.942    -70.992
 825  146      9.974      0.811    -70.046
  -1  316     10.278     -0.978    -62.124
 203   -2      6.807      3.939    -62.744
 296  279      2.800     12.531    -65.606
 819   -2     -0.930     -4.780    -63.931
 267  148     -7.540     -4.401    -71.075
 285  163    -11.301     -1.440    -71.847
 521  454    -11.076     -6.396    -66.690
  -1   89     -7.944    -12.720    -66.484
  -1  193     -6.727      5.000    -73.002
 366  216    -14.469     -1.942    -69.633
 495  440    -13.448      7.904    -64.792
 492  204     13.086     -0.661    -67.265
 234  286     13.828      2.465    -73.758
 454  299      8.959     -5.455    -72.123
  -1  264     15.348      7.004    -67.476
 316  221     11.522      8.118    -67.885
 287  167      9.710     -8.480    -69.858
  -1   -2     -0.779      9.707    -69.028
 286  809      1.506     -8.424    -73.109
 240  105    -10.953      5.784    -67.787
  -1   -2      1.117      8.618    -64.537
 202  507    -11.005      8.668    -61.593
 213   -2     16.221     12.683    -68.497
 334  306     14.083     10.785    -68.045
  -1   -2      4.605     -7.788    -66.977
 168  241      9.356     -8.720    -70.217
 801   -2    -12.475     -7.696    -72.141
 242   -2     -6.984     -2.457    -70.816
 249  532    -14.807      3.125    -76.273
 429  815     -2.324     -5.779    -76.604
 271  293     10.726     12.690    -66.874
  -1  280     -9.022      8.763    -73.235
 357  548     13.917      2.818    -58.824
  -1   -2      6.247     -9.979    -64.027
  -1   -2     18.164     -7.563    -72.071
 343  338     12.368      6.418    -66.948
 254  247     13.366     -7.855    -68.337
 321  310      7.717     -5.318    -70.015
 502  175     -5.636     -0.725    -72.292
  -1   -2    -12.203     -4.550    -74.384
 252  326      3.869     11.594    -75.063
 324  200      7.555     -2.049    -69.868
 381  243     -3.446      9.837    -73.281
  -1  363    -13.851      4.772    -68.413
 224  804     16.391     -3.036    -73.312
 798  359      3.029     -2.397    -65.010
 229  276    -11.691      5.594    -64.373
 159   -2     -7.566     -4.576    -69.902
 349   -2      0.245     -8.952    -64.741
 580  259    -12.615     -5.650    -69.651
  -1  305     10.356     11.152    -66.352
  -1   -2      1.982     11.058    -72.915
  -1  238     12.318     11.812    -66.755
 540  271     15.499      8.014    -73.047
 678  223     11.587      2.565    -63.856
 298  337     -8.644     -0.004    -64.567
  -1   -2     -1.304    -11.342    -73.789
  -1   -2     -1.811    -12.723    -69.013
 464   -2    -15.871     -6.958    -75.021
 289  642     -7.607     11.857    -74.191
 354  343    -10.803      9.940    -69.008
 266  807      7.125     -5.156    -69.658
  -1   59    -14.674      4.435    -69.427
 325  693     17.549      3.885    -67.910
 328  164     -1.975     -1.413    -66.451
  -1  294     -0.006     -1.876    -59.427
  -1   67      5.376      8.841    -75.813
  81  301     -3.841     -5.927    -72.967
 340  810      9.180     -3.818    -64.565
 691  349     16.948      4.001    -72.761
 371  311    -12.821     -8.409    -73.338
 684  619     12.505      1.594    -63.025
 307  261     -4.826      3.310    -61.612
  -1  331     -0.694      8.996    -62.183
 552  314      7.507     -3.644    -67.458
 347  559     12.869      4.294    -64.021
  -1   -2      8.320     -8.401    -71.499
 337  612     -8.348     -0.824    -64.957
 216   -2      8.121      3.069    -75.706
  -1   -2     16.657      2.043    -69.260
 163   94      2.614     -8.251    -66.370
 235   -2     -6.697     -2.523    -66.146
 652  277     12.954     -6.586    -67.652
 427  313     -9.698    -11.350    -69.772
 344  251     15.458      8.621    -67.087
  -1   -2     -6.813     -4.635    -72.199
 191   -2      4.712     10.154    -71.888
  -1  547     15.866    -11.778    -70.434
  -1   -2     16.226     -6.872    -69.871
  -1   -2      2.012     -4.302    -74.322
  -1   -2    -11.745      0.587    -72.290
  -1   -2     -7.381      3.434    -63.075
  -1   -2      5.918      0.335    -62.938
  -1  242      9.690    -11.028    -70.464
 556   -2     -7.639     -1.631    -68.486
 341  678    -14.269     12.238    -67.526
 512  818     14.854      1.923    -72.618
 677  628     -6.627      8.065    -66.679
  -1   -2      7.854     -0.118    -69.952
  -1   -2     17.564      2.733    -71.029
  -1  620    -15.502      3.194    -73.519
  -1   -2      9.387     -4.801    -71.882
  59  794      5.033     -5.273    -71.817
  -1   -2     10.380      7.902    -56.916
 813  369     13.638     -8.137    -72.971
 787   -2      0.685    -12.414    -76.786
  -1   -2    -13.273     -3.526    -72.116
  -1   -2      2.393    -12.782    -67.984
 355  519      5.629     -2.536    -73.195
 320  639    -15.054     -8.577    -70.209
 558  335    -10.089      3.088    -74.469
  -1   -2     12.509      3.663    -60.831
 369  367      7.382     10.766    -67.603
  -1  646      9.659     -9.959    -66.796
 738  356      1.373      5.623    -68.042
 428  430     -1.590      9.717    -74.791
 368  679     -3.753     -7.377    -64.775
 319  258     10.617      2.737    -65.457
  -1   -2      6.841    -11.870    -75.312
 790   -2      0.385      5.803    -64.357
 541  825      7.243     -5.945    -64.125
  -1   -2     -4.500     -4.273    -72.438
 376  385     -4.275     -7.048    -72.536
   6    0     -1.085      2.884    -70.738
  10  383     -5.028      5.821    -71.319
  24  451     -5.091      5.424    -72.709
  19  380     -3.133    -12.169    -72.949
 423  235      3.699     10.191    -73.099
  46  100     -4.752     -2.404    -71.651
  44  155     -7.853    -10.926    -69.774
  31   69     -4.964     -1.532    -72.573
 272  486     -0.395    -12.184    -69.113
 462  482     -1.762     -0.137    -67.616
  -1  389      1.621      6.895    -68.335
 395   65     -2.292     -2.784    -65.978
 397   36    -10.212      6.759    -74.641
  -1   -2     -0.801      0.648    -62.441
 388  409     -1.039      4.888    -68.968
 793  823     -6.241     -6.521    -68.169
  -1   -2      1.718     -9.333    -60.622
  -1   -2      0.607     -6.002    -76.468
  -1   -2      5.677     -7.777    -62.350
  69  795     -7.325     -0.994    -74.586
  -1   -2     -3.270    -11.528    -77.153
 440  643      3.644      8.902    -70.861
 387   31    -13.781     10.262    -73.445
  -1   -2    -11.010      3.109    -61.691
 374  811     12.007      0.101    -73.977
  -1   -2     14.394     -5.780    -76.744
  -1   72     -5.703     -8.327    -69.783
  -1   -2     -2.697      1.191    -60.860
  74  139    -10.084      4.063    -62.500
 175  126     10.717     -7.651    -66.514
 771  400     -1.967     -7.328    -69.138
  -1   -2     -0.573     -6.976    -63.998
 406  417      4.397      9.807    -67.374
  -1  415     -8.683     -5.880    -61.828
 414  428     -6.903    -10.320    -66.460
 411  557     -7.326      6.268    -64.279
 166  402     -1.058      7.842    -61.839
 447   -2      0.008      2.108    -57.620
 162  109      4.328     -0.868    -62.869
  -1   -2     15.428      8.926    -70.781
 605  419     -6.302     10.714    -65.730
 768   14      2.049     -6.402    -71.010
  -1  405      8.527     10.186    -61.989
  -1   -2     -3.305     -1.195    -72.060
 421  165     -9.720     -7.891    -66.184
  -1   -2     -7.699     10.378    -72.963
 458  491      1.998    -10.519    -69.679
 185  118    -10.345      0.310    -67.681
 409  813     -4.819     -9.289    -66.190
  85  391     -2.378      2.884    -68.546
  -1   -2     -6.865      9.047    -57.242
 150  799     -4.445     -1.596    -69.255
 410  814     -2.299     -4.025    -64.080
 770   88     -6.891      7.258    -61.760
 448  240      5.105     11.245    -62.764
 822  129    -11.301    -10.240    -68.307
  -1  801     -3.434     -0.923    -65.440
 415  456     -2.167     12.901    -62.626
  -1   -2     -7.901     -4.348    -77.304
 309  450      5.593     -2.214    -76.657
 418  437    -12.096     10.773    -64.426
 774  488     -5.904      7.120    -64.556
 446   -2     -2.398     10.457    -61.257
 451  132     -9.807      0.439    -64.122
  -1  324      8.573     11.820    -67.786
 108  203      8.815      9.993    -65.400
 657  407     16.754     -8.419    -72.018
  82   -2      2.304      7.299    -63.630
  -1   -2     -2.002    -10.805    -76.908
  -1   -2     -2.329     -9.106    -64.110
 436  207    -10.798     -2.426    -67.611
  -1  616     -8.469      1.241    -60.056
  -1   -2      6.816     -1.410    -58.089
 473  613     -7.087    -12.854    -65.926
  -1  595     10.692     11.800    -68.967
  -1   -2    -12.083     -4.054    -69.774
 566  345      8.658     11.651    -69.809
 465  443     17.617     -0.898    -66.382
 499  577      6.379     -8.885    -61.401
 639   47      8.271     -6.884    -72.521
 480  408     -7.945     -8.815    -76.887
 424  448      7.774      1.935    -66.900
 812   -2      8.613    -12.505    -74.074
 222   45     11.510     -2.019    -69.145
 275  153     -8.956     -8.286    -65.622
  -1   -2    -13.346     -8.276    -80.829
  -1  504     16.373     -9.621    -65.593
  -1  209     10.458      1.837    -62.420
 116  445      6.854      8.242    -68.315
 313   -2      2.774      0.006    -77.546
  -1   -2     -5.436      6.538    -70.915
  -1   -2    -16.298     -6.919    -71.652
 122  444     -4.269     -9.789    -69.236
 482   81    -11.127     -8.005    -69.465
 514  541     11.139      2.281    -75.909
 544   -2      8.256    -12.653    -66.501
  -1   -2    -15.699      0.211    -76.107
  -1   -2    -10.820      3.297    -63.395
 236  194      7.976    -12.151    -67.406
  -1   -2      0.235     -2.844    -63.379
 501  295     -5.866      3.937    -74.189
  -1   -2      5.726     13.075    -64.615
 460  543     -6.583     -7.584    -63.756
 546   -2     12.883     -6.643    -73.538
  -1   -2     -6.767     -5.783    -55.481
 441  784     15.601     -0.049    -72.043
 524  208     -5.473     -1.752    -64.845
 530  534     -3.455    -10.786    -60.369
 533  578     11.514    -10.717    -65.600
 435  475     15.615      0.041    -64.295
 327  554     -3.187     10.164    -71.002
 489   -2      5.035    -10.267    -62.355
 390   -2     -7.270      4.571    -61.558
  -1  523      9.945     -7.123    -62.376
  -1   -2     -5.969     -2.089    -71.578
  -1   -2      2.617     -1.795    -77.486
  -1   -2      2.532      8.155    -76.710
 351   -2     -8.436     12.047    -73.298
  -1   -2     -7.166      2.987    -70.091
  -1   -2      3.237     -5.423    -83.212
  -1   -2     -4.286    -10.610    -60.214
 490  608     18.197     -7.744    -68.798
 645  484    -15.868      6.652    -75.396
  -1   -2     11.041    -10.386    -60.024
  -1   -2    -10.301     -5.689    -86.247
  -1   -2      1.786      1.590    -56.861
 281  119      7.404    -10.903    -69.461
 456  826      4.294      3.677    -76.767
  -1   -2      4.084      9.539    -62.710
 785  309      0.938      3.891    -60.092
 146  176     -1.290    -11.980    -73.957
  -1   -2     -9.080     -4.055    -77.381
  -1  503     -8.030    -11.915    -63.201
  -1   -2     -5.776      0.145    -68.125
  -1   -2     11.634     -4.659    -68.061
  -1   -2      7.026     -9.857    -60.286
  -1   -2     -5.149     -6.526    -60.249
 110  162     -7.708      5.506    -67.605
  -1   -2      7.457     -7.851    -87.887
  -1   -2    -10.067      8.114    -76.398
  -1   -2     -5.814     10.911    -58.168
 557  224    -13.275    -10.521    -68.848
 814   -2    -12.380      2.429    -69.507
  -1   -2    -10.062     -9.711    -64.037
  -1  536      4.326    -12.055    -72.197
  -1  434    -12.177     -0.122    -68.918
 302  181     -0.591      1.551    -74.475
  -1   -2     -7.614     -5.395    -77.051
  -1   -2    -13.041     -8.744    -74.644
  -1  621      5.164      5.985    -61.054
  -1   -2      0.712     10.229    -77.501
 107  232      8.690      8.177    -72.333
  -1   -2     -5.646    -12.199    -62.129
  -1   -2     10.679     -6.597    -59.902
 276  212      3.014      4.123    -71.067
 659  570     16.507     11.788    -65.994
  -1   -2     12.953     10.813    -67.964
  -1  234     -8.618    -12.015    -71.328
  -1   -2      4.716      9.215    -60.968
 611  501      2.136     10.570    -62.695
  -1   -2     15.332     -1.830    -74.674
 519   -2     12.152      0.258    -64.029
  -1   -2     17.172     -3.847    -74.838
  -1   -2     -7.372      7.220    -71.837
  -1  244     15.078    -12.601    -71.354
  -1  651     14.461     -8.223    -63.944
  -1  514     12.314     -0.548    -73.168
 314  618      1.116     12.167    -73.323
 182  468      5.192     10.138    -71.820
  -1   -2     11.225    -11.866    -68.781
  -1   -2    -10.507      2.780    -78.833
  -1   -2     -7.497      4.715    -70.221
  -1   -2      7.454     -7.884    -56.055
  -1  624     -2.060     -8.618    -71.554
  -1   -2      1.969      7.014    -64.508
  -1  535     15.218      1.793    -63.834
 417  285      8.744      0.015    -74.293
  -1   -2     -4.476     11.403    -58.954
  -1   -2     11.488      7.501    -56.894
  -1   -2     -3.810     12.993    -61.679
  -1   -2     -7.856      0.229    -52.761
  -1  186     -0.243      3.770    -59.777
 577  820      8.811      9.493    -73.653
  -1   -2     -4.488      7.381    -62.117
 572  561      6.630      8.956    -57.907
 592  658    -11.021    -12.714    -65.936
  -1   -2     14.049     -5.972    -65.091
 228  805      8.733      6.566    -66.746
 581  284    -13.713      6.494    -71.590
  -1   -2     11.356      6.586    -59.287
  -1   -2     -6.349      5.066    -62.063
  -1   -2     13.096     -4.407    -74.536
  -1  351     -6.015     -9.442    -68.119
 596  565     11.878     -0.431    -59.657
 500  191      2.098    -11.047    -76.034
  -1   -2      6.118      3.251    -62.632
  -1   -2     -4.200      0.932    -56.099
  -1   -2     -2.792     -8.473    -57.262
 408   -2    -11.483    -12.234    -64.205
  -1  414     10.327    -13.290    -65.269
  -1   -2     -6.324    -10.092    -85.179
 551  260     -3.190    -12.540    -67.285
  -1   -2      6.163      6.586    -64.606
  -1   -2    -14.832      4.117    -81.166
  -1   -2     -5.454     -8.190    -77.007
  -1   -2     -3.897      1.797    -59.061
 555  819    -14.198     -5.839    -67.244
 583  648     11.081    -10.875    -71.986
 256  723     14.948     -3.666    -74.416
  -1   -2     18.244     10.181    -79.227
  -1   -2      0.239     -8.550    -61.226
  -1   -2     -8.950     -6.246    -61.360
  -1  558    -12.432    -12.280    -64.304
  -1   -2      8.562     10.309    -73.529
 783   -2    -10.726      8.560    -76.084
  -1   -2      9.757     -3.654    -62.448
  -1   -2     17.161     11.317    -65.059
 535  568      4.911     -8.475    -62.479
  -1   -2     12.424    -10.569    -70.993
 449  542      0.455     -3.833    -59.840
 610  676    -13.966      9.199    -77.955
  -1   -2     -7.067      2.632    -64.275
 503  362     12.925     -8.921    -65.026
 602   -2      5.760     12.733    -61.767
 642   -2     15.791     12.940    -64.383
  -1   -2     14.976     -6.817    -61.193
  -1   -2     -5.729      1.380    -65.331
  -1   -2     -1.695     10.303    -55.691
  -1   -2     12.022      2.772    -69.377
  -1   -2    -10.373     -1.091    -57.795
 379  812      9.102      2.485    -69.928
  -1   -2    -12.559     -5.219    -87.057
  -1   -2     -3.832      1.721    -78.124
  -1   -2     -6.333    -11.270    -63.289
  -1   -2    -13.682      6.803    -71.717
 358  373      2.435     -2.103    -68.894
  -1   -2     -6.712      8.765    -77.650
  -1   -2      6.990      2.597    -76.323
 615  354     15.833     -2.732    -66.827
  -1   -2      5.354     -8.579    -77.263
  -1   -2     -4.100     -1.552    -62.957
  -1  211     -4.771    -12.849    -68.196
  -1   -2     -4.889      0.744    -53.407
  -1   -2    -10.429     13.431    -62.304
 749  682      4.091     -2.221    -75.797
  -1  579     -5.594     -4.359    -73.514
  -1   -2     -7.401      9.303    -67.635
  -1   -2     -2.794      7.290    -52.647
 505  452      4.738      1.705    -77.900
  -1   -2     12.800     10.412    -63.311
  -1   -2      5.228    -11.210    -67.990
 507  458     10.440     11.706    -68.754
  -1   -2      6.672    -12.958    -71.190
  -1   -2     -7.493     10.525    -78.155
  -1   -2    -14.424      0.901    -72.021
  -1   -2    -13.284     12.726    -65.161
  -1   -2      3.222     -5.540    -57.973
  -1   -2      4.222      0.700    -76.019
 279   -2      5.004      1.358    -63.354
  -1   -2      5.149      2.131    -60.416
  -1   -2     11.549     -4.053    -59.823
  -1   -2     -1.560      7.046    -63.818
  -1   -2     11.597     -9.499    -60.976
  -1   -2      4.733      4.392    -68.275
  -1   -2     12.765     -2.723    -64.401
  -1   -2     -1.954      7.719    -86.692
  -1   -2    -15.976     -2.176    -74.028
  -1   -2     13.686     -2.818    -73.482
  -1   -2     15.041      9.854    -67.027
  -1   -2      3.036     -5.002    -61.151
  -1   -2     -5.999     10.618    -83.493
  -1   -2      5.915      3.364    -63.487
  -1   -2    -10.020     -8.767    -58.225
  -1   -2     -5.122     -9.750    -76.884
 786  615     16.298     -7.785    -72.197
  -1  270    -10.141     -0.431    -61.954
  -1   -2     -8.756      3.071    -71.945
 709  424      3.120     -4.732    -71.651
  -1   -2      9.366     10.911    -69.742
  -1   -2     -9.077     -5.173    -56.454
  -1   -2      0.567     -4.966    -64.311
  -1  289     16.078      2.420    -69.539
  -1  688    -12.415    -10.848    -70.982
  -1   -2     13.559     -6.568    -62.247
  -1   -2     -5.683      3.876    -60.524
  -1   -2      4.836     10.970    -62.308
 584  661    -14.433     -5.365    -69.193
  -1   -2     13.700     -7.910    -64.879
  -1   -2     -2.159    -11.252    -60.225
  -1   -2      3.218      7.213    -87.927
 261  290     13.476      5.104    -68.920
  -1   -2    -13.400     -7.930    -67.575
 326   -2     -7.029      5.304    -77.315
  -1   -2      2.733      9.550    -52.762
 809   -2      0.660      6.584    -75.272
  -1   -2     -1.215      9.497    -69.124
  -1   -2      7.012     -6.396    -60.958
  -1   -2     11.794     -6.303    -63.368
  -1  346     -3.799      7.742    -61.196
  -1  614     13.045     -1.000    -58.422
  -1  357     12.722     12.492    -63.286
  -1   -2      0.355      9.493    -67.972
  -1   -2     14.636      0.057    -63.495
  -1   -2     -6.403    -11.715    -60.510
  -1   -2     -6.022      5.167    -77.765
 662   -2     14.377      0.726    -72.076
  -1   -2     16.209      6.805    -64.046
  -1   -2    -10.964     -7.198    -70.772
 392  555    -11.416      7.652    -75.558
  -1   -2     11.319      5.977    -60.352
  -1   -2     -1.841      6.707    -51.986
  -1   -2      9.844      7.212    -66.929
  -1   -2      5.072     12.170    -75.350
  -1  353    -11.185      0.172    -62.075
 336   -2    -13.749     -1.864    -76.105
 586  499    -10.389     10.160    -61.799
  -1   -2    -10.361     11.314    -59.543
  -1   -2     11.236     10.520    -59.975
  -1   -2     -0.790     -7.940    -58.866
  -1   -2     12.240    -12.511    -71.450
  -1   -2     -4.341      7.861    -60.622
 695   -2      1.332      0.125    -65.283
  -1   -2    -12.984      1.765    -72.424
 804   -2      9.423     11.931    -64.510
  -1   -2     15.564      9.357    -62.612
  -1   -2     10.082    -11.669    -85.109
  -1   -2     -4.135      5.994    -63.730
 706  575      2.507    -12.599    -71.653
  -1   -2     13.179      7.809    -67.289
  -1   -2      5.100      5.380    -54.858
  -1   -2     16.900     10.246    -66.906
 734  822      7.400    -12.633    -69.393
  -1   -2     16.403    -10.972    -65.454
  -1   -2     -0.285     10.155    -53.172
  -1   -2     -9.906      9.621    -72.356
  -1   -2     12.274      5.733    -77.147
  -1   -2     -6.649      1.197    -53.475
  -1   -2     -0.338     10.628    -71.059
  -1   -2     -9.978     -6.394    -56.413
  -1   -2     -8.900      0.104    -69.602
  -1   -2    -11.584     -4.665    -79.158
  -1   -2     14.831      9.298    -74.025
  -1   -2      4.364      0.763    -67.593
  -1   -2     14.626      0.179    -62.054
 587  717    -13.958      4.224    -65.178
  -1   -2      5.339     11.938    -72.410
  -1   -2      8.307     11.090    -58.616
  -1   -2     -3.666     12.096    -65.585
  -1   -2     -6.880     -5.200    -62.568
  -1   -2     -5.958    -13.015    -65.568
  -1   -2     15.568     11.025    -62.694
  -1   -2     14.356    -12.821    -73.853
  -1   -2     11.673     -3.560    -66.134
  -1   -2     13.218      8.524    -61.695
  -1   -2     -4.897      3.531    -51.972
 676  821     12.921      3.525    -73.225
  -1  675    -14.180     -1.293    -69.515
  -1   -2    -11.277     10.377    -86.946
  -1   -2     -8.336     -6.290    -78.952
  -1   -2     -1.367      9.349    -52.689
  -1   -2      0.612      5.647    -59.470
 315   -2     12.377    -12.565    -69.014
  -1   -2     17.376      5.679    -67.199
  -1   -2     15.157    -11.007    -62.820
  -1  768    -12.438     -1.474    -67.644
  -1   -2      5.951      0.768    -63.378
  -1   -2      2.767    -11.131    -64.533
  -1   -2     -9.527     -8.650    -59.643
  -1   -2     11.299     -3.167    -74.653
  -1   -2     -4.512     -4.746    -61.873
 638   -2     -1.153      7.277    -63.463
  -1   -2    -11.093      0.348    -83.194
  -1   -2     -1.754      7.393    -52.656
  -1   -2      6.603    -11.986    -86.306
  -1   -2      5.450     -1.787    -60.891
  -1   -2     19.939      7.380    -75.132
  -1   -2      6.930     -9.759    -72.135
  -1   -2     -6.273     -4.405    -53.326
  -1   -2     16.601      6.886    -65.529
  -1   -2    -10.650     12.256    -59.778
  -1   -2    -12.430      0.772    -60.495
  -1   -2     -3.333     10.491    -59.688
  -1   -2      5.148      1.819    -79.235
  -1   -2    -10.822     10.786    -71.406
  -1   -2     10.226     -1.632    -56.974
  -1   -2      4.352      1.852    -76.775
  -1   -2      6.254     -8.115    -62.584
  -1   -2      6.577    -12.173    -74.110
  -1   -2    -10.640     12.682    -60.687
 147  798     -2.989      8.001    -72.070
 270  229     -4.849      6.547    -71.588
 171  147     -0.472      5.936    -71.817
  95   -2     -8.552     -2.961    -63.334
 128  268     14.802     -6.123    -73.437
  32  596      1.882      1.828    -68.136
  37   -2    -16.092     -4.759    -74.832
 479  206    -12.043     -9.631    -69.236
 264   -2     10.312     -2.293    -74.609
 674   -2      8.345      1.224    -62.386
 712   -2     10.728      0.428    -74.702
 650   -2      9.151      4.750    -74.555
 788  361     -4.363    -10.216    -71.893
 656  827      3.997      5.557    -73.943
 617   -2      0.932     10.282    -68.121
 735  701     -8.005      2.320    -66.405
 226   -2     -1.444      3.444    -75.941
 455   -2     -3.723     -9.222    -60.433
 529  524     -2.293     -5.788    -62.416
 142   -2     -3.680      0.738    -71.799
 470  609      4.060    -10.946    -63.750
 518   -2      7.622     -6.288    -73.974
 594   -2      8.081      7.989    -61.064
 806   -2      0.376      3.730    -71.247
 682   -2     11.484     -9.928    -72.548
 608   -2     15.273      5.278    -70.702
 531   -2     11.875      2.133    -74.248
 515   -2      2.048    -11.854    -69.845
 736   -2     -7.553      3.053    -60.620
 624   -2     13.853      2.230    -72.418
 807   -2      3.756     -9.404    -72.066
 109  828      3.746      6.445    -65.920
 323  687      9.933    -10.097    -65.512
 396   -2     -4.279     -0.236    -66.843
 665  829     -1.896      5.206    -65.743
 823  830     12.463     -5.689    -67.008
 826   -2     13.712      1.222    -68.402
 827  510     -9.987     -4.083    -64.063
 828   -2    -14.633     -0.108    -67.071
 824   -2      3.584      1.262    -61.993
