795
  78    9      0.021      6.104    -74.589
   1    5      1.128     -5.594    -70.605
 104   55      4.692      7.989    -70.834
  11    8      4.344      2.267    -72.123
   3  120      5.752      5.223    -72.307
   2    1      1.380      5.346    -70.699
 292   26      0.325      7.134    -71.525
  16  283     11.147      4.533    -72.618
   6    0    -11.612     -4.154    -72.982
   8   34     -8.295      2.467    -68.849
  15  156     -0.712     -0.122    -68.074
 142   37      8.337     -0.207    -75.741
  -1   -2      2.205     -6.076    -72.624
  51  421     -0.251     -4.935    -70.108
  18    7      5.933     -0.158    -69.472
  24  523     -8.135      7.185    -75.175
  -1   -2     -2.451      3.544    -70.921
   5   -2     -8.354     -8.103    -71.947
  70   11      8.237     -0.747    -69.335
 131   43     -0.645     -1.907    -67.983
  49   29      7.832     -0.277    -70.565
 355  112     -7.810      5.043    -69.768
 109  168      1.201     -9.032    -73.503
  38   73     -6.408      7.538    -66.310
 216  102      1.728      5.771    -71.516
  99   52     12.315      5.655    -67.957
 175   12    -13.294     -5.310    -74.154
  31   16      4.448      6.074    -68.499
   7    2      2.020      0.258    -70.092
  19   27      4.250      6.823    -70.631
 110   28      2.799      0.435    -71.897
  28   69      4.610      4.141    -68.808
  -1   -2      0.688      7.549    -66.346
 138  132     -8.550    -11.466    -69.617
  44   15     -0.925     10.564    -69.980
  13   59     -4.960     -1.436    -71.251
 417   70      3.366     -5.282    -71.177
  -1   81     -7.870      7.996    -61.617
  95  446      3.032      8.166    -74.000
  56   42     -1.300      5.922    -62.457
   9   14      2.994      3.354    -72.127
 463   97      8.278     10.599    -70.672
 343  126     -3.179      6.687    -67.883
  62   36      3.774      8.133    -70.498
  34  181     -3.862     -2.617    -70.008
  26   22      4.853      8.887    -71.587
  47  103      2.852      1.399    -69.548
 743  400      1.483      0.760    -70.576
   4   56     -5.574      8.622    -73.255
  21  436     -7.522    -11.584    -72.085
  77   60      9.246     -5.519    -67.098
  12   31     -1.484     -5.649    -67.920
 384  157     -1.134     -7.842    -67.255
 362   21     -3.491      6.547    -73.793
  60  238      9.386      0.803    -70.134
  66   23      3.631     -7.622    -67.091
  29  379      4.774      8.233    -73.623
 751   -2      0.755     10.807    -66.548
  17  170      5.263      3.929    -72.295
  58   64     11.590      0.955    -67.072
  -1   -2      1.941     10.600    -69.624
 744   18     -1.954     -3.044    -69.895
  50   -2      0.341     10.146    -68.021
 119   79     -7.353      9.068    -67.101
  43   82     -2.141      7.199    -65.647
 101   54      5.291     -7.354    -69.920
  -1   -2     13.800     -8.056    -72.401
 360   76      2.685    -12.202    -68.481
 129   89     -5.800     -0.156    -64.485
 351   49     -6.738      5.099    -66.965
  25  195      6.035      4.329    -65.145
  39  193     -2.481     -8.570    -62.264
  -1   -2    -12.819      0.779    -69.867
  93  105     -4.241      8.233    -63.398
  59   77      0.291     -1.955    -64.585
  53    4     -2.524     11.142    -70.486
  -1   -2     -3.882     -4.491    -72.713
 398   57      6.491      2.274    -67.548
  88   -2      7.848     -6.862    -63.661
  -1  214      9.904     -5.919    -71.867
 366  417      2.674    -11.663    -68.581
  32   67     -2.981     11.937    -64.444
  87  399     -5.828     -3.731    -65.250
  -1   -2    -14.881     -7.235    -73.435
 186  374      1.794      0.513    -72.568
  89  113      8.877      1.558    -70.508
  -1   62      8.293     -9.686    -73.668
  -1   -2    -10.696      0.900    -66.156
  -1   -2     -3.270      5.117    -65.002
  41   85      2.087      9.145    -66.464
 117  455      6.006     -5.326    -73.870
 126   38      2.741      2.866    -68.473
 113  162     -7.657      3.448    -62.346
 141  494      1.437     -2.628    -73.262
 458  445     -3.579     -5.185    -67.876
 401   66     -8.993    -11.956    -69.209
  81  196     -3.911     -6.773    -62.607
  94   96      4.852     -1.832    -67.067
 372  775     -5.659     -2.593    -61.955
 128  159      1.819      5.306    -63.627
  64   87      0.190    -10.117    -60.695
 479   98     -3.189      4.410    -63.810
   0   35      4.678     -6.218    -73.788
 133   93     -7.449     -4.413    -63.848
 112   48      5.518      5.136    -65.594
 147  416     -8.715     -9.324    -62.695
 164  441     -7.643     12.746    -66.934
 177  135      3.097     10.443    -69.751
  -1  167      3.189     10.430    -63.470
  73   24      9.838      1.418    -64.983
 349   -2      1.683     -7.451    -68.089
  -1  401    -10.138      8.804    -67.781
 121  104    -13.223     -4.503    -69.509
 386   10     -2.497      3.897    -68.055
 203  111     -9.683     -2.078    -67.730
 132   -2      8.780     -1.003    -67.271
  -1  226      8.426      1.935    -67.555
 452   -2     15.097     -5.341    -70.563
 124   99     -0.600      3.144    -63.801
  -1   -2      5.090      7.822    -72.948
 150  114     11.927     11.965    -68.786
  46  204     -7.504     10.920    -75.751
  -1   -2     12.564     11.800    -67.979
 357  128    -12.598      5.035    -66.090
 782  353      1.421     -7.573    -65.891
 170   -2     -4.981     10.729    -69.636
 400  777     -3.137     -6.524    -72.641
  75  258      0.876      5.502    -65.273
  85   -2     -3.526      2.271    -68.133
 220  357     11.861      2.024    -69.723
 378  192      9.479      2.008    -65.396
 111  116     -7.291     -7.038    -64.654
  91  172     -3.166     -1.251    -66.592
 365  160      5.880     -5.039    -65.436
 473  151    -12.901     -0.058    -67.050
 149  761     -7.234     -6.175    -66.305
 181  146     -7.466     -5.384    -65.186
  -1   -2     -8.590     -6.984    -71.952
 260  200     -9.564      6.472    -73.257
 155   -2     -5.124      5.230    -60.953
 367  183     -0.655     12.467    -67.352
  -1  390     -5.220     -5.525    -70.649
 163  147     -3.455      3.507    -62.609
 332  386      0.361     -2.442    -70.903
  40  227     -7.085     10.685    -69.576
 224  262    -11.138     -7.644    -68.836
  86  163     -3.227      6.700    -62.169
 127  435      4.150      0.548    -61.876
 140   -2     -4.410     -5.363    -62.865
 118  119    -10.175     -7.081    -65.738
 198  249     10.209      2.846    -70.258
 421  118     -8.004     12.741    -63.016
  63  155     -0.459      5.520    -68.358
  37   -2      6.011    -10.389    -69.137
  76  380     -2.336      7.633    -73.986
  52  152     -0.171     -7.276    -64.575
 173  158    -10.983     -4.439    -63.539
 747  191      0.849      4.529    -64.897
 158  169      5.662      2.906    -61.348
 100  462    -10.889      0.276    -67.746
  42  402      0.778     -1.097    -68.011
  -1   -2      0.576     10.127    -64.405
 214  189      6.783    -11.356    -66.303
  -1   74    -14.426     -8.240    -73.721
  -1   88    -10.021      2.528    -64.411
 145  760      6.743      3.068    -67.860
 102  280     -8.250     12.521    -70.631
  -1   -2      0.213     12.349    -71.110
  -1   -2     -6.139     -1.700    -67.840
 116  136      8.754    -11.198    -68.892
 481  177     -4.040      3.935    -74.747
 184  139      0.305      3.542    -63.670
 476   92    -11.687    -12.019    -71.825
 196  171     -3.838      0.330    -62.990
 208  763      3.124     -6.881    -67.131
  -1  115      6.824     12.130    -73.103
 130  266     14.533     -4.168    -72.840
  -1   -2    -10.648      9.606    -64.712
 761  182      7.791      0.460    -62.876
 234  141      2.906      2.820    -64.043
 187  140     -4.027     -2.956    -64.433
 524  218      7.733      0.119    -64.511
 243  404     -3.484      1.501    -63.659
 225  397      0.712      9.204    -73.109
  -1   -2      4.290      0.560    -71.946
  33  789      3.583     -5.865    -73.349
 471   94     -6.419    -10.357    -69.724
 115  121     -4.282    -10.024    -69.996
 103  394      1.547     -2.975    -64.271
 765  244     -7.911      8.787    -63.800
 341  150     -4.556     -8.534    -73.501
 249  186     -6.480     -0.922    -63.563
  -1   -2    -10.937    -11.269    -67.688
  72   50      5.700     -4.310    -69.255
  -1  145     -4.490     -6.735    -64.222
 200  217     -7.345      2.932    -61.994
 183  188      3.845    -10.277    -69.019
 465  213    -12.425     -7.079    -65.014
 480  429      4.781      7.451    -65.437
 156  245      0.985      5.508    -62.884
  -1  282     11.863     -3.759    -70.126
  -1   -2    -10.499      8.095    -74.352
 221  175     -3.872     -8.580    -65.114
 253  768      0.843     -6.810    -62.589
  -1   -2    -10.650      3.988    -70.102
 504  472     14.407     -7.433    -68.431
 263  122     11.667      2.438    -64.970
  -1   -2    -10.896      3.796    -72.174
  22   -2     -6.775      1.897    -74.107
 125  304      6.153      1.824    -63.995
  98  377      7.094     -7.933    -72.831
 114  307      2.586     10.765    -75.149
 218  211      8.484      7.029    -64.311
 188  233      4.876      0.305    -62.589
 206  223    -10.100      8.898    -70.582
 750  278     -6.330     -1.838    -65.755
 581   33      8.043     -8.033    -70.192
 438  215     -8.564      0.256    -62.071
 432  499     -0.735     11.306    -64.013
 285    6      8.538      2.188    -69.642
 255  535      3.631      4.016    -67.507
 280  144      0.102     -2.992    -62.375
 227  458     10.497     12.066    -70.725
  71   90      0.132     -6.124    -70.377
  67  338     -8.800    -11.026    -72.153
  -1  508     -0.907      1.155    -61.418
  -1   -2     -6.798     -0.733    -74.559
  -1   -2     10.488      6.478    -74.913
 212  228      4.959     10.332    -65.673
 154  185    -11.787      9.838    -66.422
 215  764      8.740     -4.529    -67.889
  -1   -2     -7.728      1.317    -61.931
 423  212      0.258     -1.992    -72.637
 191  184      9.019     -2.770    -65.749
 167  108      3.186      7.756    -62.941
 209   -2     -8.650      8.262    -70.859
  84   -2      2.210      5.813    -72.148
 276  271     -8.160    -10.455    -71.008
 759  252      8.957     -8.772    -71.377
 274  451     14.267     11.400    -73.791
 219   -2     -0.245     -9.123    -73.127
  -1  127     -2.787     -2.599    -62.660
 506  782      2.943     -5.191    -60.543
  -1   -2     -1.965     -7.052    -72.847
  -1   41     11.410     -1.942    -67.973
  -1   -2      1.405     10.324    -65.860
 572  133     -1.327      1.453    -61.137
  92   -2      7.189     -0.399    -75.778
  -1  255     -4.742      4.378    -62.391
 591  253      8.005    -10.456    -70.431
 195  790     -4.488     -1.402    -64.193
 574   71     11.021      5.056    -67.804
 146  263      6.953     12.668    -67.706
 108   40      9.543     -7.971    -68.839
 190  264     14.159     12.024    -67.988
  -1  194      3.022     10.358    -61.621
  -1  612     -1.221      9.586    -61.969
  -1  392     -9.152     -6.333    -65.360
  -1   -2      9.236     -3.783    -63.419
  -1  633     -2.079      0.234    -67.599
  -1   -2    -10.978      2.242    -67.747
 230  480     -0.023    -10.488    -70.685
 202   -2      9.241     -2.463    -72.627
 415  313     -7.480      7.042    -61.813
 189  236      0.115      2.123    -71.415
  -1   -2    -12.699      3.418    -70.231
  57  791     11.748     -7.478    -73.505
 120  574      9.349     -1.789    -71.757
 284  323     10.221    -11.726    -69.778
 223  695     -3.528     11.400    -77.543
 749  381      5.117     -6.948    -70.632
 269  210     11.073      7.705    -72.685
  69   47      4.925      5.183    -74.683
 450  780    -13.617     -4.178    -71.483
 162  216     -6.727     -2.081    -62.994
 239  292      5.581      8.588    -70.344
 472  347     11.987      8.917    -72.081
 337  187      5.219      2.954    -73.584
  96   58      9.246     -6.004    -69.009
 205  130      9.739      8.040    -66.948
 240  276      8.798      7.872    -65.156
 281  242      9.782      6.771    -65.366
 161  178      5.231     10.053    -74.016
 311  513     -7.928     -7.140    -68.127
 250   -2      8.560      4.437    -68.069
 273  279     10.007     12.477    -66.443
  -1  301    -13.700    -11.461    -70.262
 444  571    -11.849      6.235    -62.047
  -1   -2     -1.702     -7.161    -65.413
 232  201      4.512      5.906    -65.981
 233  303      9.081    -11.618    -68.383
  -1  272      0.844      2.328    -73.575
 293  491    -13.061      7.134    -64.003
 258   -2     10.383     -8.498    -74.422
  -1   -2     17.065     -5.282    -76.127
  -1   -2     -3.535     -7.964    -57.632
  -1   -2     10.735     -6.020    -67.192
  -1   -2     -6.791    -11.018    -62.221
 246  767     -5.598     -7.048    -63.776
 320  275     13.331      2.335    -66.852
  -1   -2      3.609     -8.418    -62.358
  -1  250     -8.136      4.406    -65.486
  -1  251    -11.752     -0.514    -65.165
 513  319     16.636     -4.679    -70.022
  -1   -2     11.958    -11.383    -69.677
 544  783     -9.458      8.638    -62.015
  -1   -2      6.552      8.778    -73.570
 348  773     13.738     -3.581    -73.103
 244  248     -4.961     -7.346    -70.659
  -1  322     10.776      0.916    -62.080
 272  277      3.203     -4.209    -68.315
  -1  291      5.367    -10.259    -69.421
 329  154     -1.011     -9.634    -73.116
  -1   -2    -14.021     -8.100    -87.328
  -1  289     14.310     12.352    -67.858
  -1   -2    -12.805     11.446    -63.396
 610  792      0.656      6.177    -73.124
  -1   -2      8.029     11.111    -63.592
 160   63     -9.429     10.904    -67.486
  -1  625      5.078    -11.024    -60.607
  -1   -2    -12.608     10.114    -70.206
  -1   -2      8.621    -12.809    -72.984
 316  334     -4.498     -7.623    -66.049
  -1   -2    -11.927      2.051    -70.810
  -1  281      4.857     -0.196    -70.485
 152  324     -2.957    -11.535    -71.780
  -1  287     10.371     -8.615    -69.876
  -1  288     -9.605     -3.618    -63.776
 324  343     -2.127     -4.433    -66.426
  -1   -2      7.978      4.680    -62.729
 265  180      4.424     10.103    -75.029
 301  314     11.116     -1.878    -68.794
  -1  100     -3.244      6.442    -70.883
  -1   -2    -12.734     11.549    -71.746
  -1   -2     11.380      4.390    -76.944
  -1   -2     -8.250     -3.200    -74.869
  -1   -2     -9.046     10.245    -67.453
 257  257     -0.835    -10.719    -70.724
 323   -2      6.488      6.721    -64.395
  -1  321      7.325     12.333    -68.619
 314  645     12.522      3.430    -64.951
 315  718    -13.095      0.622    -64.404
 589  332     -5.491     10.515    -75.466
 604  784      5.255     -6.593    -72.651
 735  670      2.221     -4.214    -69.029
  -1   -2     -6.374      9.035    -71.906
  -1   -2     -6.395    -11.424    -78.823
 426  428      4.688    -10.000    -60.537
  54  352     -6.609     -0.813    -69.410
 358  774      2.372    -12.091    -70.870
  -1   -2     -2.599     -9.317    -56.753
  -1   -2     -0.974     -0.802    -68.913
 330  101     -6.246     -1.059    -71.342
  -1   -2     -3.424     -2.310    -55.920
 413  456      1.366     -3.632    -75.118
  14   19     -2.975     -5.868    -69.816
 377  355     -7.814     -5.868    -58.990
  -1   -2     16.843      6.521    -71.113
  -1   -2     -6.073      2.367    -55.792
 340  356      1.920     -3.161    -69.187
  -1   -2    -11.253     12.128    -69.442
  27   -2      1.628    -12.131    -69.571
 151   -2      2.304      1.297    -66.628
  -1   53     -1.407    -10.439    -64.729
 267  267     -6.935      6.131    -72.284
 783  403     -0.293      6.667    -72.364
  -1   -2     -9.585      4.244    -72.711
  -1   -2     -0.637     -0.123    -62.095
 261  514     -9.899     -7.451    -72.561
  -1   -2     -4.421     -5.479    -59.890
 622  785      5.382    -10.279    -74.632
 331  585     10.665      2.498    -70.411
 451  254     -1.020      4.134    -76.041
  -1   -2    -11.236     10.352    -72.362
  -1   -2     -6.778     -0.544    -67.457
  -1   -2     11.230     -9.726    -70.655
  -1  608     10.436      9.521    -73.427
  -1  395     -6.712     -5.676    -61.615
 342   75     -7.018     -7.334    -68.674
  -1   -2     -1.875     -3.479    -76.439
  -1   -2     -7.412     -7.812    -59.832
 419  779     -1.470     12.013    -67.100
  -1  366      6.180     10.072    -68.218
 359   84      0.454    -10.106    -63.148
  -1   -2    -10.617    -10.314    -65.726
  -1   -2     -5.136     -1.971    -59.722
 171   -2     -3.052     -8.805    -63.643
 430  430     10.949     -2.239    -63.844
 779   72     -6.473      8.183    -71.830
  -1   -2      9.584    -11.090    -73.222
 393  776     12.459     -8.323    -75.106
  -1   -2     -6.177     10.343    -67.302
 394  153      5.637      8.446    -67.110
 368  149     10.809     -9.946    -68.445
 780   -2     14.282     -7.710    -66.558
  83   95     -7.135     -0.995    -64.715
 211  123     -5.492     -4.156    -63.028
 745  454     -0.614     11.074    -64.695
  -1  405     -9.047    -11.605    -65.773
 344  259     14.690     -6.580    -63.644
 390  110     -3.017      2.973    -63.364
 418  439     16.802     -2.092    -66.284
  -1  224      4.966     12.336    -70.707
 784  143     -0.484      6.600    -61.833
  -1   -2     13.787      5.090    -65.485
 122  173     -6.104      6.686    -64.122
  -1  522     11.705      8.872    -63.444
 399  452      7.521      0.916    -60.661
  -1   -2      1.784    -10.873    -74.662
 159  387    -10.283     -4.126    -73.283
  -1   -2    -10.659     -8.856    -63.483
 383  477     11.242     -8.358    -70.610
 395  408     -8.169     -9.154    -64.889
 375  453      6.595     -0.558    -67.549
  -1   -2    -10.815      4.427    -77.941
  -1   -2      2.724    -11.149    -81.698
 328  771     13.465     -5.703    -74.691
  -1   -2    -13.687     12.075    -69.563
 404  208     14.922     -8.528    -66.549
  -1   -2    -12.776    -10.380    -64.430
  -1   -2     -9.544     -8.845    -60.207
 397   -2     -6.078      6.624    -60.557
 482   80     -6.216     -4.897    -67.309
 350  425     -5.674      9.238    -59.965
 477   -2      9.318     -9.043    -63.249
  -1   -2     13.652     -5.534    -77.703
 247  483     -2.361      9.924    -60.144
 422  373     -5.192      8.378    -67.513
  -1   -2     -9.489      2.315    -55.603
  -1   -2     16.358     12.157    -72.384
  -1   -2     -1.031     -4.610    -60.225
 409  274     -2.331     -4.138    -69.839
  -1   -2     -7.349      1.168    -53.516
 429  498     14.906     -9.991    -67.474
  -1  137      3.519      4.112    -61.616
 231  209     -4.315    -10.948    -68.332
  -1   -2      3.787      0.780    -73.135
  -1   -2     -6.096      4.044    -58.533
 370  107     10.294     -2.880    -67.630
 374   -2     -4.274    -11.932    -61.440
  -1   -2     -2.144    -12.412    -68.479
  -1   -2      5.479      7.096    -55.674
  -1   -2     -8.529    -12.491    -72.655
  -1   -2     -0.414     -8.097    -60.562
 185   -2     11.551     10.663    -71.592
  -1   -2      3.146      4.111    -62.622
  -1   -2      2.035     -1.651    -63.085
 135  134    -13.239     -3.074    -75.669
 498   -2      6.245     -6.686    -67.585
  -1   -2      2.011     -4.385    -59.350
  -1   -2    -14.089      0.433    -71.645
  -1   -2     -4.847     -0.543    -63.991
 388  495     -8.231     -9.845    -63.798
 424   -2      4.750      1.328    -60.616
  -1   -2      4.587      1.665    -60.515
  -1  460    -10.399      7.128    -72.283
  -1   -2     -0.661      4.109    -57.734
  -1   -2     13.316     -5.900    -53.979
 512  517     -5.101      7.727    -63.129
 529  681     -3.753     -6.493    -60.367
  -1   -2      7.795      8.305    -58.841
  -1   -2     15.198      7.485    -71.300
  -1  478      2.417      9.530    -67.178
 179   61     -9.807      8.274    -75.267
  -1   -2    -13.276     12.981    -65.018
  -1   -2      2.351      7.152    -75.855
 144  235    -11.705      3.054    -62.839
 347  772     11.872      2.273    -69.664
  -1   -2      1.386    -11.062    -59.343
 327   83      6.537      5.958    -72.166
  -1   -2     11.978     -7.599    -64.292
  -1   -2     -2.180     -3.029    -61.926
  90  465    -11.852    -10.666    -73.455
  -1  490    -11.921     -8.741    -63.970
  -1  243     11.530     -3.613    -70.046
 238  765     -7.548      9.914    -60.879
  -1   -2     -9.333     -3.848    -62.740
  -1   -2      8.207     -1.587    -58.183
  -1   -2     -4.507      9.746    -59.297
 583  461     11.419     12.603    -71.666
 148   -2     -1.169      3.118    -64.517
  -1   -2    -10.285     12.991    -62.582
  -1  581    -14.315      0.397    -66.269
  -1   -2      7.242     -4.583    -64.814
  -1   -2      8.117      5.824    -52.966
 134  592    -13.115     -3.216    -67.636
 252  317      7.459     10.532    -70.039
  -1   -2     -0.517     -2.331    -63.758
  -1   -2      9.999     -9.885    -58.998
  -1   -2     14.110     -6.603    -64.427
 462  712     -2.445      8.416    -58.356
  -1   -2     -2.304      3.599    -59.223
  -1   -2      6.217     -7.842    -60.663
  -1   -2     -8.509      5.433    -58.644
 474  482     13.611     -5.195    -67.484
  -1   -2     -9.711      1.832    -73.108
 437   -2    -12.745     -3.318    -67.280
  -1   -2      4.190     -3.062    -62.238
 193   -2      7.061      4.689    -61.259
 769   -2      9.819     -2.872    -65.012
 180  542     14.342     11.304    -70.364
 256   -2    -13.610     12.036    -74.092
 153  500      6.999     -7.074    -66.733
  -1   -2    -13.948      8.133    -76.823
  -1   -2     -2.269     -7.570    -64.400
  -1   -2      2.057      4.867    -84.124
  -1   -2      3.297     -1.277    -62.380
  -1   -2    -11.170    -12.157    -76.399
  -1   -2     -1.064     -7.947    -72.384
  -1   -2     -0.434      0.927    -52.188
 275   -2      9.663      8.955    -62.913
 570  539      2.727     -8.611    -61.943
  -1   -2      6.336     -7.655    -62.741
 373  504     -0.448      5.608    -65.629
  -1   -2      2.516     -0.542    -58.742
  -1   -2    -13.922    -10.333    -71.454
 658   -2      8.898      3.766    -74.124
 521  270     -8.961      7.312    -61.239
 268  315    -12.363      4.052    -65.067
  -1   -2    -12.443     12.545    -65.560
 469   -2      2.993     -8.123    -63.470
  -1   -2    -10.965     -3.439    -86.459
 207  793    -14.830     11.655    -75.203
  -1   -2     -3.557     10.317    -66.815
  -1   -2    -14.199     -9.581    -66.468
  -1   -2     -7.402     -5.623    -57.970
  -1   -2    -15.401     -7.838    -74.948
 137  579     -8.580     -3.300    -63.530
 448  536      0.721     12.599    -62.378
 222  567     -0.452     -7.103    -70.660
 199  106    -10.977    -10.099    -71.957
  -1   -2     -6.787      2.816    -58.602
 552  521     -0.290      3.524    -65.059
  -1   -2    -10.907     10.651    -60.462
  -1   -2     15.673     -3.478    -67.233
 266  506    -11.879      6.994    -73.241
  -1   -2     11.214      0.093    -57.229
  -1   -2     -8.476     -5.159    -61.861
 550   -2     15.530      2.116    -67.474
  -1   -2     -6.108     -4.219    -80.344
 511  512    -13.996    -12.163    -70.950
 631  329    -15.359      2.873    -76.038
 773   -2     12.712    -11.425    -63.098
  -1   -2     11.785    -11.482    -86.079
  -1   -2      5.161     -8.153    -58.160
  -1   -2      6.117     -4.010    -75.156
  -1   -2      0.743    -10.746    -72.035
  -1   -2     -4.201    -11.081    -60.127
  -1   -2     12.264     -9.553    -73.014
  -1   -2     -2.061     -2.530    -61.037
  -1  129     -2.062     -9.048    -77.114
  -1   -2    -14.548     -4.095    -67.326
  -1   -2     12.424     11.676    -72.508
  -1   -2     14.345     -4.471    -66.009
  -1   -2     13.187     -9.233    -76.915
  -1   -2      1.577     12.202    -73.572
  -1   -2     15.962      0.183    -64.438
 295  466      7.353     -1.364    -66.247
 694  295      3.448    -12.385    -74.977
  -1   -2     -6.347     -9.466    -55.785
  -1   -2     -6.112      7.268    -77.799
  -1   -2      2.084     -8.625    -71.928
  -1   -2     -7.969    -11.117    -58.455
  -1   -2    -15.176      9.558    -74.708
  -1   -2     -9.437     11.017    -61.257
  -1   -2     -9.609    -11.464    -74.931
  -1   -2     -9.581      7.513    -76.199
 443   -2     -9.723     10.264    -65.858
  -1   -2      6.383     -6.587    -55.100
 551  627     11.287    -12.599    -66.103
  -1   -2     -4.785     -6.878    -56.880
  -1   -2    -11.351     -1.514    -74.808
 488   -2      3.693     -7.562    -69.288
  -1   -2     10.569      5.706    -52.687
  -1   -2      3.056      0.610    -60.821
  -1   -2     -9.776     -0.446    -87.484
  -1   -2    -14.533      1.546    -72.502
  -1   -2      7.586    -10.149    -58.528
  -1   -2     15.960      0.204    -75.676
  -1   -2    -13.299      0.040    -82.277
  -1   -2      9.965      3.845    -81.979
 496   45     -7.454      0.361    -70.095
  -1   -2     15.709      6.106    -72.517
  -1   -2     13.240      7.764    -62.593
  -1   -2    -12.418      4.138    -78.774
 555  515    -10.295     -1.869    -59.053
 613   -2      8.426     -2.673    -76.428
  -1   -2     14.531      8.509    -70.541
  -1   -2     11.786      8.411    -64.258
  -1   -2     -1.957      0.226    -80.682
  -1   -2     14.184     10.658    -66.219
  -1   -2     12.033    -12.055    -69.563
 663  786     -6.764      1.167    -75.795
  -1   -2     -0.699     11.708    -72.830
  -1   -2     11.098      8.005    -82.936
 522  443      7.322     -8.615    -68.646
  -1   -2    -12.554      5.580    -73.191
 308   -2      1.350      5.563    -65.034
  -1   -2     12.367     -6.981    -64.813
 764  794      6.922     -3.268    -76.396
  -1  634     13.272    -12.396    -69.202
  -1   -2      0.443     10.989    -68.080
 123  651      4.966      3.383    -62.201
 283   -2      5.186      6.917    -61.729
  -1   -2      8.978     -6.820    -85.331
  -1   -2      2.136    -10.163    -56.726
 282   -2     -3.143      4.714    -68.986
  -1   -2      3.488      6.680    -59.633
  -1   -2    -13.773      4.540    -67.285
  -1   -2      1.454    -12.383    -68.042
  -1   -2     -0.058     -0.441    -63.972
  -1   -2      2.403    -12.063    -63.683
 616  647      3.975     -9.264    -72.307
  -1   -2     17.096     -0.211    -76.424
  68  361      4.402     -7.431    -65.932
  -1   -2     16.879      7.864    -66.717
  -1   -2    -10.117     -7.642    -69.492
  -1   -2     -8.527    -10.742    -72.869
  -1   -2     15.239      0.563    -65.218
 279   -2    -12.489      8.203    -65.299
 217  448     -8.341     -0.252    -68.041
  -1  486     -7.673      3.848    -61.756
  -1  309     13.004      2.749    -69.874
  -1   -2     16.433     -8.075    -70.417
  -1   -2     -8.047     -8.051    -68.990
  -1   -2    -14.632     -5.124    -72.661
  -1   -2     -1.582      0.659    -72.638
  -1   -2     -8.785      3.655    -59.787
  -1   -2     -9.683     -5.334    -73.482
  -1   -2      6.912     -8.747    -62.975
  -1   -2    -10.833     -9.904    -70.854
  -1   -2     -6.949     -1.260    -56.507
  -1   -2     -2.019      0.474    -56.029
  -1   -2     -8.311     -4.934    -63.636
  -1  655     10.169     11.948    -61.655
 213  336      0.184      0.565    -67.157
 475  284      2.629     12.196    -62.937
  -1   -2      4.401      8.207    -60.741
 541   -2     10.102     10.529    -62.070
 533  493      8.933     -3.895    -72.203
 615  333     10.306     11.917    -65.118
  -1   -2      3.130    -12.095    -64.419
  -1   -2    -12.550     -0.720    -61.281
  -1   -2     -0.701      5.318    -58.154
  -1   -2    -10.462     -7.885    -81.978
  -1   -2      1.689    -11.311    -75.793
 660  221      2.450     -0.035    -67.188
  -1   -2     -1.942      4.530    -75.333
  -1   -2     14.267     -4.894    -60.390
  -1   -2     10.995     -4.195    -60.125
  -1   -2      9.313     -9.616    -75.225
  -1   -2     -2.625     12.462    -67.501
  -1   -2     17.744    -11.352    -66.527
  -1   -2     -8.101     10.630    -60.391
  -1   -2     -3.217     -8.499    -54.852
  -1   -2    -15.507     10.088    -73.021
  -1  311     10.430     -5.554    -62.215
  -1   -2      7.684    -10.103    -60.419
 459   -2    -12.114     -0.519    -71.748
  -1   -2     -0.606      5.236    -57.436
  -1   -2     -4.803     -1.653    -62.100
  -1   -2     15.492    -12.383    -67.238
  -1  433    -12.337     10.902    -69.322
  -1   -2      8.111      1.992    -59.783
 576  617      9.261      9.348    -62.422
  -1   -2      7.952     -3.967    -58.211
 641   -2      4.400      6.664    -58.277
  -1   -2     14.914      7.659    -64.571
  -1   -2     -3.410     -8.761    -66.171
  -1   -2      3.636    -11.484    -63.105
  -1   -2      4.824      1.733    -74.846
  -1   -2      7.046     -9.407    -68.242
  -1   -2     -5.951      6.111    -76.687
  -1   -2    -10.002      5.522    -65.567
  -1   -2      6.427      1.247    -60.694
  -1   -2     -8.655      8.490    -65.914
  -1   -2     10.465     -4.094    -66.482
  -1   -2     -8.212     -1.964    -75.865
  -1  388      5.778     -6.463    -60.232
 303  328      0.577    -11.117    -68.247
  -1  544      5.407     10.928    -72.219
  -1   -2     12.907     -6.857    -62.543
 290  769      9.462      3.955    -72.172
  -1   -2    -16.230     -7.709    -70.910
  -1   -2     -1.450      1.566    -73.790
  -1   -2    -12.617     -7.852    -68.514
  -1   -2    -12.329      4.064    -81.923
  -1   -2    -14.304     10.492    -80.428
  -1  285      2.164     -1.603    -62.927
  -1   -2      0.363     -5.062    -57.954
  -1   -2     -8.862      5.942    -81.355
  -1   -2      6.665      4.306    -54.565
  -1   -2    -12.580     -1.522    -63.657
 601  296     10.076     -0.134    -69.823
  -1  678     -3.485     -0.988    -64.971
  -1   -2     12.313     12.467    -73.623
  -1   -2     -6.981      4.783    -85.008
  -1   -2      3.739     -5.168    -61.027
  -1   -2     -4.888     -9.956    -73.828
  -1   -2     -1.279      4.178    -70.556
  -1   -2      8.397    -10.844    -59.299
  -1   -2     -4.106    -12.422    -74.508
  -1   -2      6.269     -9.051    -68.955
  -1   -2     14.124      7.968    -71.162
  -1   -2     14.240     -8.866    -62.011
  -1   -2     -4.017     13.373    -62.405
  -1   -2      0.089     -2.071    -53.153
 684  787     -0.399      8.445    -67.477
  -1   -2     13.607     10.020    -73.291
 758   -2     -9.333     -1.284    -66.804
  -1  591    -15.402     -4.053    -71.903
  -1   -2     11.074      8.604    -56.085
  -1   -2     -4.347     -8.417    -64.674
 699   -2     -6.492      3.095    -62.646
  -1   -2     -1.701     -7.768    -54.131
  -1   -2     -6.051     -7.990    -68.577
 623   -2     12.584      2.766    -64.218
  -1   -2    -11.291     -5.765    -59.544
 723  744     -0.456     -8.797    -67.071
  -1   -2      9.135      3.632    -58.938
  -1   -2     -6.069    -11.873    -65.913
  -1   -2    -11.921      8.202    -87.580
  -1   -2    -14.619     -1.245    -76.683
 659  615     -9.142    -11.118    -69.086
  -1   -2     -5.703     10.939    -66.736
  -1   -2     14.114     11.207    -76.257
  -1   -2     13.532      3.150    -61.436
  -1   -2      9.471      8.787    -57.472
  -1   -2      1.710     -9.279    -59.624
  -1   -2     -5.295     -4.097    -80.052
  -1   -2     13.272     13.037    -65.343
 753  340      7.369     -6.283    -74.209
  -1   -2     10.617      9.716    -63.656
  -1   -2      5.214      8.992    -55.699
  -1   -2     -7.189      7.070    -64.341
  -1   -2     17.891     10.378    -68.936
  -1   -2     -2.186     -0.680    -67.958
  -1   -2      1.142      1.282    -62.313
  -1   -2     12.119      0.058    -57.472
  -1   -2     -9.791     -9.879    -62.823
  -1   -2      9.426    -11.442    -60.210
  -1   -2     -2.691     -3.214    -72.276
  -1   -2     12.978    -13.252    -61.884
  -1   -2     -0.100    -12.913    -66.617
  -1   -2      5.151    -10.587    -76.451
  10   -2     -6.285     -0.596    -73.898
  23   30      3.836      1.088    -70.082
 656  320      1.768     -9.095    -73.559
 411  778     -0.423     12.157    -71.881
  -1   -2      8.931     -3.698    -72.066
 226  205     -0.806      2.807    -63.650
 752  391      6.352      3.868    -63.656
 763  179     -4.147     -1.376    -63.476
 174   -2    -11.276      8.788    -76.986
 568   -2     12.400     -9.201    -68.111
 169  795    -13.574      6.965    -78.019
 468   -2     -5.144     -0.726    -64.328
 489  781    -10.685      2.891    -65.939
 416  369     -4.042      1.670    -58.492
  79  109      5.765     -7.665    -67.632
 172  302     13.395      6.696    -69.940
  -1   -2    -10.307     -3.959    -73.264
 770  310      1.329     -0.495    -66.673
 307   -2     -4.043     -4.749    -71.181
 305   -2     14.507      9.035    -76.088
 396  412     -5.698      1.529    -62.300
 748  788      6.359     -1.058    -65.585
  -1   -2     -1.136     -1.478    -59.855
 436  479     -8.565     -5.746    -67.162
 584   -2     15.773     11.551    -69.547
 719  305      2.291      1.349    -70.393
 525   -2     -2.968      1.466    -71.231
 767   -2     11.718    -11.365    -58.940
 166  762    -11.881     -7.625    -61.290
 485  566     11.808     -1.035    -63.735
  -1   -2    -11.920     -0.470    -71.822
 629   -2     -1.912      1.480    -60.693
 197   -2     -1.057     -0.477    -63.927
  -1   -2     10.060     -0.174    -69.897
 542   -2     12.782      6.880    -72.798
 245  766    -10.552      5.260    -67.014
 571  700     11.995    -10.093    -61.150
 620  207     -8.421      6.471    -68.029
 270   -2    -11.966      4.105    -68.672
  55   -2      9.843      2.718    -71.989
 577   -2     -7.590      4.788    -73.366
 596   -2      4.706      0.631    -68.228
 333   65      3.489      7.463    -71.833
 548  547     10.786    -12.295    -74.023
 106   -2      3.703     -0.970    -61.238
 277  577     -8.732     -7.850    -74.374
 289   -2      3.816      0.017    -65.008
 530  199      7.042     -2.627    -64.994
 580   -2      2.343     -6.872    -59.954
 785  389      3.134      4.318    -62.701
