814
 117    1      2.751      2.943    -70.137
   0    0     -0.553      8.504    -71.769
  32    4     -4.249      9.346    -70.951
   1   12     -2.212      3.280    -68.294
   4    6      3.369      7.952    -69.435
  11   40      6.145      1.586    -71.359
 122   10     -1.425      9.270    -69.414
 182   51    -13.029      3.263    -74.220
   5   23     -0.205     10.542    -70.732
  19   16      0.147     11.763    -67.401
   6   88     -1.836      8.772    -74.004
   8   25      4.423      8.063    -68.912
 798   15      7.252      7.451    -68.200
   7   11      0.724     -0.680    -69.274
  16   34     -3.506      5.430    -67.159
   3   81      5.580      6.675    -72.140
  13   13      2.146     -1.246    -70.068
  27  422     -0.694     -6.795    -74.586
  49   24     -3.381     -3.338    -73.154
  35   27     -1.221      5.233    -67.327
  20    9    -13.655      0.959    -72.349
 419  157     -1.398     -2.343    -69.997
 201  160    -14.900     -5.022    -74.872
 426   57     -4.044    -12.370    -69.165
  15   54     15.767     -7.004    -71.560
  37   69      0.648    -12.274    -71.599
 146    2      1.398      4.311    -69.786
  28    5     -9.659     -1.574    -71.357
 418  409     -7.069      3.392    -61.652
 258  106      6.203     -5.646    -73.181
  65  109      6.804      6.959    -72.160
 120  148     13.652      6.283    -67.641
  22   58     -3.746     10.757    -66.594
  53  198     -3.611      8.248    -64.690
  -1   50     -0.229      6.723    -68.098
  31   36      1.769      1.991    -67.663
 132   83     -4.213     10.027    -69.826
  -1   -2     -9.545      0.481    -66.740
  58   42     -7.355     -6.145    -71.338
  34  273      4.870     10.243    -68.860
  41   62     -8.637      6.527    -69.071
  45   56      3.267     -2.240    -72.549
  38   59      4.884      1.421    -66.621
 311   14     12.619      6.260    -72.936
  -1   -2     -5.799     10.703    -71.042
 114  768     -2.402     -9.132    -69.524
 110   52    -10.943     10.929    -72.258
  43  404      4.441     -1.025    -75.201
 414  410    -15.698     -3.064    -75.427
 145  369     -2.635      2.555    -74.137
 101   61      2.530      2.833    -65.689
 250   21      8.461      9.309    -70.665
  -1   -2     -4.724     -2.375    -75.227
 131   76     -2.079     -4.554    -65.578
  92  233     -6.624     -4.995    -70.473
  82   -2      3.073     -8.521    -67.258
 240   86      6.172      4.099    -67.637
  62   47      4.991      3.860    -69.449
   2    7     -0.621      6.796    -72.521
 455  812     -4.233     11.087    -74.211
 102   -2      2.415     -2.945    -62.707
  39   -2     -1.962     13.147    -66.067
 315   72      0.446     -3.585    -68.250
  50   37      1.678     -5.332    -69.939
 406   93     -6.185     -1.629    -66.120
  93   45     -8.978      9.580    -62.822
  17   46      1.609     -7.942    -70.912
  97   31     -0.339     -3.511    -69.662
 413  208     -0.749      0.263    -72.493
  76  385    -12.138     11.043    -69.252
 458   -2    -11.914     -7.963    -65.083
 799   18      0.749      3.794    -69.157
  -1  104     -5.831      9.376    -63.349
 234  182     -6.580      3.391    -75.046
  71   33    -12.647     -4.630    -72.346
  48   87     -5.793      4.037    -64.403
 153  101    -11.706     -9.453    -71.907
  23  111      7.195      2.068    -71.075
 167  116    -11.915     -7.704    -70.313
 236  184     -0.687     12.560    -67.706
  98   80     -8.349    -10.968    -66.677
  -1  435    -11.518     -4.727    -72.324
 121  131     11.377      7.893    -70.258
 286  103     -9.804      8.715    -75.399
 127   53      2.788    -11.987    -68.691
 129  121     -9.447     12.259    -68.096
 400  196     -8.003      8.392    -64.760
 136   -2      7.090     10.028    -71.329
  44  471      0.588      2.079    -64.309
 191   29     -5.031     11.851    -72.299
  21  158     10.361      2.875    -68.954
  47   22      0.455     -0.983    -71.568
 269  150    -14.688     -6.027    -73.661
 449  142    -10.736     -9.453    -70.191
  84   65     10.827    -11.311    -67.749
 403   84     -7.237     11.331    -68.681
 338  320      3.897      2.809    -71.516
  61   74     15.078     -0.331    -67.753
 464   90      1.010     11.896    -66.251
 391   85      0.026    -10.325    -73.277
  87  100     -8.696      0.202    -67.329
 538   60     -0.760     -0.586    -68.155
 804   97      2.060      7.360    -64.902
 199  401     -3.532     -7.093    -70.190
 390  105     -1.614      3.523    -62.301
 165  271      4.469     -8.321    -67.730
 189  133      9.554      6.395    -70.160
 380  123     -4.334     -1.329    -65.065
 445  122      2.484      8.024    -63.413
  29  766      1.058     13.140    -67.000
  94   77      0.946      9.782    -69.224
 435   82     -5.240      9.549    -65.407
 385  335      3.901     -1.010    -69.562
  -1   -2      3.953     -5.701    -66.241
  79  117      9.739     -3.817    -65.854
 217  204      5.404     11.435    -70.153
 388  372      0.328      3.438    -72.026
 103  138     11.142      6.741    -69.546
  54  135      4.401     -4.682    -76.475
  52  124      2.786     -9.657    -67.577
 141  125     -2.650     12.877    -65.010
 396  453      7.891     -1.615    -71.324
 278  239      8.387      8.261    -68.175
  99  366     -1.405     -6.071    -64.714
 130   98     -4.141      3.204    -65.924
 125  222      3.711     -2.265    -70.428
 447  438    -12.071     11.873    -69.158
 188  487     -3.103      0.398    -74.492
  68  195     -8.214      5.332    -68.664
 116   41     13.716      0.167    -69.527
 457   71     -8.816     -7.322    -68.036
 142  212      0.121      2.957    -62.716
 118  132     -7.860      6.647    -63.917
  88   43     -4.229    -10.561    -71.316
 161  140     -5.012      6.528    -63.819
  86   68      6.284     -6.221    -68.021
 387  788      1.162    -10.303    -69.344
 126  147     -5.767      7.679    -61.984
  -1  179      9.131     -1.266    -66.941
 556   28     -8.996      1.605    -71.551
 179  211     13.865     10.670    -73.442
 235  424    -15.331     11.059    -70.915
 300  156      2.141      5.568    -64.688
  67  118    -10.983     -3.888    -66.626
  -1  223     -4.101      2.751    -71.104
 213  321      8.705     -6.117    -65.431
  95   -2      5.731     11.365    -65.634
  73  232      6.996     -2.775    -71.378
 319  285      4.715    -11.894    -69.236
 196  170      7.799      5.085    -76.031
 147  308      3.200      5.953    -62.506
 113   96      4.476      2.970    -68.975
 536  418     -6.332      5.270    -76.854
  69  253     14.592     -3.454    -72.145
 192  190     -6.497    -10.664    -68.481
 339  161      5.785    -10.005    -67.076
 119  130      5.088      7.335    -66.450
  33  258     -1.757     11.342    -74.636
  -1  261      7.833    -12.122    -69.412
 154  247     -1.101     -8.161    -67.099
 185  213      5.045     -6.878    -61.533
  -1  113     -0.421      9.865    -63.531
 439  119      6.322      0.103    -64.506
 135  134     -8.956      8.591    -65.326
  56   73      7.789     -9.183    -70.044
 170  375    -13.866      3.573    -72.343
 143  230      9.564     -4.142    -71.179
  64   49      0.257     -2.400    -68.617
  18  207    -11.503      3.894    -74.381
 242  777     -5.537      0.568    -72.446
 379  102      0.956      5.778    -72.240
  -1  178    -12.102     -1.458    -64.937
 216   66     -8.205      4.951    -67.565
  -1   92     12.663     -0.934    -66.647
 184  415      2.852     -2.039    -63.142
  -1   -2    -13.209     -5.298    -71.603
 341  416    -14.103      4.037    -70.996
 134  238     -7.390      0.475    -69.378
  -1   -2      3.727     11.597    -63.847
 109  272     -9.383     -4.405    -69.902
 174   79     -0.410      8.026    -71.128
  63  425     12.797      0.634    -66.289
 452  115      7.961      0.235    -72.446
 115  447     -3.076      6.950    -64.306
 169   44     -8.982     -7.323    -71.321
 243   64     11.102      5.396    -67.911
 181  172      7.033     -4.763    -66.271
  91  108     -3.363     12.066    -67.246
 180  236      2.991    -12.266    -65.028
  -1   -2      6.297    -11.582    -65.278
  -1   -2     11.843     12.678    -67.403
 393   89      2.018     -6.581    -70.690
 203  263     17.369      4.883    -69.760
  -1   -2    -12.214      9.272    -71.610
 298  216     -0.685     -8.696    -66.570
 166  181      5.117     -3.566    -61.439
 206  164    -10.868      8.205    -68.816
  -1   -2      7.715     10.591    -64.558
 462  792     -2.459     -7.175    -60.101
 157  174     -6.704      5.409    -67.732
 542  151     -8.186      9.926    -64.273
  60  331     -6.281     -3.392    -73.825
 228   -2      4.055     -4.683    -65.820
 156   95      3.615     -3.717    -63.825
 159   -2     -5.677    -11.621    -66.693
 158  498     14.658     11.598    -70.469
  -1   -2      4.417     10.927    -72.922
 210  289     -5.491     -2.052    -70.498
 233  231      7.937      4.941    -62.754
 138  689     -7.068      1.477    -72.759
  89   70     -7.580     -3.936    -72.326
 239   -2      2.097     -6.897    -61.320
 172  219     10.386     -4.220    -66.589
  -1   -2    -11.370     -1.305    -71.555
  96  218      8.615      4.040    -73.405
 810  591      1.170      6.812    -74.550
 251  257     11.016     12.734    -67.600
 220  224     -4.550     -9.235    -65.987
 421  252      7.669     12.539    -65.753
 208  652    -14.590     -9.086    -71.695
 310  237    -11.369      8.749    -68.194
 281  440     12.217    -10.135    -71.714
  -1   -2     -9.408     -4.509    -64.116
 492  539     -0.801      1.679    -65.429
 708  294    -15.589     -0.890    -72.272
 105  563     11.101    -10.447    -71.952
 320  143      9.981      9.099    -67.072
 267  342     10.410      8.698    -69.534
 219  450      9.375     -1.896    -64.462
 214  155     15.607      1.912    -69.126
 838  377      5.705     -4.374    -72.584
 317  296    -12.785     11.695    -72.673
  46  543     -9.208     -6.094    -69.188
  85   39     -9.998     -8.653    -71.578
 223  171     -0.165     -0.096    -62.210
 316  240      2.168      3.828    -62.423
 590  334    -10.270      5.541    -76.806
 248  778      7.376     -1.818    -70.019
 814  275      3.702     11.450    -71.622
  -1  254     10.544      1.105    -64.236
  -1   -2      6.200      2.948    -65.594
  75  767      2.513    -11.167    -73.224
 484  494    -11.589      2.146    -73.319
 249  199     -4.274    -10.555    -65.009
 176  120    -12.501      6.017    -66.264
  -1  145      0.962      2.807    -63.555
 256  268      3.807      8.447    -61.124
 322  290      2.939     -8.698    -70.461
 160   -2      2.956     11.145    -65.198
  -1  270     -6.035     -9.589    -67.904
 229  304     11.260      8.246    -64.832
  -1   -2     12.633      9.715    -61.970
 289  558    -10.174     10.762    -62.357
 237  267     10.330      4.065    -63.206
 224  234     -0.829     11.035    -65.441
 253  328     -1.446     -1.997    -68.437
  90  353      4.193      6.063    -69.599
 495   -2     -3.243     -8.480    -63.541
 152  430     -2.989     -3.832    -70.066
 404  162    -11.789      4.041    -71.700
 285  295      5.005      4.609    -61.080
 226  299     16.114      4.553    -68.244
  -1   -2      0.176     -5.785    -62.046
 444  127     -0.914     -2.827    -69.137
 198  310      0.877     10.864    -73.026
 572  309     12.833      2.288    -65.798
 525  292    -14.718      4.634    -69.912
 277  302     12.464     -6.400    -68.084
 586  333    -14.449     -8.620    -75.832
 128  167     13.199      0.109    -72.931
 262  413    -12.278      9.757    -65.233
 276  317     15.090     -1.349    -67.305
 811  194      7.318      0.402    -72.355
  12  431      0.427     -7.604    -72.049
 261  454     16.283     -2.644    -68.437
 617  284    -11.944    -11.731    -71.460
  -1   -2     -9.259    -11.697    -77.418
 327  283     13.112     10.333    -74.178
  -1   -2     11.554     -1.463    -74.679
 463  185      7.105    -11.020    -72.321
 622  300      3.963      5.031    -61.283
 247  180     -3.637      4.059    -63.612
 440  540     -4.584      3.886    -77.874
 461  243     -7.153     -6.659    -63.198
 626  325     15.153      0.203    -65.946
 348  217     -3.088     -7.789    -69.557
  25  189     -2.585     -5.626    -73.529
 742  499     -2.072      3.953    -72.587
 259  153      2.291      7.128    -62.294
 360  235      9.796     -4.143    -68.539
 558  248    -13.987     10.012    -66.565
 554  324      8.896     -7.327    -72.336
  -1   -2      3.654     10.137    -59.193
 605   -2    -15.370     -8.363    -75.222
  -1   -2     -0.338     -8.599    -62.272
  -1  724      6.104     -7.338    -67.316
  -1   -2    -11.079     11.994    -61.692
 280  209     14.436      3.228    -65.735
  -1  514      5.989      1.730    -63.708
 365  287     12.893      7.262    -72.980
 520   -2    -11.852     -1.534    -68.508
 197  628     -7.667      8.860    -76.172
  -1   -2      8.688      1.735    -61.671
 499  298     16.490    -10.784    -70.884
 187  200     11.000      3.842    -68.706
  -1   -2     -2.317    -12.182    -73.506
  -1  346     12.675    -10.052    -71.672
 312  725     13.952      8.377    -63.059
 137  244     -2.044      5.191    -73.365
 844  464     -9.608     -7.969    -75.832
 104   -2    -10.508      4.012    -63.767
 293  351     16.609      7.069    -69.120
  -1  303     12.352      2.631    -64.685
 290  542     -8.610      4.487    -75.603
 526  458     16.623     10.890    -67.405
 694  227      5.012      4.238    -69.343
  -1  329    -14.877      1.488    -72.610
  -1   -2      7.447     -8.104    -67.963
 245  277      4.490      7.666    -65.721
 423  790     -0.033      9.489    -72.864
 837  427      2.031     -2.029    -61.200
 288  301     13.181     -2.183    -64.417
 307  781     10.862      3.453    -62.679
 355   -2     -2.887     -4.890    -69.905
 705  806     -0.500      8.057    -61.487
 326  518     12.486     -1.330    -72.370
 568  316      9.559      8.920    -67.759
  -1  260     14.369     -1.237    -66.782
 149  280      0.467      4.228    -62.567
 195  269     12.067      1.097    -67.594
 578  604      0.710      6.361    -67.376
  -1  336      0.551      6.086    -64.547
  -1   -2      4.071      5.036    -56.512
 343  352      9.078      8.386    -62.956
  -1   -2     -4.356      2.239    -61.845
  -1  282     15.097      0.346    -70.166
 332  279      6.782      5.317    -62.370
 225   -2     -1.294      5.012    -69.157
 140  769      3.971     -9.965    -70.376
  -1  460      9.787     -0.469    -72.389
  -1   -2    -15.971     -9.475    -74.281
  -1   -2    -11.829    -11.969    -62.912
 505   -2     11.815     -1.879    -73.986
 202  773      9.970     -5.715    -73.027
  -1   -2      8.251     -7.478    -67.378
  -1  322     13.116     12.406    -71.969
  -1   -2     -5.938     -0.312    -71.740
 318  177      2.551     -3.166    -66.129
  -1   -2      3.952      0.252    -64.745
 692  327    -13.476     11.335    -66.261
  -1   -2     -9.727     -5.005    -68.663
  -1   -2    -10.759     -7.449    -77.407
  -1  187     -2.585      9.296    -74.174
  -1   -2     -5.673      7.146    -64.504
 295  813      4.035    -10.345    -70.248
 183   91     -4.512     -3.504    -71.203
  -1   -2     -6.399      9.033    -63.084
 329  783     13.215      2.806    -74.260
  -1  566      4.526      1.401    -69.531
  -1   -2    -10.620     -5.241    -68.816
 724  358     13.760      5.697    -64.103
 294  668    -15.135      4.735    -75.399
 759  362      6.580    -10.234    -66.784
 763  363      5.365      0.164    -64.726
  -1   -2     -1.833     -5.850    -72.434
  -1   -2     -5.445     -3.900    -71.097
  -1   -2     -4.191     -1.369    -71.126
  -1  186     -7.719    -12.475    -65.784
  -1   -2    -10.391     -5.733    -74.717
  -1   -2     -0.695      7.151    -65.700
  14  371     -0.370     -0.466    -68.464
  -1   -2     -3.547     -4.449    -60.798
 313  365     -8.787      5.458    -70.333
 395   67      3.255    -10.167    -61.965
 796   17     -7.237      3.152    -68.898
 362  786     -3.908      6.659    -69.376
  -1  446      2.076    -11.743    -62.513
  -1   -2      5.893     -7.002    -59.872
  -1  472    -15.798     -8.206    -70.035
  83  520     -0.986      1.005    -68.497
 609  801     10.408      0.228    -71.343
  40  490     -7.619      6.364    -67.669
 411   26     -8.884      2.279    -67.157
 424  432     -9.816      6.611    -61.402
  -1   -2     -4.861      0.820    -61.388
  -1   -2      0.064     -9.766    -64.338
 570  389     10.270    -12.742    -64.698
 412   30      2.542    -11.837    -70.664
 231   -2      5.111     -1.947    -66.301
  -1   -2     10.746     -8.810    -60.613
 123   -2     17.062      8.377    -66.620
  42  501     -0.200     -2.679    -73.085
 100  107      3.710     -4.917    -66.869
 177  139     12.010      2.716    -65.605
  -1   -2      5.359     -6.743    -69.386
  -1   -2     -9.856      9.858    -72.799
  -1   -2      5.486     12.084    -64.465
  -1  541      4.323    -10.144    -74.741
  -1  386      1.776     -8.779    -61.807
  -1   -2     -3.950     -6.810    -56.933
  57    8    -11.593     -4.081    -74.406
  -1   -2    -11.530     -6.138    -60.085
 430  403      9.476     -7.124    -65.188
  -1   -2    -16.307      2.714    -75.885
 112   75     -6.874      2.273    -68.627
 817   94     10.265    -10.792    -69.043
  -1   -2     -1.307      0.350    -62.578
 410  789     12.042     -5.059    -65.288
 173  419     -3.291      9.489    -63.850
 408  165     -6.894      2.074    -61.500
 485  400     -5.676      1.318    -61.730
  24  192      3.461      0.588    -70.090
  80  397    -10.232     11.842    -66.153
  -1   -2     -9.579      0.138    -60.119
 215  475     -5.071     10.885    -61.110
  -1   -2    -14.805     -2.121    -69.718
 501  175     -7.631     -8.052    -65.309
  -1   -2    -10.442    -11.443    -71.875
  70  126     -1.548      1.231    -66.306
  -1   -2      1.795     12.970    -66.768
  -1   -2     -0.559     -7.416    -59.774
 429  421     11.496    -10.909    -63.630
 459  444     -9.445     -8.546    -67.780
  -1   -2      1.642     10.899    -62.502
 504  376    -14.476     -3.200    -76.321
  -1   -2     11.524     11.425    -74.874
 446  467     -0.555      8.447    -66.514
  -1   -2     10.044     11.289    -62.134
  -1  417      3.650     -0.521    -62.248
  -1  625     16.312     -7.581    -70.926
 562  154      4.999     -0.283    -76.188
 453  169     -9.073      3.742    -69.654
 255  603    -13.300     -6.138    -76.139
  -1   -2     -2.809     -9.601    -58.228
  -1   -2      8.631     -3.398    -61.364
  -1   -2      5.240      9.772    -63.260
 540  796      4.940     12.545    -70.864
 287  511      8.562      9.964    -67.972
 516  794      4.027    -10.780    -65.253
  81  379    -10.646      1.949    -65.912
 433  550      8.547    -12.946    -66.337
  -1   -2     12.780     -5.554    -63.502
  -1   -2      5.437      7.342    -57.259
  -1   -2      4.066     -0.266    -60.758
 230  210    -10.526     -0.129    -70.722
 648  803     -2.227      5.007    -56.678
  -1   -2     -1.103     -6.637    -61.499
 376  787      1.088      2.832    -76.321
 628  607    -11.803    -10.974    -69.998
 347  754      1.896     -9.594    -76.399
  78  348     -8.159     -5.231    -72.030
 279  436    -11.893      1.465    -74.386
  -1   -2      1.130     -2.668    -55.161
  -1   -2    -10.801    -10.387    -63.448
  -1   -2     -5.353     -6.038    -59.528
  -1   -2      8.040      3.053    -72.112
  72  582     15.071      2.033    -70.182
 818  412    -13.241    -11.998    -71.535
 428  791     14.890      3.863    -73.738
 420  214      1.815      8.170    -60.235
  -1   -2     -9.099     -8.421    -53.068
 588  456     -0.535     10.654    -61.373
 106   99      4.775     -1.512    -67.398
  -1   -2      3.922     -6.952    -87.548
 299  141      3.833      0.382    -66.023
 378   48     -9.954     -1.119    -74.120
  -1   -2     -6.924     -3.276    -59.813
  -1   -2    -14.337     -3.145    -77.698
  -1   -2     16.134    -10.422    -65.557
  -1   -2    -13.197      1.429    -65.215
 490   -2     -5.732      5.732    -58.525
 839  468    -10.322      4.284    -69.474
 843  601      4.461      4.356    -76.743
 306   -2      5.528     11.315    -57.751
  -1   -2      6.984     -9.869    -64.087
 292   -2    -11.038     12.199    -73.552
 531   -2      3.883     -1.874    -63.037
 398   -2     -0.203     12.541    -69.057
 151   -2     11.162     -0.597    -64.791
 577  799      6.498     -1.699    -58.849
  -1   -2      6.152     -1.077    -58.228
 515   -2     -8.259     -6.389    -64.581
 518  546     16.945     -7.026    -64.277
 383  305    -15.829      6.581    -75.239
 270  713     -6.742     -9.444    -70.189
  -1   -2      7.374     11.297    -57.427
 254  221    -11.600      9.695    -66.359
  -1  262      8.864     10.520    -64.518
  -1   -2     -2.773      3.988    -62.881
 263  779    -12.107     -8.710    -64.308
 486  548      0.309     12.002    -66.706
  -1   -2      4.278    -10.821    -61.759
 205  775     -1.039    -12.578    -66.752
  -1  197    -13.502      5.529    -72.407
  55  110     -8.601     -4.670    -70.517
 204  774     -7.611      7.634    -77.421
 522   -2    -12.334     -6.142    -76.674
  -1  423      9.785     -3.340    -76.292
 478  449     17.007     -3.256    -66.991
 805   -2    -11.011      5.870    -66.448
 502  220    -14.873      1.596    -68.518
  -1  477     10.731      0.429    -59.842
 493  225     -3.058     -8.785    -65.573
 806  241     -0.923     10.901    -69.959
 513   -2     11.944     -6.791    -64.419
 713    3     -1.332     -6.420    -72.150
  -1   -2     10.060     -8.948    -59.172
 541   -2    -16.055      3.408    -77.050
 274  814     -4.820    -11.175    -76.664
 476  509     12.810    -10.129    -62.349
  -1   -2    -15.822      9.459    -77.265
  -1   -2     12.448     10.553    -61.842
 560  556     -8.811    -10.126    -66.897
  -1   -2    -15.023     -0.060    -67.885
  -1   -2     10.309      1.697    -70.505
 527  618    -15.203      4.424    -69.418
 580  619     15.680      6.491    -68.247
  -1   -2      0.729     -6.508    -77.713
  -1  504     -7.419      9.005    -60.578
 186  330     14.385      8.113    -68.868
  -1   -2     -2.435      8.914    -77.266
  -1   -2     -2.216    -10.546    -62.958
  -1   -2     -8.503     -4.299    -53.393
  -1  183    -13.569     -0.877    -75.430
  -1   -2    -12.339    -10.999    -76.908
 163  571      2.300     -2.827    -63.975
  -1   -2     -9.135     -4.575    -59.013
  -1   -2      1.618      4.013    -62.931
 615  664      5.183    -11.335    -61.556
 506  531    -15.318    -12.292    -73.543
  -1   -2     14.618     12.062    -73.083
  -1  318      8.996      6.250    -60.973
 650  502      3.079     12.421    -63.966
  -1   -2     -3.491     -6.428    -61.545
  -1   -2      4.575     -8.319    -58.655
 475   -2    -15.852     -3.031    -73.083
  -1   -2      4.812     -3.143    -75.708
  -1   -2     -5.114      9.031    -55.693
 613  535      5.152     -9.328    -77.595
  -1   -2    -13.441      8.704    -78.724
  -1   -2     -1.947      3.497    -64.040
  -1   -2     -6.657    -10.261    -61.157
  -1  274     -3.469     -8.690    -64.501
 656  590      9.214     -0.924    -61.460
  -1  523      6.005     -0.351    -60.018
 296  516    -11.829     -6.458    -68.574
 553   -2     -5.411     -9.754    -62.600
  -1   -2     -1.976     -0.229    -76.568
  -1  414      2.060     -8.875    -73.664
  -1   -2    -14.169     -1.523    -67.586
  -1   -2    -11.217     -2.591    -76.651
  -1  496     -8.062     10.239    -59.553
  -1   -2     -8.193      0.626    -57.909
  -1   -2    -15.116     -6.429    -72.649
 514  570      6.938     -8.669    -63.825
  -1   -2     16.199     10.392    -82.084
 591  661      7.086      6.688    -61.854
 564  473    -12.963      4.758    -71.926
 517  474     14.918     -8.334    -69.017
  -1   -2     -3.073      2.318    -69.864
 702  805     -1.201      8.970    -61.150
  -1   -2      2.695     -5.345    -60.988
 222  226     13.832      1.847    -65.597
 733  630      7.527      7.880    -60.314
  -1   -2      5.262     -4.626    -62.126
 498  564     17.082    -12.906    -69.515
  -1   -2    -12.386    -10.836    -67.225
  -1   -2      0.549     -9.013    -70.360
  -1   -2      6.412    -12.141    -77.209
  -1   -2     -8.056     12.318    -60.342
 632  350     -6.546     -7.286    -69.840
  -1   -2    -10.942      0.433    -79.406
 500  605     -3.523    -10.045    -69.406
 812  255    -12.969     -4.904    -70.857
 431  249     10.892     -4.875    -66.331
 728  506    -12.650      4.909    -64.914
 323  307    -15.715      7.681    -73.384
  -1   -2      8.199      8.838    -55.165
 575  641     15.663     11.691    -63.463
  -1   -2      8.188     -4.493    -64.536
  -1   -2      3.950      9.879    -74.987
 555  278     12.167     -6.984    -73.810
 567   -2     12.332      3.004    -60.267
  -1   -2      9.934      8.992    -58.347
 467  146    -12.565     -2.727    -64.734
  -1   -2     -9.971      7.327    -72.040
  -1   -2     10.528      9.804    -77.616
 139  549      5.444     -0.443    -72.271
 328  782     -9.506      2.738    -76.450
  -1   -2      9.274      2.923    -58.928
  -1  621      2.968      4.054    -61.358
  -1   -2     -4.469     -0.271    -59.562
  -1   -2    -12.349      4.631    -77.522
  -1   -2      1.182      0.482    -56.292
  -1  568    -11.820      3.846    -60.998
  -1   -2     16.944     -7.270    -66.038
 193  815     15.156     -3.828    -63.773
  -1   -2     -5.093    -12.230    -70.436
 511  793      1.619      0.183    -57.911
 496   -2    -11.791     -2.860    -64.264
 305   38     11.627     -1.578    -70.399
  -1   -2     -2.079      3.566    -57.687
 349  394     13.298      6.701    -73.273
  -1   -2      7.373     -2.555    -71.470
 643  281    -13.515     -7.449    -70.053
  -1   -2     10.411      1.041    -73.416
  -1   -2      7.378     -3.635    -79.960
  -1  589     13.675     -9.825    -62.536
  -1   -2     -3.898     -8.217    -55.906
 537  575     -5.793     -4.757    -70.313
  -1   -2     13.521     12.527    -63.967
  -1  505      2.837     -0.372    -72.924
  -1   -2     -0.703    -12.065    -67.432
  -1  470     14.834     -3.893    -70.972
  -1   -2     11.416     -7.906    -73.013
  -1   -2      6.020      6.864    -56.387
  -1   -2     10.119     -9.064    -73.007
  -1   -2      0.784     -0.007    -70.949
  -1   -2      6.200     -2.541    -61.902
  -1   -2     14.572      9.842    -63.681
  -1   -2     -0.898     -7.624    -64.688
  -1   -2     -1.816      1.836    -67.613
 268  586     12.944      6.369    -69.586
  -1   -2     10.422     12.843    -63.009
  -1   -2     -1.214     -7.727    -57.766
  -1   -2      2.632      3.396    -66.250
  -1  673     -6.837    -12.513    -67.273
 748   -2     13.836     -6.703    -73.843
  -1   -2     -2.568     -2.368    -56.258
  -1  547      9.235    -10.390    -63.907
  -1   -2    -12.870     -6.824    -78.772
 168  772     16.846     -3.148    -74.405
  -1   -2    -10.450     -2.590    -59.267
  -1   -2    -10.626      6.655    -60.305
  -1  676     16.638     -5.362    -64.967
  -1   -2     -2.646     -9.481    -63.695
 358   -2     11.080      7.421    -70.121
  -1   -2    -13.559     -6.215    -83.352
  -1  708    -12.757    -12.125    -77.259
 503  360     12.344      3.624    -65.422
  -1   -2    -16.192     -1.935    -72.184
 357  314     13.212    -10.850    -70.266
 582  613     12.688      3.986    -66.318
  -1   -2    -14.984    -11.912    -69.853
  -1  344     -5.525     -9.873    -67.762
  -1  612     -1.656     11.434    -70.417
  -1   -2     10.630     -5.763    -69.180
  -1  635     13.391      9.744    -68.628
  -1   -2     13.540     -5.979    -76.232
  -1   -2     -2.127     -9.467    -59.667
  -1   -2     13.375     -7.730    -54.152
 661   -2     14.611     10.762    -65.894
  -1   -2      1.149     -0.097    -76.893
  -1   -2     14.290      8.604    -68.830
  -1   -2     -1.577    -10.069    -73.056
  -1   -2     -3.451     -6.646    -77.748
 351   -2     -4.374      4.587    -68.849
  -1   -2     -6.691     -3.980    -56.684
  -1   -2      5.017     -8.790    -70.588
  -1   -2      2.305     -8.439    -55.519
 171  349    -15.274      1.571    -75.788
 150  770      4.335      2.826    -73.737
  -1   -2      5.639     -8.409    -52.876
 634  644     15.758     -5.268    -68.376
 352  784     -3.226     -7.941    -66.949
  -1   -2      6.142     10.411    -58.080
 720   -2     12.563     -2.576    -63.178
  -1   -2     -9.573      0.601    -56.851
 359  785     12.186      2.962    -75.030
  -1   -2     -7.806     -1.977    -58.980
  -1   -2     10.000    -10.013    -82.094
 438   -2     10.380    -10.564    -64.862
  -1   -2    -10.814     -4.879    -60.365
  -1  654    -11.484      8.852    -60.250
  -1   -2      1.929     12.794    -66.962
 722  807      8.301      5.147    -69.427
  -1   -2    -11.805    -10.276    -66.803
 638  802     13.627      0.462    -75.048
  -1   -2      3.564     12.745    -67.864
  -1   -2     -9.604     -5.288    -70.812
  -1   -2      2.353      6.129    -65.861
  -1   -2     11.053     11.441    -61.130
  -1   -2     -4.088     12.016    -68.857
  -1   -2    -14.087     10.277    -79.879
  -1   -2     -3.563      7.441    -63.533
 788  737      8.288     11.531    -64.549
  -1   -2    -14.299      1.642    -75.690
  -1   -2     11.903      8.943    -59.148
 701  804      9.071      2.433    -59.762
  -1   -2     15.129     13.002    -67.521
  -1  714     -6.469     10.303    -75.781
  -1   -2      7.713      1.040    -73.414
  -1   -2     -9.893    -10.864    -65.908
 533  666     14.346     -3.856    -72.849
 331  337     14.888      2.358    -67.646
  -1   -2     14.766     -2.392    -62.896
 372  748      7.494     11.994    -67.484
  -1   -2      9.809     -8.408    -61.880
  -1   -2     11.278     -2.498    -83.287
 756  648    -10.028     10.189    -76.182
 686  583    -13.361      1.373    -70.940
 835  622    -11.531      1.410    -72.740
  -1   -2    -10.375      9.906    -57.749
 754  809      5.411    -11.553    -63.139
  -1   -2      8.211      8.823    -61.277
  -1   -2    -12.890      3.387    -76.711
  -1   -2     -1.848      6.436    -55.296
 297   -2     -1.572     -1.684    -65.465
  -1   -2     13.020     -5.878    -67.503
  -1  485     -3.791     -1.042    -60.239
  -1   -2      6.079     -2.221    -58.564
  -1   -2     -9.568      4.334    -84.072
  -1   -2      7.435     -3.293    -59.071
  -1   -2      0.009     -8.459    -58.113
  -1   -2     -0.330     -2.293    -56.120
  -1   -2    -10.681     -3.599    -65.866
  -1   -2      9.028     10.924    -63.266
  -1   -2     -2.701    -10.552    -66.184
  -1   -2     11.905     11.802    -62.199
  -1   -2     -7.575      8.203    -56.036
 576   -2     16.271      5.301    -71.733
  -1  340    -15.199      8.741    -69.487
  -1   -2    -14.590     -8.799    -82.049
  -1   -2     -1.221      8.995    -54.245
  -1   -2     10.849     10.899    -56.190
  -1   -2     15.935     12.467    -66.205
  -1   -2      9.334      1.359    -70.388
  -1   -2    -16.016      5.578    -76.192
  -1   -2     -9.742     -5.281    -75.526
  -1   -2     -3.121    -11.011    -73.569
  -1   -2     16.957      8.582    -71.264
  -1   -2     12.587    -11.106    -81.964
  -1  405     -8.963     -9.221    -76.615
  -1   -2     12.586    -12.102    -72.536
  -1   -2     -3.629     -2.753    -73.599
  -1   -2     10.584     -9.349    -57.997
  -1   -2     -8.844      9.483    -69.831
  -1   -2      2.539     -2.769    -52.863
  -1   -2     -8.393      3.426    -78.285
 369  746     -2.757      1.441    -66.758
  -1   -2      4.039    -11.067    -77.484
  -1   -2     -9.512      3.795    -59.917
  -1   -2     10.929     -7.820    -71.412
  -1   -2      0.686     -7.989    -65.181
  -1   -2     14.380     -1.205    -73.427
  -1   -2      5.870    -12.619    -70.106
  -1   -2     13.156     12.952    -68.294
  -1   -2    -11.058     -6.078    -60.153
  -1   -2     -2.336     -0.195    -75.634
  -1   -2      7.377      7.645    -83.404
  -1   -2      9.208     -8.411    -77.507
  -1   -2     -5.403     -2.437    -77.510
 340   -2     -4.454     10.647    -66.331
  -1   -2      6.623      9.825    -64.747
  -1   -2     -9.672      1.811    -73.517
  -1   -2     14.398     -8.635    -62.348
  -1   -2    -11.393     -2.230    -71.373
  -1  739    -14.485      3.151    -72.248
  -1   -2      9.152     -9.822    -61.748
  -1   -2     14.229      2.588    -65.549
  -1   -2      3.374      9.186    -52.057
  -1   -2    -12.591      7.131    -63.650
  -1   -2     -4.044     -9.763    -72.834
 797  129     -3.071    -12.034    -72.923
 108   -2    -15.790      0.695    -73.664
 241  229      8.806     -0.482    -67.839
  66  193     -6.503     -9.510    -75.650
   9   20     -3.969     10.796    -72.916
 107   -2      8.513     -1.528    -68.544
 808   -2     -9.447     13.365    -68.025
 291   -2    -13.439      2.506    -68.623
 232  276     13.784     11.375    -70.622
 595  800     -2.317     12.522    -62.677
 350  326      5.671      9.295    -66.732
 828   -2      3.873     -6.080    -76.829
 821  312     -6.598     10.150    -71.331
 271  780    -12.826     11.760    -64.886
 321   -2      0.079      9.947    -65.762
 710  816     17.854      7.662    -71.811
 809   78    -13.824      8.260    -76.339
 178  311     14.238     -6.544    -70.581
 363   -2     -8.127     -9.943    -65.696
 368   -2     -1.514     -6.216    -69.066
 209  374      0.732      8.795    -70.705
 803  395      4.485     -8.117    -72.088
 532  631     17.207     11.736    -70.591
 227  776     -3.350     -3.152    -63.535
 469  339     -8.824    -12.617    -68.148
  36  380     -3.653     -4.986    -68.564
 510  599    -12.357      5.782    -69.482
 162  771      1.179    -10.223    -68.305
  -1   -2     16.907     10.666    -72.673
 552  797     12.918    -12.517    -66.126
 519  795      3.760    -11.045    -65.663
 335  817     16.009     -9.696    -71.812
 545   -2     13.855     -9.414    -63.618
 303   -2      7.297     -8.084    -67.689
 336  286     11.481      0.907    -74.292
  -1   -2    -15.076      4.665    -75.439
  -1   -2     16.506     12.230    -71.371
 715   -2     -9.032      7.469    -71.085
 716   -2     19.067      4.570    -71.103
 726  808     -9.193     12.130    -61.338
 566  798    -13.623     -6.148    -75.161
 394  481     13.332      9.064    -60.120
 621   -2     10.376     11.676    -63.767
 822   -2     -2.964     -6.872    -72.374
 823  811     16.138     -0.116    -75.954
 466   -2     14.557     -7.918    -70.990
 252   -2     -3.350     11.007    -62.660
 725   -2     10.756     -6.852    -74.841
 800  818      0.553     13.189    -69.020
 826  819      3.985     -2.179    -61.774
 833   -2     14.071      1.729    -68.405
