802
  43    1      2.481      7.092    -70.945
   3    4      1.886     -3.069    -72.986
   0    2     -6.241      6.180    -71.420
   1    0     -9.168      2.576    -73.469
 374    3     -7.829      2.371    -71.607
  -1   -2     -9.425     10.267    -76.004
  11   42      3.946      8.873    -72.381
  33   28     -3.122     -8.391    -73.594
 415  451     -4.248      6.725    -70.671
  13   19      4.111      3.290    -67.755
  -1    6     -8.206     -3.697    -71.955
  17    5      8.813      1.450    -70.282
  65    9     -3.720     10.017    -71.715
 130   22      8.224     -2.281    -72.542
  16   10      8.144      0.070    -69.462
  27   31      2.525      6.724    -73.431
  10  778      1.481      3.924    -71.057
   8   43     -7.442     -4.234    -77.803
   6   25      1.573     11.190    -70.006
  51   36     -2.075     -0.734    -70.836
   4  361    -10.526      2.934    -71.853
  21  102     -3.797     -2.216    -69.848
  63   23      9.818     -2.617    -71.080
 386  368      2.912     -4.759    -73.908
  20  378    -10.766     -4.116    -70.896
  15   29      4.277      8.229    -67.979
  41   13     -5.889      5.776    -68.456
  46  781    -10.196      3.754    -70.009
 780  814     -8.194      9.748    -70.070
   5   32     -6.713     -9.823    -70.548
  26   30      4.615     -1.231    -66.050
  22   40     -2.678      2.021    -65.936
  19   18     -0.832      2.072    -68.367
 822   20    -11.856      0.916    -72.135
  81   55     -0.392     10.584    -64.540
 214   67     -1.491     11.464    -66.460
  14   64     -3.696     11.059    -72.158
 238  115      4.164      9.653    -72.371
  35  449      3.419     -3.024    -68.096
 400   34     -3.174      5.323    -72.154
  56   60    -10.609      5.202    -66.785
  12  104     -2.215      3.900    -69.915
  30   48     -6.849     -1.802    -68.203
   7  365      8.629      7.236    -69.250
 503  133      1.417      9.879    -70.712
 159   17      3.522      2.374    -69.598
 132  148     -1.365      7.825    -72.572
 108  128      1.317     -3.261    -73.500
 439   85      1.652      3.430    -70.961
 376  415      8.007      6.736    -71.412
  32  276      5.182     -3.504    -68.997
  31   39     12.029      2.860    -68.796
 463  157    -10.076     -0.877    -62.392
 778  813     -4.158      2.759    -69.110
  37  373     -8.301     -5.709    -68.031
 137   74     -5.242     -2.263    -67.584
 123   37      4.188     10.234    -65.284
  99   69     -7.601      4.318    -70.108
 428   94     -3.356      6.562    -65.617
  61   63      3.721      6.951    -65.282
 447   96      7.991      7.483    -72.215
 555  807      9.030     -1.666    -73.192
  67   49      2.265      4.600    -64.374
  73   16      1.175      1.910    -70.114
  66  107      7.937     -5.816    -66.853
  53   57     -8.559      7.402    -64.330
  85   79    -14.111     -1.230    -68.571
  18   21     -6.272     -6.400    -69.570
 441  117      8.065      6.026    -67.606
  97  196     -6.455     -7.861    -69.397
  58    8     -3.681     -9.162    -68.661
  23  371     -3.039     10.718    -65.671
  68   87      1.726      8.549    -62.667
 268  369     15.949      9.321    -72.606
 387   33      6.606     -2.194    -66.899
 297  162    -15.759      0.695    -71.972
 152   98     -8.713      8.848    -64.047
  69   80      1.906      8.041    -68.272
 149   -2      1.478    -11.764    -67.141
   9   75     -4.698      1.731    -68.073
 291  427     -6.628      0.706    -71.615
 109  788     -1.060     -2.057    -64.002
  -1   54     -5.362     -2.874    -67.049
 221   45     -4.540    -10.596    -69.178
  83   56    -14.568     -7.649    -70.157
 384  198      3.403     -8.510    -65.936
 121  111      0.513    -11.908    -67.995
  62   -2     -1.608      8.922    -63.171
 153   73      7.438     10.835    -71.093
 239  158    -14.498    -11.028    -73.313
  74  165      1.716     -6.716    -64.502
  48  109     -7.672     -1.214    -67.091
 131  184    -12.881      9.646    -70.984
 258  238     -8.237      6.371    -71.355
 385   65      6.783     -1.371    -66.202
  -1  101    -10.475     -5.545    -69.060
 250   92     -0.245     -0.216    -66.970
 203  145     -8.667     10.358    -68.793
 166  118      0.872    -10.204    -66.494
  45   47    -11.028      2.873    -71.795
 525  465      1.413      2.296    -66.049
 192  502     -1.206      9.893    -74.161
 336  287     12.120      3.049    -72.936
 190  172     -7.166     11.887    -67.004
 128  106      0.245      4.873    -60.981
  -1  166      4.194      5.990    -61.090
 312  301      8.027     -1.306    -69.766
 112  131     -3.868     11.100    -69.961
 147  146      8.685    -12.492    -69.199
  96  136      9.011     -4.215    -66.771
  95   76     -6.704     12.023    -63.994
 375   41      6.118      4.589    -71.328
 110  377     -7.256     11.721    -71.281
 107  787      6.698     -8.647    -63.729
 119  192    -12.958     12.157    -72.760
 209   58     -2.541      0.116    -74.830
 141   -2     -7.600      8.084    -63.721
 174  142     -1.591     -9.094    -71.440
  39   35      8.957     10.378    -67.753
  44   84     11.967      6.009    -67.755
  -1  389     -7.487      0.594    -65.817
   2  444     12.119     -0.230    -73.129
 135   88      0.247      7.318    -66.154
 223  819     -7.261    -11.385    -68.358
 115  153     13.614     -6.965    -67.649
  92   81     -0.741      8.612    -72.806
  72   -2     -8.770      2.694    -68.768
  -1   -2     -0.084      6.901    -62.092
  -1   -2     -0.512     12.945    -64.354
  79  783     -4.740     -2.302    -71.748
 136  112     12.097      3.205    -65.112
 199  400      4.796     -0.690    -74.027
 321  178    -14.283      8.363    -76.865
  -1  468      5.261      5.865    -63.121
  98  103     -5.793     10.888    -72.507
 781  141     -3.615     -1.108    -69.746
 178  430     -9.677     -6.180    -74.418
  -1   -2     -8.993    -11.146    -65.772
 133  144    -10.834      9.525    -63.292
  36  780      2.907      9.074    -65.235
 313   24     -5.346    -11.191    -72.180
 103  216     14.384      2.581    -72.529
  -1   -2     -3.411      5.038    -60.109
  75  460      4.822     -3.976    -69.992
  86   26      9.475     -5.233    -73.986
  76   71     -8.256     -0.973    -66.510
 451  155    -14.147      7.871    -70.706
  -1  193    -11.496      2.060    -68.838
 215   -2     -4.678      6.853    -72.328
 187   91      5.923      7.687    -70.233
 487  573    -14.396     -9.945    -77.633
 550  258     14.197      0.851    -71.099
 186  139     -0.666     -6.405    -63.621
 138  298     10.333      8.432    -64.048
 304  820      3.088      9.998    -72.201
  -1   -2      0.857    -10.587    -62.718
  24   -2     -2.964      4.542    -67.626
 176  466     -8.238      2.603    -61.191
 496  303     -6.415     -2.040    -62.005
 154  122      4.301     -5.981    -64.222
 406  168     10.743     -4.598    -65.316
 113  130    -11.608      5.406    -66.299
 466   46      3.669     -1.395    -62.482
 155  429    -12.741      1.976    -63.757
 163   77     14.279     -0.479    -70.977
 125  183      0.231     -0.216    -63.753
 129  383    -12.191     13.038    -64.994
  47   -2      3.483      8.341    -75.984
 230  160      4.092     -0.065    -67.035
 179  200      9.516     -6.023    -70.579
 353  551    -10.423     -6.466    -72.429
 401   86      3.316    -12.212    -69.119
 158   14      7.521      8.777    -72.731
 783  161      8.824     -9.286    -65.052
 171   27     12.243     -3.220    -68.838
 142  149     -9.634      9.599    -65.237
 140  280     -2.302    -10.180    -64.108
 231  264     14.000     -1.718    -71.508
 210  384     -6.677     -0.266    -65.508
 161  137     -1.621     10.513    -68.576
 198   -2     -8.743      1.543    -60.831
  25   53      5.511      3.039    -70.223
  77  311      1.911     -0.911    -68.358
 295   95    -10.209     11.277    -67.584
 488   50    -14.886     -9.561    -73.281
 298  187     -8.602     11.646    -64.133
  -1   -2      0.443     -7.703    -75.901
 168  233     -4.110      9.128    -67.138
 195  277     -4.817      6.003    -63.346
 181  150      4.492     -7.490    -65.475
 396  207     -5.918    -10.253    -72.186
 143  281     -6.911     -8.825    -74.403
 248  230      2.763     11.179    -73.030
 382  240     15.627     -3.214    -72.801
 188  179    -11.694      7.737    -68.960
  -1  516      2.562    -12.542    -66.407
 208  236    -13.910     -4.891    -68.831
 431   44     13.902     -4.389    -72.673
 111  203     -8.430      1.091    -67.328
  -1   62     -3.614     11.611    -65.262
 151  229     -0.580    -12.141    -73.872
 146  259     -2.191     -6.931    -64.122
 172  185     -5.877     -3.792    -67.203
 270  533     10.230     -8.458    -68.899
 170  180      6.413     -8.933    -71.940
 267  225      9.982      6.264    -62.965
  -1  110      9.005      8.382    -70.288
 165   83     14.903      9.724    -72.521
 282  796      1.050     -1.543    -75.705
 224  163    -12.418      6.864    -72.555
 219  202     10.426     -3.192    -64.148
 533  170     -6.349      5.497    -68.518
 665  436      3.705      7.427    -66.407
  78  234     11.408     -2.928    -72.593
 196  791     -7.189      5.239    -62.086
  38   70     14.756     -7.775    -72.354
  55  782     -1.414    -10.595    -65.274
  -1  213     14.671     -0.761    -65.488
 193  221      7.719    -10.083    -64.843
 207  135     -3.450      5.006    -67.465
 530  806      6.236      2.474    -74.723
  71  114     12.296     -3.187    -71.722
 823   -2      7.262     -8.839    -67.864
  -1   -2     -2.694     -6.824    -55.092
 355  648      3.354     -5.428    -69.172
  -1  191    -12.403     10.624    -65.270
 692  222      8.560    -12.199    -64.693
 311  251     11.249      9.729    -69.603
 524  124     15.784      5.777    -67.943
  -1  536     11.778      0.860    -77.092
  -1  176      4.470     -8.134    -63.726
 276  123    -13.049      4.666    -68.190
  -1   -2      8.281     -9.552    -66.859
  -1   -2     10.529     -1.433    -62.998
 264  325      2.851     -9.825    -65.012
 249  794      5.578     -2.306    -73.429
  -1  243     -9.297     -4.764    -65.019
 300  797      4.420     10.414    -76.700
 225   -2    -15.231     -4.130    -71.681
  -1   -2     -3.480      4.520    -60.327
 145  587     -8.636      9.240    -74.600
 575  821      7.492    -12.353    -70.048
 262   -2     -3.160     10.287    -65.824
 394  306      9.129      9.856    -72.938
 177  790     -3.018     -1.889    -64.152
 236  113     17.922      3.021    -70.860
 289  290     14.795     10.750    -68.438
 244   -2     -4.293     11.261    -74.648
 332  232    -11.822     -4.413    -77.227
 259  550      5.652     12.088    -72.156
 277   -2      4.891    -11.020    -67.877
 255  274      8.884      5.690    -65.342
 246  304    -15.893     -3.905    -72.266
  -1   -2      2.715    -11.781    -74.379
 144   12    -11.831     -1.806    -73.820
  -1  199     -0.089    -12.992    -66.578
  -1   -2     15.465      6.103    -72.916
 273  250    -12.238     12.001    -66.157
 226  181     17.996      4.339    -68.835
  -1   -2      6.782      1.967    -59.460
 367  293     -0.044     -2.608    -70.577
 499  446     12.362      5.923    -66.900
  -1  694    -12.380      3.248    -67.838
 212  275      7.398     -4.306    -69.819
  -1  613      3.552      0.692    -63.565
 331  547    -11.557      0.579    -73.048
 253  302     15.828      8.437    -69.423
 279  256    -10.703     -9.444    -73.387
 206  211      6.036      4.875    -65.377
 213  297     13.365      1.544    -72.872
  -1   -2     -1.127     -0.496    -76.753
 460  455     -4.355     12.081    -63.443
 167  288     15.455     -3.787    -72.915
  84  390      6.327      7.100    -74.960
 288   52      3.536     10.273    -72.007
 326  227      0.051     -3.547    -65.471
 328  562     -2.029     -7.430    -76.293
 183  268     -1.786     -5.843    -65.746
 535  210    -15.534     -8.090    -73.717
 256  248      5.390    -10.889    -65.046
  -1  310    -12.931     -3.478    -69.304
 785  152      9.448    -10.821    -67.533
 283  284    -11.219     10.291    -65.230
 275  305      5.498    -10.286    -68.394
 278  524     11.056      9.292    -64.311
 281  317      0.282      8.601    -64.631
 330  273     -7.149     -5.868    -65.262
 265  319      0.706     -2.664    -73.611
 261  260     15.903      1.536    -71.645
 157  318     -8.900      8.514    -74.732
 478  271    -14.501      9.702    -67.717
  -1   -2      8.119      9.015    -66.665
 404  822     13.306     -2.275    -74.641
 302  249     15.860     -2.573    -66.801
 180  186     15.057      6.702    -64.811
 241  324     -5.179      1.617    -62.959
  -1  262     13.292      9.673    -71.540
 189   -2     -9.884      4.721    -75.601
 501  228     14.539      1.233    -67.003
 254  255      4.797     -0.234    -64.312
  -1   -2    -13.809      6.005    -67.816
 217  343     -7.157      5.367    -69.722
 634  226    -13.777     -0.372    -70.240
 559  445     14.027     -3.899    -74.428
  -1   -2     -4.178     -4.130    -66.705
 301   -2     -8.814     -9.181    -62.915
 690  285     -1.258      8.074    -68.282
 354  309     12.822     -2.465    -66.413
  -1  269     11.592      7.449    -65.983
 287  215      8.124     -6.876    -65.491
  -1  252    -14.773      4.475    -69.368
 247  204     -7.160     -4.193    -67.608
 341  754    -14.072      2.853    -74.079
 346   -2      0.487     -1.565    -75.552
 638  571    -15.814    -11.689    -75.512
 260  292     -8.232     12.483    -67.262
  88  261     -5.352      0.129    -62.819
 182  189     -8.904      0.124    -77.776
  -1   -2      8.734      4.112    -57.253
  -1   -2      0.034    -12.386    -71.882
  -1   -2      5.599    -12.715    -66.333
 825  458      6.582     -9.571    -71.342
 359  279     12.610      8.782    -66.118
  -1   -2     11.197     -7.270    -65.244
 201  559      8.270      2.813    -70.013
  -1  265     -4.197     -7.759    -65.967
  -1  331     15.309      9.385    -65.487
 588  283     11.543      3.941    -63.135
 637   -2    -13.733      5.186    -65.318
  42  538      5.803     10.637    -71.414
 750  601      3.647     -3.940    -67.799
  -1   -2     -5.817      9.316    -68.955
 345  300     10.895      1.411    -66.377
  -1   -2     -2.562     10.315    -74.816
  -1   -2     -5.252      5.964    -69.587
 324  758      7.381     -0.616    -61.106
 334  351     15.250      8.810    -65.310
 134  563     -2.600     -5.895    -68.037
 801  205      9.350      6.313    -64.447
 531  315    -11.339     10.035    -69.722
  -1   -2     -4.795     -8.037    -66.544
 340  692     16.081     11.164    -66.664
  -1   -2    -11.530     -4.463    -75.268
  -1   -2     -3.795     13.218    -65.102
  -1  313     10.820      5.517    -64.107
  -1  340    -10.406      6.751    -63.806
 211   -2      6.955     -6.132    -73.169
 342  350      6.724     -6.964    -67.740
  -1  735     16.467    -11.159    -72.618
  -1   -2     -9.133      1.661    -63.536
  -1   -2      5.822    -10.904    -76.137
 368  156     -8.757      5.272    -69.375
 358   -2      8.829      3.314    -62.958
  -1   -2     11.536      9.494    -69.518
 700  348      4.896     12.700    -66.952
  -1   -2     -7.970     -8.723    -69.442
  -1   -2     -0.111     -2.095    -64.629
  -1   -2     -8.955     -8.371    -65.435
  -1   -2     -9.389     11.285    -72.753
  -1   -2     -4.438     -0.221    -64.195
  64  363     -1.817     -3.309    -71.621
 329  588     -8.678      6.932    -73.320
 392   11     -2.498     -1.841    -70.769
  34    7    -14.251     -6.208    -76.621
  -1   78     -5.883      9.029    -74.202
 106  786     -2.917     -3.803    -73.693
  -1   -2     -4.003     -6.454    -73.346
 389  362      7.777     -0.706    -68.851
 383  585      1.585      1.058    -71.311
  -1   -2      2.538      2.427    -67.574
 791   -2     -7.906     12.430    -62.730
  93   -2     11.723     12.660    -69.135
 442  394     -8.668      9.352    -63.476
 380  381     -0.221      4.307    -74.173
 426  823     -0.221     -0.728    -60.874
  -1   -2      2.535    -10.760    -61.072
 393   59     -2.702      3.788    -66.203
 526  412     -1.280    -12.638    -69.979
  40  508    -13.935     10.107    -73.996
 122  385      4.815     -8.631    -66.361
  -1   -2     -8.710     12.306    -66.777
  -1   -2      0.650     -5.732    -59.877
 308  397      6.453     -1.746    -72.826
 162   -2    -12.595    -10.142    -69.500
 424  529     -3.369      2.649    -73.106
 139   -2      2.952     10.085    -66.645
 102  785      8.036    -11.880    -66.153
  49  140     -2.583      7.160    -65.721
  82  126    -11.409     -1.652    -65.876
  -1  491      6.416      9.974    -59.576
  -1  272      0.284     -6.598    -69.944
  -1   -2     -9.499     -8.999    -67.927
 421  802     -9.634      2.885    -67.852
  -1   -2     -3.660      3.140    -64.331
 216   93      0.915     -6.348    -69.537
  29  779      7.824      6.225    -66.555
  -1   -2     -1.425     10.522    -54.753
 237   -2      2.723    -11.949    -70.766
  60  127      7.061     11.853    -72.795
 156  167    -12.118      0.526    -67.591
 240  267     -7.298     -4.950    -68.440
  -1   -2     -4.338     10.577    -61.700
  -1   66     -2.668    -12.587    -63.356
 104   68      9.606      3.228    -65.052
 117  418     -5.171     -9.439    -66.716
  -1   -2     -1.606     -4.657    -72.752
 633  457      8.065     10.956    -72.601
 408   -2     -4.047      8.676    -61.302
 493  299      1.409     -2.584    -68.055
 148   -2     -0.558     -5.904    -62.197
  94   15     -0.058      3.470    -66.172
 413  437     -6.106    -10.567    -63.953
  -1   -2     -7.683     -0.645    -61.216
 245  453      2.269     -4.356    -61.888
  -1  406      7.986    -12.001    -61.317
  -1   -2     -0.918      0.428    -60.856
 352  676     15.701     -5.538    -72.065
  -1   -2      5.975     -4.229    -79.732
 391  448     -0.870    -11.993    -68.155
 528  473     -2.646     -3.716    -70.914
 511  411    -15.400      6.859    -74.272
  -1   -2      3.068     -6.927    -62.869
 271  518      3.005     10.915    -65.932
 407  416     -4.297     -4.475    -60.108
 184  119      8.961      2.418    -67.543
 540   -2     -7.766     -1.746    -60.339
  -1   -2      0.863      3.655    -74.223
  -1  399     -1.166      4.792    -59.845
 422   -2    -11.969      2.375    -62.641
 551   -2    -11.256     -3.940    -60.785
 479  824     -3.220     -9.295    -67.390
  -1   -2    -13.655     10.204    -76.779
 323  494      8.678     -3.120    -65.134
  -1  379     -1.613      0.261    -68.540
 486  372     16.202     10.801    -72.212
 229  793     11.873      6.322    -75.438
 419  402      7.482     -6.963    -62.184
  -1   -2      5.220     -8.652    -78.861
 578  428    -12.013     -3.943    -63.580
  -1   -2     -1.502     -6.724    -54.153
  -1   -2     -5.830     -2.233    -75.274
  -1   -2      3.298    -10.437    -68.862
 218  792     -4.340      4.900    -69.504
 417  525     -4.311      3.402    -66.672
 435  459     14.215     -9.373    -64.766
  -1   -2     -6.599     -0.094    -63.533
 200  116     -8.791      7.437    -67.259
 263  795     -1.452      1.575    -74.480
 403  314     15.918     -9.672    -71.184
  -1   -2     11.543     -7.510    -60.143
 513  649     -8.880     -9.608    -59.587
  -1   -2     -7.396    -12.893    -66.303
  -1   -2     -7.378     -0.823    -83.210
  -1  212     -2.643     -8.012    -68.041
 310   -2      1.958    -11.331    -65.888
  -1   -2     -2.028     -8.062    -60.998
  -1   -2     -3.681      6.260    -72.897
 544  534      2.944      2.553    -60.341
  -1   -2     11.555     12.445    -64.958
  -1   -2      4.725      8.310    -58.946
 570  159     -6.013     -5.608    -66.630
  -1   -2     -6.040     13.313    -65.329
 252  517      9.084     -2.184    -77.128
  -1   -2     -5.185      4.117    -73.164
 202  470      5.226    -11.887    -65.762
  -1   -2      3.796      2.784    -65.143
 423   -2     16.895     -4.276    -66.559
 126  443     -9.068     -1.762    -66.552
 508  174      8.164      9.930    -62.148
 284  462     -0.568     -3.270    -64.819
  -1   -2      1.180      7.155    -61.397
 468  410    -10.561     -9.554    -61.238
  -1  154     -2.295      4.322    -72.143
  -1  254     12.402      9.726    -64.829
  -1  382      3.534      3.057    -64.615
 458  120     -7.391     -1.632    -63.972
 266   -2     14.692     -4.226    -73.868
 552  542    -13.246      2.150    -77.280
 169  224    -15.177      8.416    -76.123
  -1  278    -13.616     12.603    -66.926
  -1   -2     -2.748     10.122    -60.833
  50   -2      7.110      0.015    -66.635
 164   -2    -13.000      6.931    -66.622
  -1   -2     -4.877     -3.082    -62.441
 432  403      6.667     -8.162    -64.631
  -1  682    -10.840     -0.953    -62.588
  -1  499     18.070     -4.467    -68.184
 476  500     10.497     -4.465    -61.914
 150  408     16.698    -10.167    -68.889
 527  804     -4.088     -9.139    -61.646
 452  526    -10.240     -2.812    -60.823
 492   -2    -15.800      5.890    -71.062
 500  442    -14.635     -2.472    -67.244
  -1  391     -6.601     -9.089    -76.276
  -1  424      2.215     11.829    -60.933
 205  266     -7.531     -6.250    -72.028
  -1  197      4.357      4.047    -60.721
 548  647     18.807      5.484    -72.033
 515  495     12.392    -10.643    -65.306
 495  548     12.109    -12.825    -64.496
  -1   -2     -9.720      9.986    -75.175
  -1   -2      5.571     -0.454    -65.021
  80  241     10.496    -10.642    -71.146
 553  492     12.069     -6.932    -65.167
  -1   -2     -0.745      3.309    -60.981
  -1  125    -10.824    -11.044    -69.109
  -1   -2     -8.167     -8.167    -64.366
 620   -2     -7.023     12.143    -75.303
 522  483     -4.438      3.182    -57.447
 173  164      4.858     -4.982    -63.372
  -1   -2      1.655      8.349    -76.240
  -1   -2      2.864      4.035    -59.414
 243  578    -15.124     -6.908    -73.404
  -1   -2     -6.504      4.858    -57.528
 390  615      6.956     -2.931    -71.866
  -1   -2     -7.357    -12.250    -62.140
  -1  576     -4.901    -12.098    -68.685
  -1   -2    -10.126     -9.357    -55.432
 507   -2      6.667     -8.055    -63.477
 234  223     -3.500     -1.032    -73.955
  -1   -2     -0.909     -6.785    -61.610
  -1  471    -11.467     -6.032    -63.561
 489   -2     14.915     -8.839    -63.794
  -1   -2      4.643     -8.709    -74.220
 498  631     -9.231      4.642    -58.011
 414  282    -10.003      3.052    -75.260
  -1   -2     14.694     -9.764    -67.923
 410   -2     12.021     -4.139    -62.475
  -1   -2     11.220     11.108    -76.379
  91   -2    -11.378     -0.728    -75.988
 577  537     -9.362      7.498    -66.224
  -1   -2     -9.171     -9.687    -58.672
 657  535     -9.489      7.956    -64.441
 228  171     -0.966      1.241    -64.814
  -1   -2     -0.563     -9.164    -82.603
  -1   -2     -9.820      2.382    -77.571
  -1   -2     -4.324     -6.404    -54.385
  -1   -2    -10.357     -1.324    -68.684
  -1   -2      0.952     -1.376    -60.229
  -1   -2     14.812     -7.159    -75.538
 610  545     11.485     -4.635    -65.596
 362  657     12.738     -6.173    -68.420
 583  323     17.559      9.744    -68.927
  -1   -2     -4.936     -8.605    -83.682
 545   -2     -2.053    -12.620    -65.427
  -1  487      4.280      3.547    -68.865
  -1   -2     -5.094     -2.883    -69.040
  -1   -2    -13.963     -0.554    -66.143
  -1   -2      8.888    -12.537    -71.360
 124  308      5.299      5.600    -66.216
  -1   -2     13.227      7.493    -75.251
 624  334     15.589      4.906    -71.474
  -1   -2      1.802     -6.611    -59.097
  -1   -2     15.350     -9.998    -73.579
  -1   -2     -8.187    -12.128    -76.147
  -1  749     12.509    -12.747    -67.168
 494  433     -8.570     -9.862    -61.679
  -1  206     -9.094      5.749    -73.823
  -1   -2    -13.251    -11.185    -77.172
 472  175      0.740      8.534    -72.670
  -1  195      5.830    -13.104    -69.966
 569  808    -14.638     -2.903    -66.947
 541  332     14.720     -6.432    -68.817
 160  129     -9.216      3.018    -65.944
  -1  237     -8.123     -2.143    -58.924
 812  344    -12.639     -0.094    -71.720
 303  549     13.466      4.610    -73.595
 584  810      8.633    -12.721    -61.173
  -1   -2      0.389     -7.104    -71.026
  -1  586     14.293     -5.032    -65.767
  -1   -2    -16.148     -2.578    -73.665
  -1   -2      9.219      4.742    -76.477
 280  512    -14.497      8.340    -72.092
  -1   -2     11.470     -9.604    -64.148
  -1   -2     -9.885     -4.415    -77.073
 652  247     -4.512     -3.866    -63.443
  -1   -2     -0.701      3.507    -59.997
  -1   -2      3.113     -1.910    -76.684
 520  419      8.494      2.386    -61.905
  -1   -2     -3.581    -10.507    -61.794
  -1   -2     -6.898     -5.198    -69.377
  -1  327     11.367      0.847    -60.045
 274  600     10.643     -0.373    -65.841
  -1   -2     -7.058     -0.909    -64.084
  -1   -2     -1.721     11.312    -61.494
 509  527     10.270     10.389    -63.710
  -1  286      0.777    -12.110    -76.143
  -1   -2      6.040      2.851    -58.110
 557  644      8.553     -5.279    -74.031
  -1  173      5.744     -8.067    -68.572
  -1   -2     16.181     -5.601    -76.501
 619  621     11.631    -13.224    -70.931
  -1   -2     -3.391     -7.233    -77.871
  -1  353      7.906      7.935    -62.594
 567   -2      0.965     11.035    -62.318
  -1  438     12.068    -13.367    -64.341
  -1   -2     11.965     -0.919    -58.330
  -1   -2     -6.204     -9.436    -55.738
  -1   -2     -7.271      8.775    -52.422
  -1   -2     -5.264      9.946    -62.382
  -1   -2     -5.381      9.688    -68.556
  -1  603     14.087     11.085    -61.762
 682  702     15.519    -12.242    -68.488
  -1   -2    -13.681      6.266    -69.884
 356   -2    -13.796      7.396    -75.731
 641  572     -3.940     -8.901    -73.073
  -1   -2     14.531     11.941    -69.969
  -1   -2      5.609      6.270    -59.400
  -1   -2     -3.529     -3.562    -66.868
  -1   -2     -7.375      7.152    -59.072
  -1   -2     -9.202      6.204    -71.418
  -1  396     -3.326     -1.890    -65.000
  -1   -2     -5.104      7.748    -61.192
  -1   -2      2.890    -11.349    -60.870
  -1   -2     -2.148      0.243    -76.378
  -1   -2     16.727     -7.551    -65.679
  -1   -2     14.469     -5.758    -66.606
  -1   -2      2.291     -5.328    -70.702
  -1   -2      6.962     12.070    -60.686
 318  489      4.075     -8.279    -73.917
  -1   -2     13.985      1.728    -64.543
 651   -2      4.196    -12.581    -65.566
  -1   -2     14.943      8.360    -76.957
 605  680     17.280     -6.969    -75.228
  -1   -2     -2.831      2.707    -60.863
 631  504    -13.471      4.729    -64.386
  -1   -2      0.711     -4.961    -55.361
  -1   -2    -11.570    -11.585    -74.727
  -1   -2     15.588     11.831    -73.550
  -1   -2      5.965     -2.290    -53.994
 293   51      8.763      4.435    -67.331
 587  654    -14.653     -8.887    -72.198
  -1   -2      9.548      0.309    -54.554
  -1   -2      0.025     -4.558    -66.177
  -1   -2     -2.939      5.744    -66.373
  -1   -2     16.782     -1.072    -71.438
 581  640     10.189     10.299    -75.011
  -1   -2      3.292     11.114    -82.079
  -1   -2      8.974      6.328    -61.404
 542  321     13.004     10.526    -67.417
 669  579    -14.222     -3.263    -66.560
  -1   -2      8.316    -11.806    -60.537
  -1   -2    -14.221      8.403    -67.858
  -1   -2      3.233      8.412    -61.635
  -1   -2     -2.768      5.893    -76.074
  -1  291     -9.710     -5.909    -59.689
  -1   -2     -8.422      8.793    -54.528
  -1   -2     18.904      9.471    -73.318
  -1   -2     -0.208     -4.420    -81.524
  -1   -2     17.982      6.711    -68.934
 235   -2     -6.388     12.739    -67.654
 595   -2    -10.687     13.153    -64.170
  -1  434     -5.590      3.623    -62.491
  -1   -2     13.287     -2.069    -63.241
  -1  336     17.176     -5.205    -71.865
  -1   -2     12.228     -9.741    -63.848
 642  270     -4.902      1.437    -73.361
  -1   -2      9.688     -7.174    -60.403
 315  219      5.962     -0.860    -66.202
  -1   -2      4.026      3.633    -82.644
  -1   -2    -11.831    -10.485    -61.511
 711  393     -5.478      8.364    -77.215
  -1   -2     -4.124      7.221    -81.533
  -1   -2     -9.861    -10.382    -66.182
 622  577     12.348      4.798    -74.788
  -1   -2      5.336      4.654    -68.114
 816  816     -6.043      2.484    -66.475
  -1  339     14.426     -1.401    -65.017
  -1   -2     11.967     11.990    -74.730
  -1   -2    -13.318     -7.444    -65.800
 614  328     16.712      8.636    -71.403
 654  812      0.595      6.917    -66.123
  -1   -2     -9.057     10.814    -75.113
  -1   -2      4.083     -6.253    -75.713
 546   -2     -6.629      9.259    -75.964
  -1   -2     -9.330     -1.196    -80.402
  -1   -2    -13.786     11.766    -67.775
 371  801    -12.765      1.474    -78.183
 462   -2     -5.540     -9.522    -74.149
  -1   -2     -4.217     -5.602    -63.829
  -1   -2      2.456     11.823    -63.634
  -1   -2     -4.394      6.298    -78.306
  -1   -2     -0.214     -8.553    -56.399
  -1   -2    -10.120    -11.389    -69.410
  -1   -2     -5.493      5.986    -62.966
  -1   -2     -3.263     12.815    -63.644
  -1   -2      9.049      3.313    -76.707
 616   -2     17.076     -8.625    -66.138
 350  717    -14.002      4.465    -71.367
  -1   -2     -1.788     -4.811    -87.159
 602  338     11.683      1.123    -63.704
  -1   -2     16.241     -2.670    -65.695
  -1   -2     -8.674     -9.676    -71.068
  -1   -2    -12.276     -0.380    -69.894
 797   -2    -10.741     -3.878    -75.721
 756  530     16.373    -12.569    -68.407
  -1   -2      5.312      4.976    -75.763
 563  358     12.434     -5.515    -74.258
 635  752     11.241     -6.732    -71.050
  -1   -2     10.705      0.704    -54.703
 348  245    -13.817    -11.465    -74.276
  -1   -2     -1.329     -8.397    -55.835
  -1   -2     -7.776     -7.086    -57.208
  -1   -2     -3.840    -11.410    -75.305
  -1   -2     16.972      8.319    -69.513
 794  388     17.716      3.917    -71.306
  -1   -2     -6.110     -4.571    -73.289
 743  716    -13.679      7.540    -74.774
  -1   -2      9.749      3.436    -55.553
  -1   -2     -7.225      5.713    -54.955
 621  811     -8.305     11.748    -76.408
  -1   -2     14.000     -7.999    -75.474
  -1   -2      9.690     -5.563    -60.825
  -1   -2      2.094    -12.603    -73.073
  -1   -2     -8.240    -10.313    -68.354
  -1   -2     -6.671     -9.320    -61.944
  -1   -2     -0.481     -0.704    -64.205
 299   -2      9.840      9.726    -77.371
  -1   -2     -6.062      4.344    -52.402
  -1   -2      5.873     -0.662    -76.668
  -1   -2      0.371     11.812    -78.252
 337  800     15.455      8.158    -62.892
 572  809     15.840    -10.161    -67.953
  -1   -2      8.058     -7.876    -73.365
  -1   -2      1.883      5.016    -81.739
  54   -2      0.878      4.787    -72.490
  -1   -2    -13.527     13.143    -65.990
  -1   -2      5.582    -10.009    -71.232
  -1  681     -5.386     10.659    -70.048
  -1   -2      5.996     12.419    -70.698
  -1   -2     -6.576      9.286    -69.427
  -1   -2     -0.607     -4.437    -74.283
  -1   -2    -10.148    -10.918    -70.987
  -1   -2     11.772      3.567    -58.151
  -1   -2      7.199     -4.020    -77.153
  -1   -2      1.356      0.463    -61.478
 320   -2     12.641      3.137    -64.382
  -1   -2     14.951      3.866    -74.523
  -1   -2      1.462      9.769    -58.532
  -1   -2     14.132      2.878    -62.458
  -1   -2     10.415     -0.191    -70.049
  -1   -2      8.156      0.256    -59.738
 664   -2     -3.671      8.147    -66.909
  -1   -2    -11.758      8.787    -68.709
  -1   -2     -6.732      1.854    -63.417
  -1   -2     15.034      0.176    -60.007
  -1   -2    -13.166      4.428    -72.515
  -1   -2      4.950      4.250    -87.863
  -1   -2      1.441    -12.841    -69.149
  -1   -2    -10.410     -0.443    -64.912
  -1   -2    -14.949     -5.544    -72.127
  -1   -2      4.095      7.293    -55.462
  -1   -2      7.284    -12.695    -60.274
  -1   -2     -0.195      0.380    -63.239
  -1  751      0.174    -12.113    -65.575
  -1   -2    -13.093      4.100    -65.172
  -1   -2     10.220     -7.158    -62.268
 101  784      3.995      1.875    -67.786
  59  341     -2.744      8.455    -67.981
 440   -2     -4.553    -11.899    -69.799
 465  803     -4.273     12.834    -70.692
 233   -2     -2.659    -10.625    -58.983
 194   -2     -0.561      7.015    -72.920
 363  614      9.225     -2.388    -71.454
 800   -2      5.255     -2.058    -70.255
 105   97     -5.161      1.921    -64.371
 292  263     -5.155     -1.771    -75.296
 339  731     11.480     11.279    -74.406
 740   -2      4.560     -6.761    -73.366
 251   -2      7.408     -8.651    -66.546
 481   -2     11.061      8.460    -67.408
 327  799      4.974     11.538    -72.632
 679  558     15.687     11.550    -72.776
 317  798     -5.270    -10.480    -71.567
 668  695     -7.713      7.846    -75.099
 365  593    -10.873     -8.034    -70.154
 114   38      4.191     -4.232    -67.428
 191   -2      3.085     -7.894    -58.073
 398   -2      0.652      3.557    -73.728
 457   -2     -6.552      1.245    -63.276
 529  805      1.168      4.524    -72.449
 257   -2      6.548    -11.771    -72.120
 446   -2      3.124      9.292    -64.544
 798  815    -12.894    -10.309    -70.150
 490   -2     17.710    -11.312    -68.047
 805  544     10.430      2.811    -76.497
 349   -2      5.838     -6.604    -76.889
 482   -2     10.006     11.095    -63.628
 562   -2     11.753    -12.480    -61.066
 815  726     -5.871     -9.583    -67.044
 793   -2     -7.482    -10.731    -67.375
 810  330     16.777     11.715    -68.122
 819  817     -2.544     -0.862    -68.612
 806  401     -5.178     -1.873    -69.525
 820  818     14.416     -3.134    -75.236
 518  422      6.371     -6.613    -71.665
 118   61     -6.161      8.140    -63.636
 314   -2    -12.951    -10.410    -74.808
 469   -2     -6.565     -0.128    -66.683
 627  346     15.103     12.125    -71.564
 693   -2     11.644     -0.918    -70.584
 826  220     -9.172     -9.951    -67.666
