805
  52    0      1.270      6.897    -70.862
  63    3      0.290      6.396    -72.644
  19   44      4.138      3.961    -72.007
 445   17      2.476      4.531    -71.040
   1   10      6.574      6.361    -71.705
 251   47      2.629     -1.286    -67.906
  31    6      1.889     -0.611    -69.941
   3   11      4.318      5.513    -71.001
  25   34    -10.751      0.127    -71.710
  10    4    -10.493     -3.569    -73.197
  24    2     -4.266      8.503    -67.709
   8   15     -1.772      9.041    -69.344
  18   14    -12.013     -5.050    -71.695
 189   89     10.487      3.646    -70.871
   9  406      1.014     -6.756    -69.545
 274  204      5.564      0.244    -73.439
  11   16      5.834      0.034    -68.217
  67   77     -2.030     -6.416    -70.403
  15  360     -3.533      0.721    -68.738
 111   33     -0.856     -1.350    -66.682
  46   39      9.204      1.654    -64.750
 780   12     -4.490     -0.458    -69.992
  58  159     10.036      4.854    -73.307
 261  163     -0.099      0.187    -69.437
   5   27      4.211     -5.010    -71.103
 763    7      4.348     -7.295    -68.362
  36   31     -6.577     10.809    -68.751
 363  371      3.190     -3.481    -74.576
  16   23      0.649      5.187    -69.754
 357  778     -2.230      6.835    -72.628
  12   25      1.307     -7.139    -71.981
  44  143     10.786      4.504    -70.747
  41   54     -6.673     11.770    -63.458
 368   26     -6.694      6.136    -66.946
  29   18      1.092      8.065    -66.752
 203  100      8.234     -0.540    -73.621
  94   40      3.386    -10.148    -71.748
 506   69      7.551     -2.231    -73.176
  23   35     -7.180     -1.781    -68.386
  -1   -2      6.982      8.772    -71.920
 364  461      3.068      2.166    -71.799
   0   -2     -2.837      0.466    -69.406
 501   43      4.939      3.903    -67.930
  43   22      1.823     -2.762    -67.585
  20  436      3.504      6.141    -68.891
  59  405    -13.218     -0.517    -76.889
  -1   75     -7.733     -3.149    -70.769
 347   37      4.844     -1.463    -73.470
  28   29     -0.190     -9.222    -72.451
 156   45      2.810     -4.372    -68.858
  33  271     12.964     -5.380    -74.257
  78   30     -8.864      5.369    -69.233
  45  540      0.388      0.154    -71.866
  35  766     -2.123      6.675    -66.571
  60   38     -0.253     -2.572    -65.933
  -1  103      4.833     -3.604    -66.605
  68  291    -10.838     -4.611    -71.742
  -1   -2    -13.770     -2.139    -69.181
  -1   -2     -8.835      5.171    -74.799
  21   46     -2.007     -7.533    -70.232
  55   48      7.876     -1.334    -66.657
 126  235     -5.391     -2.593    -70.498
  69  449      8.343      0.541    -68.371
 355  166     -1.491      4.904    -68.576
   4    9      4.120      3.123    -71.355
  -1   -2     -0.487      5.926    -62.194
  74  496     -0.812     -7.898    -67.719
  66   79      9.432      0.299    -63.426
  96   20     -4.735     -4.078    -69.039
  84  165      1.038     -3.414    -71.851
  71   66    -10.582     -2.643    -67.195
  87   57    -11.626      8.391    -67.342
  95  105    -11.475      9.312    -68.914
 540  412      7.439    -10.175    -72.634
  50  109      7.815     -5.695    -67.342
 121   -2      0.749    -11.717    -69.026
  61   51     -2.799      9.415    -64.543
  39  366     -5.825      4.894    -74.498
 106   -2    -12.352     -2.290    -67.028
 359   -2     -8.091     -0.051    -73.815
 369   86     -7.620     -8.338    -63.774
 115   71      7.018      4.136    -64.739
 400  779      1.394     -0.101    -68.329
  65  521     -1.215      3.266    -64.426
 377   -2     14.963     -3.638    -70.761
  77  768      3.493      0.339    -61.780
 216   92    -11.902    -11.412    -72.077
 110   90      0.892      1.857    -65.823
  64   61     -3.251      5.699    -64.134
 219  387      0.753     10.765    -70.865
  14   36      3.932      9.656    -66.796
 413   49     -9.476      8.167    -67.964
   6    8      1.244      9.430    -72.095
 374   -2     -5.315      3.680    -62.444
  89  148      6.084     -1.836    -65.098
  -1   -2     -8.531      8.410    -62.200
 444  230    -12.163      1.374    -67.313
 136   64      0.109      9.279    -65.447
 133  506     -9.879     -7.049    -64.396
 412  102     -7.135     -6.038    -65.035
 390   68     -3.891      1.479    -67.109
  56   -2      3.604    -11.527    -76.957
  -1   -2     17.418      4.911    -72.156
 132  394      8.110      1.313    -67.832
  99   60     12.708      3.543    -67.691
  83  123     -0.427      9.441    -64.476
 204  101      4.074     10.497    -67.154
 146  112      3.185      5.054    -64.305
 168   81     -0.104      9.568    -75.586
 491  187    -14.806     -5.676    -68.961
 278  161     13.840     -4.905    -71.909
 230  181    -15.093      0.490    -75.512
  -1   -2     -0.496      5.180    -64.620
  -1  130      3.493     12.505    -69.304
  90  115      5.214    -12.808    -65.711
  34   21      7.431      4.106    -72.898
 169  530     -7.180     12.307    -70.023
  81  359     -2.182     -4.471    -68.461
 226   -2      2.338      2.104    -76.810
  76   59      1.298      3.577    -68.181
 170   -2     -5.332     -6.955    -70.515
 101   32     -9.334     -8.014    -69.734
  75  156      3.618    -10.684    -68.414
 366   -2      1.407     -7.069    -63.644
  62  275      2.916     -7.265    -72.301
 171  132      6.483      2.616    -67.123
 387  465      4.283     -9.402    -67.978
 120  171     -6.255     -3.571    -63.922
 109  263     -6.837      8.620    -73.313
 100  207      0.249     13.070    -66.297
 356  448      8.536     -5.014    -68.537
 623  270      8.667     -3.516    -70.551
  97  249      9.553      3.555    -68.043
 256  232      9.647     -2.956    -65.379
 119  212    -11.561      7.358    -74.640
  -1   52     -4.935     -9.200    -64.075
 123  113      7.387     -8.691    -63.271
 201  157    -10.456     -7.605    -70.776
 766  147      3.264      6.791    -63.333
  85  458      3.868     -1.067    -59.834
 382  133     -4.381     -5.935    -62.929
 145  417      8.092     -7.805    -63.927
  98  200      1.681    -11.520    -69.904
  -1   96     13.855      7.200    -64.414
 155  167     12.528     11.669    -69.429
 265   53      5.388    -12.619    -66.851
 177  184      3.443     -6.586    -72.816
 466   85     -9.403    -11.778    -71.051
  79  362     -5.773      9.933    -74.849
  54   93     -7.385     -7.243    -67.296
  53  168     -8.299      2.824    -63.903
 176  685      8.926    -11.931    -68.527
 439  107     -7.447      0.454    -74.263
 138  111      6.473      4.812    -64.441
  26  361     -0.044     -3.584    -70.183
 326  240      3.346     10.340    -73.905
 198  193      9.268      6.808    -65.576
 152  570     -3.010      0.731    -61.125
 140   88     -8.792      8.807    -66.530
 139  260      6.365     -5.706    -64.215
  -1  219    -13.523     -3.685    -66.787
 218  402     -5.239     -8.775    -69.467
 420  295     -6.513     -6.098    -69.416
 223  274      4.437     -5.569    -70.169
  -1   -2     -6.689      4.480    -65.437
  92   95     12.700     -7.651    -72.307
 187   99     -2.075      3.741    -65.170
  -1  155     12.345      0.723    -67.934
  72   62    -12.278      7.623    -68.316
 771   -2     -4.967    -10.275    -62.732
 484   -2      9.147     -9.298    -76.048
 157  190      8.002      7.843    -65.169
 174  463    -12.102     -7.546    -64.064
  -1   -2     -1.232      3.526    -64.016
  -1   -2     12.288     11.552    -67.312
 224  164      6.787     -3.838    -63.315
 449   98     -4.973      0.639    -67.187
  86   -2     -9.928      7.153    -71.216
 462   55      1.043      6.305    -71.710
 158  370    -11.603      7.587    -68.054
  -1  175      3.190     -7.412    -67.084
 284  773     -3.192    -10.207    -77.405
 276  346      6.946      2.979    -69.518
 182  154      5.883     -1.667    -62.936
   2    1      3.219      6.335    -71.087
  57  116     -8.171      9.522    -73.430
  13   72     -6.177      7.593    -71.591
 128   -2      1.054    -12.431    -68.880
  -1  179     10.664     -2.889    -67.321
 164  150      1.614     -6.552    -66.980
  -1   -2      0.233     11.007    -68.281
 163  139     -6.080     -4.957    -65.628
  30   84      0.660     -0.636    -71.256
 210  221      1.611      1.253    -65.837
  -1  134     -8.283     -6.131    -63.441
  -1   -2     -4.037      3.904    -65.192
 244   80     -3.305     -8.766    -72.215
  -1   -2     15.069      1.090    -67.848
 776  234      8.925     -3.671    -64.129
 250   94     -5.144     -7.781    -62.614
 549   -2     13.752      1.105    -62.496
 213  197     -2.465      6.893    -66.042
  -1  408     -9.276      1.990    -61.307
  -1   -2     -2.689    -11.202    -67.513
  -1  673     -5.298     -5.160    -71.751
  -1   -2     -5.282     10.275    -67.240
 233  613      8.904      8.795    -64.171
 195   76     11.670      0.964    -66.981
 185  218     -8.402     -9.384    -65.591
  -1   -2     -4.084     11.904    -72.275
 165  354     -4.577      3.499    -73.661
  -1  206      4.975     10.538    -66.335
 239  162     -8.075     -7.709    -70.136
 554  213     -6.403     -2.953    -66.387
 428  231     -3.961      3.539    -62.952
 107  118     -9.637     -0.603    -63.717
  -1  192     -8.581      8.763    -63.541
 773  169     -3.291      1.212    -63.016
 162  266      7.548     -7.075    -66.490
  -1  552      9.842    -10.438    -68.843
 281  772      8.373    -11.430    -69.031
  -1  236    -11.656      3.774    -64.072
 188  467     -0.693      1.955    -62.116
 206  244    -13.897     -4.932    -70.928
 193  247      7.774      1.493    -66.370
  -1   -2      5.392      2.890    -62.744
 184  256     10.926     -2.390    -67.121
  -1   -2    -11.768     12.710    -66.341
 181  149     14.335      2.399    -67.039
 183  650     12.763     -1.317    -68.150
 122  248      8.201     -4.820    -71.200
 196  410     10.716      8.877    -73.185
 505  324     10.167     11.756    -71.226
  38   42      7.145     -0.281    -68.102
 127  501    -11.471     10.435    -65.585
 190  186      8.413     -1.420    -64.437
 130  337      4.473     -3.104    -64.137
 246  283      5.645     -5.776    -72.590
 141  392     -0.144     -1.641    -73.385
 300  160      1.481      7.347    -65.127
 432  146    -11.868      2.806    -65.086
 279  272    -15.028    -11.241    -70.491
 178  188     -1.051     -8.237    -66.841
 271  226      4.080      9.575    -71.905
 241   -2      5.484      7.651    -64.786
 159  142     10.603      3.126    -73.133
 227  487     10.115     -5.286    -62.514
 386  367     -5.338      2.611    -66.074
  -1   -2      5.275    -10.646    -70.608
  -1   -2      3.248     -1.311    -75.461
  -1  409      6.638      6.100    -65.737
 191  229      9.889      8.419    -66.639
  -1   -2     -7.504      6.510    -60.741
 245  503     -0.853    -10.587    -70.373
  -1   -2     -2.885     -6.953    -63.139
 114  531     -5.928     -6.090    -69.866
  -1  225     -1.734    -11.784    -69.705
  -1   -2    -10.621      2.879    -66.684
  -1  136     11.407      4.131    -67.650
 208  209      4.827     -0.028    -61.072
  -1  138     -0.160      4.738    -63.869
 143  129      1.440    -10.455    -68.547
 305  196      2.571     -2.797    -62.437
 167   -2     13.178     -9.162    -74.054
 112   -2     -8.005      6.636    -65.131
 220   -2      4.768     -7.938    -73.836
 273  243      0.802      9.024    -65.346
  -1  273     -4.805     -3.443    -62.002
 186  466    -15.582     11.671    -74.537
 588  309     -0.837      7.336    -74.385
 694  511      1.001     -4.302    -73.816
 482  783      9.084     -1.574    -66.748
 329  646     14.165      9.728    -70.783
 150  770     -7.353     -2.033    -63.212
  -1   -2     16.652     -7.835    -75.106
 252  478      0.799      6.434    -61.114
  -1  555     -5.840    -10.328    -70.502
 237  518     -6.585     -3.846    -76.553
  -1   -2      9.084      0.165    -68.324
 236  599      6.816      0.028    -76.165
  -1  563      5.352    -10.004    -64.810
  -1  330    -13.522      8.651    -69.524
 307  421     -6.330      1.620    -59.601
 264  292     -9.462      6.587    -62.651
 200  363     -5.099     -6.414    -71.968
 131  284      8.771      5.269    -67.493
 551  794     12.264     -5.022    -68.564
 277  316      9.459     -9.064    -69.672
 137  610      1.048      3.276    -73.559
  -1   -2      0.276     -0.913    -62.217
 309  178      8.779     -1.602    -70.251
  -1   -2      0.985    -10.318    -59.140
 318   -2     -8.561     11.831    -76.846
  -1   -2     -1.840     -3.619    -71.050
 512  276      4.583    -10.649    -74.316
  -1   -2     12.707    -12.059    -74.074
 510  327     -1.919     -7.345    -64.417
  -1   -2     -9.458     -7.343    -75.704
 765  288      7.762     -9.405    -70.861
 287   -2     -2.589     -3.454    -73.479
  -1   -2     -4.892      6.248    -69.932
 290   -2     11.334     -9.840    -68.980
  -1  145    -10.610     -0.084    -65.765
  -1   -2      5.656     -0.500    -76.882
 324  776     -9.195     -1.768    -65.391
 453   -2     11.418    -11.868    -70.127
  -1   -2     13.465      3.785    -70.263
  -1   -2    -14.143      7.466    -70.983
 786  380    -10.619      7.970    -65.675
  -1  415     16.915     11.159    -67.627
 516  637     10.056      7.757    -71.021
  -1   -2     -9.616     10.778    -67.694
 637   -2     -9.311      6.262    -65.854
 340  312     -0.022     -0.175    -65.817
 328  306     13.495     -8.791    -71.921
  -1  695     -0.788     -1.881    -74.076
  -1   -2     -9.624    -10.984    -72.960
 343  350      0.960      0.177    -64.445
  -1   -2     14.100     11.725    -72.670
  -1   -2     12.157      7.042    -61.420
  -1   -2      4.646      0.571    -75.304
  -1  239     -1.015    -10.557    -71.803
  -1  651     15.354     -6.014    -67.650
  -1  344     -3.949     -8.262    -65.631
  -1   -2    -13.064      8.680    -70.220
  -1   -2     -6.140      6.436    -66.453
  -1   -2     -5.838      8.487    -70.678
  -1   -2     -2.025      0.675    -69.670
 725  674      6.923      7.330    -66.027
  -1   -2     13.538      2.474    -81.451
 712   -2    -14.714      4.771    -71.941
 348  777      2.018      5.266    -74.121
  -1  584     -2.888     -9.924    -72.941
 783  110     -0.670     -9.861    -63.175
 799   19     -0.132      6.202    -70.962
  -1   -2      0.361     -6.961    -59.701
  -1   -2      2.469      0.272    -59.463
 302  320     14.112     10.632    -66.216
  32    5     -7.588     -1.813    -74.051
 154  210     -7.471      8.394    -70.683
 721  525     -0.167     11.120    -74.525
  -1  393      1.753     -0.037    -58.250
  -1   -2    -12.737      5.347    -72.874
 385  368     14.292     -4.149    -70.919
 397  377     -7.028    -10.821    -67.009
 430  227     10.713      8.444    -71.337
  27  430      6.638     -3.613    -74.038
 410   -2     -9.299      2.008    -63.102
  -1  493     -5.545      7.948    -64.184
 353  153    -12.630    -12.333    -70.504
  42   87      2.241      2.800    -68.760
 124   -2      1.330     11.041    -63.007
  48   -2      2.647     -7.053    -65.071
  -1  396      7.411     -0.232    -62.988
 531  369     11.683      9.851    -69.796
 350  460      7.096      1.179    -70.590
  -1   -2     -6.193      2.954    -61.300
  -1   -2     -0.404     -2.008    -58.742
 354  374      0.296    -11.952    -69.886
  -1   -2    -12.700      6.515    -65.024
 794   -2     -6.141      1.621    -66.878
  17  120     -3.859      6.101    -73.683
  -1  144      0.609     12.253    -73.310
  -1   -2      2.556     12.588    -67.686
  -1   -2      2.552    -11.843    -67.845
  -1   -2     -9.776    -10.788    -65.306
  -1   -2      1.056    -10.519    -62.278
 118  119     -2.746     -9.489    -65.089
  -1  127     -7.103     -6.937    -60.683
 380   83     -5.275     -7.042    -64.849
 160   58     -9.239     -8.971    -70.092
  -1   -2      4.366      4.201    -62.009
 373  375     -5.618     -3.997    -59.750
  -1   -2      6.480     -8.432    -66.352
 113   13     -6.810     -1.847    -65.886
  -1   -2      6.410      7.166    -73.426
 768  795     -5.958      5.264    -74.165
  51   70     -3.932      8.276    -64.074
  -1   -2     -4.886     -6.759    -63.118
 383  386      6.143      9.469    -67.922
  70  378      2.885      2.447    -69.264
  -1  433    -11.806    -11.136    -69.752
  -1   -2     -5.598     -0.265    -63.594
  -1   -2     -6.531     -6.224    -54.070
  -1   -2     13.699     -7.214    -66.083
 104  769     13.173      8.804    -73.876
 543  419     -6.932    -12.251    -62.050
  -1  470    -15.404     -8.894    -71.902
  -1   -2      0.316     -7.512    -65.456
  -1   -2    -13.602      9.027    -84.211
  -1  437     12.770      3.446    -65.554
 266  418     10.352     -8.545    -70.156
 388  391     -5.599    -11.564    -62.152
  -1   -2    -12.999      9.642    -84.862
  -1   -2     -5.138     -0.929    -59.215
 427  482     -3.613    -11.401    -62.143
  -1   -2     -7.671      8.087    -74.860
 214  542    -11.619     10.134    -74.667
   7  765      4.399      8.599    -70.462
  -1  176     -2.101     -0.627    -66.112
 395  198      3.809     -8.667    -61.920
  -1  414      7.481      0.722    -59.072
  -1   -2      6.442     11.845    -74.933
  -1   -2     -7.409     -6.620    -67.796
  -1   -2     -4.065     -5.159    -60.592
 393   73      3.417     -8.486    -67.463
 362  464     -5.083     -5.601    -77.308
 524  539    -11.835    -11.530    -67.055
  -1   -2      3.062    -12.741    -65.949
  -1   -2      4.251     12.039    -64.718
  -1  422      0.168      3.854    -57.351
 267  432      6.188     -8.027    -64.853
  -1   -2      9.715    -11.999    -59.514
  -1   -2    -13.219     -3.615    -68.372
  -1   -2      5.566      9.978    -72.426
  -1  438     -8.635     -1.581    -69.352
  -1   -2     -1.312      8.771    -54.245
  47   -2     -0.643     -7.076    -69.595
 149  468    -10.110     -6.729    -66.464
  -1   -2    -15.276     -4.903    -73.235
 472  782     -3.266     -5.719    -62.110
 161  191     -6.995     12.414    -64.136
  -1   -2    -13.765     -2.928    -86.622
 475  526     -8.469     -4.389    -61.476
 447  245     -9.706      8.794    -62.233
 479  515    -15.754    -10.479    -76.256
 315  719     -2.735      8.243    -76.658
 471  456    -13.317     -3.838    -66.860
 392  205      1.023      3.481    -63.515
 144  121      1.285     -1.466    -66.643
  -1  445     -3.703     -6.792    -61.267
  -1   -2    -15.703     -8.008    -73.500
  -1   -2     -0.358     -9.197    -61.748
 301   -2    -12.215     12.922    -68.986
 409   67     10.190     -6.717    -73.762
  -1   -2      6.423     10.245    -72.918
 450  781      4.738     -7.351    -74.239
 460  509    -11.771     12.204    -63.869
 504  474     13.952     -6.130    -64.399
  -1  459     11.529      1.428    -62.718
  -1   -2     -3.426     -0.949    -71.699
 345  395      5.777      7.283    -71.104
  -1   -2     -3.737    -12.540    -65.371
 172   63     -9.969     -0.399    -74.427
  -1   -2     12.697     -6.899    -67.693
 148  128     -2.888      4.173    -64.188
  -1   -2     13.425     -0.173    -71.210
  -1   -2      5.330     11.762    -74.263
  -1   -2      4.314      3.123    -61.471
  -1  434     12.634     -4.801    -65.410
  -1   -2     14.364     11.189    -72.901
  -1   -2     -2.423      1.520    -74.610
  -1  416      7.488      8.836    -60.709
 590  185    -11.676     11.218    -71.333
  -1   -2      2.644     -6.988    -58.204
 454  472      7.497      0.125    -61.112
  -1   74      1.623     -7.510    -65.136
 535  476     -7.314     -0.925    -60.373
 175   -2     17.177     11.945    -70.947
 372  796      5.840      9.764    -70.041
  -1   -2     12.927     11.616    -63.197
  -1   -2     12.832     -5.849    -60.523
  -1   -2     14.182     10.435    -64.220
 451  208      8.792     -4.385    -66.640
  49   -2     -9.153      0.207    -68.771
  -1   -2      1.496     12.548    -71.963
 537   65      3.789     -1.015    -64.137
  -1   -2     -2.417      4.362    -57.072
 550  251      6.732      3.077    -61.745
  -1   -2      1.234     -3.305    -78.038
 209   -2     -7.249      8.326    -60.280
 134   -2     -5.580     -9.274    -73.420
  -1   -2     -9.934    -10.643    -63.058
  -1   -2    -11.674     12.807    -63.345
  -1  426     -4.906      0.137    -58.779
  37  452      5.359     -6.948    -71.321
 295  611    -14.919     -3.035    -70.383
 456  513     -5.147      7.483    -59.295
  -1   -2    -10.716      8.692    -77.657
  -1   -2      8.371      9.510    -63.765
  -1   -2     -9.214      1.962    -73.561
 435  124     -2.717     -1.418    -59.716
  -1   -2     -3.699     -3.473    -58.380
  -1   -2     -4.441     -7.857    -73.355
  -1   -2     -2.324     -7.088    -59.521
 199   -2      4.310      9.445    -64.444
  -1   -2     -8.057    -11.172    -62.621
  -1  246      5.327      8.489    -62.875
 235  384     -4.251    -11.893    -71.516
  -1   -2     13.397     -4.817    -66.617
 797  373     -4.051    -10.707    -63.012
 455  519     -8.734     10.847    -62.208
  -1  499     15.173     -1.420    -72.642
 425  258     -6.053     -1.053    -60.878
 614  554     14.808     -5.930    -68.316
  -1   -2     -6.536    -10.299    -70.467
  -1   -2     -5.272      9.211    -64.512
  -1   -2     -1.514      2.119    -60.915
  -1   -2     11.961     10.360    -63.909
  -1  194      4.815      1.205    -60.146
 234  305     -9.769      9.736    -70.500
  -1  520      4.386     -9.342    -60.985
 496  528      9.535    -12.311    -73.959
  -1   -2     -7.955     -0.454    -52.191
 698  428     13.870    -10.026    -68.044
 108   -2     -3.766      3.840    -63.871
 142   -2    -11.667     12.341    -70.587
  -1  527     12.618     -3.474    -66.721
  -1   -2     16.621     -5.334    -80.169
 527   -2      4.155      7.837    -60.772
  -1   -2     15.672      8.511    -74.958
  -1   -2     -8.144      0.698    -59.875
  -1  444      8.874     -8.479    -73.295
 212  173     -6.831     -6.403    -63.526
  -1   -2    -15.187      3.992    -71.227
  -1   -2     12.637     -5.837    -58.406
  -1   -2     14.820    -10.497    -71.000
  -1   -2    -15.573      9.682    -71.440
  -1   -2      9.640     10.867    -76.681
  40  767     -1.445      8.950    -60.959
  -1  593     13.196      9.198    -69.520
  -1   -2      9.924      8.822    -60.711
  -1   -2     15.204      7.724    -64.313
  -1   -2      9.143    -10.560    -57.210
  -1  600    -11.099      8.118    -69.380
  -1   -2     17.600    -12.499    -70.029
 285  566      8.726      8.918    -65.377
 548   -2     17.051     -6.034    -65.800
 498  797     -8.848     -4.440    -72.860
  -1  631     12.401     12.533    -70.430
  -1   -2     -6.800     -4.378    -61.818
  -1   -2     15.307     -6.867    -83.020
  -1   -2     -7.674     -0.935    -52.711
  -1  314      8.525      4.810    -62.278
 221  298    -10.262      1.767    -64.911
 312  775     -9.699     -4.031    -63.163
  -1   -2     -7.725      3.275    -57.529
  -1   -2      4.672      4.508    -68.323
 365   -2     -4.104      8.822    -72.410
  -1   -2    -12.745    -11.743    -65.868
 555  535     -0.614    -12.557    -72.611
  -1   -2      4.919      9.211    -67.429
 507  352      2.594      6.273    -70.905
 469  329    -10.621     -7.725    -63.085
  -1   -2      8.147    -10.061    -60.765
  -1   -2     15.692     -4.952    -65.648
  -1   -2      0.789    -12.115    -63.921
  -1   -2      8.775      7.447    -57.131
  -1   -2      8.905     -8.045    -75.651
 674  790     -4.570     -7.508    -77.013
  -1   -2    -10.707      1.492    -78.271
  -1   -2      2.474      2.628    -72.934
  -1   -2    -15.923      0.261    -70.973
 222  267    -13.086     -1.983    -66.492
  -1   -2     12.347      3.486    -77.092
 335  568     -1.193     -1.582    -67.608
  -1   -2      1.341      3.384    -55.371
  -1   -2     10.107      1.790    -77.589
  -1   -2    -11.317     10.431    -60.431
  -1   -2     12.058    -10.637    -60.656
  -1   -2     11.138      7.488    -67.174
  -1   -2     16.122      9.557    -64.323
  -1   -2      5.319      7.634    -59.764
  -1   -2     10.071     -2.420    -74.941
  -1   -2     -3.835      7.415    -63.218
  -1   -2      0.479      7.753    -71.956
  -1   -2      2.097     -0.359    -52.276
  -1   -2      2.713      8.811    -76.437
  -1   -2      4.055      9.978    -62.372
  -1   -2    -14.354     -1.537    -73.710
  -1   -2     -9.018     13.441    -63.919
  -1   -2      7.978      5.941    -76.922
  -1   -2     -2.777     -5.015    -75.847
  -1   -2     -7.411      0.208    -75.710
  -1  347     10.584      0.032    -68.654
  -1   -2     10.931     11.059    -63.998
  -1   -2     -1.398      4.300    -59.782
  -1   -2     11.693      8.765    -61.265
  -1   -2     12.244     -0.767    -68.409
 579   -2      2.517    -11.642    -59.659
  -1   -2    -15.190     -5.003    -77.892
 404   -2      5.935      1.906    -67.202
 286   -2      2.133     12.183    -71.302
  -1   -2     13.113    -10.474    -62.767
  -1   -2      1.705      1.891    -70.687
  -1   -2    -16.370     -8.504    -71.712
  -1   -2    -14.458      8.662    -67.939
 298   -2     16.552     -7.650    -70.914
  -1   -2      6.146     -2.672    -72.170
  -1   -2      0.081    -10.883    -59.192
 778  791      5.589     -9.293    -67.749
  -1  629     13.278    -12.528    -62.798
 612  785      6.278      1.555    -59.338
  -1   -2      8.512     -8.623    -71.455
 263  223     -9.938     -6.235    -73.641
 325  648    -11.417      0.450    -61.232
 645  265     11.862     -9.508    -75.387
  -1   -2      8.368     -4.158    -85.991
 736  500     10.678    -12.810    -73.002
  -1   -2    -10.647     10.480    -68.160
  -1   -2     15.108      1.395    -69.279
 523  575     -7.085     11.764    -71.720
  -1  612    -16.354     -8.034    -71.105
  -1   -2     -5.499    -10.838    -75.013
  -1   -2     -0.310     12.713    -65.313
  -1   -2      7.892     -6.653    -75.169
  -1  583    -11.293      1.538    -60.659
  -1   -2      3.742      1.773    -69.366
 403  300    -11.581    -10.536    -70.923
  -1   -2     17.346      0.654    -72.858
  -1   -2    -15.330      9.904    -72.129
 582  657      5.378      9.416    -61.707
  -1   -2     -2.325     -9.548    -72.392
  -1   -2     13.371     -9.827    -59.893
  -1   -2     14.337     -5.386    -69.923
  -1   -2      7.953      9.165    -57.883
  -1   -2      0.220      6.442    -52.081
  -1   -2     14.330     -4.486    -65.073
  -1   -2     13.728     11.602    -65.352
  -1   -2      8.158      7.042    -57.899
  -1   -2    -13.137    -10.787    -75.878
  -1   -2     12.821     -6.518    -63.341
 292  228      9.715     -7.164    -63.396
  -1   -2      7.683     -7.056    -62.765
  -1  411    -15.629     -8.320    -71.937
  -1   -2     -9.038      5.969    -85.881
  -1   -2     -3.341     -1.722    -63.282
  -1   -2     -0.901      1.102    -58.909
 572  569    -13.896      7.234    -65.627
  -1   -2    -13.758     -7.752    -67.576
  -1   -2     13.670      8.654    -66.924
 202  661      7.412      0.088    -71.266
  -1   -2     -5.097      8.257    -67.103
 795  793      8.501      5.641    -70.877
  -1  282      6.596     -2.624    -63.101
 632  302     -8.811      6.262    -69.125
  -1   -2     12.080      2.145    -61.872
 580  700     -6.180     -0.497    -77.617
  -1   -2    -10.568    -11.796    -61.501
  -1  590     12.601     -5.191    -64.190
 706   -2     17.250     -7.636    -65.207
  -1   -2     11.781      9.107    -52.681
 243   -2     -4.218     10.953    -72.262
  -1   -2     -1.554    -10.792    -72.982
  -1   -2     17.403      7.362    -75.256
  -1   -2     11.982     -8.963    -62.234
  -1   -2     13.906      4.973    -58.312
  -1   -2    -11.670     -6.471    -85.520
  -1   -2     19.518      9.147    -74.069
  -1   -2     -0.794      9.487    -66.804
 269  548    -10.556     -0.734    -62.099
  -1   -2     -2.769     11.758    -59.990
  -1   -2     -4.284    -12.184    -64.060
 519   -2     -7.606     10.269    -57.618
  -1   -2    -13.824      9.409    -70.629
  -1   -2     -9.307     11.632    -55.408
 595  784    -13.693     -1.346    -65.152
  -1   -2      2.153     -9.654    -70.929
  -1   -2    -13.225      1.718    -65.267
  -1   -2     -4.763      0.739    -52.788
  -1   -2      7.296     -4.632    -61.177
  -1   -2      8.130     -7.136    -83.592
  -1   -2    -10.928     -3.779    -59.262
  -1   -2      1.114     -1.819    -60.763
  -1   -2     11.300     -8.322    -84.632
  -1   -2     16.769    -11.785    -66.376
  -1   -2     -2.116    -12.501    -67.145
 313   -2      0.848      4.948    -75.061
  -1   -2     13.778     12.197    -73.674
  -1   -2    -13.194      3.443    -76.751
  -1   -2     16.520     -2.479    -67.336
  -1   -2    -15.280      3.747    -71.134
  -1   -2      3.340     -0.037    -59.610
  -1   -2     13.547    -11.726    -64.846
  -1   -2     16.146      6.539    -64.012
  -1   -2     -9.736      2.631    -59.910
  -1   -2     -0.329     10.459    -61.249
  -1   -2     -6.223     -5.130    -77.061
  -1   -2     14.316     -3.665    -61.304
  -1   -2    -14.450     -4.860    -65.408
 262   -2     13.541      9.750    -68.519
  -1  290     12.700      9.648    -71.547
 613  786      3.582     -5.375    -58.681
  -1  529      2.945     -2.419    -57.153
  -1   -2     10.269     10.033    -67.139
  -1   -2    -11.599     -7.520    -76.843
 673  789     -9.814     -9.006    -61.752
  -1   -2      5.981     -6.393    -58.555
  -1   -2      8.920      7.811    -62.281
  -1   -2     13.881     -2.470    -63.417
 477  660     10.407     -0.940    -60.971
  -1  475    -11.591     -3.836    -72.120
  -1   -2     16.411    -11.232    -69.734
  -1   -2     16.338     -4.129    -63.855
  -1   -2     -5.408      5.713    -72.269
  -1   -2     -3.693      7.401    -69.383
 117  798    -15.422     12.254    -74.182
  -1   -2    -14.972      8.670    -73.847
  -1  172     -7.964    -12.332    -72.263
  -1   -2     12.626     -4.616    -65.552
  -1   -2    -14.773      5.468    -69.292
  -1   -2     13.787    -12.425    -62.472
  -1   -2    -14.696     12.486    -69.838
  -1   -2      6.913    -11.021    -61.011
  -1   -2     -7.944      2.147    -78.477
  -1   -2     -1.708    -12.407    -74.511
  -1   -2     11.264    -10.225    -55.121
  -1   -2      0.946     -1.815    -67.315
  -1   -2     18.201      5.570    -87.488
  -1   -2     17.504     -4.215    -71.438
  -1   -2      3.546      7.469    -79.511
 297   -2     -8.755     10.716    -68.481
  -1   -2      4.547     11.257    -58.940
  -1   -2      3.527     -4.480    -76.065
  -1   -2    -14.487     12.494    -69.480
  -1   -2     -8.059      2.733    -76.122
  -1   -2     13.493      2.484    -76.299
  -1  559     15.475      0.418    -65.335
  -1   -2      1.697      5.639    -58.697
  -1   -2    -12.871     -6.880    -76.435
  -1  383    -10.263     -2.939    -56.691
 635  268     -8.818     -5.687    -59.788
  -1   -2    -13.774     -6.363    -70.060
  -1   -2     -8.572      4.962    -71.203
  -1   -2     12.391      7.255    -74.063
  -1   -2     -6.038      5.895    -74.324
 633  339     -7.756     -0.261    -56.101
 787   -2      0.089     -3.580    -68.123
  -1   -2    -10.385     -5.999    -75.211
  -1  345    -10.534     -0.643    -67.031
  -1   -2     11.776    -11.956    -75.158
  -1   -2      1.150      8.031    -76.862
  -1   -2     -0.038      1.858    -69.671
  -1  308      2.517     -4.857    -65.522
 793   -2    -12.693      7.754    -64.936
  -1  304     -7.700      8.990    -63.207
  -1   -2    -11.681     11.260    -63.054
  -1   -2      9.673     -5.724    -59.621
  -1   -2     -8.747     -9.467    -74.353
  -1   -2     16.216     -1.996    -87.344
  -1   -2     15.103     -5.119    -60.373
  -1   -2      1.762     -4.688    -67.925
  -1   -2      8.077    -12.178    -61.903
  -1   -2     15.749    -12.646    -66.961
  -1   -2      4.680    -11.833    -79.628
  -1   -2     -5.517     -8.789    -53.003
  -1   -2     -1.020    -12.033    -68.528
  -1   -2    -10.672      5.240    -71.650
  -1   -2      2.503     -4.329    -53.495
  -1  607      5.604     -5.676    -67.454
  -1   -2     -3.581     -0.349    -71.241
  -1   -2      5.041      0.107    -70.512
  -1   -2     -0.833     12.704    -63.400
  -1   -2     -7.264     10.080    -56.292
  -1   -2      7.709    -11.385    -79.759
  -1   -2     11.332    -12.111    -59.327
  -1   -2      0.238      7.619    -65.962
  -1   -2      8.003      5.368    -66.977
 756   -2     -9.640     -3.186    -66.410
  -1  343     -7.514     -9.354    -67.412
  -1   -2    -10.340      3.051    -84.386
  -1   -2      6.728     -1.288    -82.296
  -1   -2      6.581      6.813    -80.860
  -1   -2     -6.062      4.622    -66.687
  -1   -2     -2.067      9.235    -77.514
  -1   -2     -8.841    -12.874    -65.786
  -1   -2     13.118      5.411    -80.137
  -1   -2      7.553      7.325    -79.058
  -1   -2      9.445      9.930    -62.176
  -1   -2     16.489     -0.796    -63.453
  -1   -2      2.777     -5.161    -70.097
  -1   -2      1.352      1.612    -65.580
  -1  126     -3.223     -5.173    -65.297
 153  451     -8.587     11.329    -67.693
 116  397      5.849      1.544    -63.674
 422   -2     -4.307      5.909    -68.351
 764   -2     -4.051    -12.300    -69.098
 229  771     -5.893    -10.492    -68.540
 151  280    -12.379      6.967    -66.564
 769   -2     -7.514      3.461    -60.938
 105  400      1.015     -1.198    -63.541
 566   -2     -1.032     -0.025    -59.728
 459   -2      5.803     11.044    -70.654
 253  254     -6.226     -3.244    -62.209
 306  704      2.598      7.480    -68.933
 568   -2    -11.359      4.210    -72.888
 358   -2     -1.785    -11.722    -69.854
 401  780      6.887     12.185    -67.291
 399   -2    -10.734    -10.533    -65.849
 679   -2     11.422     -7.680    -64.565
 248  203     -5.355     12.302    -67.692
 654  788      8.697     -2.187    -74.684
 788  792     11.560      8.471    -73.656
 669   -2     -9.980     -4.067    -64.767
 617  787     -6.882    -10.747    -76.570
 333   -2     -3.443     -1.813    -70.661
 662   -2     14.445     -1.625    -64.363
 332   -2      3.203      4.251    -66.324
 760  799     -7.528     -0.287    -67.310
 321  748      6.876      5.786    -72.545
 179   -2      4.150      8.672    -64.581
 240  170      4.450     12.253    -63.795
 542  297      0.221     -9.644    -73.102
 798   -2     -6.920     -7.916    -70.087
 800   -2      8.960    -12.763    -64.464
