847
   0   33     -2.555      3.324    -72.628
   6    8     -4.096     -7.607    -72.963
   4    3     -5.618      8.213    -73.210
   1    4      1.108      4.719    -70.230
  15    1     -0.344      0.494    -72.492
   7    7      1.665      1.788    -70.493
  44    2     -3.424      7.165    -71.410
 375   27      8.789      5.327    -69.681
 113  160      7.106     -0.994    -72.193
 377    9     -2.294      7.884    -69.349
 144  283     -0.762      1.859    -73.093
   5    5      8.442      3.815    -69.439
  34   71      1.476     -2.559    -70.848
 123  360     -3.168     -3.690    -69.490
   8   54      5.431      9.134    -71.112
  17   12      5.350      5.016    -68.438
  26   -2     -2.887     -1.568    -73.822
 252  123      2.902    -11.398    -71.929
  46  212      3.117     10.053    -70.057
   3   70      5.416      2.981    -69.291
 378   14     -5.406      2.285    -68.361
  28  172      6.777      3.740    -71.735
 474  805      0.311      5.161    -69.727
  78   65      9.484      5.475    -67.298
  23   15     -0.315     -0.454    -70.892
 180   32     -0.005     11.014    -69.572
  41   23    -12.845      2.253    -70.954
  29   13      8.046      4.590    -68.980
  85  101     -8.317     10.809    -74.395
  63   25      3.270     10.867    -68.556
  58  538     -6.024      2.265    -73.035
 225   85      6.318     10.545    -69.617
  24   19     -7.629      5.316    -69.804
 137   16     -0.205      2.059    -72.664
  -1   -2     -1.321      5.991    -62.788
  51   64      3.789     11.833    -68.032
  73   -2      1.645     -2.742    -66.380
  -1   -2     -5.589     -5.708    -70.226
  -1   63     -1.867     11.491    -72.938
  84  141      4.944      8.329    -70.776
  18   26     -1.307      9.648    -68.115
  42  786     -5.794     -1.374    -70.200
  53   37      2.732     -3.636    -66.555
 808   10     -7.651      7.871    -71.684
  80   61      6.912     -1.229    -66.815
  33  107      4.939     -3.028    -67.095
 406  177     -4.320      0.875    -70.769
  19  423     -4.101     -3.056    -68.372
  25  187      9.082     -3.991    -70.674
  54   35     -8.964      3.434    -65.743
 119   50     -1.779      4.925    -67.455
  39   66      2.789      9.700    -64.356
 386   88      8.282      6.583    -72.452
  16   39      7.399      5.400    -67.266
 454  152    -10.418      1.069    -77.011
  66   62     -0.508      1.356    -65.678
  57  147      5.961     -3.858    -66.927
 154  176     12.013     -4.072    -70.601
 106   40    -14.703    -10.160    -76.065
 100   57      1.904     -8.609    -72.977
  52  104    -11.743     -9.958    -69.441
 127   41     -6.402      9.911    -65.967
 162  155      4.344     -4.969    -64.662
  64   49      8.787      8.101    -67.907
  68   59     -4.909     -1.252    -68.272
  36   46     -2.290      1.069    -71.924
 403  149     -6.883     -5.714    -65.657
 142   47      8.959     10.664    -68.439
  50  125     -5.572     -1.673    -68.204
 194  135    -10.171     -5.405    -67.868
 105   67      7.392     -4.739    -69.064
  88   43     -6.278      1.472    -67.543
 169  119     -4.116     -6.952    -72.707
 108  427      2.080     12.354    -69.225
 422   44     -8.225     -8.632    -67.543
  32  420     -8.506     -6.431    -65.798
  22  827      0.800     12.485    -71.240
  48  122      1.167     12.079    -65.386
 393  450     -3.108     11.124    -69.926
  76   77    -12.607      1.704    -71.031
 468  173     -6.496    -12.322    -70.958
 152   69    -10.357     -3.340    -66.382
  92  788     -8.910     -9.156    -68.738
  45   34      9.460     11.839    -68.675
 110   -2     -5.741     -2.433    -66.021
 457  422    -11.416      3.883    -63.147
  31   18      0.357     -4.606    -68.565
 287  402     -5.835     -2.852    -72.408
   2    6      3.613      4.229    -70.223
  -1   -2      2.195      2.273    -64.042
 258   75     -5.145      1.481    -67.962
 183   74    -12.326      4.569    -69.156
  -1   -2     10.867      7.595    -69.649
 129  194      2.471      7.583    -64.651
  40   68     12.744      1.678    -70.326
 251   90     -4.747     -6.204    -65.612
 461  113      6.272      8.136    -70.669
 212  400     -8.263      8.119    -65.356
  -1   94     -4.868     -7.410    -66.268
  86   99    -12.586      8.267    -76.135
 519   80      1.168      2.928    -62.626
 109  544      6.868     11.005    -72.439
  93  103    -11.833      0.161    -68.808
 186   72      1.656     -4.018    -65.138
 118  202      0.739     -3.640    -65.191
 459  115     -9.711     12.667    -69.636
 146  108    -11.741      9.917    -65.843
 444   83     14.417     -8.812    -68.276
 416  231      2.329      4.204    -65.588
  49  190      6.980      9.723    -71.592
  -1  536     -9.656      4.440    -74.106
 450  116     -6.395      2.077    -61.587
 133  118     -0.626      0.449    -63.294
 211   98      1.625    -11.700    -65.082
 201  142     -3.113     10.365    -63.351
  55  383     -3.218      5.610    -69.478
  -1   -2    -10.934      9.532    -62.703
  61  111      7.302     -3.976    -71.659
 807  404     -5.371     -8.314    -70.154
  -1   -2     -7.028      5.142    -62.103
 176  233     16.970      9.142    -68.243
 139  114    -10.796     -4.295    -68.579
 200  377     -2.549     12.372    -72.114
 298   -2      1.400     -3.450    -75.513
  97  293      8.393     -4.169    -73.648
  21   60     -8.277      2.293    -72.573
  12  138     -4.053     -9.469    -76.639
  -1   -2     -3.828     -1.752    -75.107
 173  100      2.904     -9.279    -65.197
 104  128     -8.391     -2.533    -65.658
 214   96     13.083      9.213    -65.234
  -1    0      1.748      6.483    -70.393
 286  182    -12.865     -2.924    -72.015
 189  166      2.614    -12.279    -65.446
 150  121    -13.016     10.882    -65.200
  67  323      6.645      2.625    -65.673
  -1   -2     -8.042     -5.471    -64.705
 262  185     -2.356    -11.260    -67.297
 141  790     14.509     -3.536    -72.926
 218  117     11.541      1.613    -66.310
  98   29      1.891      6.233    -68.610
 166  140      7.273      3.609    -63.451
 145   -2     -4.930      6.956    -74.527
 151  624     16.824     -0.259    -68.907
   9   95      3.762     10.124    -74.250
  75  266    -10.327      5.037    -67.881
 284   24     11.694      0.367    -70.606
  38  380      8.444     11.302    -70.170
 149   -2     -5.967      9.837    -63.770
  -1   -2     -3.074     -5.905    -73.556
 242  828     -6.920     -5.548    -69.537
 171  310     18.013      2.129    -69.181
 261  213     11.234     -4.916    -67.071
 220  285    -11.326     -3.757    -64.643
 349  324     14.949     -3.368    -69.914
  -1  227     12.492     -1.076    -71.416
 479  109      1.811     11.613    -63.984
 163  191     16.752      7.464    -66.479
 208  407      6.473      5.465    -61.077
 135  162     -7.290      3.287    -63.819
 159  168    -10.519      7.966    -65.122
 199  396     -6.549     12.123    -70.630
  -1  442    -13.219      7.904    -69.076
 215  411     -3.127     -8.878    -60.287
 257  158      3.236     -7.226    -64.087
  -1   -2     -7.369     -1.045    -76.881
 182  218     12.282     -0.892    -70.365
 504  242    -10.654      8.660    -64.702
 156  551     -8.350     -0.861    -66.339
 205  145     -6.900     -2.927    -65.884
 253  196      7.438      1.251    -62.476
 117  143     -7.347      1.455    -68.755
  -1  161     -9.881     -1.804    -63.714
  -1  136    -13.132      1.433    -76.420
 177  163      5.707     -7.030    -64.042
 140  443     -7.829     -2.367    -66.848
 191  451      5.836    -10.824    -64.446
  -1  304     -7.668     -5.027    -67.602
 241   48      2.664     12.069    -68.846
 312  799     14.746      2.498    -66.377
 155  298     10.845     11.047    -66.964
 121   -2     -7.909      3.366    -64.726
 210  363     13.966      2.856    -71.457
 190  165      9.898     -6.289    -64.982
  11   22      5.745      7.221    -70.811
  82   30      9.663     -1.726    -70.390
  -1   -2     -0.184      9.387    -62.340
 147  209      5.298      9.171    -73.663
 321  210     -6.481      9.981    -76.540
 239  150    -10.394      4.675    -64.857
 184  238     17.468      9.319    -72.418
 209  154     12.758     -4.019    -69.604
 235  151      9.719      5.067    -63.612
 178  127     -0.869    -12.385    -69.336
 153   82     14.123     -5.496    -71.515
  96   17     -1.023      8.088    -72.954
 187  793      1.067    -10.872    -61.843
  -1   -2    -10.722     12.387    -62.536
  -1   -2      9.775      5.727    -70.765
 382  192      3.123     -9.725    -71.119
 143  131      9.120      9.884    -64.195
  -1  510      2.499     -0.891    -76.850
  74  137     13.034     -0.682    -70.069
 255  414      4.914     -4.931    -60.969
 259  267     -0.600     11.986    -61.421
 277  232     12.854     -9.096    -68.732
  -1   -2    -11.598     -2.382    -73.521
 603  462     -9.129      4.546    -64.939
 605  134      9.666    -12.274    -69.169
 265  189     11.214      5.526    -64.253
 363   -2      6.636      1.244    -63.112
 437   -2      7.982     -7.311    -63.115
 202   42     -9.540      3.960    -66.952
 300  381     -7.666      9.870    -77.457
  56   -2    -11.603      5.740    -72.327
  69   -2     11.079     -3.807    -70.336
  91   58     -8.498    -10.402    -68.946
 585  268    -15.415     -9.566    -72.235
 192  395      3.279      1.569    -65.923
 438  829      2.039      5.271    -75.394
 260  243     -2.677      9.784    -74.952
 568  211     15.494     10.681    -67.879
 615  195     13.111     10.255    -70.251
 232  159     10.523      8.848    -71.738
 254  105     12.717      3.470    -73.393
  -1   -2     -2.605      0.640    -76.308
 229  197      9.373      9.998    -69.914
  43  335      9.501     -7.273    -72.150
  -1   -2     -4.163      0.658    -59.387
 436  175     12.262      5.454    -76.159
 823   -2     -5.246      8.531    -65.257
 227  216     -9.888     -3.182    -66.077
 614  830      6.465     -1.380    -63.400
 228  236    -12.047      8.917    -75.494
 274   92     -1.209      7.421    -72.193
 245  314      8.226      7.178    -63.781
  -1   -2    -10.786    -10.782    -66.527
 116  519    -11.308     -3.655    -68.586
 270  207     14.803     -6.397    -72.044
 267   97    -13.648      7.466    -71.232
 340  164      7.620     11.634    -65.794
  -1  220    -13.068     -0.726    -74.680
 626  681     -6.296      7.250    -67.497
 337  214     15.692     -6.387    -72.014
 193  794     -3.211      9.383    -66.660
  -1  224     11.490      2.038    -75.497
 358  294     14.265      1.096    -63.468
 136  789     13.386     -3.425    -70.513
 195  831     13.378     -6.056    -72.517
 329  330     -3.474     -7.610    -65.611
  -1  280    -13.832      0.260    -68.085
  -1   -2     -2.309      6.593    -60.176
 624  550     13.474    -11.734    -74.763
 222   86      8.222     -3.803    -75.368
  -1  198    -13.608     -1.421    -69.504
 285  594    -13.467     -4.079    -69.856
  -1   -2      1.323     -0.985    -63.201
  59  334      6.444      2.783    -73.712
  -1   -2      6.961      6.396    -62.732
  -1  303    -10.021     -1.138    -59.838
 172  272    -12.297     -6.906    -67.498
 352   93    -14.900      4.972    -68.673
 158  352     -7.352     -7.091    -66.506
  -1   -2     -3.725     -4.315    -63.714
 272  183     11.373      7.426    -64.121
  -1  292     -2.203      4.291    -68.755
 331  528     10.410     -7.692    -66.211
  -1   -2      0.337      6.220    -57.019
 322  800     11.718      5.977    -62.612
 335  295    -13.436     -0.124    -67.713
  -1  217      0.381     -2.296    -57.449
 812  554      7.183     -7.485    -62.064
 269  174    -11.544      2.221    -67.292
 379  804     14.929      5.415    -71.609
 290  282     14.550     -5.087    -71.026
 299  566     11.093      1.371    -66.188
 716   -2     -3.327     11.019    -71.649
 342   -2     -9.546     -2.711    -68.018
 460  269     10.605     -3.405    -70.336
  -1   -2     -7.855    -10.904    -79.488
 303  561     13.051     10.832    -68.416
  -1  262    -13.938     -0.915    -70.700
 204   -2     -3.021      8.376    -72.975
 516   -2     -5.800     -6.486    -59.638
 207  180     14.199     -1.870    -69.316
  -1  372      3.407     11.368    -63.345
 249   -2     -0.404     12.576    -64.816
 327  300     13.742      3.893    -64.370
  -1   -2     11.929      1.262    -74.201
  77  337    -14.786     -5.259    -75.854
 313  318     10.797     -0.376    -63.319
 424   -2      3.627     10.330    -73.072
 640  257    -10.947      4.319    -67.894
 244  521    -13.871     -6.864    -71.807
 238  260     -6.750      7.848    -65.140
 663  273    -13.674     13.129    -67.532
  -1  299      6.361     -3.900    -70.144
  -1  277      4.616      9.427    -60.831
 319  694     10.380     -8.589    -70.981
 250  252      7.800      1.266    -70.901
 333  659     11.364      7.919    -65.065
 165  204      5.128     -9.805    -65.325
 279  349      1.011     11.042    -74.989
  -1  301      0.595     -8.264    -63.692
 451  610     16.192      6.059    -67.809
 289  144     -4.968      5.105    -65.724
 304  240      4.970    -12.323    -72.447
  -1   -2     14.988      9.154    -74.226
 273  226      6.094     -9.633    -74.962
 840   -2     16.713      6.543    -71.301
  -1   -2      1.586    -12.614    -71.958
  -1   -2    -10.577     11.146    -75.447
 275  342     14.553     -2.777    -66.387
  -1  215      0.013     -7.564    -65.356
 477  651     -3.819      5.648    -60.070
  -1   -2      0.600     -3.104    -75.559
 234   -2     15.712    -10.503    -71.477
 558  552     -2.679     11.109    -61.298
 833  315     13.870     -1.514    -75.773
  -1   -2      9.956     -0.985    -55.594
 336  275    -13.367     11.719    -66.595
 332  345      7.826     -7.048    -74.200
  -1   -2    -13.913      8.820    -70.872
 383  386     -0.130      2.393    -74.200
 345  802     -7.987     -7.934    -61.137
  -1  656     12.128     10.268    -63.316
 148  735     -4.493      1.882    -69.067
  -1   -2     -6.049     -8.268    -67.598
 410  480      4.816     -0.676    -72.756
 359  515     10.092     -7.050    -71.949
  -1  199     -7.808      7.231    -67.189
 367  305    -11.128     11.559    -66.797
 527   -2     12.326     -5.718    -64.344
 338  682     16.435      4.851    -65.194
  -1   -2     -9.909      3.228    -75.936
 174  316     -2.459      3.038    -66.538
  -1   -2     -1.058     12.266    -68.367
 264  228      9.673     -8.970    -72.953
 632  815     10.471      1.733    -76.231
 810  328      9.186      3.193    -73.880
 548   -2     16.120      9.931    -66.906
  -1   -2    -11.591      9.620    -69.583
 356  329     15.530    -10.930    -68.920
 344  265      0.202     -4.913    -62.881
  -1   -2      9.542     -4.110    -63.170
 702  708     11.247      2.749    -64.473
 523  810    -10.472      5.684    -66.402
 294  169      5.029    -12.625    -66.704
  -1   -2    -15.315     -9.925    -76.151
 355  761    -12.031      5.436    -68.271
  -1  241     -9.025      9.714    -75.004
 309   -2     13.559    -11.550    -68.210
  -1  249     16.164     -8.365    -68.794
 293  356      7.358     -7.389    -71.858
 691  715    -14.294      3.581    -69.955
  -1   -2     -9.226     11.075    -75.931
  65  361      1.030      7.787    -71.543
  35  369      7.122     12.051    -70.861
  -1   -2    -14.791    -11.722    -75.158
  -1   -2     12.133     -6.478    -73.860
  -1   38     -4.241      3.520    -64.919
 380   31     -8.116     -6.552    -74.142
  -1   -2     13.351     -4.032    -75.068
  -1  373     -6.122      8.112    -68.868
  -1  110    -14.445     -0.952    -67.574
  -1   -2      1.790     -6.680    -74.365
 497   -2      5.402     -2.911    -71.305
 426  477     -7.079     11.649    -66.700
  10   84      0.917     -2.499    -70.304
  81  126     -8.462     12.140    -72.469
  -1  371      1.535    -12.869    -66.526
 843  382    -10.334     10.480    -64.499
  -1   -2     -2.375     -2.851    -69.867
 271  452     -3.021     -2.922    -74.577
  -1   -2     -3.205     -7.793    -61.770
 598   -2     -8.233     -2.151    -68.539
 830  403      7.045     10.385    -65.899
 240   53      4.429      3.966    -71.219
  -1  632      1.732     -5.924    -72.458
  -1   -2     -2.217      4.460    -61.469
 381   21     -4.901     -2.002    -67.482
  -1   -2    -14.758      3.704    -86.861
 197  157     -4.250     -4.622    -71.229
  -1   -2    -16.166     -9.835    -75.197
  30  540     12.621     -2.814    -69.488
  95   -2     -8.583     -1.674    -66.295
  -1   -2      4.167     -4.811    -74.092
 402  449      1.904      1.903    -65.178
  -1  505     -6.380     11.175    -62.706
  -1   -2      3.696      7.644    -74.542
  83  787     -5.818      4.923    -70.446
 206   -2    -16.065     10.989    -72.490
 440  419      7.955     -8.330    -66.342
  60  368     14.968      4.173    -71.667
  99  435     -1.996     11.752    -62.391
 325  464     -8.233      7.165    -62.748
  -1   -2      5.807      1.674    -63.285
 462  320     -6.045      6.942    -74.120
 221  796      5.779     -9.883    -68.142
 130   28     -9.665     -6.669    -69.515
 600  223     -1.750      5.899    -77.121
  -1   -2      1.602     -6.986    -86.887
 203   -2      2.178     12.599    -64.213
 157  791     -4.084      3.298    -68.646
 466  416     17.569      3.161    -67.496
  47  433     -5.294      4.008    -63.244
  -1   -2     13.323      9.517    -78.441
  -1   -2     -7.801     -5.010    -62.165
  -1   -2     -0.949      0.072    -58.276
 256   20      0.136     -2.037    -69.746
 111  436     -0.958      7.069    -64.201
 490  432     -2.805     -3.239    -66.214
  -1   -2      2.490     -0.604    -62.117
  -1  376     -3.679      2.446    -71.269
 409  112     -8.096     10.532    -64.968
  -1   -2      9.657      7.654    -87.110
 428   -2     -4.077    -11.175    -62.131
 418   -2     -8.814    -11.085    -73.572
 814  611     15.138    -12.627    -67.501
  -1   -2      8.616    -11.495    -66.770
 411  496      7.360     -9.308    -64.181
 112  375     11.830     -1.233    -69.142
 354  258      2.798      9.759    -70.743
 314   -2     -1.307     -6.900    -72.363
 458  454     -6.777     -6.550    -65.663
  -1   -2     12.597     -2.917    -58.407
  -1   -2    -15.120    -11.640    -70.278
 198  470     -1.985     -9.070    -61.446
 310   11      6.658      8.020    -73.424
 124  424      5.549     -7.939    -62.129
 236  437    -10.056      6.830    -67.037
 404   -2     12.238     -3.671    -63.533
 542  378      5.981     -6.555    -75.643
  -1  279     15.119      2.940    -69.415
 427  479      6.647     -2.627    -60.690
 233  537     16.862     -6.790    -72.895
 408  621     -6.155      1.268    -61.234
 526  491    -11.451     -6.958    -62.841
  -1   -2     -9.113     -0.212    -67.932
  -1   -2     -3.275      3.584    -57.955
 446  410     -4.857     -1.050    -61.621
  71   -2      3.205     -9.644    -75.272
  87  583    -11.458      3.213    -69.589
  -1   -2     -3.491      6.068    -67.900
  -1   91     -8.905      1.304    -60.982
 283  522     10.256    -12.177    -67.295
  -1   -2      5.427    -11.708    -73.835
  -1  406    -10.199     -4.539    -58.894
 476  497     -1.521     -1.755    -61.337
 301   -2     13.682     11.408    -67.527
  -1   -2     -7.211      1.617    -71.703
  -1   -2      7.807     -4.015    -68.581
 478  444     -7.263      1.338    -62.096
  -1   -2     -5.842     -6.837    -59.100
 392  459     -4.230      6.095    -62.744
 412   -2     -3.607     -2.895    -66.196
 288  247      9.002     -2.589    -64.377
  -1   89     -3.012      1.858    -61.189
 348  503      1.042      6.078    -72.699
  -1   -2     12.226     -3.288    -71.650
  72  146     -1.584      6.175    -64.159
 122  560     -6.206     -7.838    -66.811
  -1   -2     15.394     -0.645    -63.362
  -1   -2    -14.629     -2.278    -72.677
 372  803     12.605     -7.863    -66.180
  -1   -2    -13.960    -11.079    -80.135
  -1  485     17.595     -7.686    -70.689
 837  317     -1.366     -3.793    -66.523
  -1   -2     -4.954      1.932    -61.256
  -1   -2    -10.725      1.867    -69.895
 791  178     -4.951     -6.918    -70.152
  -1  494     -6.981     -6.838    -76.827
 503  448      8.541     -0.836    -62.926
 567  666     -8.894     -9.087    -59.700
  -1  614     14.132     -4.791    -75.846
 292   -2      2.474     -7.425    -66.255
 502  463     -7.995     10.112    -64.221
 652  392     17.494      5.622    -67.046
  -1   -2    -13.806     -1.513    -64.269
 181   -2     -2.617    -11.441    -74.052
  -1   -2     -6.974    -11.899    -75.071
 453  287     -5.408     -9.892    -66.264
 125   -2      8.589    -12.180    -65.497
 576  512      4.169     10.753    -70.648
  -1   -2     -7.906     -2.786    -60.604
 483  806     -7.206     11.290    -63.088
 553  415     15.271      8.528    -69.130
  90  132     12.204     10.761    -68.925
 528  487     -5.930      7.421    -63.573
  -1   -2      2.868      4.546    -59.838
  -1   -2     -7.512     11.606    -63.849
 334  302     13.735      0.989    -63.982
 496  331     -7.608     -4.917    -58.707
 499  589      6.859     12.221    -63.547
  -1   -2     -7.868     -9.601    -64.192
 518  565     14.928    -12.379    -68.731
 841  549     -0.609     13.265    -62.545
  -1   -2     -2.097     -8.304    -58.781
 385  263     -0.112      2.711    -70.082
 684  234     -6.506     -6.222    -71.358
 485  289     14.013      1.083    -68.622
  -1  413     -0.281     -5.975    -62.250
 494  171     -1.277     -9.876    -59.488
 550  559     15.929     -3.123    -76.167
  -1   -2    -11.767     -0.747    -61.674
  -1   -2     17.385     -6.054    -75.579
 278  599      2.550     -6.626    -61.947
  -1   -2      9.856     -0.135    -65.576
  -1  578     12.147    -12.839    -63.604
 524  530     -1.756     -7.193    -60.944
  -1   -2      1.541     -5.918    -60.886
 500  807     15.953     -7.368    -70.959
  -1   -2      7.076     -7.816    -74.536
  -1   -2      4.850     11.838    -62.300
 161   -2     -6.382     11.019    -62.033
  -1   -2    -14.947     -7.638    -68.307
  -1   -2     -5.771     -9.417    -63.070
  -1   -2     10.947      2.960    -77.485
  -1   -2     -8.200     -3.549    -77.821
 246   -2     10.728      3.116    -63.093
 529  811      6.691    -11.925    -64.852
  -1  541     14.006    -10.369    -65.856
 266   -2      5.429     10.687    -60.615
 487  612     -5.413      8.491    -66.662
  -1   -2    -15.087     -1.829    -80.422
 295  170     -3.718      6.241    -58.266
 584  535     17.665     11.168    -68.053
  -1   -2      5.701      1.168    -74.865
 131  276      0.623     -9.802    -76.490
 343  801    -12.303      7.186    -75.876
  -1  603    -13.987      4.522    -65.869
  -1  524      8.600    -10.945    -73.017
 679  818      5.574     -9.094    -65.957
 538  297    -10.835      7.228    -61.858
  -1   -2    -13.880     -5.366    -77.244
  -1   -2     -3.646     -2.811    -58.194
  -1   -2     -0.557      4.351    -70.273
  -1   -2      9.483     -1.084    -63.001
 531   -2    -11.480     -9.047    -72.762
 280  556      7.457     -7.409    -69.842
  -1   -2      3.719      7.903    -75.337
  -1   -2     -5.990     10.011    -73.810
 572  635     15.376     13.149    -65.819
  -1  585     10.684     11.897    -69.256
  -1   -2      5.740     -0.662    -73.039
  -1  571      8.591    -10.473    -63.691
 323  278      3.967      1.523    -76.046
  -1   -2      7.724     11.503    -68.432
 515  809    -14.494     -7.921    -66.183
  -1   -2     12.198     11.720    -61.773
  -1  186    -14.331      5.453    -66.962
 120   36     -4.007      1.360    -73.043
  -1   -2     16.192     -2.171    -74.443
  -1   -2    -15.798      4.470    -79.374
  -1  511      5.554      1.450    -62.090
 589  617    -14.159      7.065    -74.903
  -1   -2     -8.509      7.241    -59.922
  -1   -2     13.983    -12.468    -66.489
 681  819      8.715      9.002    -70.113
  -1   78    -10.941      2.209    -74.122
  -1   -2     -8.196      2.424    -83.788
  -1   -2     -7.090      9.380    -66.104
  -1   -2    -11.255    -11.524    -61.993
  -1   -2    -11.151     -3.202    -76.547
  -1   -2     -7.438    -11.367    -82.251
 546  813      3.010      2.248    -64.430
  -1   -2      7.956    -11.786    -70.114
  -1   -2     -6.970    -11.342    -63.173
 362  592     -6.642     -9.208    -64.704
  -1   -2     -2.600     11.000    -53.822
  -1   -2      2.990     10.365    -76.862
  -1   -2     -9.632      5.444    -61.809
  -1  673     12.456      5.181    -64.940
 347  460      2.992     -8.502    -69.994
  -1   -2      9.990     -9.274    -59.640
  -1  307     -0.991     -9.210    -76.197
  -1   -2      1.160      1.567    -70.486
 688  619     14.901      9.939    -64.720
  -1   -2     16.031      6.373    -63.679
 806  669      1.259     -5.285    -74.446
 470  596    -11.574     -7.826    -65.203
  -1   -2     -0.517     -5.108    -76.682
  -1  557     15.531      8.784    -70.873
 216  308      4.279    -10.860    -66.574
  -1   -2     -4.350     -0.959    -62.085
  -1   -2     -2.126      8.720    -74.663
  -1   -2     -3.790      2.108    -63.213
  -1   -2    -10.635     11.285    -75.450
 237  570      7.507      0.582    -61.301
 820  825    -15.145     -8.183    -68.436
  -1   -2    -12.026     -5.298    -75.484
  -1   -2     -1.402     -8.097    -51.908
  -1  668      3.002    -10.796    -70.295
 623  548     12.347      9.137    -72.647
  -1   -2     -5.309      7.818    -60.704
  -1   -2     -7.688      7.039    -73.360
 565  359      7.272      4.271    -75.533
  -1   -2     -9.885     -0.787    -57.655
  -1   -2     -6.164      2.020    -55.696
  -1   -2     15.246     11.407    -72.874
 368   -2     -7.395      9.747    -63.452
  -1   -2     14.766     -7.477    -68.232
  -1   -2     -3.039      8.784    -60.313
  -1   -2     -0.383     -5.550    -58.556
  -1   -2      2.153      5.792    -82.276
  -1   -2     -8.011    -10.107    -77.366
  -1   -2      2.978    -12.127    -66.295
 636   -2    -15.052     10.274    -76.269
  -1  486      3.108     12.199    -61.759
  -1   -2      6.627      0.082    -66.844
 579  760     -7.643      5.873    -74.969
 643  701     16.719      6.625    -66.539
 488  321     -8.460     11.910    -62.976
  -1  650     17.326      8.896    -65.867
  -1   -2     11.800      4.516    -61.813
  -1  430     13.583    -10.778    -66.509
 557   87      8.887      8.452    -71.741
 164  418    -15.639     12.057    -73.075
  -1   -2      3.861      7.739    -58.629
  -1   -2      1.025      7.873    -63.284
  -1   -2      3.586     12.882    -62.324
  -1   -2     17.247      7.944    -71.626
  -1  569     16.403      0.096    -63.833
  -1   -2      3.458     -6.446    -60.944
  -1   -2     -9.931      5.187    -64.587
 831  712    -12.148      1.104    -73.352
 596   -2    -13.839      5.854    -70.786
 610  274     13.731      8.983    -73.124
 689  637      8.475    -11.553    -67.437
 508  808      3.196     -8.288    -52.175
  -1   -2     -0.596      4.374    -62.370
  -1   -2    -12.846      4.760    -82.941
  -1   -2     -5.471    -10.932    -60.689
  -1   -2     13.061     11.514    -62.986
  -1   -2     -3.676      1.511    -69.690
 737  822      5.946    -12.357    -73.098
  -1   -2     -3.796     -7.495    -81.426
 268  797     17.843     -3.303    -71.042
 213  795     13.774      9.964    -72.127
  -1   -2      2.692     -8.463    -62.446
  -1   -2     -2.832     -8.887    -55.259
  -1   -2      4.105      0.876    -85.277
 520  344      1.863     -7.824    -71.451
  -1   -2      2.705      9.000    -53.965
 219  336     10.978     10.750    -71.834
  -1  542      9.559     -3.040    -74.021
  -1   -2      4.448      2.458    -70.639
  -1   -2     -5.899     -2.710    -79.823
 633   -2     11.301    -12.510    -73.576
  -1   -2    -13.171     -5.823    -80.816
  -1   -2     -4.588     -5.846    -73.781
 670  817     -3.133     11.807    -69.329
  -1   -2     -0.848      9.100    -53.466
 620  256     -0.302     -6.408    -61.024
 170  792     -5.160     -1.348    -72.911
  -1   -2     -7.674     10.254    -83.412
  -1   -2     -0.636      3.740    -61.244
 370  684      0.302     10.344    -66.912
  -1   -2     -3.819      9.895    -71.849
 747  823      7.396      6.275    -65.204
 648  816     11.209     -6.985    -66.768
  -1   -2     -7.634      7.273    -57.086
  -1   -2     -9.245     -0.124    -54.817
  -1   -2     -9.765      1.642    -69.093
  -1   -2     -7.617     -6.920    -56.145
 296  468      5.004     11.924    -72.177
  -1   -2    -13.157      8.075    -75.665
  -1   -2     13.682      1.838    -79.846
 569  814     -1.129      9.858    -62.569
  -1   -2     11.185      3.923    -64.372
  -1   -2     12.565     -8.288    -60.086
  -1   -2     -3.938      4.286    -54.969
  -1   -2     15.517    -12.652    -70.878
  -1   -2      0.943     -6.203    -63.898
  -1   -2      5.124      7.152    -52.130
 591  526      7.654     -7.662    -74.009
  -1   -2     -6.629      7.422    -81.790
  -1   -2     -3.045      4.969    -79.734
  -1   -2    -13.440      7.387    -74.300
  -1   -2     -0.842     -9.146    -56.584
  -1   -2      5.432     -5.279    -74.601
  -1   -2     16.832     10.968    -74.482
  -1   -2    -14.329    -10.754    -69.320
  -1   -2     -1.788     12.706    -58.935
  -1   -2     -0.629    -12.789    -68.445
  -1   -2     -2.609     -5.518    -63.689
  -1   73      3.400     -0.184    -64.760
  -1   -2      3.422     10.564    -73.544
  -1   -2     -8.145     -8.498    -57.255
 351   -2      9.689      6.079    -73.870
  -1   -2    -16.572    -10.819    -76.023
  -1  355      8.623      2.697    -65.101
 848   -2     15.163     -7.615    -75.277
  -1   -2    -12.552      5.190    -63.682
  -1   -2     16.520     -9.276    -78.636
  -1   -2      0.613     -8.550    -77.219
  -1   -2      4.778    -10.102    -72.440
  -1   -2    -11.331     -9.387    -62.235
  -1   -2     -6.250     -6.669    -68.045
  -1   -2     14.230     -5.804    -60.175
  -1   -2      4.421     12.464    -65.881
  -1   -2      8.540      6.809    -63.577
 769  766     -1.364     10.765    -65.287
 330   -2     -2.905     -8.245    -69.923
  -1   -2     -9.702    -10.656    -59.445
  -1   -2    -11.832     -4.433    -82.931
  -1   -2    -10.292     10.486    -60.032
  -1   -2     -9.661     -9.435    -84.814
 765  354    -14.995     10.648    -71.058
  -1   -2     -2.910    -11.516    -76.327
  -1   -2      2.669      3.995    -53.685
 828   -2     10.191     13.402    -64.314
  -1  674      7.820     11.236    -68.775
  -1   -2      3.772    -11.603    -67.502
  -1   -2      6.944      7.376    -72.782
  -1   -2      3.574     -8.535    -56.817
  -1   -2     -5.159     -5.286    -77.473
  -1   -2      5.242    -11.112    -61.050
  -1   -2     14.082      1.762    -61.570
  -1   -2     -1.555      7.552    -57.232
 711  820    -13.329     11.818    -68.708
 677  739     16.967     -9.669    -67.286
  -1   -2      3.171     -5.645    -62.713
  -1   -2      7.360     -1.228    -61.026
  -1   -2     -2.289      3.951    -60.612
  -1   -2      3.789     -9.236    -63.365
  -1   -2     -6.998      5.429    -86.664
  -1   -2     -6.530    -11.316    -63.862
  -1   -2     -3.619      6.637    -60.409
  -1   -2    -12.051     -2.102    -62.078
  -1   -2    -12.738     -9.471    -75.667
  -1   -2     -5.383      6.607    -66.590
  -1   -2      9.793      3.199    -52.245
  -1   -2    -12.930     12.668    -64.059
  -1   -2     12.905     -7.162    -63.470
  -1   -2     -2.002     -8.316    -68.944
  -1  604      3.287     -0.575    -65.201
  -1   -2      1.781      0.077    -68.841
 534  683      9.449     -6.794    -61.824
  -1   -2      9.137      3.951    -60.356
  -1   -2     13.504      1.681    -75.410
  -1   -2      2.420     -7.660    -61.721
  -1   -2    -16.263     -7.578    -71.451
  -1   -2     17.792     -4.356    -79.501
  -1   -2      8.188     -9.889    -56.294
  -1   -2     -2.533      7.957    -55.759
  -1   -2     12.585      0.587    -67.351
  -1   -2    -14.182      9.156    -67.227
  -1   -2    -12.280     -3.510    -73.022
  -1   -2     -3.806      0.460    -65.939
 799  778      6.311      2.425    -66.437
  -1   -2     13.251    -11.960    -87.659
  -1   -2      4.779     -7.929    -58.747
  -1   -2    -11.422      4.551    -64.048
  -1   -2     -8.681     -3.120    -60.962
  -1   -2     -0.083     -4.309    -60.056
  -1   -2      8.548      4.478    -71.225
  -1   -2      3.040     -4.037    -74.259
  -1   -2      7.681      8.409    -59.902
  -1   -2      6.381     -6.822    -69.982
  -1   -2    -15.071      3.177    -75.422
  -1   -2     -6.350     -6.994    -56.601
 666   -2     -1.187     10.501    -65.674
  -1   -2      3.358    -12.025    -76.518
  -1   -2     17.534      5.148    -74.870
  -1   -2     -9.517      6.875    -58.547
  -1   -2      4.405      0.740    -76.937
  -1  290     -9.887     -4.485    -57.893
  -1   -2      7.042     -7.542    -65.485
  -1   -2     -3.913      0.143    -68.766
  -1   -2      0.786      7.158    -70.759
  -1   -2     10.904      7.716    -72.605
  -1   -2      5.891    -11.177    -70.204
  -1   -2    -11.185      7.517    -65.502
  -1   -2      4.086    -10.299    -85.464
  -1   -2     10.244     -8.458    -58.168
  -1   -2      1.502     -5.971    -87.731
  79  576     -1.476     -0.054    -71.867
  14  785     -7.853      8.127    -72.576
 101   -2     -7.374     -5.062    -63.305
 442  397     -6.769     -0.604    -61.984
 439  832     13.631     -3.869    -65.888
 297  798    -10.663     -2.859    -74.482
 102  124      8.035      5.882    -61.218
 789  208      0.918      3.064    -68.012
 307  567    -15.080     -9.181    -72.102
 263   -2      0.118     -3.524    -67.298
 281  281     14.199     10.771    -69.416
 326   -2     10.577      7.010    -67.297
 532   -2     -6.084      5.858    -75.797
 566   -2    -10.481     11.398    -64.467
 599   -2      5.535     10.398    -74.913
 577   -2    -12.382      6.932    -74.742
 680   -2      4.700    -11.920    -63.575
 388  184     -1.596    -10.968    -75.734
 452   -2      6.649      2.171    -73.002
 168   -2     -6.281      1.256    -68.712
 387   -2      2.723     -4.727    -76.938
 511  509    -14.891     -6.301    -68.816
  -1   -2      2.507      2.977    -62.711
 834   -2     -4.359      9.161    -61.555
 486  434     -3.940    -10.240    -63.299
 114  129     15.178      5.178    -72.392
  -1   -2     -6.174     -8.804    -70.128
 628  490     14.130     -6.593    -66.249
 795   -2     -9.343      5.999    -70.997
 606  502     -6.846      5.189    -75.959
 491  245     -1.276     11.032    -67.184
 315  605    -14.120    -11.090    -73.137
 554  488      8.807     -0.692    -61.521
 541  812      2.214     -1.268    -63.633
 824   -2     17.012     -0.552    -76.670
 712  821     14.421      2.983    -74.418
 796  824    -15.798      4.411    -71.166
 826  717    -15.430     -2.262    -77.043
 825  613     -9.443     10.961    -76.360
 601   -2     16.463      5.139    -71.377
 669   -2    -11.195      8.616    -85.478
 374   -2     11.428      4.390    -62.681
 803  130      5.780     -2.845    -72.255
 582   -2     -3.527      2.638    -64.937
 835  826     12.972      5.170    -75.111
 827   -2     -1.227     -2.448    -70.523
 836   -2     -5.996      5.082    -65.062
 128   -2      0.738     -7.475    -68.231
 160  179     -7.243     -4.289    -65.940
 167  833     -6.933     -1.017    -72.738
 226  834     -9.326     -2.184    -68.231
 306  291     -1.934    -10.047    -65.210
 308   -2    -14.842     -8.455    -69.937
 360   -2     12.592      8.271    -63.094
 389   -2      1.732      2.570    -66.744
 423   55     -3.230     -4.133    -72.182
 475  399     10.366     -3.202    -75.517
 506   -2     -1.102      7.523    -59.751
 535  835     13.426     -0.254    -60.025
 581  649     -8.809     -4.952    -63.183
 597   51     -4.715      3.613    -72.355
 797   52      2.536     -4.159    -70.704
 801   -2    -14.024      5.486    -74.173
 819  230      8.192      4.525    -63.028
 821  244     -1.206     10.738    -60.429
 838  836     -1.904      1.423    -73.226
 842  837     -6.122      4.198    -74.881
 846  838     10.854      7.284    -71.632
 849   -2     -5.156      0.309    -67.751
 850  839     15.064     -7.029    -72.760
