819
   5    6      3.284      5.628    -71.814
  67    7     -0.786      6.329    -71.277
   0   99     -5.725      3.297    -73.274
   1   25     -3.284      3.068    -73.302
  12    9     -8.540     -5.233    -73.171
   4  377     -2.857     -6.197    -72.157
   3    1      0.800      1.177    -70.523
  14  373     -6.961      5.675    -70.859
  33    4     -0.010      7.062    -71.277
 113   22      2.477      2.938    -72.778
  15    3     -6.296      9.587    -74.258
 177   55      0.140      3.175    -74.214
   8   29      4.265     -0.167    -68.370
  17  372     -8.180      2.148    -71.967
  34  376      8.442      7.295    -71.062
 190  809      1.360      7.566    -71.534
  10   20      7.633      9.286    -69.526
  23   12      6.896     -3.139    -72.335
  40   16     -1.054      2.809    -72.862
  20   44    -12.192      6.197    -72.497
 161   47      8.935     11.286    -69.856
 369    0      1.529     -1.143    -70.403
  37   17      2.939     -0.370    -68.020
  74   21      6.984      4.981    -63.549
  70   10      0.398      5.959    -71.587
  27   30      6.121     -2.931    -66.869
   6    8     -9.857      2.094    -72.669
 261   40     12.851      0.425    -71.536
  48   48      1.929     -0.919    -66.991
  19   53     -4.222      3.416    -68.315
  64   15     -4.698      8.379    -72.980
   2    5     -0.147      8.980    -72.937
  36   26      8.108      6.215    -68.151
  31   13      6.759     -0.533    -68.427
  28   19     -6.186      3.753    -68.042
 152  209      4.722      7.792    -71.506
  29   33     -8.651     -7.691    -68.601
   9   24      8.294     11.610    -71.566
  80   58     -7.773     -1.337    -67.152
 145   35     13.726      1.034    -71.216
  54   36      2.771     -6.625    -73.124
 415  420      2.371    -10.641    -64.343
  63  159     13.397     -1.454    -70.204
  32  803      1.825      8.138    -69.860
  -1   -2     -3.581    -11.449    -72.875
  25   78     -4.155      5.008    -72.471
  24   23      6.803     -2.063    -68.182
  45  166     -4.719      9.455    -71.427
  59   32     -6.623      9.699    -65.510
  13  208     -2.554     11.317    -73.682
  53   31      9.478      1.363    -68.614
   7   14      2.040      5.693    -69.706
 765   37    -12.459      2.093    -66.550
 124  131      2.696     -5.121    -72.359
 154  124      6.426     -4.440    -63.555
  41   52     -7.874     -8.663    -69.257
  66   38      3.108     -1.185    -66.589
 256  683      2.886      8.017    -75.504
 418  108     -6.161     -2.125    -64.156
 243   68      2.145      5.950    -64.121
  89  214     -6.046      5.219    -62.577
 176  100    -11.635     -7.293    -68.846
  21   50     -1.559      7.409    -69.286
  81  161      6.117     -2.400    -63.845
  38  380     -1.792     -0.590    -69.304
  22  383     -3.284      2.107    -70.571
 540  121      7.512     11.163    -70.239
  65   81    -12.847     -6.447    -75.555
 622   27     -3.283     -2.912    -69.824
 375   59      2.798      6.410    -63.476
  77  136     -7.896     -6.552    -67.218
  -1  200     -2.416     11.376    -68.174
 764  326      5.047      8.845    -71.541
 368  141     -2.919      9.546    -70.842
 371  133     -3.591     -1.363    -67.211
  16   -2      2.083     10.056    -70.023
 591  397      5.491     -1.113    -71.790
 119   76    -11.572      4.033    -69.763
  61   75    -10.947      1.262    -68.617
 166   56     16.924     10.025    -70.658
 116   87     -8.712     -3.354    -68.619
  39   39      6.102      3.392    -66.189
 110  439    -14.165     -4.193    -68.228
  -1   -2     13.550     -5.215    -72.492
  84   60     -6.373      9.268    -63.325
 427  407     -7.546    -10.604    -69.597
 109  109     -7.531      5.674    -64.175
 404  139     -6.521     11.920    -63.583
 157  455      3.941      2.591    -62.545
 127   97      6.215      0.634    -68.853
  -1  115     -0.802      8.392    -63.712
  26  180     -5.887     -4.294    -67.502
 114   64      6.229     12.085    -66.652
 126   89     11.954      4.242    -67.157
  47   51    -11.771      2.616    -71.471
  -1   -2     -2.226     11.835    -70.503
  -1  391     -9.612      0.512    -77.197
  72   54     -7.037     -6.675    -66.753
 823   11      3.517     -6.641    -67.950
 263  112      7.428     12.477    -65.853
  68  126      3.599     -8.812    -74.913
  49   96      5.710    -12.656    -67.436
 112   92     -7.449     -1.346    -63.830
 171  470     -7.123    -12.221    -62.857
  50   43      2.976     12.598    -69.661
  97   95      2.855     -7.529    -64.939
 767  147     -6.636      5.627    -63.481
 122   62      6.942     -9.889    -63.878
 465  192      2.826      7.835    -65.584
  -1   -2      1.573      0.171    -70.831
  96   72     -9.802     11.772    -65.392
  -1  490     -5.015      7.682    -75.816
  30  134     -4.406     -3.593    -69.624
 156  471     16.906      8.648    -74.257
  99  446     -7.991     -4.548    -68.677
 252  160      6.166     10.316    -73.176
  69   -2     -5.311      1.987    -61.180
 104  156     -3.753      9.042    -63.968
 214  144     -7.995      8.078    -73.982
 167  142     -3.225     12.676    -67.845
 139   69     17.578      1.588    -69.960
 135   80    -12.044      2.118    -71.504
 147  438     13.785     -7.825    -68.204
  79  242     -7.313     -4.049    -65.809
 296   -2      9.448     -2.749    -69.489
 148  335      2.976    -10.007    -66.839
 200  243    -11.604     -4.975    -66.204
 205   28     -8.978      8.182    -68.643
  76  110     -7.999     -3.637    -64.959
 520   46     11.410     -9.901    -74.729
 103   66     -3.542      8.811    -69.197
 143  117      8.433      0.259    -62.802
 412   -2     -4.607     11.430    -61.558
 221  307      0.906    -10.108    -75.009
 131  190      1.610     -4.603    -73.157
  -1   -2     -9.755     12.844    -63.273
 473  167     -6.200     10.972    -65.314
  62   79     -8.842      5.544    -64.829
 123  807     -6.456     -6.389    -68.507
  11  325      8.459      5.649    -70.692
 281  129      8.027     -6.811    -70.207
  -1   -2     -7.015     -1.097    -77.974
 136   73     -2.079     -2.322    -68.224
 162  102    -10.521      0.273    -65.143
  56  303     -3.144     -4.934    -73.433
 101   88      2.677      1.017    -66.791
 516  116     -2.315     -0.061    -74.080
  18  499      0.326      2.308    -71.726
  -1  393      6.107      5.233    -63.991
  73   49     -2.298      8.637    -73.860
 216   61    -11.102     -6.314    -72.337
 232   34     -4.966     -5.062    -68.086
 496  689     -5.997     -0.150    -72.772
 271  272     15.034     -0.040    -70.526
  -1  399     -2.741      0.455    -66.111
 179  171      8.887     -9.894    -69.702
 239  485     -1.399      0.258    -65.583
 153   71      5.499     -4.479    -68.754
 210  598     13.552      5.331    -73.372
 266  400      7.057     -7.795    -65.815
 293  357      3.902     -7.432    -72.217
 165  199     -5.043     -8.745    -66.917
  -1   -2     -7.111     12.816    -64.240
 223  297    -13.081     -3.825    -70.300
  85  388     -3.312      7.959    -70.623
  93  261     -6.430     10.454    -74.311
 208  154      2.093     -8.508    -66.698
 169  162     -9.745     -3.050    -67.331
 257  101     12.026     -3.994    -67.546
  -1  228     16.173     -7.424    -72.277
 618  264     -6.233     -4.689    -66.673
 172  412     -9.618     10.435    -65.786
 403  295     -9.205      8.597    -64.133
 194  153     -9.785     12.518    -65.714
 479  317     17.568      3.697    -68.209
 134  176     14.847     -4.493    -72.131
 253  239     10.738      8.658    -68.358
 776  138      0.880    -12.440    -67.676
 430  333      6.425     -9.690    -64.136
 180  195      6.384     -3.888    -73.047
  -1   91     10.642     10.937    -70.720
  -1   -2    -10.247     10.108    -62.739
  -1  417    -12.809     12.424    -72.135
 507  475     -1.615     -5.936    -72.749
  83   82     14.905      8.953    -71.358
  -1  298     -7.147      3.194    -62.106
 209  164     -4.125     -8.113    -67.235
 312   85     -4.538      6.909    -66.419
 247  221     -3.690     -3.549    -64.947
  58   45     -8.966      6.157    -72.350
  91  163     -4.480    -12.208    -69.767
 149  596     -6.547     11.544    -75.029
  -1   -2     -4.616      8.182    -63.278
 185  173     -2.735     -5.447    -72.458
 183  172      5.091     -9.490    -66.598
 594  253     10.154      0.966    -63.099
  -1  197    -14.268      7.821    -71.590
  -1  225     -9.224     -3.220    -66.780
 137  271     -5.915     -0.839    -64.252
 141  204     -4.372    -10.953    -66.881
 125   74     -6.763     11.962    -66.943
  -1   -2      3.730      9.720    -75.625
  -1  489     13.664     10.720    -69.839
 464  187     -6.935     -3.775    -61.646
 117  710      0.107      6.811    -73.241
 388  125    -13.847    -12.346    -67.930
 130  127     -1.661      8.984    -65.196
  46  179    -14.874      6.030    -74.106
  94   77     -5.772      3.597    -69.354
  -1  188      7.571     -5.240    -66.161
 107  135    -10.047      2.127    -69.613
  92  223     14.672     -5.286    -72.879
 673  119     -0.900      6.747    -67.373
 120  216    -13.522      0.305    -69.107
 193  565      7.693      4.499    -61.607
 142  132     -9.791      3.477    -69.962
 460  157      5.763    -12.767    -70.704
 234  518    -12.531      2.845    -66.741
 212  541     -8.844      9.310    -74.352
 525  279     -5.056      5.782    -71.443
  -1   -2     -2.929     -2.762    -70.756
  -1   -2     -3.721     -8.796    -77.253
  -1  202      1.794     11.285    -75.821
  78  226     15.676      4.645    -71.099
 578  123     12.157     -3.640    -71.174
  35  568     -3.265     -1.075    -75.010
 106  183      4.744     -9.109    -71.218
  -1   -2      3.428     -3.583    -62.815
 452  229      3.240     -2.930    -62.912
 105  196    -12.687      7.808    -69.102
 236  233    -15.283      7.670    -70.135
  55  585     -5.024     -3.263    -71.013
 118  806     -8.334     10.265    -66.145
  90   -2     -8.208     11.988    -74.555
 108  287     13.248     10.995    -66.921
 258  811    -14.281     -5.967    -67.816
 251  296     -9.724      6.055    -69.970
  -1   -2    -16.016     -8.481    -73.723
  -1   -2    -12.327     -0.597    -75.266
 289   -2      8.061     -8.342    -68.809
 244  240     15.879    -11.149    -68.729
 146  177     13.063     -0.082    -70.134
 456  300     -3.868     10.922    -76.156
 536  273     10.738     -0.943    -62.231
  -1   -2      5.411     -1.974    -73.367
  57   42      9.349      6.961    -68.567
 768   -2      3.633      6.503    -59.764
 279  331     13.598     -2.318    -71.473
 517  193      9.751     -4.136    -62.604
 158  515      8.736     -3.098    -75.997
 138  168     10.024     10.326    -67.291
 530  615     -1.285      5.172    -67.523
 309   -2    -11.013     -0.659    -63.952
 786  624     -9.206     -1.065    -64.541
 508   -2      5.712    -12.573    -65.487
 469  343     -8.186    -10.538    -68.011
  -1   -2      6.217     -9.207    -60.799
 277  626     10.149     -3.255    -71.101
 170  230    -14.200     -6.200    -69.677
  -1   -2     -8.775     10.582    -75.659
 291  459     16.387      6.713    -68.240
 448   -2      6.764      8.849    -60.866
 284  213     -4.020      2.762    -67.832
  -1  232    -10.738     -6.196    -64.913
 522  210      7.647      9.178    -73.870
 215  306    -11.996      1.782    -73.966
  -1   -2    -10.344     -3.108    -65.087
  -1   -2      3.983      2.148    -65.184
  -1   -2     -6.594     11.573    -72.321
 222  313      8.785      2.906    -62.245
  -1  472     14.952      3.169    -70.054
  -1   -2      1.962    -12.540    -70.962
 254  299      9.171      8.947    -64.047
  -1  390     -9.829     -0.930    -80.024
 801   83     11.689      9.809    -64.442
 546  404    -10.309     -8.983    -61.152
 498  334     15.142     -4.585    -66.547
  -1   -2     16.872      9.009    -69.014
 182  523     -9.285      6.004    -67.143
 224  311    -13.873      1.578    -72.247
 318  219     -8.509      0.338    -76.879
 338  293      5.611     -3.899    -63.774
 229  224      0.743      0.532    -63.292
 188  808     13.133      3.269    -71.863
 500   -2    -13.851     12.670    -67.172
  -1   -2    -14.937      4.705    -69.088
 159  212     15.272     -4.040    -71.965
 307  251     11.303      7.449    -64.347
 276  155      7.315    -11.796    -66.404
 301   67    -13.035     -0.147    -71.192
  -1  514     -9.749     -2.879    -60.783
 295   -2     12.924     -3.688    -75.374
 267   -2     -7.959     -1.739    -68.890
  -1   -2      2.293     -3.925    -68.939
  -1   -2     -9.668     -9.282    -74.507
 650  525     17.090      9.592    -66.980
 313  629     -9.821     -1.422    -68.312
 793   -2      1.865     -9.797    -76.430
 558  266     17.693      2.593    -70.261
 299  185     -5.307     11.314    -66.073
 358  263      8.383      6.419    -62.964
 300  291     12.056      3.670    -66.555
 275  336     10.639      6.256    -63.728
 242  657     13.400     -2.664    -70.507
 669  235     14.354     -0.713    -66.867
 306  316     10.213     -5.474    -64.858
  -1  294      2.019      8.900    -61.434
 350  308     15.681     -9.661    -69.052
 632  576     -6.378      3.692    -69.243
 792  839     -2.523      8.588    -60.602
 280   93     -7.615      0.564    -71.718
 262   98     -4.941     -6.970    -66.101
 322  262     15.641     -7.222    -68.802
 419  246     14.346      4.051    -64.445
 820  189     -6.077    -11.826    -66.949
 164  150      4.716    -10.593    -71.694
 264  237     16.007     -0.762    -75.753
 589   -2      6.345     -0.967    -60.141
 184  244      8.106     -6.015    -63.514
  -1  708      0.466      5.580    -68.752
 308  628     16.173      6.901    -65.335
 174   -2    -10.216      3.738    -75.758
  -1   -2    -11.452     -3.670    -76.815
  -1  700     -4.846     -9.996    -66.833
 285  486     13.449     -6.710    -66.566
 283  247     10.706     -3.487    -70.872
 658  834     13.555      6.799    -74.100
 450  218      7.112     -6.700    -72.350
 328  319     15.884    -11.006    -71.431
  -1  627      5.400     -5.582    -77.868
 354  327     -7.218      8.837    -67.941
 340  275    -14.603     -5.559    -72.265
  -1  593    -14.844     -8.949    -71.877
 326  551     -3.865     -4.604    -61.902
 348  322      5.781     -8.246    -65.640
 519  315     11.671     10.290    -72.629
 321  617     10.809      3.848    -62.743
 303  360     16.419      1.513    -66.029
 235  174     15.599     -6.780    -74.327
 763   -2      8.735     -3.345    -71.853
  -1   -2      1.008      2.759    -66.134
 128  403      8.020      5.773    -69.968
  -1  231    -10.605      3.896    -67.993
  -1   -2     13.279      3.947    -73.195
  -1  356      7.819      7.725    -66.117
 571  301     -4.069     11.659    -66.714
  -1  348     14.961      3.500    -63.686
 352  321      7.098    -12.471    -73.569
  -1  350    -13.742     11.662    -68.220
 349  314    -10.579      8.601    -64.315
 778   -2     -4.939      9.919    -74.820
 186  659     -4.857     -3.936    -74.555
  -1  346     14.509    -12.773    -73.307
 344  483     -7.381      0.760    -67.365
  -1  387     -5.701     -5.312    -71.360
  -1   -2    -11.627      9.747    -69.868
 334  812     -6.218      8.719    -68.088
 195  288     -4.196      4.055    -65.353
  -1   -2      4.618     -3.322    -63.221
  -1   -2      0.459     -7.418    -70.517
 361  358      9.532      3.981    -65.353
 220   -2     -1.620     -0.965    -64.768
 655  560     -6.690     -6.889    -68.442
  -1   -2     -1.545      5.390    -65.112
 335  665     14.434      5.742    -64.234
  -1   -2     -5.614      8.440    -69.761
  -1   -2    -10.582     12.704    -66.775
 549  826     -2.521     11.641    -65.403
  -1  728      5.852      4.022    -67.528
  -1   -2      8.493     -2.875    -68.072
 610   -2     -4.981      1.118    -76.134
 380  418     10.155    -10.661    -64.730
  60  804      5.805      3.811    -70.539
 387   -2      1.506      3.598    -64.310
  -1   -2     -3.140     -7.243    -77.533
 374   18     -0.494      1.810    -72.621
 372  395     -1.162     -0.161    -65.688
 111  422     -4.936      0.602    -63.995
 386  813      5.815      6.098    -69.275
 407   -2     -2.169      4.965    -74.212
 790  426     -6.619      9.949    -70.099
 406  292     -4.116      5.413    -69.698
  -1   94    -11.174     10.504    -66.564
  -1  379     -4.535      0.763    -66.051
 225  114     -9.400    -12.380    -68.686
  -1   -2    -14.716    -12.346    -72.278
  -1   -2     -0.894      1.415    -58.494
 399  460     -1.948     -7.219    -61.224
 378   -2     -1.086    -12.797    -65.837
 505  823     -4.378      0.623    -72.973
 207  330      4.016     -4.856    -68.388
 178  220      6.657     12.317    -72.711
  -1  382     -3.195      7.169    -65.111
  -1   -2     11.060     -8.389    -81.122
  -1   -2     12.811    -10.287    -73.585
  -1   -2    -12.427     11.837    -64.249
 416  814     13.780     -4.066    -76.829
  -1  113     -6.374    -12.397    -71.288
  -1  384      8.421     12.191    -64.618
  95  654     -3.365     -8.888    -74.898
  43  502     -2.628     -2.555    -71.656
 189  474      1.035     -3.974    -74.202
  -1  548     -3.537      2.558    -72.298
  -1   90    -13.756      9.013    -70.891
  -1   -2      3.602    -12.112    -66.169
 413   -2      5.879     -5.106    -64.382
 389  149     -5.180     -0.134    -69.194
  -1  424     -2.221     -4.831    -62.816
 409  411     11.015     -5.776    -62.984
  -1   -2     -9.209      6.842    -65.681
  -1   -2     -1.478      9.435    -60.571
  -1   -2     -0.484      4.463    -81.799
 121   -2    -13.509      8.233    -76.663
 441  818     11.823      6.845    -66.363
  -1   -2     10.750      2.255    -62.882
  51  122     -5.354      2.051    -69.038
  -1   -2     -9.496    -11.627    -62.733
 440  458    -13.024      5.128    -65.296
 394  452      7.894     -8.995    -62.774
 163  312      7.779      1.632    -65.394
  -1   -2     12.232      7.228    -61.591
  98   -2      1.208      4.920    -66.929
 444  819     -6.497      1.003    -64.479
  -1   -2     10.269    -10.192    -59.350
  -1   -2     -2.859     -9.429    -63.294
  -1  415    -13.363      3.151    -67.577
 425  815     -2.450     -8.778    -62.173
 202  571     11.225      9.416    -74.952
  -1   -2     -1.513      2.392    -61.190
 115  519      3.269      5.633    -67.456
 250   86      7.556    -12.843    -68.356
 446  416      8.460     -4.502    -60.687
 631   -2      5.704    -12.312    -72.606
  -1   -2      1.119      3.600    -59.792
  -1   -2     -5.612      1.111    -81.624
 160  845    -13.720      2.515    -66.688
  -1   -2     -6.343     -9.218    -76.226
  -1   -2     -8.444     -1.181    -61.675
  82  175      9.979      8.387    -71.138
 443   -2     -0.950     11.928    -63.300
 487  432     -5.599     -3.387    -61.125
 421   -2     10.799     -7.321    -65.847
  -1   -2     -8.673      6.594    -64.563
  -1  265     13.765     -2.776    -65.520
 227  578     10.267     -2.892    -65.849
  75  106      3.352      6.355    -64.691
  -1   -2      0.027     10.205    -54.795
  -1   -2      2.548     12.687    -64.668
  -1  104     -6.283     -4.833    -63.905
  42   -2     -5.518     -8.349    -77.087
  -1   -2      2.805    -12.091    -63.216
 771   -2    -13.652      9.424    -73.369
  -1  302     10.762    -12.763    -70.223
 659  434      0.500     -8.690    -75.896
 311  238    -10.969     11.313    -76.070
  -1   -2    -12.928     -8.451    -65.595
 423  496     -4.905    -10.720    -61.180
  -1   -2     -1.409      4.021    -60.897
  -1   -2      0.942      2.341    -62.240
 268   -2     -3.753      8.272    -60.570
 428  509    -12.890      9.484    -76.210
  -1   -2     -3.156      2.209    -60.670
  71  805     -2.261      6.615    -62.576
  -1   -2     -6.295      2.320    -71.126
 381  378      2.037     -1.540    -70.978
  -1   -2     -9.025    -12.345    -64.147
 462  556    -15.909      5.377    -71.329
 337  453      9.887     10.708    -73.895
 265   -2     11.152      4.082    -74.858
 477   41     -3.848      7.267    -60.667
  -1  436     -9.899     -9.059    -63.858
  -1   -2     -7.068    -12.004    -65.497
  -1   -2     16.366      6.247    -73.791
 314   -2    -14.094    -11.619    -77.197
  -1   -2      6.478      2.346    -75.796
 787  146    -15.737     -9.564    -72.115
 434  118      7.365      6.986    -73.608
  -1  669     12.621     10.923    -71.905
  -1   -2     -6.925    -10.512    -59.356
  -1   -2     12.953     -9.153    -57.046
 598  829     -2.705    -11.968    -63.154
 151  747      7.427     -0.270    -74.375
  -1   -2      9.323      2.338    -74.264
 272  673      0.229     -4.367    -76.480
  -1   -2      0.855    -12.134    -62.400
  -1   -2      0.442      7.910    -56.657
  -1   -2    -12.786    -10.020    -71.284
 333  269      3.519     -2.843    -65.242
 211  493     16.696     11.452    -70.350
  -1   -2     -4.678     -8.820    -64.092
 226  222    -13.351      5.776    -66.291
  -1   -2      9.031     -8.123    -59.822
 218  511      6.266      9.675    -75.810
 238  255     -9.579      9.305    -66.852
 475  310      9.836     -1.652    -72.139
  -1   -2    -16.313     -9.868    -75.894
 582  550    -10.171      6.309    -65.078
  -1  137     -7.287     11.249    -59.994
  -1  217     15.431      4.315    -67.116
 376  664      7.484      9.997    -70.866
 605  205      9.775     -1.452    -65.222
 541  270    -14.030     -0.209    -69.704
 645  566      6.723     -8.903    -75.771
 432  817     16.013     -9.677    -74.789
 596   -2     -7.779     -5.413    -78.168
  -1   -2     -3.802     -5.118    -74.356
  -1   -2      9.900     -7.078    -65.434
  -1  506     15.088      7.147    -62.940
  -1   -2      2.434      2.555    -60.542
  -1   -2     18.525      3.592    -70.727
 329  254    -14.082      5.779    -67.574
  -1   -2     -3.786     -2.127    -53.123
 509  546     -5.586      0.216    -66.461
  -1  143      5.939      2.921    -66.569
  -1   -2     -4.962     -3.204    -67.348
  -1   -2     -7.726     -8.055    -66.726
  -1   -2    -12.517     -4.399    -76.629
 248  607     13.373     11.770    -74.474
 228  241     12.300     -0.592    -72.254
 197  206      9.108     -6.308    -73.024
  -1   -2      4.979     10.086    -51.973
 523   -2     11.220    -12.354    -67.265
  -1   -2      6.386     -5.433    -76.329
 614  831    -13.197      7.183    -75.750
 422  513      7.232     -4.404    -71.282
 249  535     11.397     10.066    -65.882
 402   -2      4.830      3.693    -66.427
 739   -2     14.924      1.652    -59.535
  -1   -2     11.180     -9.998    -62.156
 568  554     16.464    -11.856    -67.912
 150  531     -3.655     12.338    -72.045
  -1   -2      4.354    -11.611    -64.352
  -1   -2     -3.361      9.744    -64.438
  -1  449     15.672     -5.934    -66.082
 463  820     -1.742     12.940    -60.215
  -1   -2      0.424     10.582    -60.187
  -1   -2    -11.737     -2.308    -73.861
  -1   -2      3.580    -11.800    -69.542
  -1   -2     -0.129    -10.754    -77.935
  -1   -2    -15.913     -8.046    -71.033
  -1   -2    -15.326      0.441    -77.257
  -1  588      9.567     11.486    -70.889
  -1  559     -9.578     -2.829    -58.269
 315  771     11.549      5.472    -65.155
  -1   -2    -12.784     -1.891    -71.395
  -1  105     -8.847      9.404    -62.937
  -1   -2      2.152     -9.037    -62.280
 521  260     -7.464     -3.142    -62.751
 192  191    -12.382     -0.880    -68.977
 548  575    -14.135      2.378    -66.234
  -1   -2     -4.087     10.991    -67.243
 512  610     13.345     -5.734    -65.922
 470  821     15.265     -9.041    -71.869
 454   -2      7.708     -3.304    -74.602
 538  184      4.305      2.298    -63.893
 503  555     14.466    -10.729    -67.892
 501  492     13.527      0.348    -62.453
  -1   -2     -0.166     11.389    -62.514
 206  170      1.526     -3.499    -62.199
  -1  250      0.386     -8.385    -61.734
 563  537     14.045     10.081    -66.007
 438   -2      1.446     10.816    -63.413
  -1   -2     -8.027      9.801    -57.721
  -1   -2     -3.493     -6.145    -64.094
 466  543     15.764     12.564    -70.068
 288  582      9.375      8.926    -74.205
  -1  692     17.485      9.202    -70.514
  -1   -2     -2.412    -11.453    -61.980
 290  618     15.952     -2.148    -70.998
  -1   -2      6.093     -2.836    -77.826
 625  463      2.537      0.807    -59.430
  -1   -2     -1.520     -0.519    -78.126
  -1   -2     -0.367     -7.321    -60.750
  -1   -2    -11.246    -10.194    -63.417
  -1   -2     -9.893      1.363    -57.522
 701   -2     14.007      2.180    -61.953
 709  465      7.649      4.409    -66.076
 580  366     -4.207     -4.887    -71.236
  -1  283     12.931      2.193    -64.323
 682  140     11.858     -2.967    -72.141
 529  558     -1.576      9.802    -56.276
 191  528     -0.262     -9.435    -75.654
 491  256      3.165     -8.217    -60.881
  -1  305    -12.939     11.521    -66.452
 544  825      8.217    -12.643    -69.894
  -1  516      1.067     11.870    -62.307
  -1  488      4.408     10.193    -72.171
  -1   -2      7.704      4.275    -79.156
  -1   -2     -0.542     12.523    -62.781
  88  198      3.710     -3.960    -63.980
  -1   -2      6.761     -7.441    -74.841
 615  718     12.850     -7.570    -68.665
  -1   -2      4.280     -3.948    -69.773
  -1   -2    -11.788    -11.919    -70.343
  -1   -2     -1.184     11.812    -60.955
  -1   -2     -1.671     -4.140    -72.226
  -1   -2     -3.033      9.315    -55.819
 504  207      3.266     -5.002    -66.136
  -1   -2     -7.930      0.784    -60.522
 803  227     -2.883     -8.166    -64.400
  -1   -2      2.284     -5.039    -75.121
  -1   -2      8.818    -11.373    -62.299
  -1   -2     -9.928     10.870    -57.309
 812  842      4.214    -10.518    -69.635
  -1   -2     13.202      7.924    -64.137
  -1   -2      7.521    -10.683    -65.189
  -1   -2     15.433      6.640    -72.585
  -1   -2      4.550      6.537    -86.824
 286  257      9.866     -6.154    -72.905
  -1   -2      2.758      4.164    -58.127
  -1   -2    -12.452    -11.148    -71.395
 237  268     -5.771    -11.043    -72.497
 196   -2     -5.887     -4.176    -63.714
 710  447     -3.144      8.206    -58.962
 623   70      1.270     -4.213    -67.107
  -1   -2     -1.049    -11.930    -62.154
  -1   -2     -0.047     -1.264    -51.923
 453   -2      2.859     11.878    -74.114
 132  236      4.402      9.240    -71.461
  -1   -2    -10.404     -3.210    -59.234
  -1   -2     -6.206     -2.075    -72.338
  -1   -2     -1.550      8.846    -73.630
  -1  165     -5.073    -11.388    -65.372
  -1   -2     -7.078      9.761    -67.904
  -1   -2     16.054      7.783    -69.485
 585  620     11.412     -3.525    -63.709
  -1   -2     -4.058     -8.745    -87.804
 581  280     13.840      6.982    -73.285
  -1   -2     16.293     -5.178    -63.047
  -1   -2     10.619    -11.166    -66.577
  -1   -2     -5.451     -7.921    -75.863
  -1   -2     -7.099      7.965    -54.107
  -1   -2     -4.907      8.485    -77.514
  -1   -2    -14.656      7.325    -72.755
 513  824     -9.420     -8.385    -74.176
 574  248     -5.346     -2.683    -66.499
  -1   -2     12.455     -8.658    -68.753
  -1  501      0.137    -13.224    -63.516
 488   -2    -15.316    -11.225    -71.443
  -1   -2     -3.888     -9.604    -63.568
 294   -2    -13.177      9.979    -64.711
  -1  431     -5.540      3.754    -62.578
  -1   -2      1.253      5.480    -77.286
  -1   -2     -1.784     -5.457    -59.770
  -1   -2     12.546     12.124    -60.774
  -1   -2     -9.706     -7.668    -52.364
  -1   -2    -11.968     -5.524    -60.716
  -1   -2      6.059      3.025    -66.489
  -1   -2      9.328      9.634    -61.006
  -1   -2      6.485      0.764    -60.671
  -1   -2      5.609    -11.304    -76.999
  -1   -2     -9.400      4.693    -69.569
  -1   -2     12.657     -4.066    -66.990
  -1  577     -3.332     -0.001    -60.197
 597  828     -8.725     -0.230    -62.453
  -1   -2      0.883      0.067    -63.316
  -1   -2     -0.985     -9.470    -66.289
 570   -2    -14.364     -4.732    -66.606
  -1   -2     -9.307    -12.259    -76.755
  -1   -2    -13.835     -9.912    -65.545
  -1   -2    -14.530      7.738    -76.739
  -1   -2     -8.852      3.686    -60.524
  -1   -2     15.510      2.252    -64.739
 653  442     -1.618     -4.260    -71.828
  -1   -2      6.318     -7.264    -73.883
  -1   -2     -5.910    -10.325    -64.784
 797  505    -14.718     -5.913    -67.410
  -1   -2      7.813      8.371    -58.123
 651  833     -9.369      6.772    -64.328
  -1   -2      6.268      4.082    -64.797
  -1   -2      1.534     11.608    -74.517
  -1   -2     -3.555      1.539    -86.484
 782  838     -6.569     -0.942    -74.600
  -1   -2      3.807      2.915    -58.812
  -1   -2     -0.967      5.437    -76.114
 362   -2     15.848     -6.674    -71.472
  -1   -2      3.318     -2.533    -54.080
  -1   -2     -5.914      1.083    -57.802
 681  345     12.802      7.057    -65.618
  -1   -2     -3.543      5.043    -69.026
 557  681     15.771    -12.343    -72.658
  -1   -2     -6.926      8.708    -59.933
  -1   -2     11.745    -11.036    -61.845
 282  128    -11.183      6.853    -62.959
  -1   -2      7.701     -7.432    -57.792
  -1   -2     -1.093      7.873    -53.392
  -1   -2     11.584     -4.445    -69.186
  -1   -2     -7.020    -10.282    -73.692
 666  727     17.848     -7.673    -67.837
  -1   -2     -3.111     -9.225    -57.310
  -1   -2     -9.425      1.418    -58.863
 652  332    -11.005      0.749    -60.491
  -1   -2      3.712      9.268    -57.785
  -1   -2    -11.904     -8.131    -60.471
  -1   -2     -6.435      4.262    -56.921
  -1   -2     -9.136      5.137    -73.881
  -1   -2      1.013      5.483    -74.482
  -1   -2     -5.177    -11.298    -58.354
  -1  645    -11.921     11.033    -64.175
  -1   -2     -2.553     -8.974    -59.014
  -1   -2      8.995     -1.026    -55.269
  -1   -2     18.174    -11.565    -72.484
  -1   -2     -9.345    -12.807    -63.420
  -1   -2     -2.373      4.090    -66.706
  -1   -2     -2.774     11.801    -65.441
  -1   -2    -10.705     -3.259    -75.276
 720  781      5.876     -5.612    -69.316
  -1  619     18.049     -8.094    -74.409
  -1   -2    -14.323     -3.857    -77.504
  -1   -2    -11.667     -0.472    -72.165
  -1   -2     -1.615     -2.460    -57.983
  -1   -2    -14.364      6.105    -80.552
  -1   -2     14.056    -13.260    -68.936
  -1   -2    -10.721    -12.161    -65.317
 827   -2     12.714      5.323    -63.448
  -1   -2     -7.627    -10.520    -57.002
  -1   -2     -6.430      8.377    -68.025
 799  638     11.273    -11.910    -64.178
 343  846    -13.050     -0.702    -72.288
  -1   -2    -11.739      5.639    -64.068
  -1   -2     -2.185     -3.326    -58.133
  -1   -2     14.204     10.320    -80.257
  -1   -2     -7.221     -7.246    -58.448
 670  836    -12.769    -10.411    -68.986
  -1  652      1.659     10.025    -71.569
  -1   -2      8.748     -7.667    -65.010
  -1   -2     -6.301     -5.479    -68.761
 366   -2      5.376     10.546    -66.259
  -1   -2     -3.257      2.051    -66.447
  -1   -2     -7.857    -10.260    -61.668
  -1   -2    -16.006     -9.047    -77.679
  -1   -2     10.496     10.204    -81.532
 336  756      3.689      9.012    -71.548
  -1   -2     -3.683     -1.781    -65.669
  -1   -2    -14.232    -10.787    -80.573
  -1   -2     -0.446     -2.295    -57.552
 630  363    -13.463      0.721    -68.740
  -1   -2      5.874     -3.425    -56.732
  -1   -2     -6.486      6.224    -54.828
  -1   -2      6.188      0.843    -72.860
 641  832    -15.426      1.562    -73.253
  -1   -2    -14.402     -8.887    -83.776
  -1   -2     -6.030     12.300    -62.705
  -1   -2     14.026     -4.921    -61.251
  -1   -2     15.836    -12.925    -66.962
  -1   -2     12.470     -7.417    -58.656
  -1   -2     -5.066      8.872    -68.228
  -1   -2      2.103    -10.656    -85.313
  -1   -2     -9.587      6.334    -72.257
  -1   -2    -10.790      2.412    -78.752
  -1   -2     16.422     -3.447    -63.265
  -1   -2     14.128     -9.418    -75.071
  -1   -2     -1.231      5.419    -65.001
  -1   -2     -3.007      1.333    -67.133
  -1   -2     -6.904      7.486    -78.565
 732   -2     -6.564    -11.668    -72.989
  -1   -2      9.764      0.478    -56.433
  -1   -2     -4.674     -8.353    -57.716
  -1   -2     -8.736      9.975    -68.985
  -1   -2     -5.433     -1.015    -53.715
  -1   -2      0.503      8.480    -71.545
  -1   -2      7.967     -8.093    -72.685
  -1   -2     -4.679      1.541    -61.905
 405   -2      2.787      7.210    -66.299
 260  130      5.191      8.176    -74.682
 483  103     -3.295      6.946    -67.823
 144  450     -2.474     -5.812    -69.596
  -1   -2     -2.365      6.900    -67.067
 327   -2    -13.938      6.162    -70.385
 102  355      3.037     10.756    -64.932
 203  763      6.471      3.784    -63.865
 572  827      8.138    -10.663    -74.006
 310  278      7.701      0.199    -65.136
 599  830    -13.382      1.667    -76.896
 278  249     -7.377      9.475    -66.650
 802  467    -15.288     -5.057    -71.451
 241  277    -11.905     -4.018    -74.890
 737   -2      5.793      3.061    -72.709
 526   -2      4.641     -4.320    -57.781
 341   -2     10.261     -7.760    -63.070
 809  841      6.869     -6.612    -74.442
 331  761     10.072      0.111    -65.039
 230   -2      4.927      4.092    -66.449
 565  709     -7.465     -6.635    -77.438
 269  386     -7.077      3.041    -67.983
 518   -2     -5.541    -12.029    -64.450
 384  406     13.098     -9.712    -66.977
 447  586     11.376    -10.810    -64.584
 815  843     15.904     -3.971    -73.961
 804  840      3.151     -2.288    -75.205
 796   -2    -12.735     11.787    -65.276
 573  847      0.683      1.685    -74.026
 506   -2     -7.246     13.297    -65.112
  86   -2      4.845    -11.423    -67.132
 457   -2     -0.930      2.584    -74.206
 524  337     12.967     -3.622    -64.093
 486  822     -1.724     -2.112    -60.796
 559  605      8.220    -11.265    -62.107
 576   -2      4.134     -5.985    -65.911
 780  837      7.556    -10.902    -68.489
 636   -2     16.072      7.942    -65.286
 259   -2      4.475     -7.997    -71.412
 545  563     10.793     -7.681    -70.990
 233   -2     -0.330     -8.193    -67.420
  -1  848      9.277      2.268    -62.884
 668  835      3.577     -3.618    -72.969
 775  540     -2.612    -10.728    -69.945
 791   -2     -7.263     -1.291    -65.143
 246   -2      1.326    -11.165    -71.873
 816   -2     14.739     -5.355    -73.532
 818  844    -10.640      2.544    -75.009
 213   -2    -10.175      6.094    -65.567
 287   -2      7.874     -4.383    -63.708
 297  589    -10.316      8.475    -66.639
 345  697    -14.130      3.684    -70.891
 537   -2     13.939     -3.012    -74.061
 551   -2     12.084     -6.272    -60.933
 552   -2      5.742     -9.279    -59.151
 822   -2     12.147     11.289    -70.353
