823
  73   40     -1.420     -0.043    -71.358
  -1  454      3.947      5.146    -74.835
  14  369    -12.698      5.186    -73.444
  32  104     -0.262     -8.917    -71.690
 390    2      0.280      4.516    -68.427
 781    5      2.070      7.237    -69.344
   7   12      4.008     10.291    -67.347
  16   86     13.046      2.742    -72.722
   1    7      1.842      3.288    -69.599
   3    8      7.635     -0.630    -70.381
 346    6      2.398     -7.109    -69.497
 149  107      0.771      9.034    -70.327
 131    3      7.442      3.860    -70.090
  19  374     -2.465      9.214    -73.393
   8  747    -10.108      4.302    -69.409
  10   36      7.085      0.848    -73.715
  13    4     -7.674      9.093    -69.981
  37   13     -2.213     -4.139    -69.148
  15  748     -1.039      5.778    -72.486
  11  356      3.790      7.558    -70.376
 365    9      0.170     -9.283    -71.440
  96   42     -0.530      1.913    -68.623
 197  176      4.948     -3.139    -72.553
   5  517     -7.852      3.213    -72.134
  -1   -2     16.073     10.168    -68.144
 157  434      4.813     -0.063    -71.465
 405   19      0.778     -8.513    -66.124
  49   54      0.415      2.024    -73.124
  78  111     11.036      3.378    -68.599
  24  185      1.769     -4.844    -70.472
 445   21     -2.266     -4.601    -71.742
  51  750     -4.886      7.063    -65.255
  56   51     -3.122      5.889    -70.575
  17   26      0.225     -5.181    -67.212
 388   28     -1.332      5.985    -70.499
  57   -2     -0.882    -10.247    -68.388
   4   29      3.983      2.230    -69.019
  39   27      5.467     -0.992    -65.944
  43  428      1.562     -1.876    -68.457
  93  275     -5.629     -2.658    -72.434
  -1   73     -0.400      6.167    -62.936
  64   11     -3.807     -7.895    -70.159
 803   14      7.742      6.895    -69.843
 288  290     -7.267     -1.861    -76.548
   6   22      2.639      5.376    -70.464
  69   69     -0.451     -7.132    -64.857
  75   96     -4.864     -8.368    -69.563
  47   67     -5.887     10.696    -66.684
  30   18      1.653      6.727    -69.155
   9   23     -1.952      3.682    -76.375
  21  135      3.925     -5.559    -70.896
  18  181      0.993     -4.256    -75.745
  72   53     -2.367     -7.612    -67.495
 363  229     11.299      5.994    -72.158
  54   58     -4.393      3.537    -64.072
 400  420      2.804     -5.371    -72.575
  34   38      1.217     -0.068    -70.887
  83   15      7.125     -9.896    -74.336
 252  122     -6.803     10.451    -72.334
 439  352     -3.283      3.025    -64.403
  46  465     -1.330    -12.019    -69.911
  97   78      8.713    -11.786    -69.230
 217   31      2.094      6.217    -67.941
 143  128      5.430      6.824    -62.636
  36   39     10.351     -6.462    -67.045
 109  261      1.524     10.822    -67.718
 201  419     -1.006      5.819    -68.236
 130   -2      0.059      7.905    -63.629
 202   55     -4.092     -6.575    -68.785
 147   60      2.271     -6.211    -63.123
  80   45      5.196     -8.693    -63.142
  76   81     -7.671     -3.952    -66.122
 158  106      2.845     -1.616    -73.485
 106   56    -10.887     -2.709    -66.618
  -1   -2      2.956      9.602    -65.247
 350   41     -5.795      6.641    -64.919
  -1   -2      9.925      9.973    -68.471
 148  105     -1.481     -9.189    -69.804
 107  164    -11.221      9.011    -70.034
  -1   57      6.139     11.329    -68.167
 110   61      6.576      6.487    -70.214
  77  108    -11.760      4.784    -66.421
 223  406      3.413      7.500    -68.906
  -1  441     -2.352     -2.152    -73.962
 403  771      0.741     -2.549    -63.867
 179   75     -2.318      2.767    -67.155
  59  405     -7.669     -1.523    -65.370
 144  755     11.066      3.033    -70.478
 800    0      0.949      6.700    -69.199
 145   62      1.376     -8.512    -65.632
  70  177      0.991     -0.988    -75.073
  -1   -2     -4.197     -9.367    -68.853
 102   91      8.086      1.311    -63.740
  87   -2     -4.272      5.095    -77.391
 323  543      3.007     11.184    -66.549
  31  145      3.859      6.664    -69.524
  -1   -2    -10.581     -2.941    -73.489
 151  168     -1.988      6.939    -64.544
 129   -2    -10.992     -4.848    -59.808
  61   25      3.659      4.381    -67.832
 154  163      5.470     -1.237    -63.498
  71   77     -7.092      7.232    -70.255
  -1   -2     -0.239     -8.612    -70.430
  -1  114     -9.585     -4.322    -67.998
  -1   -2      2.804      0.622    -71.094
  44   48     -1.177      1.517    -69.258
  -1   -2     -0.273     -7.710    -69.203
 117   37    -13.063     -7.213    -69.533
 359  208      6.678     -5.343    -67.914
  -1   -2      4.459     -7.595    -72.653
  82  182      5.891     -3.093    -68.921
  35   16     11.645      1.815    -71.127
 424   65     12.159     -3.487    -66.876
 788  101      4.851      4.664    -63.996
  41   -2      6.935      1.461    -68.453
  -1  151     -7.209     -3.393    -62.595
  -1  484     -1.006      9.221    -70.712
  25  379     -1.514      4.329    -70.587
 215  624      9.300     -0.192    -70.269
  58   10     -1.184     -5.904    -70.372
 113  417     -1.338     -3.064    -62.265
 376  175      0.506      9.085    -77.347
  98  167    -12.417     -0.998    -70.264
 219  471      2.515      0.742    -64.377
  68  207      2.453    -11.193    -69.935
 152  137     -0.745     -5.980    -74.294
  74  784     -4.209      4.854    -66.679
 103   89     -4.005      4.750    -63.666
 118   92     -3.881     -4.014    -67.052
  89   33     10.067      7.785    -69.580
 135  373     -6.803     -3.646    -66.361
  -1  380      3.280      2.550    -67.418
  -1  143    -10.915     -8.993    -66.449
  -1   -2     -4.677      0.466    -75.033
 161  161      7.519     -9.347    -64.076
  62  144     -8.538      1.947    -67.056
 301  148     13.218     10.653    -72.164
 136   72      4.327      5.512    -65.610
 127  367      4.834    -10.298    -72.044
  -1  138     -4.084    -10.393    -63.905
 551  178      3.265     -4.014    -63.438
 216  392     -2.786     -2.642    -64.071
 791  488     -3.654    -10.514    -69.634
 128  115      2.858      5.914    -63.635
 104  110     -7.939     -7.626    -68.866
  -1   -2     -5.507      1.345    -77.050
  -1  216     -4.408     12.625    -62.348
 174   83      2.156     -4.508    -65.945
  67  132     15.461     -4.101    -69.193
 125   47      4.153    -13.006    -66.419
  -1   -2     -5.219    -12.255    -69.787
  99   90     -9.588      9.322    -67.622
 408  166     -6.182     -2.359    -63.778
  -1  113     11.573      0.781    -63.700
 696   -2     17.413     -6.801    -73.146
  -1  227      0.465     -4.877    -67.873
  -1   -2     -0.922      0.391    -62.672
  -1   -2     10.639     -1.241    -65.455
 540  109     -2.040    -12.542    -69.683
 260   63      3.118    -11.242    -68.234
 122  446     -5.322     -7.441    -74.022
 471  432     -7.786     -4.195    -70.369
 146  154    -13.123    -11.399    -70.274
  -1   98     -0.959      3.047    -62.168
 478   -2     -4.758    -11.311    -71.434
 357  402     13.602      5.608    -70.456
 455   70     -7.640      4.324    -68.360
 120  118      4.349     -9.192    -64.800
  -1  156      7.489      2.172    -63.099
 185  162      4.493     -0.622    -61.768
 199   71    -11.933      4.411    -68.727
 195  257    -12.227      1.360    -63.888
 245  314     -8.585      7.377    -75.769
  27  299     -0.901     10.502    -72.468
 563  204     -3.451     -8.630    -68.233
 210  416      1.494     -0.067    -62.574
 121  140     -6.251     -5.375    -66.632
 192  150      6.306     -0.311    -64.128
 142  215     14.585     -9.161    -70.710
 162  757      6.383      5.019    -64.051
 348  103      9.591      9.918    -70.349
  -1  295     -5.442      1.047    -65.232
 477  774     -5.957      7.558    -73.587
 155  221     13.704      5.298    -71.727
 187   -2      6.962      2.335    -63.058
  90   80     -4.953     -1.843    -63.708
  -1   -2     -3.827     -3.707    -71.461
 311  202     -2.048      7.810    -72.086
 196  190      1.194     -0.568    -61.435
 352   97    -14.081      4.598    -74.787
 508  317    -14.503     -6.309    -69.397
  -1  194      8.869      7.416    -65.944
 159  756    -11.069     -8.055    -67.393
  -1  129     11.111      8.826    -70.387
  28   -2      0.774      6.352    -72.165
 277  237      3.769     -5.379    -65.696
  -1   -2    -13.411     -0.608    -74.756
 554  421     12.365     -9.141    -64.428
  -1   -2    -15.685     -2.637    -71.362
 254   34     -9.718     11.733    -70.884
  29  142      1.770      5.859    -71.003
 481  212     -8.506     -6.451    -66.274
 248  535    -13.645    -11.515    -76.424
 137  307    -10.969     11.760    -71.847
 211  131      3.979      3.015    -62.560
 222  230     -8.143     -8.240    -63.647
 452  222      0.043      0.831    -61.555
 153  147     -0.834     -5.021    -71.251
 240  523      3.315      6.695    -64.868
 545  381     15.451      7.953    -72.210
  95   -2      5.244     -6.024    -62.570
 564  219      9.159      9.125    -66.661
 193  668      8.551      6.196    -76.518
 355   76      9.451      2.967    -73.273
 368  569     16.505    -12.378    -69.521
 191  157      8.069      7.105    -64.987
  -1  146      5.776      6.106    -68.600
 444  297      9.928     -8.810    -61.364
 208  189     -7.845     -6.788    -66.844
 256  130     11.209    -10.518    -73.153
 228  133    -11.171      7.780    -66.967
  -1   95     13.860      2.120    -73.295
 269  251      8.699     -9.866    -69.724
 171  214     12.276    -10.140    -68.893
 300   -2     14.026      5.649    -63.016
 242  210    -10.076     11.455    -65.326
  -1   -2     -3.317     -9.639    -67.124
  -1  505     -9.620     -9.696    -66.835
 416  376     -2.152    -11.653    -66.161
  48  749     17.229      7.678    -74.313
  84  200     -8.917      6.408    -68.346
 231  530    -10.963     12.495    -68.394
 490  120      2.860     10.215    -75.220
  -1   -2      5.786      2.157    -62.781
  -1  435     -3.024     11.262    -65.001
 209  383      5.484     10.972    -63.871
 123  752      1.428     -7.826    -70.593
 461   50      5.703     -6.195    -67.320
 534  213    -12.596     -6.839    -70.044
 116   -2     -7.221     -1.358    -65.186
 213  287     -7.608      8.558    -62.983
 138  252     -8.364     -0.661    -75.432
  -1   -2     -5.454      1.294    -71.576
 261  372      3.568     -1.012    -65.325
 139  174      8.055      7.044    -67.227
  12   -2     16.503      6.085    -71.099
  -1   -2      0.761    -12.153    -65.789
 621  401      7.230      6.425    -69.718
  -1   -2      1.015     -8.698    -68.561
 492  475      9.022     11.095    -65.442
  45  426      3.359      7.271    -77.529
 194   -2     -8.540      0.197    -64.084
  55   32    -11.008     11.520    -76.018
  66  459     -9.085     10.617    -73.429
 402  509      2.151      5.567    -63.245
 268  280      5.693     -0.285    -63.362
  -1   -2      6.282     -6.866    -62.714
 780  232     -6.502      3.975    -72.521
  -1  255    -12.550     -2.231    -64.074
 150   -2      4.756     10.018    -64.998
  -1   -2     -4.450    -12.573    -68.953
 515  180      2.074     -1.302    -73.426
 535  173    -11.793      1.053    -63.065
  -1   -2     -4.632      1.122    -67.713
  -1  169     -3.176      6.297    -61.779
  -1  205     12.070     10.646    -66.424
 265  209     -9.737      8.535    -64.539
 466  773    -13.560     -6.824    -74.997
 810  611      6.992     -6.081    -65.099
 220  306      5.228     11.574    -67.182
  -1   -2      2.617     -8.935    -70.847
 177  117     11.144      4.810    -66.027
 507  235     12.977     -4.030    -72.618
 483  649     -1.782      8.243    -76.651
  -1   -2      9.975     -8.330    -69.493
 250  267     11.630      6.417    -61.653
 513  775     13.613    -12.710    -74.313
 166  243      6.517    -11.973    -65.476
 132  753     -5.053     -1.590    -75.569
 255  785    -12.031      9.133    -68.994
 327  722     17.832     -4.110    -75.204
 232  225    -13.089      3.610    -69.350
 583  199      7.824    -12.672    -70.634
 503  231      1.635     -4.997    -71.796
  -1   -2      4.697      5.482    -60.071
  -1  256     12.694     -6.807    -71.786
  -1  286    -11.051     -7.178    -74.545
  -1   -2      1.715      2.552    -72.672
  -1  218    -10.150    -11.663    -76.035
 182  240     12.483      2.177    -66.105
  -1   -2     -1.783     11.110    -72.942
 247  761      4.953     -9.460    -69.291
 476  165      7.976      4.561    -63.231
 235   -2      0.744      6.268    -69.992
 238  493     17.222     -2.684    -69.492
 176   74      2.634     -0.958    -70.551
 126  538      7.783     -1.902    -71.246
 338   -2     13.736      0.856    -59.848
  -1   -2     -4.766     -8.893    -61.743
  -1  316    -12.526      3.124    -68.554
 426  278     12.350     -5.021    -67.838
 297  250     -2.974     -1.698    -62.953
 574  223     -0.307      4.965    -59.325
  -1   -2     12.764      6.430    -64.357
 251  424    -12.261    -11.175    -74.367
  -1   -2     -6.070      6.082    -61.983
 173  201     -1.313     -1.041    -64.684
  -1   -2     14.282     -6.380    -65.441
  -1   -2     15.420     -3.046    -73.164
  -1   -2     -3.484     -1.686    -70.889
 279  265    -12.668      3.595    -66.719
 280  587    -10.647     -1.189    -64.012
  -1   -2     -6.076     -3.712    -70.210
 639  621    -15.356     11.321    -74.915
  -1   -2     13.458     -2.559    -60.517
 214  141      6.702     -6.028    -69.185
  -1  288     14.876     -4.373    -67.204
 674  672     -2.659     -1.885    -65.006
  -1   -2     -9.088    -11.920    -69.981
 343  765      9.045    -10.585    -72.328
 652  305     -9.685      3.571    -70.880
 227   -2      7.574    -12.450    -68.945
 296  312      4.890      9.280    -66.809
 470   -2     14.024      0.445    -62.892
  -1   -2     -6.281     -4.979    -71.366
 557  778     13.131      9.702    -71.648
  -1  126     -4.314      2.438    -73.451
 264  786     -9.980     -1.994    -73.714
  -1  302     12.006      3.992    -64.610
 204  555      8.902      8.682    -75.156
  -1  270      1.006     -2.996    -68.367
  -1  539     15.659     -7.680    -71.037
  -1   -2      6.551     -2.045    -63.324
 336  310      3.997     11.003    -64.357
 691  315      4.840      6.669    -66.643
 794  293     12.220      8.859    -66.571
  -1   -2      0.225     -8.436    -59.357
 453  318     10.782      7.313    -71.467
 335  658     12.257     -8.286    -71.300
 442  772     -6.691     -6.529    -76.162
  -1   -2      3.671     10.005    -76.473
  -1   -2     14.272      0.074    -72.327
 562  296     15.360      1.521    -65.984
 707  536      4.553     -5.956    -73.672
  -1   -2     -4.638    -11.325    -69.432
  -1   -2     -8.010      1.316    -60.885
  -1   -2     -7.290    -11.088    -75.781
  -1   -2     13.332     -3.996    -76.961
 306  309      8.917      1.887    -71.974
  63  112      6.673      1.084    -69.388
  -1  711      9.566    -11.400    -69.708
 244  760    -10.372     -9.504    -69.977
  -1   -2    -15.654      4.548    -74.780
 236  327      3.286     -9.632    -66.293
  -1   -2      1.752      3.130    -63.736
 747   -2     -7.695     -8.311    -69.580
  -1  341     -8.003      3.318    -65.594
  -1   -2     -6.926     -9.722    -71.340
  -1   -2     -3.861      9.841    -69.608
 312  764     -3.878      8.644    -66.827
  -1   -2      5.740     10.672    -82.662
  -1   -2      1.230      2.513    -64.742
  -1   -2    -13.062     -7.151    -77.924
  -1   -2      7.317      9.717    -66.272
  -1   -2    -14.880     -8.252    -73.229
  -1   -2     -3.333      0.725    -69.250
   2   20      4.167      3.111    -73.829
  22   -2     -0.975     -9.504    -71.695
  -1   -2     -1.337      4.932    -60.064
  26  347     -7.352      5.884    -69.861
  -1   -2      9.941    -10.245    -73.245
  -1   -2    -10.201      2.643    -56.966
 205  224     -8.188      8.459    -73.999
  -1   -2      2.169     -7.317    -60.461
  20  787      3.503      4.691    -69.207
 353  350     -7.793      7.348    -69.392
  40   24      3.858      3.583    -70.056
  -1   -2      8.225     -3.246    -61.067
  -1  415     -0.040      2.964    -66.399
   0    1      6.406      5.407    -71.304
  -1   -2     -8.834     -5.516    -64.653
  -1   -2      3.957     11.769    -69.358
  -1  387     -4.988      4.621    -66.474
  -1  127     15.690      6.693    -70.075
 384  468      7.505     -4.162    -64.266
 373  768      4.288     -5.125    -63.520
  -1   -2    -10.548     -8.917    -71.100
 366  357     12.787     -5.417    -72.040
  -1  391    -11.795     -4.622    -73.895
  -1  396    -10.995    -12.442    -72.967
  -1   -2     -9.855      0.414    -64.990
 538  153      2.415      9.784    -71.456
 272  192     -5.926     11.375    -73.761
 431  462     15.339      4.770    -68.787
  -1  479    -10.605     -2.503    -74.072
  -1  363    -10.894      5.971    -64.396
  -1  203      8.735     -4.591    -72.046
 163   59    -11.401     10.914    -69.821
  -1   -2      0.565     -5.562    -83.038
  -1  346     -6.473      7.672    -73.734
 356  233     -3.814     10.012    -68.134
  -1   -2     12.584     -9.180    -61.057
 369   -2      0.765     -9.661    -61.211
  -1   -2     14.717      5.070    -69.783
  -1  343     -2.401     -2.942    -71.856
  -1  121     -0.030     -8.839    -59.856
 385   -2     12.557     -4.895    -69.373
  -1  365      0.247      2.464    -61.040
 486  466      4.189     -7.033    -71.071
  -1   -2    -10.470     -4.119    -62.049
  -1   -2     10.266     -1.104    -58.048
  -1   -2      3.217     -8.442    -62.458
 511  345     15.620     10.213    -73.275
  -1   -2    -11.436      5.495    -65.921
 437  788      8.271     -5.123    -60.386
 364  358     -3.025     11.986    -71.447
  -1   -2     -7.599      7.668    -64.782
  -1   -2     -6.666     -4.209    -61.007
  -1   -2      1.604     -1.340    -64.478
  -1   -2      8.659     10.297    -62.215
  -1  354     -1.436      0.686    -59.565
  33   84     -0.019     -3.932    -67.970
 175   -2      4.148      2.624    -67.227
 570  779     -6.846     -5.671    -76.653
 804  425      0.251     -2.952    -65.535
  -1   -2    -11.553    -12.319    -61.801
  -1   -2     -3.003     -8.686    -59.424
 178  393      2.646      8.921    -74.176
  88   94      0.014      2.713    -66.949
 395  412     -4.216      6.867    -65.289
  -1  382     -5.727      1.391    -64.408
 349  766     -2.391     10.890    -60.913
 224  789      6.294     -1.583    -64.082
  -1   -2      7.415     -0.034    -57.454
 517  776     -1.917     -9.699    -68.564
  -1   -2      8.411     -9.297    -76.537
 436   -2     11.947      2.573    -61.897
 506  408     14.046      0.444    -67.587
 399  399     -9.936     -8.849    -62.280
  -1   -2      9.443     -4.344    -78.421
  -1   -2      8.631      5.798    -53.368
  -1   -2     -7.541      2.738    -58.395
  -1   -2     -1.158      1.504    -59.342
 460  427      5.529      9.094    -62.064
  -1   -2     -9.393     -5.954    -60.840
  -1   -2     -6.509      2.882    -60.200
  -1   -2    -14.246    -10.915    -68.900
  -1   -2     -7.933      2.118    -62.300
 371  767     -6.898      4.979    -60.329
 233  759     13.826      1.365    -64.441
  -1   -2     12.286     -4.382    -62.776
  -1   -2     -7.953      2.467    -62.537
  -1   -2     -2.587     -7.892    -60.643
 427  431     11.730      3.553    -68.636
  -1   -2    -10.948      0.628    -58.640
 448  485     -2.430      6.578    -73.092
  -1  472      9.283     11.853    -60.234
  -1   -2     -4.366     -1.982    -73.960
 119   35     -9.345     -6.767    -68.849
 180  563     -3.982     -8.058    -60.585
  -1   -2      0.228    -11.342    -84.405
  -1  451    -10.840    -12.038    -64.989
 164  758      7.888     -2.163    -58.388
 518  172     15.018      8.637    -69.599
 505   -2      0.734     -3.933    -73.716
  -1   -2     -3.025     -8.530    -61.284
 345  790      5.003      7.462    -75.798
  -1   -2     -5.191     -2.933    -58.795
  -1  410     -0.270      6.555    -60.099
 237   93      5.549     -9.797    -73.254
 465  195     -9.646     -9.270    -70.462
  -1  193      5.509      1.576    -65.709
  -1   -2      0.363     12.454    -68.998
 489  556      9.980     -3.263    -65.145
  -1   -2     -3.916     -1.504    -87.767
  -1   -2     -2.572      7.471    -56.072
  -1   -2     -6.710      6.514    -62.436
 434  443     16.984    -11.802    -69.921
  -1   -2      8.866     11.718    -73.336
  53  404     -1.623    -12.765    -69.525
  -1   -2      8.990      4.560    -71.692
  -1   -2      4.070     -6.844    -59.639
  -1   -2     16.571     -7.685    -74.297
 801   -2      7.141     11.155    -69.157
  -1   -2     -4.446     -0.103    -61.361
  -1   -2      6.184     12.250    -63.084
 266  171     -9.017    -11.170    -72.284
  -1   -2      5.119     12.385    -61.162
 821  661      8.556      7.949    -71.502
 419  411     11.881      9.536    -63.827
  -1   -2     -9.359      8.256    -67.541
  -1   -2     -7.832    -10.285    -58.641
  -1   -2    -12.556      9.724    -86.246
 319   68      7.645     -8.633    -71.526
 124  447     -9.059      3.304    -72.814
 488  791      5.124      0.367    -59.243
 188  266     15.122      6.662    -70.957
  -1  262    -10.398      0.535    -62.358
  -1  483     -5.664      1.887    -73.291
  -1   -2     -8.194     -2.325    -60.017
 642  455     13.631    -13.163    -65.926
  -1   -2     -0.852      7.436    -65.560
 401  184      0.269     -2.436    -62.151
  -1   -2     -5.998    -10.735    -64.173
  -1   -2     10.490     11.850    -74.394
  -1   -2    -15.537      7.377    -73.751
  -1  489      7.555     12.822    -68.803
  -1   -2     11.913     -3.175    -61.415
  -1  500     -9.624     -7.252    -70.081
 438  595      3.162     -2.047    -74.907
  -1   -2     -3.421     -4.399    -60.127
  -1  400     12.779     -5.216    -72.106
  -1  238     -2.058     10.056    -65.469
 457  545     16.999      8.862    -69.300
 316  480    -10.476     -6.379    -60.103
  -1   -2     -2.984      8.741    -62.375
 276  620     14.251    -12.569    -70.585
 243   -2      5.651     -1.065    -68.196
 469   -2     16.079     -9.296    -65.284
  -1   -2     10.337     -4.279    -60.382
 805   -2     -6.012      3.002    -58.781
 382   -2     -8.662      1.884    -75.912
  -1   -2     13.717     -4.097    -65.925
  -1   -2      5.752     -4.829    -57.583
 258  554     -6.692     -2.333    -65.201
  -1   -2     -0.874      1.535    -62.669
  -1   -2     -4.127      8.153    -77.456
  -1   -2     -8.602      9.383    -61.169
  -1   -2      6.719     -3.835    -57.713
  -1  249    -10.223      3.798    -71.492
  -1   -2     13.010     -4.698    -72.268
 381  770    -10.697      4.107    -62.250
  -1   -2     11.880     11.623    -64.257
  -1   -2    -10.020     -2.958    -57.373
  -1   -2      2.330    -11.477    -74.735
 459  502     15.591      9.014    -69.528
  -1  241    -12.978     -3.725    -77.279
  -1   -2      4.435     -3.343    -57.338
 668  340      9.223      9.876    -72.925
  -1   -2     -0.625    -11.373    -65.971
 623  780      3.481    -12.478    -60.461
  -1   -2     14.525      1.792    -72.428
  -1   -2     -2.345     -9.995    -65.163
  -1   -2    -14.676     -9.931    -74.911
  -1   -2      5.465     11.702    -59.794
  -1   -2      8.924     -5.431    -57.950
  -1   -2    -10.152     11.675    -58.798
 480   -2     10.503     -8.515    -61.927
  -1   -2     -9.633     -6.673    -71.113
 637  574      0.512      0.786    -71.640
  -1   -2    -10.032     11.861    -60.196
  -1   -2     13.091    -12.754    -61.114
  -1  532     -8.154      7.996    -74.828
  -1  300    -14.643      0.343    -70.064
 463   -2      3.168     -5.144    -76.499
  -1   -2      9.883     -3.016    -72.761
  -1   -2    -15.013      1.030    -75.635
  -1   -2     -3.117     -5.134    -55.268
  -1   -2      9.973     -8.013    -53.884
 576  477      6.633    -12.851    -73.735
  -1  370     17.193     -9.723    -69.715
 270  651     -2.540      7.078    -68.028
 246  553    -11.710      9.881    -66.572
 181   -2      6.490     11.087    -65.367
 284  762     -0.541     12.651    -62.160
  -1  259      9.027      8.014    -62.376
  -1   -2    -15.660     -4.008    -76.950
  -1   -2     -7.234    -12.742    -69.834
  -1   -2     -7.764     -0.522    -77.350
 283  397      7.405     10.461    -67.248
  -1   -2     14.200    -12.017    -64.592
  -1   -2     -5.923     -3.735    -76.918
  -1   -2     -1.391      2.514    -73.597
  -1   -2     -4.175     -9.992    -61.381
  -1   -2    -13.823     -5.232    -81.675
  -1   -2    -11.745     10.746    -60.871
 198   -2      6.650     -3.195    -74.562
 212  253     12.202    -10.356    -72.855
  -1  662     13.202      8.514    -67.682
  -1   -2      7.104     11.375    -77.395
  -1   -2     -4.237     -7.994    -59.282
  -1   -2      2.131     10.290    -60.229
  -1   -2    -14.259     12.266    -68.994
  -1   -2     11.965     12.531    -61.660
  -1   -2     -6.037     10.046    -53.714
  -1   -2    -10.287      9.232    -78.389
  -1   -2     13.871     -3.682    -68.219
  -1   -2      8.939      6.594    -60.335
  -1   -2     14.737      2.840    -70.853
 501  792     12.709     -6.385    -72.426
  -1   -2    -10.633      9.065    -59.468
 282  285    -12.988     -6.159    -76.374
  -1   -2     -3.820    -12.551    -62.032
  -1   -2    -10.390      0.622    -70.553
 278  540    -12.323      5.427    -70.792
 520  777     -8.645    -10.691    -67.312
  -1   -2     16.536     -5.851    -64.716
 519  289    -13.477     -7.632    -72.365
 472  614     -6.441     10.833    -77.568
  -1   -2     15.882      0.742    -70.430
  -1   -2    -12.550      4.758    -65.777
 451  467      8.317    -10.552    -63.219
  -1   -2     -2.198     -0.030    -70.728
  -1   -2      8.835     10.402    -72.391
  -1   -2      7.863     11.998    -75.863
  -1   -2     12.725    -10.025    -63.505
  -1   -2     14.995     -3.171    -59.976
  -1   -2    -14.707    -11.267    -80.438
  -1   -2      6.490      2.315    -68.592
  -1   -2     -9.287     -2.341    -80.604
 541  793     -2.310     12.041    -59.776
 631  272     -0.295      3.358    -71.132
  -1   -2     -3.795    -11.075    -59.881
 635   -2     -8.997     -1.592    -60.286
  -1  198     10.378      1.323    -56.830
  -1   -2     12.891     -6.856    -66.962
  -1   -2      9.541     -8.254    -58.430
 298  281     14.659      4.979    -67.764
  -1  461     -5.986     -6.432    -59.576
  -1   -2    -13.297      5.929    -69.148
  -1   -2     -5.919    -11.031    -58.319
  -1   -2      5.969      7.547    -74.549
  -1   -2     -1.798      4.713    -82.757
  -1   -2      8.600      1.570    -56.775
  -1   -2     11.366     -9.621    -60.205
 676   -2     16.545     12.963    -65.609
  -1  567      8.174    -10.750    -59.345
  -1   -2      4.029     -1.783    -76.212
  -1   -2      6.029     -7.255    -52.933
  -1  395      4.659    -12.042    -76.963
  -1   -2     12.777     -9.981    -64.270
  -1   -2     14.964    -12.872    -67.360
  -1   -2     -4.147     -6.320    -67.205
  -1   -2      1.856     -0.043    -55.865
  -1   -2    -10.563     10.499    -67.618
 334  522      8.522     -8.023    -63.315
  -1   -2     15.760     -7.587    -74.795
  -1   -2     13.130      1.922    -62.436
  -1   -2     -0.930     -4.734    -57.150
 389  573      6.493     -6.377    -65.490
  -1   -2      6.002     -4.108    -80.392
  -1  642      8.764    -13.309    -68.896
  -1   -2     -7.121     10.115    -62.619
  -1   -2      7.887      9.619    -57.534
 482  124     -7.024    -10.172    -67.772
 760  794     10.087      3.558    -70.528
  -1   -2     -6.535      2.133    -68.505
  -1   -2     14.276     -1.814    -78.288
  -1   -2     -5.862     12.462    -58.723
 536  473     -7.249    -10.729    -73.293
 274  277      5.161     -7.232    -70.052
  -1   -2     -4.256    -10.984    -61.909
  -1   -2    -14.121      9.510    -70.904
  -1   -2    -13.915      2.868    -68.843
  -1   -2     -5.078      5.230    -57.980
  -1   -2     12.857    -11.529    -77.381
  -1   -2      8.780     10.046    -76.943
  -1   -2     -7.973     -2.599    -75.652
  -1   -2     -8.019     -4.922    -74.705
  -1  575    -12.296     -2.514    -61.491
  -1   -2     -4.893    -10.707    -70.887
  -1   -2      7.343     11.063    -56.041
  -1   -2     -4.989      7.589    -60.396
 662  601      1.753      0.871    -56.816
  -1  444     13.883     10.888    -70.057
  -1   -2      5.792     -2.405    -75.201
  -1   -2      3.591     -1.966    -64.909
  -1   -2     -0.636     -6.513    -55.235
 259   -2     15.509     -2.567    -74.121
  -1   -2     10.352      6.921    -79.779
  -1  576      3.291      0.577    -64.594
  -1   -2    -12.124     -8.587    -63.820
  -1   -2     10.450     12.286    -71.690
  -1   -2    -15.242     -8.875    -71.290
 627  781      1.964     -4.692    -67.969
  -1  331      2.521     11.806    -64.804
  -1   -2     10.042    -11.051    -69.554
  -1   -2      5.080     -1.290    -73.596
  -1   -2     -4.057      4.138    -57.505
 330  637     -7.491    -11.616    -64.563
  -1   -2      1.710      8.792    -76.562
  -1   -2      9.794     -1.922    -63.869
  -1   -2     -7.875      1.378    -56.116
  -1   -2      6.268     -0.673    -70.523
 446  559     10.775     -4.248    -63.131
  -1   -2     12.106     -0.699    -72.080
  -1   -2     12.533     12.069    -73.763
  -1   -2     15.084     -1.691    -59.407
  -1   -2      3.664     10.805    -55.378
  -1   -2     11.785     11.656    -62.154
  -1  671     -8.956     -0.723    -63.960
  -1   -2     15.911     10.186    -64.483
  -1   -2     11.805      2.445    -57.077
  -1   -2     -8.293      1.438    -74.552
  -1   -2     -3.390      2.444    -56.470
  -1   -2     17.321     -1.144    -70.611
 539   -2     -1.003     -0.804    -73.934
 291  763     -1.890     -7.064    -68.794
  -1   -2     12.091      2.246    -64.962
  -1   -2     -6.626     -6.182    -55.773
  -1   -2    -11.812    -10.724    -69.648
  -1   -2      9.565     -3.393    -64.140
  -1   -2     16.397     -7.429    -68.776
  -1   -2      4.568     -2.409    -63.981
  -1   -2     -4.016      0.942    -73.622
  -1   -2     -6.559     12.257    -63.219
  -1   -2      9.296     -4.238    -72.852
  -1   -2     -1.933     -3.487    -63.733
  -1  674     -5.051     -9.252    -69.427
  -1   -2     -3.895      8.374    -67.225
 797   -2      7.202      4.060    -74.264
 552  684     -1.055     11.861    -62.074
  -1   -2    -12.847     11.199    -75.073
  -1   -2     -2.348      0.820    -55.807
  -1   -2     10.135     10.867    -63.622
 711  782      9.303      2.008    -70.607
 767  738     10.187    -12.231    -69.951
  -1   -2     -8.217     10.353    -67.159
  -1   -2     12.873     -7.002    -59.987
 512  245      9.943    -13.008    -70.999
  -1   -2      6.624      8.698    -69.976
  -1   -2     15.886    -11.670    -64.849
  -1   -2     12.804     -1.201    -67.393
 387   -2     17.071     -9.243    -70.215
  -1   -2      4.141     11.832    -76.774
  -1   -2     11.191      8.405    -67.029
  -1   -2    -12.759     10.420    -69.865
  -1   -2      4.532      9.595    -69.136
  -1   -2     13.890    -10.329    -69.540
  -1   -2    -14.306      7.786    -74.802
  -1   -2    -12.421     11.345    -61.712
  -1   -2     -9.456      4.808    -57.512
  -1  644      3.117     -3.250    -66.369
  -1   -2    -12.441      9.107    -66.408
  -1   -2     16.217     -1.132    -85.465
  -1   -2      2.333      5.309    -70.098
  -1   -2      2.701     -5.993    -71.100
  -1   -2     -5.626     12.600    -70.391
  -1   -2      9.523      7.797    -54.312
  -1   -2      8.546      5.845    -73.047
  -1   -2    -13.212      2.677    -71.591
  -1   -2     -5.807     -9.306    -58.852
  -1   -2     15.634      7.889    -64.525
  -1   -2    -12.355     -0.334    -83.291
  -1   -2     14.346     -5.610    -67.514
  -1   -2    -10.781     -2.361    -85.801
 697  683     -0.122     -0.104    -69.602
  -1   -2      4.103      9.487    -67.604
  -1   -2     -0.076      2.666    -77.203
  -1   -2    -11.280      4.757    -79.166
  -1   -2      1.665     -5.533    -59.726
  -1   -2      0.036     12.382    -72.250
  -1   -2      8.775     -4.162    -76.800
  -1  422     12.125     -0.019    -71.339
  -1   -2     -0.663      7.825    -58.729
  -1   -2      0.934      6.576    -64.395
  -1   -2     13.107      0.046    -58.895
 606  334     -6.675     10.393    -68.050
  -1   -2     -1.511      0.712    -57.255
  -1  284      7.062      9.134    -65.732
  -1   -2    -10.467      8.502    -59.157
  -1   -2      4.146      0.929    -65.678
  -1   -2      5.325     -5.370    -60.004
  -1   -2     -0.343     13.238    -64.215
  -1   -2    -13.206     11.286    -78.056
  -1   -2      5.172      9.858    -68.739
  -1   -2      8.835      2.670    -75.515
  -1   -2      8.761     11.359    -72.648
  -1   -2     14.108     10.453    -59.285
  -1   -2     -3.971     -7.731    -62.812
  -1   -2     -2.962     -5.931    -66.573
  -1   -2     -6.419    -11.987    -74.231
  -1   -2      9.874    -11.444    -63.203
  -1   -2     12.767     -9.946    -59.068
  -1   -2      0.964      7.702    -71.093
  -1   -2     -3.046     -7.471    -83.810
  -1   -2      1.490      4.148    -61.920
  -1   -2     -6.024    -10.866    -73.953
 156   88      1.669     -4.239    -67.780
  91   -2     -4.617     11.496    -71.456
  86  751     -8.966     -4.589    -66.225
 430  361     -8.049      5.154    -72.679
 581   -2     -2.047      3.741    -62.287
 367   -2      2.332     -3.028    -71.717
 170   -2     -9.059     12.981    -68.118
 290  457      0.751      2.942    -67.003
 795   -2     14.374     -8.013    -70.686
 793  183     -4.148     -9.916    -63.492
 287   -2      3.510     -7.016    -69.682
 458  795    -13.229      9.770    -74.746
 790  247      9.721      7.137    -73.525
 651   -2     -3.189     -0.291    -67.004
 673   -2     13.068      8.444    -67.785
 628   -2      8.080     -0.761    -65.043
 730  783      6.533     -4.234    -66.680
 391   -2    -11.824     -4.421    -64.624
 377  769      1.787    -12.905    -63.269
 249   -2      2.536     -9.850    -61.974
 299   -2      7.060      3.888    -76.928
 413   -2     12.988     -6.652    -62.049
 140  754      1.891     -5.916    -65.548
 203   -2      7.893      5.785    -72.567
 604  303     -9.150      0.705    -60.414
 597  580      0.124     10.749    -75.967
 510  633    -12.658    -12.194    -65.105
  -1   -2     -8.265     -2.657    -76.499
 555  681     11.522    -12.923    -63.933
 225  125      5.978     -7.894    -71.286
 293   -2     -5.129     11.777    -74.742
 815   -2     13.266    -13.567    -64.148
 638   -2    -11.543      7.873    -72.186
 692   -2      5.218      7.563    -66.502
 167   -2     -6.729     -6.561    -72.431
 531  669     17.028      6.858    -69.099
 811   -2     -4.348     -4.007    -77.511
 818  705      6.625      6.824    -71.166
 165   -2      4.112      0.819    -60.775
 253   -2     -8.259      4.186    -61.049
 393  796      2.035     -6.928    -70.996
 524   -2     10.750      2.265    -57.083
 672   -2    -10.431     -6.366    -74.097
 819  139     -1.058    -10.237    -66.919
 820  797      9.702      9.486    -69.688
