857
  63   12     -4.294     -4.862    -71.576
  10    3     -7.297      5.514    -70.924
  12    5     -5.029      3.698    -73.414
   1    1     -1.673      3.949    -69.165
  18   30     -3.152    -10.681    -71.865
  22    4      3.157     -5.424    -72.278
  11   52     -5.047     -2.960    -72.535
  19    2      2.338      6.671    -70.231
 425    8      3.685      8.847    -69.682
   3  227      6.602      1.231    -71.440
 422   -2     -9.778      3.504    -71.458
   2   22     -3.255     -1.482    -71.497
   8   44     -4.254     -9.195    -72.123
  17  400     -5.455     -0.935    -71.127
  15  118      2.271      0.665    -72.811
 177    6     -3.450     -8.749    -72.968
  99  396     -4.708      8.683    -67.705
   9  395     -6.386      6.703    -69.726
  16   18      9.114      6.427    -72.736
  38   15      4.613      8.981    -69.395
  52  195      6.791      4.222    -69.537
  43   40     11.066      7.029    -71.980
  14   82     -2.299     -3.726    -75.195
  47   43      6.337    -10.914    -73.583
  35  182      3.100      4.681    -68.545
 461  423     -7.541      8.337    -74.886
 135    9      6.826     11.402    -70.465
  25   75     -0.336     -8.210    -74.421
 336  502     -0.537     -0.497    -71.362
 235  401     -4.538     -6.238    -71.889
  -1   -2      0.813      6.312    -74.243
  23   14     -4.499      8.070    -68.558
 436   50     12.635      5.167    -69.783
 213   23      0.057      1.203    -71.619
  34   20      1.210     11.168    -67.735
  39   21     -1.555      8.642    -68.011
 442   87     -1.535     -2.292    -66.504
 104   60     -2.674     -6.459    -69.835
 252  223      6.093      2.609    -70.660
  40   42     -4.978     12.097    -68.317
  41   38      5.554      0.873    -66.625
  32   25     -8.424      8.040    -72.959
  45   35     -0.840     -2.857    -71.315
 107   29     -7.322     -4.203    -69.931
 432    0     -4.094     -8.481    -73.670
 110   37     -2.515      3.791    -68.832
 158  415     -8.801     -6.404    -70.019
  90   53    -11.263     -0.447    -66.160
  56  173      4.493      3.611    -66.904
  42  543     -5.842      7.747    -76.735
 162  177     15.943      9.275    -68.194
 428   39     -9.151      3.770    -65.712
   7  115    -10.165     -2.201    -71.153
  33  468      4.460    -11.815    -70.152
  21   79      8.144      4.524    -68.596
  76   32      8.238      9.327    -68.508
 421   31     15.853      1.325    -71.738
  72  791      6.638     -6.631    -69.171
  26  403     -5.838     11.331    -66.869
 426  419     -5.872      7.673    -70.231
  75  122    -12.365     -7.720    -70.628
  74   73     11.378      3.183    -66.033
  98  168     -7.650     -0.834    -70.074
 244  425    -11.049     -0.787    -62.572
  65  790    -10.028      5.146    -67.069
  86  121      0.137     -1.187    -66.320
 102  220     -7.091      9.534    -62.382
 111   76     -9.953      1.602    -70.816
  -1   -2     -0.062      6.270    -73.690
 433   54      1.622     11.655    -67.508
 497  194     12.349     -4.979    -72.115
  37  392     -3.721     10.549    -73.377
 560  448     13.414      5.125    -71.871
 185  133      9.206     -1.522    -65.479
 554  304     -2.341     -9.141    -74.845
  46   19    -11.493     -6.014    -70.211
  36  788      6.017     11.282    -69.424
 317  202     -9.604      7.081    -71.996
  77   78      2.333      1.004    -66.686
  92   47      1.349      3.512    -66.939
 119   96     -9.746      3.883    -66.032
 132   16     -1.289      7.678    -73.666
  -1   90     -3.944     -0.623    -64.414
  64   94      3.891     -1.988    -72.362
  84   67      5.005     -0.825    -65.363
 163   64      3.472     -6.887    -65.569
 106  793     -3.054      7.918    -68.406
 120   48      2.868      5.489    -63.248
 159  141      8.757      5.427    -67.928
 114  432     -7.196      7.243    -66.651
  88  114     -2.415      9.246    -66.243
 116   68      6.055     -2.384    -65.480
 128   97     -8.520      5.774    -65.904
 221  126     -8.902      7.022    -71.389
 118  250    -11.687     -4.730    -75.147
 108   45     14.364      4.604    -67.108
 187  431     -1.102     -8.090    -70.969
  91  285     -6.920     -5.563    -70.490
  -1   -2    -12.059      9.671    -70.158
 146   -2     -5.582     -9.278    -71.847
 228   70    -11.904      6.371    -71.483
   0  444     -8.839     -2.416    -74.285
  70   69     -4.229      9.053    -64.209
 122  151      3.256     10.962    -70.722
  95   80     -5.644     -4.665    -68.578
  69   84     -6.868     11.699    -66.346
  97  107     -0.459      8.602    -63.088
  20   10      4.643      1.945    -70.103
 138  154      3.565      0.794    -64.117
 261   56      0.152      1.124    -65.615
 127   34     -4.202      1.922    -72.238
 157   89     12.947     -2.966    -67.485
 189  124     -6.186      9.767    -69.479
 100  134     -0.940      9.973    -65.998
 296  117     -1.464    -11.239    -68.444
 164  116     -3.745     -5.462    -67.740
  49   26      4.814     -3.926    -70.086
 829  825      7.541    -12.011    -69.224
 168   77      8.225     12.419    -69.009
  61  404     -5.745     -5.656    -72.106
 169  104     17.262      0.804    -69.232
 126  109     13.406      6.324    -69.903
 133  152     -9.186      9.279    -63.877
 150  123    -10.234      3.264    -65.934
 145   74     -7.750     12.213    -69.863
 276   33     12.346      3.588    -71.114
 211  149     -7.275      6.721    -62.766
 139  102     -8.401     -4.508    -65.613
  57  388     13.156     -7.142    -73.632
 283   36     -2.229      3.664    -74.110
  -1   -2      5.953     -6.408    -70.608
 203  235     11.370      2.779    -71.317
 487  112      2.023     -7.018    -62.601
 137  101      8.795     -9.020    -68.022
  -1   -2    -10.725     -3.184    -75.393
 141  159    -13.177     -3.624    -69.907
  82  405    -11.616     -8.472    -72.326
 176  158     -4.114     11.983    -65.708
 233  148      9.926     -6.367    -67.255
 267  387     -6.036     -2.847    -62.096
  -1   -2     -9.339      7.760    -55.551
 167   88     16.726      6.954    -67.568
  -1   -2     -7.893     -7.936    -77.472
 331  225      3.110      8.343    -64.787
 363   55     -3.971      0.331    -66.847
 305  136     14.924     -8.650    -69.663
 190  434      1.976    -10.428    -65.044
 243  307     10.376     -6.143    -66.483
 152  165     -0.075     12.441    -66.314
 256  262     -3.931      6.776    -67.031
 197  163     13.840     -1.735    -67.008
 136  100     -9.448      3.853    -68.519
   4  385      1.796     -4.238    -71.275
 485   -2      3.180    -12.484    -65.882
 192  269     -2.996     10.484    -68.249
 205   99     -0.463      9.050    -73.844
  78  222     -7.813     -0.885    -64.265
  -1   41      6.728      2.604    -73.113
 351  172      5.973     -0.044    -71.837
  -1  246     -4.349      0.576    -61.704
 547  551     12.019    -10.554    -71.387
 510  236    -10.008      9.976    -64.976
 586  497     -6.253     11.174    -74.540
 538  131     -7.574     -9.573    -70.655
 194  545     11.896     -8.190    -69.189
 827  138     -7.469     -3.539    -74.817
  87  499     -4.765      6.084    -69.462
 468  421    -12.426     11.680    -65.328
 155  523     -6.704     -4.358    -65.201
 593   59     -2.075     -0.565    -73.056
 200  155      4.643      4.758    -64.786
 297  139     -8.111      2.622    -75.549
 199  218     -1.341      6.054    -61.969
 231  511     -5.856      7.803    -61.022
 362  281     -3.901      2.823    -76.589
  -1  239      6.704     -5.266    -68.922
  -1   -2      6.751      9.622    -73.807
 245  286    -14.024      6.404    -70.606
 407   -2      4.265     -2.063    -72.112
  31  506    -10.880     -7.658    -72.217
 828   -2      1.170     -6.823    -71.298
 198  206      0.668    -12.247    -69.342
 151  180      8.123    -12.703    -67.600
  -1  135     -2.235      2.940    -67.327
 347  297     -6.307     -0.443    -69.868
 131  402      5.233      3.139    -68.188
 178  192      3.892     -1.220    -63.319
  -1   -2    -10.105      6.509    -70.884
  54  245     -8.051     -7.633    -71.166
 417   17     -6.381     -0.910    -70.608
 148  190      5.868     -8.849    -67.450
  -1  505     -0.715      8.559    -66.760
 105  628      8.860     -4.154    -73.454
 180   51      7.066     -6.070    -66.420
 651   -2     -2.030     -2.101    -69.959
 467  209      7.395     -4.212    -69.614
 191  205     -2.128      3.414    -60.335
 624  818      2.730     -9.893    -65.190
 140  233     13.197     11.878    -71.677
 516  437     -6.948     -7.773    -66.928
  -1   65     10.778      2.613    -70.707
 260  645    -14.350      5.258    -75.139
 174   -2     -9.937     -4.072    -71.054
  80   -2      7.375     -0.092    -66.130
 530  342      2.092      8.761    -76.399
  -1  140     -1.130     -5.664    -63.992
  89  144     14.008      2.114    -68.976
 550  146     -6.004     -1.683    -61.278
 229  365     14.525      0.520    -69.938
 299   -2     -3.146     -6.847    -73.718
 212  626      1.419      7.825    -70.119
  66   -2    -11.860     11.689    -73.637
 333  541     11.570    -10.590    -67.549
 496  623      3.608      7.348    -70.377
 172  244      9.769    -11.715    -67.754
 130  610     -5.406    -10.394    -72.989
 291  325     -7.987      9.215    -75.342
 253  240    -11.190      4.832    -67.799
 459  166     11.814     -4.130    -70.088
  -1   -2      5.094      4.926    -54.455
  13  827     -2.401    -12.129    -73.918
 579   49     -1.187      5.605    -68.597
  -1   98      1.928     -7.084    -70.947
 250  311     11.320      5.001    -62.969
 509  590      3.586      1.642    -61.046
 216  296    -12.089     -0.241    -67.809
 274  324     -1.883     10.983    -75.029
 237  614    -12.824     12.372    -68.446
 300  582      9.743      9.458    -66.046
 266  187      4.361      6.625    -74.743
 226  199     -1.600    -12.642    -68.149
 166  110     -4.061     -2.824    -74.354
  -1  183     -9.000     -4.856    -65.812
 184  243     -7.874      9.489    -71.494
 264   91     10.533      7.906    -67.184
 161  147     -9.442      0.679    -65.076
 113  150      7.632      9.168    -64.431
 307  314     10.456     -4.970    -68.758
  51  429    -15.672     -3.485    -73.283
 316  248    -10.695     12.949    -63.746
 843  215      9.100     -2.127    -67.888
  -1   -2      8.278     -1.211    -61.473
 293  156      7.450     12.741    -67.192
 232  288      6.434     -4.067    -61.975
  96  203      8.127      1.064    -64.738
 605  278     -3.678      8.442    -63.814
 222  210     14.207     -8.382    -69.117
  -1  111     15.581     -0.251    -69.591
  -1   -2      1.504     -1.474    -77.003
 129  652     -1.266     13.116    -66.300
 619  229     -2.367     -0.335    -60.349
 589  814     -5.199      6.835    -60.147
 329  130    -11.918      7.748    -69.561
  -1   -2     -3.445     -3.999    -72.338
 263  270     12.125     -8.860    -73.435
 149  242     -8.509      5.783    -75.358
 546  266      8.791      5.533    -64.324
 315  656     -7.170     -6.005    -63.514
 851  283     12.984    -12.274    -66.073
  -1   -2     -6.256     -2.458    -65.284
 339  798     17.594     10.145    -69.882
 286  337     -5.734      6.692    -74.196
 175   -2     -5.402     -1.827    -63.603
 272  254    -13.747      8.692    -69.600
 455  316     -6.761     -3.276    -71.839
 531  299     -5.290     -2.707    -61.266
  -1   -2      4.993     -9.263    -61.792
 473   93      8.376      9.775    -72.762
 832  188     11.938     -7.371    -70.294
 210  613    -15.034      0.389    -69.110
 121  500    -10.401     -7.130    -69.951
 206  212      4.661    -11.246    -70.820
  -1   -2     -0.139      7.027    -63.976
 318  287     16.290     10.528    -70.397
 257  536    -12.948      6.890    -71.149
 254  197     13.210     -1.247    -74.431
 284  214     13.810      3.118    -68.657
 642  249      7.929     10.467    -65.249
 475  751     -2.856      2.483    -69.134
 279  320    -12.453    -11.098    -70.182
 171  277      9.040      8.365    -75.171
 259  291     -8.701      0.142    -66.508
 352  221      1.427     12.746    -65.441
 535  237     15.137    -10.955    -69.097
 395  828    -13.746     -9.963    -68.988
  -1  619    -12.018    -10.318    -71.345
 596  817    -12.417      6.027    -63.854
 246   -2    -12.768    -12.049    -68.217
 537  480    -13.472     -1.517    -72.032
  -1   -2      3.926     -3.353    -57.393
  -1   61      2.851    -10.151    -72.737
 269  103     15.070     12.004    -71.816
  83  200     12.782     10.086    -72.326
 638  478      5.776     -1.416    -73.160
 298  356      6.643      2.550    -62.526
 677  207    -15.471     -8.680    -73.712
 153  137    -14.248     -5.689    -69.704
 541  445      6.571     -4.901    -67.056
 242   -2    -11.929      0.767    -71.449
 282  555     12.698      3.561    -66.785
 240  238      1.616     -2.753    -74.362
 218  186     -7.859    -10.499    -70.002
 268   27     10.495     -2.310    -70.872
  -1  441      0.709     -2.588    -74.423
 377  803    -12.815     -8.235    -72.806
 656  693     10.717      7.872    -64.077
  -1  279      6.670      8.859    -62.317
  -1   -2     -8.817     -6.724    -77.868
 196  570     -8.633     -8.900    -72.348
  28   -2     -3.795     -1.772    -73.863
 304  797    -15.154      7.227    -71.788
  -1   -2     -8.703     -4.788    -62.587
 311  271      8.906    -11.419    -70.123
 654   -2      9.278     -7.558    -73.239
 577  813     15.332     -7.433    -73.341
 354  224    -10.210     -3.087    -73.233
  -1   -2     -6.481     -8.164    -75.627
 345  282     11.325      1.588    -65.894
 292  272      2.432     -8.719    -63.995
 326   -2      9.141     -4.610    -71.314
  -1   -2      9.538    -10.723    -65.103
 565  259     -1.249     -6.233    -67.643
  29  267      7.650     -5.014    -72.635
 343  542    -13.137      7.924    -67.745
 188   -2    -12.191      5.927    -73.811
  -1   -2      5.114     -6.099    -61.883
 142   -2    -13.255     -1.379    -76.840
 275  145      5.108      9.284    -70.203
 247  211     -0.403      1.917    -65.569
 201  331     -7.342     -3.027    -71.650
 289  303     15.112      6.635    -65.673
 310  290      8.424     -2.109    -63.872
 325  264     14.037      3.748    -68.082
 707  305     -8.852     11.697    -68.169
  -1   -2      9.088     12.689    -63.614
 181  231     16.740     -1.273    -67.843
  -1   -2     17.962     -0.515    -72.662
 634  247     12.287      6.216    -68.007
  -1  171     16.596     -4.557    -72.747
 396  178     15.338      4.129    -68.504
  -1  657      8.519      3.802    -76.796
  -1   -2     -7.437    -12.592    -63.194
  -1  484     -8.367      2.411    -67.885
 361  261     15.999     -1.962    -67.833
 270  309    -14.370      7.887    -76.675
 601  661     -6.970     12.052    -73.418
  62  142      3.345     11.867    -71.364
  -1   -2     -0.241      2.573    -60.058
  -1   -2      0.670     -8.359    -72.069
 389  310     15.140     -1.570    -68.978
  55  654     -5.453      4.964    -71.889
 346  557     -8.699      7.979    -71.422
  -1   -2      1.110    -11.502    -72.319
 366  801    -13.865     11.862    -66.273
 628   -2     -0.132    -12.165    -77.391
 156  598      4.619      3.578    -72.339
 323   -2      9.663      9.929    -63.494
 103  294     11.047    -10.288    -72.382
 861  589     11.982     -0.588    -72.143
  -1   -2      4.180     -6.712    -74.236
 277  164      1.083     -0.318    -65.857
 322  344     -8.151     -2.091    -65.572
  -1  319      0.703      7.271    -67.017
 356  274    -11.263     -4.788    -70.837
 327  347      4.823     -0.152    -66.671
 186   46      6.617     -1.287    -69.837
 262  328     -6.805     -7.449    -67.901
  -1   -2    -12.523     11.890    -68.323
 281  694      5.640     -3.014    -73.853
 665  413     11.206     -5.652    -72.862
 702  349     12.152      4.646    -63.414
 371  362    -12.552     -1.317    -73.553
 392  414      1.148      7.816    -65.805
 160  469     10.236      2.950    -74.607
 368  829    -12.566      9.070    -63.865
  -1  616     16.656     10.230    -68.293
 838  113      2.760     -3.594    -70.591
  -1   -2      4.036      5.487    -69.357
 379  361     -4.391      4.174    -66.409
 320  544     13.321      9.762    -67.008
 495   -2      7.751     -7.777    -62.741
 558   -2    -15.097      4.758    -71.549
 295  313     13.440     -2.009    -68.530
 772  718      1.035      8.938    -67.139
  -1  377    -10.461      2.196    -77.006
  -1   -2     -9.718     -5.451    -77.813
 411  306      4.286      8.971    -66.206
  -1  624     12.168      7.519    -67.410
 265  378      0.100     -5.809    -64.427
  -1   -2    -11.489      3.198    -60.239
 340   -2     -4.861     -1.750    -75.291
 659  157      7.325      3.446    -72.565
 683  332    -12.710     -6.964    -67.083
  -1   -2     -3.549     -0.071    -75.824
 405  364     -0.843      3.108    -64.394
 372  593    -12.709      7.410    -68.823
 386  690     -7.247      4.466    -68.352
 724  327     11.963      8.401    -71.348
 675   -2     -0.478      6.937    -64.024
  -1   -2     -1.360      5.441    -64.860
 720  769      8.723    -10.020    -65.166
 335  731      5.316      9.443    -73.426
  -1   -2     12.064      6.326    -62.832
  -1   -2      9.138    -11.702    -78.019
 778  379      3.205     11.419    -74.475
  -1   -2      2.867      4.229    -65.855
  -1   -2     -3.614      6.364    -72.543
  -1   -2     -4.205      2.687    -71.229
  -1   -2     -8.425      5.273    -68.863
  -1   -2    -11.328     -1.456    -74.057
  -1   -2    -11.593      0.935    -71.686
  -1   -2      4.417     -4.283    -63.826
  -1   -2     -0.727      3.253    -71.606
  -1   -2    -12.283     12.505    -66.113
 424  809      4.598     -2.328    -74.281
  67   11     -5.106      2.810    -69.273
  60  106      4.121      1.224    -69.701
 223  390      9.057      7.457    -65.879
  -1   57     -5.069      0.671    -70.359
   6  787     -5.973      3.772    -71.166
  -1   -2     -7.749      1.045    -54.124
   5   24      0.757     -4.879    -70.418
 416  495     16.257      3.768    -72.514
 445   -2     -0.588      2.876    -60.438
  -1  486     -3.090      6.952    -73.293
  -1   -2     -9.726     -6.009    -61.090
 552  355      2.272      3.280    -74.724
  -1   -2     -4.440    -10.785    -64.630
  -1   -2      9.633     -2.598    -75.563
  -1   -2     13.809     -6.366    -74.314
  59   -2    -12.463      2.004    -69.651
 450  416     -0.738     -1.279    -63.121
  -1   -2     -6.389     -7.034    -77.327
  -1   -2     -5.680     -8.574    -53.281
  -1   -2      1.726     -9.404    -64.555
 429  120      4.644      0.710    -65.233
 839  153      2.834     -0.770    -68.095
 837  161      0.975     -8.285    -69.373
 446  406     12.376     -3.816    -64.670
 349  574    -10.694      3.963    -69.545
 454  175      5.526     -2.052    -72.303
  -1  538     -4.054      3.884    -74.199
  -1   -2    -10.423      0.453    -68.306
  48  257     11.293     -6.769    -70.340
 217  407     -7.534    -12.546    -66.721
 463  408      3.727     -8.648    -68.705
 332   28     -4.963     -9.322    -71.180
 841  553     14.040     -9.028    -65.047
  -1   -2     -6.855      3.009    -60.523
 215  275    -14.002     -2.801    -71.130
  -1   -2      6.482     11.510    -74.660
  -1   -2    -11.151     10.735    -70.409
 328  105     -2.446      9.404    -69.552
 499  393     -7.897     -7.343    -57.916
  53   71    -11.781      6.321    -72.997
  -1  671      9.304    -12.557    -66.022
  -1   -2     -4.607    -12.407    -70.209
 444  609      3.475      0.720    -61.769
  -1   -2      4.878    -11.561    -67.950
 483  228      8.738     12.089    -67.001
  -1  418     -9.901     10.976    -61.071
  -1  443    -10.750     -3.716    -62.411
 452  449    -12.545      7.257    -62.624
 494  458      4.586     -7.614    -65.171
  -1   -2     -3.401     -1.738    -61.359
  -1   -2    -16.462     -5.275    -73.161
  -1   -2     16.994      6.697    -77.219
 519   -2    -11.491     -4.770    -63.544
  -1  540    -10.952      0.920    -76.220
 670  819    -11.328     10.293    -74.735
 488  167     -0.497      2.578    -63.010
  58  789     -9.256    -11.984    -72.605
  -1  169      9.152      9.020    -65.232
 482  452     16.278     -5.348    -64.681
  -1  119     -8.901     11.957    -63.129
 518  567      1.216      3.505    -62.581
 117  830      2.826      2.536    -77.901
 481  447     17.968    -12.712    -70.178
 258  397     13.580      5.589    -74.498
 786  823     -5.933      6.116    -74.910
 457   -2     -9.466    -10.672    -66.470
 220   -2     11.653      9.226    -65.821
 290   -2    -12.650     11.074    -66.574
 578  658      6.768      1.687    -75.035
  -1  198     -9.602    -10.094    -58.099
 502   -2      5.079     11.270    -65.020
 382   -2     -8.579     -6.356    -68.502
  -1  470    -15.144      9.712    -78.391
  -1  521    -12.123    -11.882    -66.463
  73  464     -3.754     -4.147    -65.547
 439  450     -0.272     -8.022    -67.057
  -1   -2     -6.718     -7.691    -73.175
  -1  461     14.990      8.626    -73.686
 743  821    -10.528     11.527    -71.981
 479  528      2.328      1.645    -76.137
  -1   -2    -13.229     -9.849    -80.270
 501  463     13.347     -0.620    -62.118
 863  460      5.682     -6.057    -68.304
 225  794     -1.219     -0.190    -63.340
 486  810      2.833     -4.242    -62.798
 207   -2      2.498     -6.313    -63.114
  -1   -2    -10.867     -8.929    -77.309
  -1   -2     -6.500      3.651    -67.676
 271  485     13.205      7.338    -70.885
  -1  217      0.116     -6.505    -62.098
  -1   -2      2.967    -10.811    -86.315
  -1  720      3.148    -10.304    -70.412
 313   -2     12.416     -0.288    -74.411
  -1  160     -4.491    -12.973    -66.756
 112  573    -12.569     -1.148    -69.541
 514  477      8.409    -12.778    -63.008
 214  273      1.142     -9.492    -61.880
  -1   -2     -0.857     -3.850    -57.003
 491   -2      0.794    -12.493    -64.499
  -1   58      5.106     10.487    -67.288
 572  226    -11.061     -1.188    -68.798
 375  802     14.246     -7.848    -70.882
  -1   -2      7.956      9.893    -59.358
 115  474    -10.607      1.204    -66.078
 760  284     13.042     -9.455    -72.962
  -1   -2     -3.714     11.072    -59.550
 476   -2      9.915     -1.579    -74.412
  -1  383     -7.268     -2.231    -72.590
  -1   -2      7.949     11.329    -64.442
  -1  384      3.093     -0.412    -76.553
  -1  241     -9.895     -4.714    -68.664
 551   -2     10.756     -3.535    -62.758
  -1  493    -11.693      8.319    -65.199
 526  422     14.574      1.851    -69.251
 241  831    -14.585     -8.980    -71.205
 608  709     11.932     -9.905    -64.482
  -1   -2    -12.090    -10.807    -68.033
 539  442      7.368    -10.949    -73.277
 238  647      9.779     12.117    -68.753
  -1   -2     -3.929     -6.007    -55.377
  -1   -2     -7.588     -9.833    -65.627
 334  127    -14.720    -10.692    -72.761
  -1   -2      0.226     -5.914    -75.619
  -1   -2    -10.503     -5.775    -62.188
 204  176     -2.963    -11.853    -77.150
  -1   -2      8.970      8.088    -61.520
  -1   -2      8.121      7.029    -81.399
 280  795      2.423     -5.862    -64.106
 574  515      9.587     -4.214    -64.005
  -1  258     -2.603     -6.475    -63.063
  -1   -2     -9.342     11.103    -59.407
 182   95     -6.459      4.359    -72.908
  -1   -2     -8.041    -11.805    -67.574
 170  193    -10.133     -2.837    -64.731
  -1   86    -11.419     -3.567    -67.971
 708  820     13.301     -3.849    -74.202
  -1   -2     -5.420      2.726    -66.419
 845  479     10.762     -5.900    -63.761
  -1  496    -12.732    -10.772    -73.197
  -1   -2     -6.007     -9.322    -53.274
  -1   -2     -0.025     -5.888    -69.196
  -1   -2    -15.147     -5.377    -83.673
  -1   -2    -16.266      8.686    -74.096
 836  832     -4.007     -3.912    -71.369
 636  230     13.913      0.659    -67.144
  -1   -2     -3.298      6.488    -77.722
  -1  438      1.893     12.187    -64.298
 525  265     -5.250     -7.767    -65.066
  81  420      4.794     -2.642    -68.942
  -1   -2     16.570    -10.763    -67.620
  -1   -2    -10.213    -10.785    -76.836
  -1   -2    -11.092     -0.327    -87.208
 373  833    -14.165     -5.237    -66.569
  -1  578     -1.275      7.792    -71.279
 378  317    -12.368      1.251    -63.724
  93  308     -1.723      4.078    -77.116
 599  617     -2.627     13.199    -62.413
 441   -2      3.687      4.398    -73.587
 606  834     12.175    -11.660    -60.041
 543   -2      0.369     13.507    -62.760
 594  816      8.616      6.407    -61.447
  -1   -2    -11.984     -7.548    -74.734
 312  204    -15.197      6.220    -72.412
  -1   -2     -4.520      0.365    -60.305
 125   81     12.799      0.851    -68.459
  -1   -2    -10.761     -7.117    -61.582
 511  586      4.115     -8.572    -63.716
  -1   -2     -5.582     -8.169    -85.184
 303  618     15.332     10.411    -70.592
  -1   -2      9.576      1.829    -59.455
 630  462     -5.885      4.228    -65.013
 591  815     12.510     -9.516    -60.080
 610  559     15.714     -6.149    -73.811
 524  527     -0.801     -8.189    -62.220
 691  363     15.191      8.360    -64.082
  -1   -2      7.716    -10.565    -73.587
 183   -2      3.562    -11.544    -69.651
 465  351    -13.124      0.784    -78.227
  -1   -2     -7.690      2.182    -56.871
  -1   -2     17.455    -10.992    -65.338
  -1   -2     -5.648     -5.517    -71.394
  -1   -2     -8.485     -5.318    -61.698
 338  549     13.382      2.909    -66.474
  -1   -2     -6.237     -4.460    -75.061
  -1   -2      6.284     11.071    -62.048
  -1   -2     -8.208     -7.957    -54.073
 620  648     10.502     -7.158    -69.476
  -1   -2      2.694     -2.131    -61.430
  -1   -2    -14.991     12.127    -70.881
  -1   -2     -8.657     -7.592    -69.751
  -1   -2      3.443      4.152    -76.956
  -1  622     10.250      7.574    -73.256
  -1   -2     -9.133    -11.636    -69.707
 700  459     11.734     -0.675    -74.214
  -1   -2      3.119     -9.923    -77.028
  79  792    -13.758     -2.996    -77.565
  -1   -2     -5.543      7.078    -61.681
  -1   -2     -2.893     -7.468    -59.366
  -1   -2     14.387     -0.500    -66.708
  -1   -2     -8.138     -6.372    -84.567
 273   85      4.046    -12.255    -70.204
  -1   -2     -1.864     -8.659    -59.343
 844  826     12.293      6.730    -74.397
  -1   -2     -7.818     -7.508    -64.835
  -1   -2     13.983      6.247    -60.963
  -1   -2     -2.933     -4.409    -58.652
  -1  507     12.330     10.948    -73.628
  -1   -2     -3.108     -2.247    -71.149
  -1   -2     -9.254     -6.582    -58.460
  -1   -2     17.357     -2.850    -73.878
  -1   -2     14.436     -6.301    -61.524
 649  612     15.716     -7.284    -67.447
  -1   -2     -8.405    -10.635    -84.776
 404  807      2.148     -8.805    -72.548
  -1   -2      8.862    -11.214    -71.922
  -1   -2     -9.654     -8.082    -55.488
 718  346     11.561      0.903    -73.507
 520  315      5.181     -5.471    -61.377
  -1   -2     -1.508     -0.108    -57.223
 817  649     14.626    -10.638    -65.731
 622  673     -9.810     -6.154    -63.767
  -1   -2     -1.437     -7.835    -59.561
  -1   -2     13.274      8.185    -61.754
 641  595      6.732     -0.066    -57.509
  -1   -2      2.731      5.058    -77.618
  -1   -2     -3.391     10.981    -69.207
  -1   -2     10.386     -6.681    -60.365
 611   -2     -8.661    -10.401    -66.967
 533  811    -11.491      4.634    -65.586
  -1  326    -12.805     12.587    -70.582
  -1   -2      7.109    -10.085    -73.294
  -1   -2      5.544      1.770    -56.940
  -1   -2     -0.583     -6.516    -74.491
  -1   -2      6.483      0.284    -62.654
  -1   -2     12.890     -4.385    -82.439
  -1   -2    -14.709     11.854    -76.545
  -1   -2      1.280      9.114    -59.345
  -1   -2      2.898      9.399    -58.314
  -1   -2     15.125      0.231    -67.123
  -1   -2      1.785     -5.511    -74.541
  -1   -2     -1.256      9.484    -66.659
  -1   -2     18.577     -7.621    -67.943
  -1   -2     10.466     11.172    -61.355
  -1   -2      9.039      1.763    -69.410
  -1  532     -5.312     -6.342    -57.596
 545  503      9.296    -10.009    -68.537
  -1   -2     -0.399     11.174    -60.778
 850  554      5.428     -6.617    -63.249
  -1   -2      1.738     12.787    -60.912
  -1   -2     15.574     11.757    -64.244
  -1  330      5.615      3.956    -63.112
  -1   -2      0.192      7.744    -75.823
  -1   -2      7.895    -12.451    -73.785
  -1   -2      9.240      1.700    -70.160
 662  704     17.052     -3.018    -71.613
  -1   -2     14.198     -2.024    -60.203
  -1   -2     -8.544      2.906    -63.133
 385  604      3.984      3.361    -58.024
 278  681      4.822     -5.299    -66.590
  27  467    -14.016     -3.871    -74.744
  -1   -2      2.489     11.256    -73.823
  -1   -2     -8.222    -10.842    -59.368
 584   -2     12.769      9.737    -63.550
 563  812     -6.413      0.603    -71.578
 397  599      8.135      4.992    -60.911
 773  822     15.002     -1.094    -72.462
 337  295    -12.757    -11.356    -69.732
  -1   -2    -11.370    -10.477    -74.387
  -1  340    -13.709     -5.877    -74.510
 585  376      9.990    -11.165    -65.611
  -1   -2      3.415     10.879    -57.117
  -1   -2    -13.907      1.861    -79.662
  -1   -2     14.243      9.980    -73.794
  -1   -2     11.897      7.833    -62.255
  -1   -2     -1.401     -4.028    -73.567
 154   -2    -15.005     -0.119    -77.673
  -1   -2     -4.806     -6.500    -73.807
 542  835      7.018    -10.140    -69.420
  -1  301     -9.514      3.598    -76.467
 673   -2     16.452     13.223    -66.769
 381   -2    -13.874      3.567    -67.990
  -1   -2     -8.268    -12.766    -63.769
  -1  534     18.139     -8.163    -67.683
  -1  607     11.646      8.015    -66.628
  -1   -2     -6.811    -11.277    -74.505
 733   -2      6.845      5.126    -61.029
  -1   -2     10.407     -3.751    -59.232
  -1   -2     -6.761     -0.191    -54.443
  -1   -2     11.668     11.885    -60.592
  -1   -2     -2.141     -6.230    -76.435
 831   -2     -2.121     -1.366    -74.368
 355  799     17.485     -2.285    -69.104
  -1   -2     -8.977      3.447    -65.336
  -1   -2    -14.197     -9.580    -65.321
  -1   -2      1.079      9.120    -53.105
  -1   -2     -2.626    -11.249    -67.891
  -1   -2     -9.468     10.276    -61.251
  -1   -2    -11.382    -12.501    -72.143
 374   -2      4.679     -8.245    -75.196
  -1   -2      6.409     -1.835    -55.614
  -1   -2     10.508     -2.238    -55.784
  -1   -2      9.531      4.648    -76.618
  -1   -2     -3.847      3.688    -62.266
  -1   -2     -9.464      8.757    -59.233
  -1   -2     -4.775      8.912    -84.311
  -1   -2     -0.084     11.120    -57.420
  -1   -2     16.222      2.267    -70.783
  -1   -2    -16.348    -11.928    -74.553
  -1   -2      2.218     -4.769    -72.322
  -1   -2     -2.770      7.151    -61.678
  -1   -2     16.729     12.086    -72.200
  -1   -2      5.010     -5.797    -59.881
  -1   -2     -7.242     -8.245    -73.961
  -1   -2     -1.396     -4.065    -60.966
  -1  640     13.733    -13.412    -63.289
 744  713      1.702    -12.941    -67.167
  -1   -2      8.014      4.924    -56.815
  -1   -2      3.344     -4.530    -54.436
  -1  716     -0.860     10.406    -69.584
  -1   -2     -7.142     -0.826    -82.624
  -1   -2      4.541     -8.891    -76.212
  -1   -2     12.934    -10.452    -63.015
  -1   -2     12.895     12.424    -65.042
  -1   -2     16.616      1.183    -63.728
 402  710     12.372    -12.718    -70.844
  -1   -2     16.546    -11.311    -64.843
  -1   -2      9.604     -4.061    -62.345
  -1   -2      3.221      5.396    -57.751
  -1   -2     -8.354      9.169    -76.573
  -1  752    -10.715      1.748    -72.096
  -1   -2     -9.507     -7.104    -62.267
 409  602    -14.734     -7.705    -77.517
 344  605    -13.198      1.869    -78.263
 388  805    -15.833     -4.618    -75.540
  -1   -2    -13.157      6.103    -66.878
  -1   -2    -10.187     -9.546    -67.886
 358   -2     -2.353      8.202    -78.445
  -1   -2      3.482      0.795    -52.847
  -1   -2     16.020     -2.563    -70.442
  -1   -2     -7.623     -9.640    -56.807
  -1  719     -9.027      8.779    -63.094
  -1  711     -1.759    -12.326    -75.919
  -1   -2      8.490    -11.966    -73.290
  -1   -2    -15.618     -1.908    -74.370
  -1   -2     -2.835     -7.872    -65.908
  -1   -2     15.077     -7.367    -64.187
  -1   -2     10.047    -10.286    -59.825
  -1   -2     10.971    -11.515    -66.252
  -1   -2      7.229    -11.262    -60.062
  -1   -2      3.739     11.590    -66.247
  -1   -2      6.594     -0.654    -67.726
  -1   -2    -12.085    -11.129    -76.100
  -1   -2     12.376     10.025    -58.474
  -1  737      4.249     -1.635    -64.484
  -1   -2      3.827     -8.822    -83.309
  -1   -2      8.614     -0.189    -78.999
  -1   -2     -7.638     -0.608    -70.421
  -1   -2      0.473      9.467    -65.583
  -1   -2    -10.367    -10.161    -56.820
  -1   -2      0.171     -1.384    -62.234
  -1   -2    -12.511      9.334    -78.004
  -1   -2     -3.446     -7.200    -52.782
  -1   -2     -5.586     -5.909    -62.164
 399  806    -12.593    -11.174    -74.146
  -1  367     14.139      5.466    -63.829
  -1   -2     -3.013      2.844    -68.934
  -1   -2      9.199     -6.132    -52.356
  -1   -2     17.629      5.644    -67.642
  -1   -2     -7.218      9.354    -75.157
  -1   -2     -2.936      7.573    -56.678
  -1   -2      0.459      9.781    -65.371
  -1   -2      4.778     -9.228    -55.666
  -1   -2      3.573     11.198    -67.691
 784   -2     17.081    -13.211    -70.098
  -1   -2     -5.890     12.367    -64.604
  -1   -2      6.934     12.367    -72.260
  -1  537    -13.331      3.240    -72.419
  -1   -2      3.259    -10.417    -58.542
  -1   -2     -1.138     10.553    -60.279
  -1  669      3.740      4.259    -67.001
  -1   -2      3.845     -9.974    -62.555
  -1   -2      5.963      4.216    -55.085
  -1   -2    -11.922      2.146    -74.822
  -1   -2     12.941     12.106    -64.341
  -1   -2     -7.710      6.419    -72.113
 810   -2    -14.205      8.738    -75.371
 821  824    -15.748      9.587    -73.317
  -1   -2     15.206      8.004    -63.125
  -1   -2     -8.491     11.029    -55.971
  30  487      2.692     12.645    -70.610
 826   13      1.285      5.065    -67.642
 434  391      7.155      7.706    -66.086
 478  216      8.489     -1.290    -71.139
 208  398      4.268     10.775    -69.989
 451  411    -11.154      1.836    -62.098
  94  382    -15.388     -3.928    -77.600
 469   -2     -7.020     13.585    -65.462
 456  426     11.409     -7.688    -68.496
 248  256      7.695     -0.394    -63.973
 341   -2      9.401     -0.980    -74.348
 474   -2     -5.659     -5.937    -74.589
 147  143      0.992     -1.521    -65.180
 179   -2     11.750      7.350    -67.009
 367   -2     -8.794      2.032    -75.538
 302  289     10.155     -1.980    -65.214
 607  201      2.336      2.063    -67.898
 383  804     -4.286      3.058    -66.323
 748  670     14.709     10.679    -65.514
 412   -2     -6.347     -3.231    -68.368
 408  808      4.585     12.459    -69.159
 792   -2    -12.245      2.674    -70.473
 472  428     -4.680     -3.414    -74.235
 124  483      2.482      8.348    -61.549
 477   -2    -11.509     -3.486    -68.322
 629   -2     -3.020     -1.170    -57.834
 695   -2     -8.362      7.976    -61.212
 575  348     10.338    -12.165    -71.016
 857   -2     17.101      2.447    -69.342
 484   -2      0.901     -1.489    -60.313
 562   -2     12.245      9.135    -75.033
 587   -2     -0.809     -7.652    -68.554
 627  280     -2.910      8.088    -62.777
 600  575     -7.652     -2.009    -63.126
 294  639     -4.774      8.452    -59.844
 852  292     -1.085      7.334    -78.016
 667  603    -10.904     -3.216    -76.746
 723   -2     17.655     -3.643    -71.094
 236  184      5.612      7.858    -62.775
 847  341     15.529     -8.977    -73.630
 835   -2      1.629      2.801    -63.969
 853  504     -2.518      6.155    -70.615
 144  488      7.705    -12.016    -68.306
 249  252    -10.390      2.460    -61.710
 287  836      1.876     -0.569    -73.474
 301   -2    -11.200    -10.404    -74.382
 330  196     -1.133      9.143    -68.672
 435   -2     -3.921     -7.895    -69.560
 650   -2     -0.104    -11.079    -77.229
 715  660     -7.150     -6.851    -66.413
 860  232     -8.052      7.791    -64.096
 864  837      5.310     13.567    -66.963
 868  838     -2.406      0.810    -66.173
