798
   1    1      9.206      1.522    -69.306
 128  120     -3.463     -4.254    -73.401
  46   95      0.461      3.725    -72.591
   5    7      0.165      8.337    -68.141
  25   12     -5.614      4.529    -71.595
   4    4      5.660      1.834    -72.588
   8    0      5.837     -2.715    -73.332
   2    3     -1.017      5.073    -70.541
  10    6      6.875      5.972    -68.106
  50   32     -0.972     11.258    -68.463
 376   39      1.966      1.836    -69.049
  12    5     -9.192      4.144    -73.468
  11   28      3.176      2.335    -69.496
 147   24    -10.638      9.449    -70.909
 362    8     -2.216     -2.115    -71.654
   9  477      6.583      2.646    -72.860
  87  143      0.641    -10.483    -71.778
   6  168      7.185      6.409    -72.898
 368   65      7.396     -2.847    -70.722
  18   23      1.731      8.737    -67.639
  47  514     -0.278      7.854    -69.337
 119  364      5.319     10.964    -73.534
  -1   13    -15.701      9.923    -72.980
  76  100      9.768      4.744    -71.959
  27  526     -8.989     12.561    -70.878
  37   25    -14.659     -6.245    -71.901
  29  122     -7.134     -8.017    -68.581
 373   15    -12.307      8.606    -69.009
 395   29      7.574      6.342    -66.637
  31   50    -10.695      6.915    -68.062
  32   16     -3.627      1.947    -67.406
  35   44     -6.692     11.749    -68.587
  41  379      0.728      8.857    -68.108
  59   21     -4.658      4.694    -64.179
  33   41      1.424     11.464    -66.985
  64   51     -7.364      2.446    -65.085
  42  378      1.424     11.009    -69.412
 146   56     -2.600      0.016    -65.025
  24  115      9.929     -0.534    -67.700
  63   52     -7.041      7.744    -64.623
  48   11      5.604     -6.513    -72.528
  34  194     -1.037    -10.076    -70.688
  38   62      4.585     -5.952    -67.446
  54  284      3.557      1.385    -70.953
  43  202     -6.465     -4.850    -68.994
 220  103      2.676      1.162    -73.881
  83   74     -7.622    -12.210    -68.507
 258   30      1.027     -4.627    -73.726
  26   38     -1.574     12.655    -67.288
  61   34     -3.669     10.462    -67.495
  21  465     -2.910    -12.056    -72.718
 124   96      0.645     -9.528    -68.786
 191   47      8.094     -0.650    -71.379
  51   78      1.374     -9.192    -66.406
 416   64     -7.191      5.440    -63.472
  69   68      4.452     -9.015    -68.823
  39   48     -0.378      3.846    -66.406
 182   82    -10.261     -6.813    -67.801
 162  260      8.776      8.413    -64.413
  55   54      1.571      0.463    -67.122
  66   45     -0.593      6.027    -66.384
  93   26     -2.891      0.961    -65.595
  86   -2     -3.380    -10.478    -64.689
  73  111      9.541      7.509    -68.910
  68   60      8.985     -7.793    -68.903
  45    2     -3.982      4.395    -71.762
  90   88     -1.587     11.174    -65.673
 775   80      7.357    -10.477    -69.268
  53   79      1.545     10.177    -66.006
 134  429     -5.102      0.621    -70.241
 381   35      4.428      6.692    -67.142
  14   37      4.603      8.619    -71.093
 104   55      9.908     -2.506    -69.860
  28   36     -0.072      9.987    -68.769
 148  797      1.654     12.330    -64.840
  -1   -2     -7.978     -5.486    -70.272
 513  392     -6.021      8.150    -72.203
  82  118     -1.719     -7.044    -66.971
  -1   -2     -6.741      4.227    -70.690
 156   71    -13.021     -1.250    -71.243
 187  128    -15.848     -9.153    -72.673
   3  371     -0.662      6.441    -71.624
  65   72     -9.590     -4.983    -67.800
  -1   -2      1.959     -2.054    -66.282
  78  156    -12.533     -0.862    -68.349
 774   61     -7.909     10.756    -66.327
 183  486     -5.499      3.773    -63.638
   7   40     -2.881      8.266    -68.895
 136  208     15.604      7.249    -68.443
  75   17     -0.520     -9.168    -69.892
 105  515     -3.973     10.701    -61.056
  74  105     11.529     -3.296    -64.792
  -1   -2     -5.683     -1.899    -65.676
 219  263      9.997      4.788    -67.620
 131   70     -5.799      9.163    -62.729
  99  142      9.278      5.724    -69.520
 113  124     -1.314     -3.606    -63.868
 280   85    -12.010      7.077    -70.764
 256   93     12.906      1.385    -67.090
 106  121     -8.390     -7.520    -68.409
 145  697     16.101      5.725    -72.022
 152  139     -2.668    -11.249    -74.810
 143  152    -10.533      7.599    -62.808
 111  150      7.946     -1.060    -66.531
 204  435     -8.071      6.256    -68.965
 101  173      4.856      9.080    -64.846
 117  138     -5.203     -1.102    -63.170
 392   -2      5.024      7.656    -63.867
  -1   -2     -4.396     -5.974    -59.645
 172  373      4.583    -12.810    -67.105
 150   -2     16.394      0.522    -67.953
 299  234      2.155      7.376    -72.469
 141  106     -0.595     -3.831    -64.340
 170  302     -7.842      4.812    -76.110
 164  104    -12.712     -8.126    -67.504
  -1  401    -10.797      3.922    -69.757
 310  463     -3.036     -7.058    -72.104
  -1  133     -1.228     13.146    -64.604
 422  137     -1.685     -6.416    -67.782
 142   84     11.946     11.779    -67.478
 197  157      0.741    -10.222    -65.713
  80  101     12.533     -5.803    -66.086
  92   -2    -13.010     -1.962    -72.139
  97   76     16.896      8.711    -68.755
 139   94      0.693    -10.938    -65.451
  49   91    -13.357     -3.512    -70.616
 135  190     -9.858     -8.351    -68.639
  60  304      7.341      0.051    -73.296
 480   -2     -9.696     12.427    -70.921
 115  504      0.384      1.615    -64.433
 241  265     -3.015      0.911    -67.977
 133  286      0.367     -2.477    -68.353
 411  455     -1.772     -9.151    -63.123
 194  295      9.777     -1.811    -71.991
 390   49      5.599      2.762    -72.013
 551   -2     -9.281      0.906    -67.738
 153  176      4.160      2.566    -65.018
 367  262     -0.827      4.536    -73.854
 213  575      0.715      6.942    -63.541
 585  210     -0.786     -7.295    -69.663
 167   92     -2.852      9.557    -62.583
 181   87      4.779      5.469    -66.077
 536  218     -5.248     11.380    -74.720
 421  110     -8.383      1.583    -66.509
 319  569     12.081     -4.130    -68.426
 476  174     -2.225    -12.366    -68.758
 493  136     -3.742      5.740    -62.227
  -1   -2    -14.306     -7.832    -74.196
 132  437     -7.469      3.270    -61.824
 126  127      2.760      4.567    -62.718
 229  254    -13.239      1.926    -67.373
 125   83     14.611      3.605    -68.044
 174  114      8.433      6.041    -65.764
  91   73    -12.424      4.155    -70.740
  85  430      9.951     -4.602    -71.077
  16  154      2.985      6.287    -69.516
 223  187     -2.000      6.771    -62.241
  -1   -2    -14.751      7.316    -71.162
 149  166     -0.314      3.470    -65.305
  84  322      0.676      8.763    -74.539
 210  484      7.234     -9.796    -75.505
 312  306     -2.567      8.326    -76.099
 275  460     -4.480     12.004    -63.358
 259  288      1.072     -3.174    -64.607
 112  113      5.710    -10.199    -66.602
 214   57     -9.666     -2.070    -73.394
 437   -2      0.667      9.860    -63.008
  -1   -2     -6.097     -7.691    -60.591
 122  314      9.564      2.051    -71.848
 481   -2     11.388      9.699    -69.117
 103  212    -14.375      4.778    -69.453
 166   -2      9.557     12.290    -65.654
 336  403      1.915     -3.569    -66.679
 116  231      9.979     -0.050    -68.422
  -1  131     -2.853      5.641    -62.040
 155  123    -12.107      3.567    -70.564
 205  765     -8.290     -6.159    -66.985
 171  798      5.827     -8.211    -67.646
  71  163      5.817    -11.799    -68.769
 478  172     10.275    -11.649    -66.495
 173  256      4.969    -11.757    -68.759
  -1   -2     -6.644     -2.662    -67.131
 246  320     -8.874      9.347    -75.182
 224  161      2.967      0.087    -64.668
  -1   -2    -12.515      6.152    -77.642
 203  525      7.689      2.688    -75.137
  -1  406     -9.051      6.865    -74.974
  15   67    -13.454     10.509    -71.960
 277  799     12.915      9.635    -72.160
  -1  473      9.623      9.558    -70.844
 302  170    -14.929     -9.225    -71.801
 151  183      0.295     -2.197    -63.519
  -1  487     -0.072     -3.201    -75.704
 441  162      0.537    -11.621    -68.115
  44  197      6.355      6.493    -63.749
 206  146    -11.727      4.355    -62.711
  -1  184    -11.381     -9.295    -67.980
  -1   -2    -11.392     -3.822    -77.211
 154  491     -0.477     13.163    -65.421
 215  195      3.856     -9.130    -64.875
 447  478     -9.759     -0.298    -73.205
 565  178     -3.543     -7.835    -68.456
 785  149      4.308     -7.771    -67.569
 158  102      7.915     10.516    -63.005
 236  240     -0.543     -3.394    -60.319
 198   77    -10.865     -0.952    -74.908
  -1  493    -10.538      9.113    -64.624
  -1  125     11.856     12.071    -74.285
 102  229     14.545      7.921    -75.014
 716  199     -1.538    -12.004    -67.706
 516  458      1.147     -0.272    -66.427
 270  627      7.804      5.432    -60.566
 468  305     -4.808     -3.164    -77.444
 159  181      5.412      2.494    -62.443
 672  151     13.820    -12.962    -69.565
 175  559     10.295     -6.121    -71.688
 221  235     -5.041    -10.536    -66.851
  52  344      0.551     -1.818    -72.938
 291   19    -11.376      7.110    -75.096
 415  180     -6.358     -2.189    -73.118
 250  179     14.275      0.812    -68.672
 108   33    -11.268      6.591    -72.568
 188   75      9.958     -2.077    -63.826
 375  112    -13.815      4.871    -73.452
 252  279     -0.120      7.461    -67.357
 202  386     12.285     -1.332    -68.222
 571  201      5.938     -7.136    -72.466
 798  604     13.609    -11.674    -76.238
 430  297     14.536     10.057    -68.281
 257  207      6.467     -5.094    -63.781
 217  289     10.712     -5.186    -65.695
  -1   -2     -0.046    -12.085    -62.910
 296  744      6.886     -1.868    -69.153
  -1  456      6.327      2.406    -67.317
 165  657     -3.015     -4.203    -63.061
 169  246     -1.366      8.153    -64.404
 209   97      6.749     10.031    -70.176
  -1  129     -7.523     -5.226    -66.930
 196  159     -7.766     -7.167    -67.921
  -1  390    -14.599      2.192    -76.425
 271  294    -11.525     -6.163    -65.763
 265  109    -11.887      5.154    -68.531
 130  252     -4.618     12.175    -74.298
  79  186      5.089      9.749    -75.223
  -1  292     -8.881      3.185    -67.874
 309  169    -15.723      8.930    -73.055
 443   46     -7.383    -10.369    -73.644
 235  766      5.659     -1.767    -74.376
 186  764     12.194      4.858    -66.289
  -1  228     -6.255     -3.345    -67.250
  -1  236    -13.244      2.882    -68.050
 274  221    -14.119      1.386    -75.649
 263  220    -13.057     -9.478    -66.300
  -1   -2     -4.162     -5.575    -71.783
 180  107     -7.041     -4.498    -74.924
 268  330      2.805     -8.480    -64.825
 216  424      1.123     11.732    -71.342
  -1  198     -1.749     12.225    -70.013
 248  247      4.754      1.399    -60.966
 544  343     15.715      8.232    -71.979
  -1  469     -8.710      1.202    -77.488
 240  282    -13.510     12.867    -65.571
  -1   -2     -6.264      6.282    -60.572
 233  592     -2.947      5.169    -71.962
 255  259      0.940      8.374    -62.124
 179  763     11.769     -4.939    -70.608
 163  366     -6.751      5.744    -70.326
  30  471      9.385     10.662    -71.982
 185  391     13.228      7.283    -66.613
 211  319     12.032      0.582    -72.418
 663  318    -14.017     -6.123    -67.078
 269  446    -13.642      5.753    -77.006
 107  215     -5.337     -5.499    -68.913
 678  269      8.011     -4.796    -64.873
 576  291     10.157      7.620    -66.616
 200  739     10.634     -3.573    -68.536
 245  303     13.325     -3.673    -68.545
 287   -2     12.235      8.725    -69.249
 121  204     15.804      3.512    -68.631
  -1   -2     -9.689     -5.658    -77.647
  -1   -2     -4.300    -10.805    -73.535
  89  144     -8.553      7.344    -74.633
 253  193     10.877      2.795    -66.971
 273  242     10.055     -7.936    -70.325
 594  257     15.714      3.684    -72.620
 537  502      0.454    -11.835    -65.560
 492  461     -7.403     12.135    -63.973
 190  191      0.926    -11.349    -68.561
 307  490    -15.320      6.146    -73.059
  36  189     10.418      5.758    -73.057
  20  147      3.550     11.832    -68.813
 140  708      8.761      1.352    -74.064
 325  238      2.197      6.072    -61.329
 329  351      6.900     -0.463    -67.641
  -1   -2      8.900     11.343    -65.451
 597   -2      3.944      7.509    -64.232
 581  253     12.093     -2.161    -63.649
 693  594    -11.176     -9.462    -74.813
  -1  485    -14.118     -9.126    -74.019
 303  771     10.338     -4.947    -74.881
 232  285     12.482     -7.319    -66.483
 289  561     17.702     -5.568    -69.646
 688  340      6.064     11.260    -72.644
 680  332     16.784      8.923    -72.485
 795  483    -10.509      0.987    -62.376
 262  241     -2.607      4.133    -63.286
 328  773      9.613      6.092    -66.657
  -1   -2    -15.990     -5.989    -74.141
 249  309    -13.859     12.460    -68.606
  -1  249     -8.586    -11.291    -68.571
  -1   -2    -11.691     -8.341    -79.578
  88  521      9.941     -1.319    -65.113
 288  518      8.119     -4.829    -74.930
 412  738    -14.066     -8.154    -71.357
 339  774      5.289    -10.486    -66.013
 526  203    -10.483      6.790    -62.371
 596  307    -13.297     12.308    -71.894
  -1   -2     14.874      5.047    -64.449
 684   -2      3.056      3.503    -64.665
  -1  602      7.385     -5.628    -61.417
 700  791    -13.010     10.939    -69.685
 572  800     -3.621     -5.594    -64.916
 332  298     -0.070     -9.825    -67.678
  -1  258     -4.144     -7.583    -68.133
 261  224     16.874     -3.946    -70.181
 334  725     13.117      7.033    -64.291
 463  200      9.147      5.176    -66.184
 320  662      7.328      7.180    -61.736
 286  769     15.580     12.180    -67.378
 346  352      3.919    -11.041    -69.831
 793  695     -8.600      5.640    -68.473
 313  772     -6.890      9.259    -67.667
  -1   -2     -5.873     12.041    -74.476
 308   -2     10.612      4.960    -72.020
 669  686      5.356     11.646    -67.903
  -1   -2      2.866      0.112    -70.455
  -1  323    -11.387     12.742    -64.108
 352  614     -8.289      0.706    -63.637
  -1   -2     -5.483     -5.923    -65.923
  -1   -2     -3.740     -2.448    -70.972
 298  770     12.930     -1.558    -72.100
 349  775     12.743      0.537    -65.028
  -1   -2     11.876      9.962    -64.633
 338  754     12.553      3.816    -64.162
  -1   -2    -15.845     -3.734    -75.479
 272  768    -10.951     -0.924    -76.981
  -1  219     10.560    -11.675    -70.460
 747  624     12.102     10.895    -64.022
 731  327     -6.099      4.227    -64.001
  -1   -2     -1.779     -0.652    -64.325
  -1  301      9.734      3.016    -61.950
 620  786      1.049      8.255    -70.207
  -1   -2      0.624     -5.791    -67.334
 242  550      8.150     -7.951    -70.710
 756  355     -7.824     -1.216    -63.768
 341  741     -8.674      6.936    -61.462
  -1   -2     17.300     -1.660    -74.989
 655   -2     11.491      2.438    -73.080
  -1   -2     -1.871    -11.859    -64.924
 359   22     -2.844      5.476    -73.199
  -1  368     -3.457      6.923    -68.878
 363   81     -8.731      5.802    -64.795
  -1   -2      1.802      7.044    -55.166
   0   31     10.280      3.130    -72.359
 371  365     -9.784      2.127    -72.980
 365  777     -7.001     -0.042    -61.875
  -1   -2    -14.443     -5.823    -69.728
 496  537    -14.276    -12.683    -68.259
  98   20     -3.743      8.505    -67.619
 418  577    -11.901    -11.780    -73.327
 787  261      2.621     -3.672    -68.455
  -1  412      3.153     12.662    -63.544
  -1   -2      0.773     -3.924    -65.105
  17    9     -8.412      9.359    -68.732
  -1   -2     -8.097     -9.432    -62.992
  -1  399     -7.504      6.124    -63.761
 361  363     -6.932      1.425    -75.645
  81  397      8.598      3.935    -66.924
 377  388      2.593     -5.780    -76.711
 370  428     12.649     -8.293    -66.680
  -1  509     -7.076    -10.121    -57.776
  70   14     -3.760     -9.699    -72.220
  -1   -2     -2.270      5.779    -64.352
 473   10      1.861      6.274    -69.974
  -1   -2      1.417     -7.293    -67.005
  62   90     -7.103      2.759    -68.825
 766   43      6.130     -7.747    -70.948
  -1   -2     -7.591      9.525    -60.776
 266  153      4.038      3.666    -66.736
  56  384     -6.173      0.353    -76.162
 409  385      5.455     -1.471    -75.228
 768  405     -4.296     -3.794    -68.618
 509  404      8.149      9.989    -61.273
  -1   -2     -4.568     -9.247    -60.073
 380   -2      2.627     11.170    -61.585
  13  211    -15.956     -7.990    -74.324
  -1   -2     -4.343      8.033    -64.880
  -1   -2    -10.674     -5.007    -65.636
 414  209     -0.956      4.375    -69.275
 161  407    -12.509     -7.357    -69.118
  -1   -2      3.505      7.345    -79.170
  -1  380     -2.569     -6.628    -67.016
 382  233     13.799    -10.925    -69.707
 138   -2    -13.764     -9.836    -69.511
 369   -2      2.248     -5.611    -70.901
 405  196     11.432     -4.830    -64.773
 225   18     -5.427     -0.448    -70.180
 436  541      7.850      2.116    -68.867
  77  223      6.221     -1.185    -74.983
  -1  347     -1.129     11.554    -75.446
 177  410     -5.868    -11.644    -66.169
  -1   -2    -10.892     -4.015    -64.291
  -1   -2      5.778      7.308    -75.209
  -1   -2    -10.723     -5.211    -66.256
  -1   59     -5.990      4.932    -70.264
  -1   -2      0.505     -6.018    -62.995
 431  312     -2.927     -5.149    -74.854
 129   -2     10.968      7.025    -62.768
 495  158      9.738    -12.001    -65.366
  -1  171    -10.257     -8.841    -63.638
 388  140     -3.961     -9.681    -62.049
  -1   -2      0.086     -2.640    -53.184
 192   -2     -3.394     -7.444    -67.799
 157  762     -8.003      2.378    -63.871
  -1   -2     -2.956     -4.972    -61.405
  -1   -2     13.670     -5.659    -75.030
 465  280    -13.024     -3.511    -74.290
  -1   -2    -14.971      8.970    -73.631
  -1   -2     -1.608     -9.878    -62.477
 598  415      8.268     -0.166    -73.478
 254  419    -10.772     12.258    -63.281
 609   -2    -11.841    -11.485    -68.956
 396   -2     -4.368      3.168    -74.670
 389  441      5.095     -4.247    -63.569
  -1   -2      7.304     12.977    -68.967
 628  445     -4.820      7.498    -59.805
  -1   -2     13.156     10.818    -64.361
 120  516    -10.528     -2.302    -72.855
  -1   -2     -7.879    -10.166    -62.482
 464  413     -1.286     10.509    -59.751
  -1   -2     -4.472     -9.356    -62.335
 504  244    -13.270     11.953    -72.704
  -1  427     -8.307     12.475    -59.086
  -1   -2     -2.921     10.312    -59.981
  -1   -2     -1.546     -1.828    -68.120
  -1   -2      5.613      0.464    -69.517
  -1   -2     16.385      1.215    -63.623
  -1   -2     -9.601     11.249    -57.274
 184   -2      0.983      0.200    -64.905
  -1   -2      5.177     -2.602    -73.727
  -1   -2     12.195      1.565    -74.638
  -1  411      5.696      6.373    -72.418
  -1  423      7.528     -6.798    -74.812
 460  778     -3.473      7.656    -61.920
 508  781     13.545    -11.772    -74.303
  -1   -2     -7.333     -6.533    -71.666
 770  108      9.355      3.859    -63.489
 424  175     14.653     10.873    -68.919
  -1   -2     -0.046     -7.663    -73.114
  -1   -2     -2.341     -9.360    -72.044
 404  432     16.493     -4.419    -67.227
  -1   -2     -6.465     -1.084    -77.010
 455  177      7.277      8.876    -65.330
 554  783     12.092     -0.596    -70.909
  -1   -2    -12.737     -5.648    -79.157
  -1   -2     10.719      3.218    -62.062
 566  454     -8.494     10.243    -71.002
 439  475      0.125     10.240    -58.549
  -1   -2      2.449     -4.277    -67.623
  -1   -2     13.455      6.423    -68.559
 568  431      2.031      7.192    -76.653
  -1   -2    -11.453     -9.218    -63.302
  -1   66     -4.132     -4.851    -61.586
 658  232      6.940      1.185    -61.655
 474  134      7.923     11.699    -65.726
 458  453     12.006     -0.945    -63.013
 449  470      9.598     10.055    -63.695
 199  225      0.255     -2.951    -68.240
  -1   -2     -7.088      2.204    -74.746
  -1   -2     -0.954      3.253    -59.027
 466   -2    -10.041    -10.455    -63.797
 451  141      8.743     -4.410    -61.926
 316  488      2.175    -12.552    -68.556
 123  296      5.157     11.450    -71.350
  23   -2      1.556      8.957    -71.794
 218  268     -0.806     -0.027    -62.279
 805  796    -12.486      2.915    -77.417
 193  167     -9.417    -12.424    -69.242
 189   -2     -0.242      4.783    -61.484
 499  425     -9.771     -7.413    -66.719
 234  277      8.388    -12.350    -70.770
 417  206     -9.475     -9.349    -76.006
  -1   -2    -14.465     -0.266    -81.923
 304  353      3.012    -10.120    -76.531
  -1   -2    -10.078     12.307    -68.818
  -1  480      3.149    -10.149    -61.408
 800   -2     -5.945     -8.271    -63.760
 648  789     -7.497     -3.284    -74.272
  -1  464      9.950     -0.734    -61.116
  -1   -2     -5.905     -8.020    -64.636
 642  788     16.308      0.055    -74.468
  -1   27     -1.679     -0.012    -72.011
  -1   -2     -8.732     -2.460    -53.844
  -1  272     14.657      5.792    -61.920
 479  691     -6.951     -8.879    -71.766
  -1   -2    -15.897     -5.794    -77.413
 773  442      9.272      7.640    -61.830
  -1   -2     -9.507     -7.919    -82.760
  -1  472     -1.315     -6.310    -62.441
  -1   -2     11.183     -9.085    -66.038
  -1   -2     14.514     -6.779    -69.873
 401  591     12.439     -8.991    -65.879
  -1   -2      4.338      7.771    -70.362
  -1  382      0.756     -9.809    -74.310
 267  513    -12.190     -5.750    -74.134
 613  381     -7.360     -0.922    -75.820
 488  529     11.223     -1.305    -63.361
 292  248     -3.237      3.573    -69.508
 400  517      4.574      8.738    -77.097
 239  192     -3.637     -0.084    -67.911
  -1   -2     11.769      3.901    -59.473
  -1   -2    -13.149     -0.186    -67.338
 592  116      4.940     -5.382    -61.869
 570  501     14.217     -4.055    -64.717
 238  540    -12.229    -12.376    -64.160
 485  780    -10.770      4.456    -73.471
 545  578     16.777     -7.797    -67.402
  -1   -2      9.292     12.040    -70.115
 518   -2      7.368     -0.789    -60.217
 657  275     15.613      3.047    -68.781
  -1   -2    -13.897    -10.739    -82.021
  -1   -2     -9.253     -9.743    -58.298
  95  508      6.399    -10.660    -73.526
  -1   -2     -3.752      4.553    -61.671
  -1   -2     -3.148     -9.241    -56.585
 427  494      4.628      1.476    -74.919
 284  160     -3.807     -5.857    -73.314
 617  520     13.669     -2.452    -63.156
 100  145     -2.119      4.424    -69.360
 603  451     15.566    -12.165    -72.672
  -1  579     -7.507      7.216    -60.282
  -1   -2      5.342      6.931    -67.106
  -1  611    -15.735     -2.716    -71.221
 283   -2      6.213      2.114    -61.421
 470   -2      6.177     12.811    -70.168
 297  358     -9.733     -0.870    -71.299
  -1   -2      6.579     -6.545    -63.916
  -1   -2      7.157      3.816    -59.928
  -1   -2    -10.006     -2.811    -64.451
  -1   -2     11.532     -4.087    -62.955
 195  585     -1.318     12.663    -61.725
  -1   -2      6.214      3.315    -60.915
  58  216     -1.070     -5.410    -68.546
  -1  715     12.846     -1.388    -75.407
 243   -2     -1.533      6.855    -69.090
  -1   -2     -4.703     -7.045    -60.761
  -1   -2    -13.513      9.875    -67.638
 428  497     11.207      5.297    -62.750
  -1   -2     16.677     -3.685    -66.643
  -1   -2     13.314     -5.961    -60.821
 350  617     -5.611      9.310    -75.665
 446  576    -10.557    -11.124    -77.225
 420   -2      1.934     -4.754    -63.027
  -1   -2     -4.958      2.568    -59.966
  -1   -2      1.051     -5.191    -63.858
 306   -2     -1.495      5.671    -64.266
  -1   -2      2.684     -6.430    -59.047
  -1  583     17.404    -10.137    -70.424
  -1   -2     -9.549    -13.039    -64.966
 500  270     12.257     -5.241    -73.857
  -1   -2     13.085      9.269    -65.477
  -1   -2     -4.999     -0.297    -55.352
  -1   -2    -11.351    -11.999    -68.445
 305  635     -3.878      7.816    -64.214
 321   -2     -2.577     11.616    -68.353
 582  643      8.697    -11.198    -64.467
  -1   -2    -12.524      1.735    -73.906
  -1   -2      9.310     -6.086    -55.513
  -1  418    -13.139     -5.126    -73.721
 530  414     10.941     12.830    -63.636
 799  601    -12.965      4.505    -68.171
 333  650      4.135    -11.716    -67.225
 228  227     13.066      6.059    -70.653
 792  636      6.212    -13.283    -62.865
  -1   -2     11.500     10.426    -69.145
  -1  489      2.925     -4.799    -67.117
 282  457     11.250     -1.059    -72.764
  -1   -2     10.045    -11.529    -63.021
 515  251     -5.307      7.764    -62.803
  -1   -2     -0.535     12.518    -67.521
  -1   -2     15.819     -5.311    -83.965
  -1   -2      2.609     -9.189    -74.332
 694  222     12.045    -11.341    -69.245
  -1   -2    -11.911     -9.595    -85.545
  -1  496     -8.789     -1.110    -53.008
 482  450     16.230     -2.945    -63.465
  -1   -2    -15.160     -9.409    -78.149
 602  784     14.746     11.449    -61.879
  -1   -2     -3.321      3.152    -54.438
 540  632      3.358     11.263    -71.701
 342  278    -12.777      4.441    -76.036
  -1   69      8.472     -1.792    -70.045
  -1  135     -6.174     -4.799    -66.980
 683  325      5.562    -10.981    -62.014
  -1   -2     -6.126     -1.942    -68.356
  -1   -2     17.112     -4.780    -69.432
  -1   -2     -9.643      2.426    -77.909
 708   -2     -1.835      8.308    -60.393
  -1   -2     -0.507     -6.182    -52.155
  -1   -2      4.908     -5.789    -61.041
  -1   -2     -4.382     -3.808    -66.672
  -1  315      8.657      7.596    -62.682
 567   -2      0.060    -11.797    -65.531
  -1   -2     10.427      6.123    -60.161
  -1   -2      5.689     -7.406    -66.950
  -1   -2      2.210      1.993    -58.618
  -1   -2     13.230     -4.187    -81.118
 696  595     -5.117    -12.055    -74.429
  -1   -2     -2.732     12.001    -74.164
 331  213      5.437      5.921    -73.871
  -1   -2      8.845     11.228    -66.155
  -1   -2      0.870     -2.251    -65.209
  -1   -2     -4.741    -12.753    -69.521
  -1   -2     -6.818     -7.928    -71.223
 664  499     13.317     -4.322    -66.755
  -1   -2      9.051    -12.704    -75.561
  -1   -2     15.844     -3.744    -64.478
  -1   -2     -1.917      5.191    -56.781
  -1   -2      6.060     11.089    -75.843
  -1   -2     -2.658     -8.283    -61.551
  -1   -2      3.505      3.282    -60.933
  -1  300     11.482     -1.851    -68.186
  -1   -2      0.982    -10.434    -61.341
 461   -2      8.687     -0.822    -59.663
 769  350     -2.540    -10.149    -69.358
 450  801     12.790    -11.637    -71.176
 541   -2     12.639     -5.124    -67.592
  -1  396    -14.920     -0.209    -76.289
  -1   -2     -2.200      4.249    -69.404
  -1   -2      1.455     10.375    -80.835
 624  348      6.781     -3.792    -67.205
 323  205      9.291      3.491    -67.171
  -1   -2    -13.868    -10.367    -67.039
  -1   -2     18.090     11.891    -71.732
  -1   -2      9.762     -6.786    -69.002
 612  785     17.415     11.117    -72.445
  -1   -2      7.589      1.478    -69.963
 643   -2      2.342     11.934    -71.942
 625  787      0.143      4.921    -59.179
  -1   -2    -11.242      1.244    -74.182
  -1   -2      6.904    -12.034    -63.718
  -1   -2     -4.801      4.182    -65.922
  -1  217      1.491    -12.990    -65.361
  -1  621      0.820     11.908    -71.221
  -1   -2     10.871     -9.992    -68.470
  -1   -2     -5.964      1.589    -57.691
  -1   -2      1.044    -11.801    -71.477
  -1   -2      5.487     -7.338    -71.782
  -1   -2     12.173      9.278    -60.554
  -1   -2     10.617    -10.110    -68.668
  -1   -2     -5.163     -1.151    -57.303
  -1   -2     10.077     -7.054    -54.216
 237  767      3.328      8.975    -62.689
  -1   -2      7.148     -7.566    -60.942
  -1   -2     11.192     -0.957    -66.172
  -1   -2     12.934     12.905    -64.905
  -1   -2      2.919      1.345    -61.944
  -1   -2     17.150     -3.273    -65.647
  -1   -2      9.786     -7.645    -65.995
  -1   -2      5.047     -8.229    -69.853
 699   -2     11.483     -0.743    -63.963
  -1   -2     10.019     -3.849    -54.213
  -1   -2     -2.311     -8.817    -56.525
  -1   -2     15.367      5.908    -69.649
  -1   -2      4.944      7.908    -57.976
  -1  596     11.464      8.352    -62.048
  -1   -2     -0.962    -10.278    -76.409
 535  264     12.064     -9.139    -69.033
  -1   -2     13.859    -12.300    -68.407
  -1   -2     -0.889     -8.009    -69.396
 686  667      5.818      9.245    -63.894
  -1  698     12.660     13.151    -63.647
  -1   -2     -7.989      6.804    -62.134
  -1   -2     -2.497      5.225    -62.077
  -1   -2     12.865     -9.205    -66.855
  -1   -2     -1.135    -10.264    -76.131
  -1   -2      9.317      9.569    -70.913
 695  651     -8.670     -8.098    -66.012
  -1   -2     -5.270     -1.819    -64.125
  -1   -2     -1.790     -0.925    -65.026
  -1   -2     12.637     -3.085    -55.905
  -1   -2     -8.886     -7.110    -60.633
 791  794     -3.563      5.737    -77.747
  -1   -2     -0.553     10.497    -54.022
  -1   -2    -10.764     -2.679    -76.449
 301  329     15.319      2.054    -66.981
  -1   -2     10.566     -7.020    -77.117
  -1  639    -13.439     -0.903    -63.461
  -1   -2      0.313    -12.914    -68.987
  -1   -2    -10.114      1.731    -77.946
  -1   -2     17.067     -7.691    -67.216
  -1   -2      4.223      9.985    -52.719
  -1   -2     -0.495     -4.024    -57.276
  -1   -2     -9.875      4.628    -59.980
  -1   -2     13.669      9.896    -63.048
  -1   -2     11.013     -7.866    -79.401
  -1   -2      1.524     -3.347    -60.512
  -1   -2      3.642     -8.220    -78.793
  -1   -2     16.943    -12.490    -74.270
  -1  408    -14.393    -12.105    -76.510
  -1   -2      7.435    -13.247    -65.344
  -1   -2     -2.298      0.655    -71.808
 355  326     13.020     -7.642    -65.261
  -1   -2     -7.569     11.894    -61.926
  -1  333      6.364     10.268    -65.249
  -1   -2     -2.653     -9.990    -72.363
  -1   -2     -3.113    -11.209    -63.021
  -1   -2     -2.494     10.312    -78.295
  -1   -2      3.680     -7.035    -72.898
  -1   -2      2.184      9.912    -53.052
 723  593    -12.738    -11.978    -77.159
  -1   -2    -11.762     -5.378    -70.026
  -1   -2     10.106     -2.525    -54.251
  -1   -2      4.916    -10.734    -62.620
  -1   -2     -4.512     12.443    -65.257
 343   -2      2.408     -3.171    -67.639
  -1   -2     -3.185     11.618    -63.727
  -1   -2    -12.700    -12.463    -70.688
 714  616    -12.616      7.849    -73.207
  -1   -2      9.678     11.159    -81.091
  -1   -2     -2.313     11.561    -71.598
  -1   -2     -0.127      5.618    -65.826
  -1   -2     -2.681     -2.126    -56.507
  -1   -2    -14.008     -0.643    -66.934
  -1   -2    -10.322     -9.311    -76.540
  -1   -2      2.390      8.740    -73.075
  -1   -2      5.344      7.090    -58.091
  -1   -2      1.229     -6.620    -82.144
  -1   -2     14.190     -9.869    -60.014
  -1   -2     -0.215     -3.029    -64.003
  -1   -2    -13.446     -0.198    -77.951
  -1   -2      9.272      2.321    -62.769
  -1   -2     12.178    -10.996    -57.680
  -1  672     17.399     -6.246    -72.289
  -1   -2    -14.715     -3.505    -72.429
  -1   -2      5.489    -11.822    -72.992
 168   63     -9.134     -6.929    -70.149
 423  421      2.790     -4.843    -67.746
 109  506      4.342      1.489    -64.933
 780  792      3.898      6.206    -69.179
 442   -2     -6.857     -8.526    -67.823
 160  536     -4.639     -1.413    -76.738
 360  776     -6.741      8.312    -75.722
 118  760    -14.644     13.080    -69.113
 469  779      0.808      3.234    -74.947
 127   -2      3.373      5.716    -67.280
 522  383    -14.486     -9.175    -76.603
 779  308      9.730     -1.314    -62.810
 521   -2      0.436     -3.621    -59.794
 279  802    -12.186      4.868    -66.278
 137  495      1.382      5.222    -76.767
 783   98     -5.592      8.141    -63.281
 226  731     13.805     -8.185    -69.065
 293  338     13.418      8.530    -67.946
 794  648    -14.280     -2.562    -70.612
 462   -2      2.019     -3.988    -69.800
 610  666      0.963      6.370    -76.267
 459  377     -2.093     11.173    -70.753
 786  375     -3.918      3.825    -73.012
 456   -2     -7.691      2.563    -66.411
 604  637     12.116     -3.030    -62.403
 534  782     10.607      0.510    -69.449
 542   -2     10.583    -12.183    -67.465
 607  669      4.043      6.815    -76.579
 425   -2     16.843     -2.899    -63.983
 477  600    -13.656      9.524    -73.074
 601  803    -13.223      4.762    -64.456
 144  761      7.542    -10.131    -68.128
 595  553     -7.607      4.382    -59.959
 317   -2     13.133     10.811    -65.067
 733  679     14.995      0.835    -65.593
 748   -2     -0.210    -11.202    -68.056
 327   -2     -8.298     -7.232    -75.632
 789  793      0.882      9.621    -69.294
 796   -2     -8.554     12.592    -76.257
 797   -2    -16.393      7.178    -74.193
  19  804      0.346     -6.792    -71.984
 247   -2     -1.094     -2.018    -66.994
 276   -2     11.500      2.452    -61.738
 344  339     15.097      8.857    -72.416
 356   -2      3.227      9.623    -68.269
 413  805     -7.805      5.936    -62.003
 552   -2      1.721     -8.085    -76.053
 575   -2     -3.869     -0.261    -70.306
 728   -2     -2.545      0.829    -70.445
 804   -2      7.903    -11.705    -62.553
 806  806    -15.282     10.340    -68.449
 807   -2     19.149     -6.660    -69.783
