805
   0   23      1.405     -0.209    -70.598
 795    1      5.934      4.029    -70.850
 105  407     -3.024     -0.783    -74.982
  19   62      6.762     -2.796    -72.482
  12    9      9.269      7.403    -69.028
 379    8      5.880      6.548    -69.514
  27   12     -2.066      0.425    -74.234
  79   97     -8.100      2.165    -71.842
   3   40     -3.723    -10.725    -72.475
  17   21     -9.687      2.229    -72.948
 124   42     -0.743      0.870    -65.822
 258    4      2.516     -4.386    -72.683
  37   10     12.267     -0.427    -72.505
 401    2     -0.184      7.554    -71.751
   2   25     -0.916      6.815    -71.679
  29  231     -2.547     -5.041    -69.309
   7   24      3.163      0.452    -68.489
 373  400     -6.556     10.028    -74.567
   9    5     -0.160      2.372    -72.889
 372   19      4.700      0.898    -68.897
 109  467      1.658      1.105    -70.863
  16   16      7.154     -1.456    -68.567
 142    7     -3.089     -4.625    -73.482
   1   45     -1.617      8.121    -69.760
 371  238      8.237      7.767    -71.540
 114  757      9.767     -5.879    -73.228
  13   33      2.937     -6.071    -73.386
 183   15     13.679     -1.133    -70.413
  42    3      8.293      6.486    -68.423
  24   35     -5.038     -4.369    -68.474
 534  141      8.108     -4.893    -66.547
  49   -2    -11.914      3.127    -66.620
  40   82    -11.426      2.713    -71.586
  -1  384      1.499      5.885    -67.465
  32   20      6.656     -2.300    -67.503
   4  385      3.138      5.972    -72.280
  57  372     -6.753      5.811    -71.092
   6   22      1.894     10.322    -70.019
 412  421     -7.654     -3.706    -68.586
  31  105     -5.336      3.974    -69.368
  30   39     -6.778     10.391    -66.005
  35   98     -5.376     -4.434    -71.598
  81   38     -2.614      1.474    -66.089
  11  373     -2.937      2.570    -70.443
  72   46     -2.923     11.311    -73.973
 122    6     -3.147     10.010    -71.300
 106  403     -3.447     -0.472    -66.851
  47  170      2.835      8.090    -66.293
 178   74      4.417     -4.072    -68.979
 833   58     -2.153      7.292    -62.672
 813  244     -8.571      0.563    -61.989
  15  391    -12.673      0.122    -71.416
  67   52    -14.099     -3.297    -68.195
   5   87     -3.051     -2.336    -69.519
 134  208    -15.044      6.243    -74.102
 231   31      3.432     -0.274    -66.998
  64   51     -8.796      6.075    -64.619
  -1  399     -5.002      2.267    -69.089
  73  178      6.050     12.569    -66.855
  58  755      3.617      7.519    -64.977
  80   36     -6.394     10.244    -63.582
 823   47     -7.620     -5.760    -67.241
  -1  446      3.857     -2.750    -63.461
  48  386      3.638      6.438    -67.691
  62   -2     -0.678      9.076    -63.969
 467  441      6.541     -3.503    -64.366
  60   61     -6.888     12.561    -67.173
  71   64     -5.747     -3.659    -67.484
 100   67     -9.585     12.223    -65.675
  23  382     10.332      1.982    -68.786
 318  768     -6.322    -12.016    -72.891
  20   27     -6.117      4.360    -68.167
  46  243      3.847     -5.889    -68.630
 424  190      2.594      8.138    -75.762
  66  237      6.436     -1.683    -64.669
  18   14     -9.383      0.346    -77.370
 785   13     -4.206     -3.128    -69.588
  28  230      0.909     -8.461    -75.792
  26   76     -8.479     -7.127    -68.508
 207  472     -7.163      3.826    -61.953
  50   60    -14.711    -11.582    -72.485
 466   44     -3.115      7.240    -68.035
  38  171     14.882      9.173    -71.793
  78  165    -11.763     -2.223    -73.866
 484   59     -5.495      0.734    -65.809
  85   85      7.485     -7.065    -66.030
 116   92     -1.611     -1.767    -67.853
  74  422      6.896     -9.520    -63.795
 147   91     -5.243     -3.091    -69.052
 119   90     -5.867     -1.434    -63.719
  14   37     -5.109      8.590    -73.381
  41  107     -8.699      8.661    -69.073
 550  489    -13.091      0.861    -69.018
  -1   -2     -3.061      8.280    -65.129
 786   -2     -7.779     -2.859    -64.686
 160   81      7.405     12.836    -65.980
  -1  378     -3.069      3.587    -73.433
 121  158     15.704      5.136    -71.665
 650   66    -15.615     -7.559    -72.558
  52   80    -11.131      7.741    -63.000
  87   93    -10.911     10.699    -66.793
  34  162      8.009     11.612    -71.955
 618  203      0.025     -8.905    -75.647
  -1   72      1.483     -4.191    -73.305
  89  109     -5.652     -0.123    -63.867
  96  135     -4.455    -11.707    -69.561
 157  161    -15.211     -4.836    -71.521
 174   75      3.305     -4.410    -66.765
  94  200     -8.425     -2.577    -68.100
  -1   -2     -0.007      6.090    -62.139
 146   70     13.012     11.711    -67.563
  93    0    -13.155     -6.493    -75.773
 108   89    -10.418      0.934    -65.333
  -1   -2     -9.059      8.215    -54.731
 179  163      6.792      1.342    -69.229
 173  498     10.802      1.939    -64.349
 569   57      1.919     -0.769    -71.083
 370   -2      0.970      2.023    -70.805
 227  121     -7.254     -3.146    -65.478
 369   -2     -8.564     -4.837    -72.888
 166  292     10.124     10.912    -71.287
 112  127     13.661     -7.563    -68.103
  -1  432     -1.921     -4.024    -63.109
 266  525     -8.171      8.397    -74.234
  86  415      8.843      1.135    -63.476
  25   49      7.187      9.641    -70.106
 280  527      7.017      7.057    -73.975
  65  154     -7.403     -7.890    -69.348
 140  130      2.906      8.756    -65.702
 130  143      6.386    -12.451    -67.018
  55  413     -0.555     10.934    -64.456
  98  125     -6.480      6.385    -63.470
  -1   -2     -5.940      6.065    -62.870
 556  351     -1.267      5.922    -67.743
 195  253     -4.366      1.530    -65.661
 131   79     -1.646      9.706    -65.554
 397  137     -3.559      6.158    -76.833
 169  131    -10.847      9.116    -64.661
 186  155      3.796     -8.456    -74.891
 374  152     -9.121    -11.709    -69.007
 103  184     17.764      2.072    -70.269
 295   53      6.336    -12.693    -70.535
 671   99     13.632     -2.314    -70.779
 606   84      8.782     -7.822    -73.773
 430  188     -2.486     -8.874    -63.125
  -1  153     -8.311     10.918    -66.444
 113  110      1.300      2.917    -62.934
 278   69    -11.575     -4.077    -65.932
  61   50     11.709     -2.995    -72.283
  -1  185    -13.137      9.679    -76.491
  69  255      9.591    -10.083    -70.182
  39   95     -2.870     12.096    -70.556
  -1   -2     -1.993      1.246    -60.578
  -1  145     10.286     -5.296    -65.107
  44  433      8.606      3.252    -73.458
 144  267      4.415      3.242    -65.533
 149  536     -7.297      0.602    -71.752
 423  128     -6.154      1.692    -63.816
 428  245      9.749     10.284    -67.466
 136  138     -8.688      4.841    -69.753
 205  142      6.506     -9.205    -64.113
 265  205     -9.502     -2.703    -66.971
  -1   -2      2.143     -2.839    -62.400
  -1  429      3.156    -10.050    -65.155
 554   73      3.432      1.808    -67.049
 270  293     -8.844      6.352    -72.671
  -1  411      0.589      3.132    -72.025
 226  276     -8.892     -2.539    -66.638
 129  172     -9.295     10.967    -66.136
 120  214     -7.488     -1.081    -66.640
 117  308     -4.674     -1.932    -66.139
 118  168     -9.662     -2.716    -61.501
 139  229     16.771     10.299    -71.215
 268  524     -7.184     -7.229    -66.767
  -1   -2      1.699     11.136    -74.739
 591   43      4.217     -7.148    -72.479
  84  102      1.533     -3.207    -67.571
 188  119      3.699     -9.432    -67.194
 488  493    -10.712     -3.426    -75.493
   8   -2    -12.339      6.336    -72.558
  -1  144     -2.270    -11.576    -63.758
 208  115     -5.013      0.387    -68.796
 261  148    -13.764      8.253    -76.691
  -1  492      0.249     -6.730    -62.627
 165  796    -13.560    -11.740    -68.615
 143  468     -8.741      4.432    -60.438
 110  192      3.690     -2.008    -65.789
 128  198     15.564      4.800    -67.425
 127  225      2.100      0.052    -67.167
 260  166    -12.473      5.552    -65.064
  -1   63    -10.015      6.507    -65.861
 580  632      6.421      6.269    -64.172
 248  124    -13.734      9.598    -73.574
 158   96    -12.445      7.790    -69.069
  -1  101      8.229    -12.811    -69.793
 472  126     -2.306      5.291    -74.832
  -1   -2     -2.729     -2.260    -70.331
  -1   -2      3.385    -11.789    -71.437
 297  195      2.306    -10.383    -72.681
 546  133     -0.803      7.485    -68.132
 489  251     12.092     -9.686    -74.916
 215  258    -14.996      7.722    -70.383
 187  217     -9.534     12.936    -66.056
 137  240      8.573     11.083    -70.180
  88  275      9.687      8.835    -71.494
 150  196      8.074      2.482    -65.957
 168  256     10.030     -3.776    -63.035
 525  222     14.642     -4.923    -73.140
 834  223    -13.717      3.461    -66.219
 523  285    -12.913     12.278    -72.347
 167   -2      3.981    -12.091    -66.246
 206  444     14.375     -0.129    -66.966
  -1   -2      1.013    -12.919    -68.235
 252  302      8.871     -2.828    -76.268
  -1   88      3.504     -2.991    -75.717
 800  344     -1.903     -8.120    -62.594
 197  246     -6.753      3.805    -68.102
 788  210      5.468     -9.323    -67.014
 490  259     15.435      9.208    -70.475
 410   -2      2.820     -4.075    -77.797
  -1   -2     -0.558    -12.527    -66.177
  77  358      8.585     -3.101    -71.998
 242  232     15.428     -3.777    -72.185
 246  213     10.179      8.590    -63.892
  59   86     -2.742     11.950    -68.268
 443  189    -10.161     -8.247    -61.573
 200  270    -12.258     -0.498    -68.361
 196  175    -10.138      4.359    -68.380
  54  401     15.299      0.485    -70.854
  -1  278     -0.127    -11.407    -64.365
 214  202    -12.718     11.616    -66.281
 192  281    -12.281      3.681    -66.614
  -1   -2      1.895    -12.145    -64.004
 253  156      9.993     -1.156    -65.358
  -1   -2     -0.716      5.009    -61.283
  -1  282     -0.023      7.376    -63.794
 177   -2     -2.320     -5.009    -72.189
  95  248     13.918      1.516    -71.597
 235   -2      0.830     -7.879    -62.534
 312  340     -0.992      6.006    -65.408
 621  639     -3.306      7.764    -65.475
 271  181     -9.342      6.139    -70.520
 132  252     -6.102     11.225    -67.433
  -1   -2    -12.558      3.276    -80.977
  -1   -2     -6.284     -9.099    -75.923
  -1   -2      0.186     -6.309    -77.675
 241  288     -8.455      7.798    -74.253
 578  211      8.209     -5.296    -63.922
 329  323     -3.671     -7.524    -67.501
 267  764     -4.392      7.574    -66.509
 334  197     -5.621    -12.194    -72.159
  75  695      5.229    -10.261    -71.547
  -1   -2    -13.213    -11.615    -74.499
 244  219     10.183     -2.144    -69.734
  -1   83     -3.604      4.931    -65.548
  -1  266      6.535      4.705    -64.056
  -1  461     -8.167     -6.738    -63.723
 507  560     12.824     -3.630    -75.492
 357  199     13.014      0.804    -71.928
 560  332      5.901    -12.233    -72.558
 234  179     -5.774    -10.189    -72.966
 348   -2     13.980     -6.366    -74.330
 182  241      6.938     11.410    -70.816
  -1  160      8.400      6.271    -71.153
 238  122     -9.310      9.628    -67.465
 599  314     12.248     11.085    -72.711
 315  375     -4.874      6.136    -71.770
 156  206      4.157      9.553    -71.599
 237  194     -0.658     -1.491    -64.185
 342   -2      5.845    -10.967    -75.839
 337  331    -13.019     -3.652    -70.159
 204  123    -14.367      7.979    -71.727
 829   -2     -6.697     12.043    -75.341
 316  683      4.931     -2.409    -63.823
 255  239      0.051     -7.684    -67.885
 510  583    -14.587      8.070    -75.895
 347  770     12.479     11.628    -63.880
  -1  481     -0.284    -13.084    -65.279
 209  294      7.268      9.349    -74.442
  -1  268    -10.948    -10.923    -72.002
 224  182      6.756     -8.882    -66.427
 230  333      8.309     -6.606    -70.326
  91   -2    -10.953     -5.542    -72.031
 321  336    -11.556      9.820    -69.877
 504  304     13.690     -6.401    -66.623
  -1   -2    -13.401      7.202    -75.786
 296  116     -9.468     -0.581    -68.119
 264  262      9.410      3.893    -62.738
  -1  226     -2.577     -7.517    -64.698
 245  247      0.791     -5.287    -61.290
 633  545      4.527    -11.525    -64.597
 468  533      8.347      8.740    -62.372
  -1   -2     17.551      9.411    -71.222
 307  318      8.062      4.874    -65.961
 259  291    -13.997     -5.886    -69.331
 216  365     -6.054     11.806    -65.269
  -1  271      0.983     -2.288    -75.742
 202  224      2.315     -1.136    -63.915
 336  703     16.280     -7.014    -72.395
  -1   -2     -4.634     -3.613    -74.487
 123  193      1.005      1.977    -74.450
 203  277     -6.590     -6.036    -68.753
 327  204     10.843      9.013    -68.699
  -1   -2     -0.431      6.802    -75.125
 211  591      4.364    -12.443    -66.756
 184   -2      0.191      3.412    -74.667
 323   -2     15.867    -10.577    -71.370
 608  582    -15.308    -10.327    -71.823
  -1  287     13.033      5.673    -73.881
 163   -2     -5.763     -0.086    -74.426
 292  300      7.924      8.128    -66.344
  -1   -2     -5.257      4.403    -62.764
  -1   -2      2.253    -13.104    -66.990
 396   30     13.788     -2.646    -74.117
  -1   -2     -1.898      5.444    -63.135
  -1  603    -14.952      2.007    -73.475
  -1   68      4.468     -5.257    -66.835
 553  261     -9.379      8.892    -64.534
 669  306     15.933      7.519    -65.353
 506   -2      3.083      1.761    -60.016
 229  307     14.532      4.914    -64.564
 287  305     13.476      2.866    -64.704
 170  759     -5.117      7.882    -76.319
  -1  272     -1.654     -5.562    -72.813
  -1   -2      2.701     -2.706    -69.228
 283  654    -10.018     -2.185    -61.292
 612  438      6.347    -11.413    -74.456
 328  326      7.500     -8.109    -65.678
 282  330    -14.562     -8.908    -71.986
 421  334     -6.208      8.482    -75.175
  -1   77     11.840      2.016    -72.102
 509  183     15.215      3.691    -70.521
  -1   -2    -10.960     11.479    -76.154
 584  321     -6.674     10.921    -74.617
 320  298      9.738      3.298    -63.394
  -1   -2      3.138      5.525    -66.036
 496  342     13.688      1.141    -62.574
 299  707     -1.011      1.189    -65.592
 600  484     10.869      9.572    -75.796
 274  325      6.063     -7.840    -66.241
  -1   -2     -8.567     -2.529    -59.324
 344  324     15.198      4.167    -63.625
 346  636     14.634    -12.476    -73.325
  -1  528     13.975     -2.329    -65.278
 790  311     13.233      3.734    -72.370
 289  316     12.241      4.388    -66.612
 314  328     -5.423    -11.042    -67.394
  -1   -2     -6.553     -6.965    -77.804
 341  769     -7.404     10.058    -66.862
 559   -2     -1.942     13.163    -62.872
  -1  279      8.767     -8.300    -68.985
  -1   26     -6.380    -11.615    -71.016
 366  353      0.202     12.199    -65.307
 643  151      9.808     -3.151    -71.239
  -1   -2     -5.690     -4.342    -61.089
  -1   -2    -14.111      3.872    -71.084
 356  772     13.136     -1.519    -63.468
  -1   -2      9.426     10.667    -74.552
  -1  312     14.677      6.264    -64.197
  -1   -2      5.772      2.770    -73.020
 313  767     -7.050      9.285    -68.231
  -1  609      7.455     -2.939    -75.007
 262  364     -6.281      8.589    -68.294
 697  485      4.473      8.030    -71.777
 706  645     11.245      8.783    -68.692
  -1   -2     11.459      4.972    -62.975
  -1   -2    -10.834      1.289    -60.188
 360  370      9.847      4.320    -65.406
  -1  354      0.932     -5.713    -65.874
  -1   -2     -8.021    -10.538    -79.157
 355  700     -9.959      8.701    -67.053
  33   41      2.268      6.216    -70.028
  22   11      1.207      7.872    -71.861
 376   -2      6.154     -3.477    -73.128
 148  397    -11.197      3.908    -69.890
  -1   -2     -3.556     -0.565    -72.124
  10   34      7.385      0.134    -68.943
 180  380     -6.781     10.498    -70.465
  -1   -2     -3.553     -5.198    -60.132
 138   -2      4.431      3.593    -62.650
  83   18     -2.619     -5.450    -72.022
  -1   -2      1.711      8.687    -70.065
 429  387      1.776      4.675    -59.831
 193  176    -11.371     -6.761    -68.663
  -1  393     -7.062     -0.902    -64.471
  -1   -2      0.208    -11.323    -60.627
 107   54      3.262     -6.495    -65.787
  -1   -2     -3.153     -3.813    -83.601
 448  317      5.538     -0.215    -72.096
  -1   -2     -4.064      0.512    -53.777
 381  627     -0.565     -9.941    -75.379
  68  483      7.869    -10.992    -65.956
  -1  634    -13.213    -11.006    -66.029
 461  186     10.564      6.939    -64.185
 395  228     -3.643     -3.879    -71.395
  97  104     -4.649     -6.146    -66.412
  -1   -2     -5.442      0.227    -78.858
  -1   -2     -6.650     -9.908    -59.182
  -1   -2     -9.752     -5.796    -55.402
 115  404     -3.682      9.818    -64.453
 543  106     -7.605     -9.658    -68.332
  -1   -2      8.201     12.903    -64.392
 385  410     13.673     -9.624    -67.372
 419  395     11.369     -5.397    -62.778
 233  147      6.147     -5.226    -69.434
 409  379     -8.410      7.118    -63.148
 508  781    -14.506     -5.176    -67.042
  92  419     -9.709      2.269    -69.440
 431  424     16.133     -5.428    -66.242
 111  797     -5.595     -4.474    -63.711
  -1  538     -6.885     12.560    -63.658
  -1   -2      3.302     -6.311    -60.832
 447  445      6.401     12.394    -73.342
 558  406      6.781      4.361    -66.371
 425  149    -13.317      3.853    -67.748
  -1   -2     -1.489     -6.744    -61.439
  -1   -2     -0.513      2.776    -60.281
 386   -2      3.903     10.511    -72.216
  -1  554    -15.888      5.559    -71.379
  53  392      2.871      7.333    -63.837
 141  758     12.264     -3.804    -67.920
  -1   -2     -0.913     -9.111    -67.336
 189   -2     -8.432     -0.485    -61.702
  -1   -2     -2.066    -11.979    -66.780
 442  212     -4.642    -10.247    -61.346
 104  140      6.277     -3.566    -69.116
  -1   -2      4.652      8.186    -75.230
 828   -2     -1.941      8.114    -67.216
  -1   -2      1.565      1.302    -63.549
 477  435      1.411     11.697    -63.368
  -1   -2     -4.504      9.478    -63.392
 473   -2     -1.236     -3.767    -71.457
  -1   -2     -1.887      3.398    -58.957
 480  426      0.686    -13.057    -64.432
 453  394     11.414      3.137    -63.000
  -1   -2    -10.146     -1.574    -64.968
 644  691     16.212     -1.806    -71.262
  -1   -2     -7.449     -2.245    -60.586
  -1   -2      5.289     -1.579    -53.828
  -1   -2      8.294      0.736    -64.860
  -1   -2     10.707    -10.474    -64.550
 432  437     -9.368    -10.007    -60.334
  -1   -2      1.276     -6.654    -70.920
 524   -2     15.123      7.506    -62.925
  -1  539      2.425     13.170    -63.247
 325   -2     11.630      7.298    -66.557
 380  775      2.322    -10.063    -63.588
  -1   -2     -3.739      3.651    -68.530
  -1  169     -8.053     -0.612    -67.021
  -1  108     -3.451     -3.020    -64.586
  -1   -2      7.739      2.573    -55.986
  -1   -2     -5.143    -10.393    -58.253
 414   71     11.986      4.861    -67.375
 194  134     -3.852      3.319    -67.650
  63  220      2.607      3.200    -73.523
 400  289     -4.018      5.401    -72.594
  -1   -2     -4.856      2.782    -60.997
  -1   -2      3.342      5.159    -57.701
 217  159     10.463     -3.355    -70.978
  -1   -2     -5.307     -9.218    -81.559
  -1  515      9.063     -3.780    -61.637
  -1  388     -4.779     10.671    -73.798
 465  459      2.167     -9.963    -76.578
 210  337     -4.472      1.723    -67.126
  -1  477     -9.369    -10.535    -59.748
  -1   -2     -7.439      6.029    -78.882
 276  662      2.133      9.743    -61.396
  -1  420     14.011     -9.705    -64.406
 402   -2     10.990     -3.620    -62.100
 427  519     -3.827     -8.302    -64.192
 387  290     -7.095     -0.978    -63.215
  -1   -2     -4.330    -12.518    -74.640
 579  787      6.668     -4.869    -69.198
  -1   -2     16.261     -4.721    -75.005
  -1  466     12.332    -10.382    -64.379
 479  520     -4.585     -5.456    -58.774
 198  470     -3.273    -11.299    -63.349
 456  405      6.059     -4.269    -65.258
 433   -2      5.202     -9.051    -71.390
  45  118      2.409      6.864    -64.570
 577  416      5.909    -11.033    -67.238
 459  598     -4.553     -7.900    -67.253
 263  414     17.708      3.850    -68.379
  -1  216      3.488     -7.519    -61.803
 485  440     10.914     -7.419    -71.033
  -1   -2     -8.648      7.278    -64.550
 491  456     -4.705     12.147    -61.464
  -1   -2      7.486     -0.095    -75.020
  -1  180     -9.007    -12.203    -64.677
  -1   -2    -13.423      1.735    -76.932
  -1   -2    -13.834      6.178    -70.168
  -1   -2      7.577     -6.614    -53.028
  -1   -2      7.229     -8.939    -55.345
  -1  460     -6.822    -11.742    -63.203
  -1   -2     -5.757     -6.658    -57.065
  -1   -2      8.953     -5.997    -73.307
  -1  640     -2.573      8.972    -74.140
 133  471     -8.782     10.032    -63.186
 306   -2     -2.374    -10.186    -70.508
  -1  535      6.881      9.856    -60.712
 339  347      3.528      9.283    -71.742
 497  233     -1.273     -0.334    -64.973
 802  453     -9.377     -8.932    -64.132
 781  615      0.152      6.286    -72.013
  51  462     -4.607     -2.418    -70.700
 494  780    -10.391     -5.721    -64.965
  -1   55      5.695      9.903    -75.990
  -1   -2      0.762      5.603    -75.134
  -1  657      1.372     -9.584    -75.017
 548  187     -9.158      6.495    -67.155
  -1   -2     -6.167      4.140    -75.918
 175  157    -15.767     -9.185    -72.616
 481  778     11.591    -12.444    -67.213
 471   -2      2.622     -2.704    -59.990
 782  313     -5.076      9.927    -71.704
  -1  443     -3.166     -6.818    -77.531
 512  309    -14.938      4.640    -69.217
  -1   -2     -1.295     -5.187    -59.854
  -1   -2     -1.962     -0.551    -65.939
 627  788      3.051      3.611    -60.758
  -1   -2      6.023      0.505    -75.910
 102  518     -0.462      9.289    -73.319
 317  257     -0.380     -4.673    -67.065
  -1  447      5.135     -7.625    -71.361
  -1  207    -13.490      9.209    -70.840
 422   -2     -6.085     -4.208    -66.684
 575  473     15.122     -8.624    -72.008
  -1   -2     -2.446     -5.163    -63.995
 446  798     -4.918     -2.963    -61.427
 503  146    -14.930     -1.494    -68.659
  -1   -2     -7.469      4.663    -65.054
  -1  389     -3.253      4.494    -72.125
  -1  465     12.801      7.588    -65.636
 247  763      4.040     -3.108    -64.563
 517  491     -7.592     -5.058    -78.107
  -1   -2     10.678      2.138    -59.614
 243   -2     -8.320      0.284    -76.929
 514  506    -10.332     -3.157    -59.628
 538  552     16.047    -10.113    -67.100
 665  799     16.850    -11.669    -67.982
 135  221      0.964     -3.602    -74.033
  -1   -2      2.258      5.732    -60.284
 404  191      8.015    -12.290    -68.147
  -1   -2    -12.025     -0.670    -75.288
  -1   -2    -10.291      5.831    -69.378
  -1   -2     13.484     -1.504    -55.590
 714  791      1.928     -0.390    -63.050
 515   -2     -9.259     -2.609    -58.679
  -1   -2     -9.631     -8.820    -74.901
  -1   -2    -11.914      2.019    -74.184
  -1   -2     -9.208      3.230    -52.086
  -1   -2    -10.151    -11.918    -65.306
  -1   -2     -5.813     -8.183    -74.891
 350  597     -3.001     12.122    -65.186
 806  500     13.703     10.155    -66.353
 310  573      6.729     10.371    -71.379
  -1   -2     16.231     12.441    -68.860
  -1   -2     -1.475      8.871    -54.667
  -1   -2     -3.470     -1.951    -74.007
  -1   -2     -4.054     10.244    -53.880
  -1   -2     11.274      8.044    -64.194
  -1   -2     -3.078      8.649    -59.322
 501  622     -1.558     10.322    -56.311
  -1   -2     -2.140      5.205    -66.803
  -1   -2    -15.007      9.409    -79.086
  -1  526      5.769     -2.965    -64.446
  -1   -2      1.128     -6.977    -70.911
  -1   -2     -3.150      3.196    -66.061
  -1   -2     -4.591     13.395    -63.687
 286  626     13.010      8.472    -64.598
 526   -2      7.808      5.633    -61.396
  -1   -2     -7.166     -7.492    -60.209
  -1   -2     -4.281     -7.581    -74.092
  -1   -2      8.834     -9.179    -60.754
  -1   -2     -4.136     -6.400    -72.788
  -1   -2      2.887     -1.799    -75.636
  -1   -2     10.600     -6.871    -65.336
  -1   -2     -7.055     -2.761    -77.835
  -1   -2     -4.461    -12.545    -63.764
  -1   -2     -5.390     -9.555    -65.118
  -1  273      2.771    -11.483    -63.452
  -1   -2      9.211      9.305    -65.267
 290  766     13.613     -4.934    -72.501
 383  776    -10.587     -1.578    -79.673
  -1   -2     -2.794      3.514    -60.399
  -1   -2     -3.330     -2.770    -63.714
 363  773      0.773      6.476    -69.229
 723  734     12.817      6.178    -63.578
 588   -2     -7.110     -2.841    -62.599
 236  301      8.300      6.864    -62.926
 298  327     15.388     -7.001    -68.841
  -1   -2     -5.024      7.636    -77.480
  -1   -2      6.438     -8.806    -61.955
  -1   -2     10.763      4.498    -74.039
  -1   -2     -1.765     -5.961    -68.602
 460  286     -6.494    -11.250    -65.809
 470  777    -14.472     -3.992    -66.922
 549   -2      5.471     -5.236    -78.047
  -1  544     -4.477    -10.837    -66.304
 555  785     11.973     -3.465    -63.763
 663  664     12.725     -5.840    -74.228
 626  274     16.395     11.481    -71.006
 592  559      4.774      9.079    -71.714
 827  139     -4.646      1.536    -63.433
  -1  448      7.028      0.060    -60.583
 755  283     10.334      0.554    -65.388
 519  516     14.851    -10.529    -67.866
  -1   -2    -16.534     -7.730    -73.966
  -1   -2     10.989     -0.335    -62.609
 474   -2     16.261      8.191    -69.936
 593  530     -5.418     12.056    -66.340
 239  762     11.067    -12.829    -70.594
 319   -2     13.577     -2.074    -71.713
  -1  553      7.961     -8.437    -62.465
 345  673     17.434     -5.840    -71.351
 628  789      1.867     -4.601    -61.351
 561  319     11.488     10.668    -66.036
 529  322     15.581     12.411    -70.543
  -1   -2      9.579     10.562    -60.803
 279  503    -15.066     -5.088    -72.158
  -1   -2     -3.376     -4.578    -87.140
  -1   -2     10.309      1.311    -61.577
 831  580     -9.139     -0.303    -64.204
  -1  569    -12.984     10.279    -64.948
 171   -2    -11.415      0.179    -63.678
 658   -2    -14.273     -5.025    -67.477
 832  605     12.171    -11.487    -64.187
 311  280     16.146      7.179    -68.544
 719   -2      4.306      5.829    -59.792
 547   -2    -13.691      0.641    -69.912
 809  295     12.807     -7.100    -68.680
  -1   -2     -7.350     10.212    -54.941
  -1   -2     -6.842      8.488    -55.793
  -1   -2      5.600      0.891    -54.719
  -1   -2    -10.033    -10.535    -58.120
 250  263      8.475     -3.543    -64.787
  -1  249     -7.596     -1.201    -68.241
  -1   -2     10.000      1.774    -57.274
  -1   -2     17.369      7.300    -73.281
  -1   -2      5.653     11.956    -58.825
  -1   -2     -8.136     -7.379    -53.465
  -1  541      5.013      3.163    -64.309
  -1   -2      9.403    -11.245    -58.126
  -1   -2      3.755      4.512    -61.425
 551  584    -14.071      3.114    -65.804
  -1   -2     12.585     -8.437    -55.117
 257  633     13.418      0.199    -70.427
 645  589     -6.968      9.511    -60.237
 361  529     15.399     -3.989    -66.597
  -1  629     16.744     -9.107    -66.259
 232  352    -11.422    -11.735    -74.045
  -1   -2     -8.527     10.180    -78.356
  -1   -2      9.793     -0.951    -58.458
  -1   -2      0.017     -0.700    -51.897
  -1   -2     15.024     10.049    -63.551
  -1   -2     -7.767      2.255    -56.046
  -1   -2      0.081      4.556    -55.026
  -1   -2    -10.050     11.605    -79.364
  -1   -2      5.345     -3.578    -58.556
  -1  335     15.817      8.409    -65.184
  -1   -2     17.710      9.528    -69.258
  -1   -2    -12.615     -8.409    -74.774
 649  663     14.602    -13.005    -65.604
  -1   -2      0.133      6.767    -75.024
  -1   -2     -1.451     -7.616    -56.034
 772  610     -2.921      6.693    -70.581
  -1   -2     -6.149    -10.189    -67.388
  -1   -2     12.527     -8.241    -68.668
 358   -2    -13.222      1.396    -68.374
  -1   -2     -5.931      2.296    -60.547
  -1   -2      0.802    -12.661    -70.529
  -1   -2     -7.909     -9.215    -62.814
  -1   -2     -9.390    -11.505    -61.223
  -1   -2    -16.077     -1.205    -71.999
  -1   -2      6.924      4.225    -59.785
  -1  296    -13.964      5.830    -67.605
  -1   -2      6.776     -7.342    -73.949
  -1   -2     -4.433     10.456    -74.327
  -1   -2     11.745      5.046    -75.748
 254  486     13.615     10.392    -70.277
  -1   -2     11.038     -8.027    -57.840
  -1   -2     -8.184      8.855    -56.324
  -1   -2    -12.918      1.376    -67.727
  -1   -2     -9.502      7.140    -64.467
  -1   -2     14.988     -9.206    -81.911
 540   -2     16.798      2.056    -66.229
  -1   -2      8.945     -7.760    -64.210
 557  786      6.385     -5.029    -76.665
 653  619     10.553     -5.898    -66.359
  -1   -2      3.351      2.400    -53.361
  -1   -2    -13.240    -12.136    -69.087
 352  771      3.519      6.736    -65.335
  -1  699    -13.913     -7.759    -75.830
 353  357     -1.732      9.298    -74.050
 576   -2     17.781      3.010    -70.598
  -1   -2    -11.641     -4.147    -74.819
  -1   -2    -11.185     -9.445    -82.814
  -1  672     -9.069      9.572    -74.738
  -1   -2     -8.880      9.576    -75.556
  -1   -2     -9.490     -8.181    -87.603
  -1   -2     -9.877      6.741    -68.171
  -1   -2     -5.070     -1.665    -75.143
  -1   -2     -8.556     -9.967    -60.487
  -1  590      7.138     -4.074    -71.273
  -1   -2     -2.813      0.366    -68.209
  -1   -2      3.905     11.412    -59.969
  -1   -2     10.162      4.725    -74.059
  -1   -2     15.774     12.713    -66.058
  -1   -2     -1.454      4.731    -71.563
  -1   -2      8.837     -9.603    -57.601
  -1   -2     15.934    -12.032    -72.562
  -1   -2     11.850     -9.966    -60.240
  -1   -2      2.950    -11.922    -72.972
  -1   -2      1.984      1.981    -82.531
  -1   -2     -8.496     -0.559    -57.772
  -1   -2     -2.686      6.740    -85.872
  -1   -2      3.827      7.130    -59.601
  -1   -2     -9.440    -11.584    -71.485
  -1   -2     -6.968      8.294    -68.850
  -1   -2     -1.015      1.372    -58.942
  -1  360     -7.559      7.144    -74.865
 659  697     13.568     -5.511    -65.951
  -1   -2    -12.692     12.159    -69.190
  -1   -2      6.738     12.065    -69.680
  -1   -2     14.413     -6.705    -60.132
  -1   -2     12.343      7.959    -61.372
 677   -2     -1.344     -9.838    -68.529
  -1   -2     -9.077      1.923    -58.852
 616  621     15.769     -8.902    -64.782
  -1   -2    -13.775      2.667    -65.798
 744  690     15.292      2.258    -62.289
  -1   -2     -3.653     -9.181    -65.614
  -1   -2    -10.516    -11.515    -71.009
  -1   -2      9.598     -0.228    -57.256
  -1   -2     -4.480     -9.603    -59.338
  -1   -2     -2.452     -9.460    -60.300
  -1   -2      5.897     10.586    -54.653
  -1   -2     11.006     -2.937    -66.179
  -1   -2     -4.096      8.683    -61.208
  -1   -2     14.223     12.668    -69.401
  -1   -2      5.308     -0.364    -61.014
  -1   -2      0.535      2.086    -69.039
  -1   -2     -5.124     -5.523    -69.753
  -1   -2    -11.548      5.829    -64.262
  -1   -2     12.668     -2.337    -62.119
  -1   -2     10.155     10.146    -57.133
  -1   -2    -10.986     11.348    -60.581
  -1   -2     -2.022    -11.299    -67.939
  -1   -2     12.112     -3.432    -67.251
  -1   -2     -5.697     -6.970    -71.768
  -1   -2      1.790     -7.066    -62.692
  -1   -2     10.637     10.167    -73.050
  -1   -2      7.300     -4.736    -76.534
 640  800     -6.054      9.047    -68.238
  -1   -2      8.871      8.276    -63.403
  -1   -2      4.294      3.950    -73.487
  -1   -2    -10.829     -6.379    -58.164
  -1   -2     -9.332     -9.817    -61.672
  21   -2     -0.801      3.272    -73.089
  36  754      6.915      5.396    -63.789
 454  479     -6.626     -5.836    -66.885
  90   -2     11.710     10.531    -64.667
  99  113     -7.538      6.413    -64.064
 125   94     -9.185      3.679    -70.164
 637   -2     -7.632     12.112    -60.523
 437  801      6.669      3.903    -66.877
 272  765      5.965     10.343    -73.653
 450   -2     15.360     -6.833    -74.681
 145   -2      1.292     11.609    -76.229
 624  802    -15.731      7.189    -74.840
 164   48      7.043     -6.540    -72.590
 221  174    -13.169      6.185    -66.540
 277  602      8.110      0.902    -65.992
 249   -2     -9.263     -8.214    -71.043
 300  310     -4.303     12.331    -66.650
 309  549     15.718     -9.357    -69.025
  82  756     -1.510      0.165    -69.074
 185   -2      8.629      5.101    -65.188
  -1   -2      6.448     -8.469    -59.611
 793   -2     -6.954      1.319    -67.026
 808  792      0.832     12.594    -62.594
 527  303    -13.849     12.579    -67.188
 303   -2     -6.922     -6.315    -68.500
 532  782      8.931      8.935    -75.012
 483  779     -1.156     -1.733    -60.704
 804  674      9.153     11.280    -71.485
 536  783     12.048      9.170    -61.956
 681  790     18.388     -5.072    -67.883
 635  499     17.846     -7.765    -74.704
 674  260     -5.676      0.246    -72.911
 273   -2    -12.938     10.169    -64.916
 589  349      7.221      1.565    -61.612
 815   -2     18.081     -7.230    -67.583
 368  774     -4.510     -7.731    -72.843
 760   -2     12.451     -2.509    -58.403
 797   -2     13.515     -3.839    -77.077
 810  793     -9.495     -7.650    -74.390
 818  794      8.057    -10.578    -74.284
 819  795     15.437     -3.688    -74.452
 101  803    -10.664      1.647    -68.514
 228  804      9.640     -1.771    -72.658
 330  805     15.931     -0.542    -76.006
 753   -2     13.130     -3.103    -64.115
 822   -2     -3.898      7.843    -60.486
 826  343     11.287     10.335    -73.374
