829
  14    1     -9.409      2.424    -73.286
   3   55     -1.156      7.424    -72.208
  22    3      2.138     -3.557    -72.941
  19    0     -6.451      5.988    -71.301
   0   44      6.054      4.332    -71.181
  75   30      4.181      8.499    -72.116
  33   59      2.450      6.739    -70.575
   7   54    -12.425      6.631    -72.567
  38   10     -3.555      9.452    -71.347
  10   65      5.923      7.189    -69.910
   9   12      7.703     -0.598    -69.073
  31   18     -4.838      1.134    -68.348
   6   28     -0.464      8.176    -72.382
   8    4      5.205      2.173    -69.657
 363    6      1.682     10.774    -69.994
   4   22    -10.924      2.868    -71.780
  -1    8    -10.832     -4.701    -71.357
  37   37     -4.497      2.545    -69.116
 197   25      7.868      8.363    -72.224
  55   42     -6.591    -10.644    -70.804
  25   31     -5.986      5.168    -68.308
 380   13      4.054      7.489    -67.866
  29    7     -3.443     10.588    -71.764
  40   70      7.979     10.903    -70.707
  24   29      3.774      0.949    -67.455
  16   19     -3.936     -2.601    -69.702
  -1   68      2.742      8.155    -64.970
  20   16      3.387      1.558    -69.082
 115  101     13.237      1.249    -72.478
  47   45     14.028     -0.713    -70.745
 813   52      2.813      6.427    -72.956
  34   95     -7.227     -2.630    -68.384
  39   49      3.996      2.687    -67.448
 541   -2     -3.823      5.896    -72.813
  46   66     -7.719      0.027    -66.237
 103    5     -2.484      3.320    -70.128
  61  185     -4.784      4.471    -69.421
  35   23     -8.337     -6.256    -68.252
  18  376      7.314     -1.399    -68.267
  42   73     11.979      5.590    -67.603
  48   -2     -3.216     12.723    -68.402
  -1   17      1.132      1.059    -70.499
 364   26     -3.066      0.956    -66.383
  -1   34     -7.470     -4.622    -77.907
 376   11     -3.250      4.089    -68.049
  32   33     11.387      2.593    -68.811
  49  782      1.815     -1.853    -68.094
  87   43     -4.231      8.518    -66.848
  50   46     -8.670      6.807    -64.419
 702  491      6.004      2.649    -73.989
 114   96     -4.056      2.506    -65.269
 285  387      1.688      2.442    -70.891
  57   39      3.976      9.100    -65.167
 384  378      2.979     -5.294    -73.681
  69   56      3.377     -3.636    -67.544
  53  114      5.687      1.025    -72.633
  68  440     -4.997     -3.182    -71.739
  13   86     -1.001      8.403    -68.995
  36  379      3.827     -5.187    -66.730
 187  113     -3.888     -0.976    -65.619
  -1   -2      2.423     10.259    -77.088
  12   51      9.136      7.968    -69.663
 136   83     -9.581     -6.784    -74.388
  62   20      8.455      6.878    -68.866
 120   63     -7.547     -2.045    -64.247
  -1   -2      1.022      7.466    -62.380
   5    9      6.642      7.084    -74.564
  52   35     -2.899      7.830    -68.088
  59   85    -14.086     -2.109    -68.383
  -1   -2     -9.798     -5.139    -64.895
  78  366    -11.171      4.378    -66.733
  58   76      2.919      9.247    -66.473
 206  442     -5.732      7.218    -63.258
 162  201     -2.614      2.853    -66.135
 110  410      4.896     -4.277    -68.096
  89   47     -3.740     10.420    -69.741
 134   90      7.804     -6.263    -66.420
  90   48      4.398     -2.029    -65.439
 109   87      1.838      3.813    -63.757
 157   64      7.530     11.704    -72.434
  67   57     -9.276     12.873    -66.111
  44  425     -8.483      8.311    -63.206
 362   38     -2.990     -4.193    -73.561
  86   94     -5.058     -3.486    -68.968
 146  785      4.394     -4.802    -69.492
 130  239      1.176      1.438    -66.105
 370   21     -1.107      1.225    -68.599
 105   32      1.412     -3.671    -73.438
 200  381      0.911      8.263    -72.320
 283  510     12.359     -3.475    -68.354
 394  128     -8.005     -1.733    -67.440
 101  784     -1.847     -8.111    -63.385
  93   -2     -8.940     10.045    -68.225
 807  150    -10.189      2.266    -68.179
 170  178     -8.934      0.394    -67.717
 308   36     -3.622     -9.188    -72.763
 128  140      2.874     -9.124    -64.957
  -1   -2     -7.939      2.263    -71.671
 181  820     -0.505      9.931    -64.324
 104  186      9.276      2.367    -64.292
 119  171     -1.588     10.711    -66.072
 171  469     -8.272     11.817    -66.873
 174   92     -0.869     -0.903    -67.341
  76   72     14.937     -8.115    -72.221
  83   79      6.794     -9.003    -63.723
 113  111    -11.000      8.816    -63.141
 139  103      8.448      3.597    -66.718
 122  126     -9.202     -2.195    -66.651
  77  392     -6.284      7.406    -63.612
 214  259     -0.287      6.757    -65.828
   2   53      1.252      3.019    -71.009
  84   14     -4.748      6.529    -72.100
  27  435     -8.391      9.281    -69.627
 204  106     -8.630    -10.624    -69.447
 216   71    -11.519     -2.707    -65.859
 236   62      2.965     -6.256    -68.544
 121  123     -8.949     11.733    -66.609
 102  105     -2.210     -1.310    -71.144
 133  156      0.594     -6.926    -68.865
 412  800      8.603      1.783    -66.833
 371  133    -12.371     12.628    -64.990
  65  125     -6.581     11.357    -63.881
 132   67      8.691     -4.495    -66.711
  -1  385     11.565     -2.951    -72.439
 155  198    -12.257      1.623    -68.962
 776  369     -2.513      5.662    -75.480
 100  312     -1.463     -2.909    -63.610
 423   81      1.350     -7.241    -63.709
 127   97     -5.566     -0.525    -63.150
 137  127      7.336    -12.180    -66.543
 148  183    -11.919      4.692    -66.432
  94   75    -11.384      2.669    -71.701
 195  561    -13.776      4.429    -65.905
  95  104     11.522      2.670    -64.804
 161  169     10.335     -3.423    -63.760
  -1  564      9.301     -1.767    -72.992
 239  420     13.493     -2.430    -74.395
  -1   -2     -0.237      3.934    -60.060
 623  148     -0.192     -0.853    -63.955
 458  136     12.223     -0.292    -72.826
 194  218     -6.460      4.817    -68.272
 213  162     -8.360      1.766    -61.468
  80  408     -5.468     -2.837    -67.562
  -1  191     -2.739    -10.627    -63.794
 182  255     -7.171      4.604    -62.067
  11  424     -4.051     -1.597    -70.219
 244  112     12.392     12.466    -68.419
  -1   -2    -10.118      0.279    -64.981
 144   84     -8.317      4.024    -70.103
  -1   -2    -14.786    -10.477    -72.878
  -1  124      6.687     -2.290    -65.472
 245  165      9.452     -2.769    -71.328
  73  205    -12.062      7.760    -69.018
  -1  248      0.704     -4.039    -76.179
 138  187    -11.102      9.801    -65.025
  81  538     -5.576     12.995    -66.546
 559  262     -3.770      5.570    -65.547
 199  166     -7.001     11.295    -66.625
 153  419      8.501     -9.985    -65.453
 224  118     -3.087     -8.881    -67.834
 427  160    -15.229     -4.465    -71.533
 107  429     -3.362     -2.453    -64.820
 437  427     -3.783     -9.942    -66.780
 301  792     -0.460      2.556    -65.715
  -1  250     -7.784      5.100    -69.790
 259  194     13.889      0.616    -70.817
 169  161    -12.145     -0.025    -67.729
 479   50      4.025      8.303    -75.581
  -1   -2     -5.881      4.824    -53.200
 414  117     -2.315      9.746    -60.116
 420  212     -3.619     11.306    -74.386
 143  206    -10.539     11.020    -67.225
 116  137      4.922      4.592    -65.979
 252  222     15.309     -3.997    -72.647
 287  147     -4.986      5.321    -63.113
 323  151      9.319     10.302    -67.688
 430  199      8.435    -12.700    -69.498
 235  120      5.648      4.148    -64.915
 387   -2      2.988     -2.019    -62.470
 241   -2     15.744      9.210    -71.702
 185  182     -7.050     -0.647    -65.988
  -1  108    -14.465      8.161    -71.900
 405  170    -14.039      8.291    -76.784
 210  145    -13.036      6.611    -66.647
 228  153     -3.670      4.255    -67.531
 411  141      0.461    -10.711    -65.574
 125  217    -12.955     12.186    -72.565
  -1  403    -13.867      9.862    -73.823
 240   -2      4.949      4.906    -63.082
 342  221     -1.646      9.608    -68.029
 234  466      8.804    -11.400    -67.731
 154  149      7.026    -12.518    -70.336
  -1  459      6.864      6.159    -63.727
  -1   -2      7.456     13.287    -66.136
 220  225     -8.538      0.750    -61.141
 397  285      2.978      9.999    -65.763
 417   74     13.816     -1.981    -71.149
 180  138     -1.024      0.503    -64.974
 150  164     -1.724      1.059    -74.420
 263  529      7.258    -10.304    -67.115
  70   -2      2.020    -11.393    -70.159
 317  159      0.774     -3.512    -67.626
 275  143     -1.765    -11.054    -64.772
  97  372     10.043     -3.044    -71.060
 636  122      4.459     -1.591    -64.130
  17  430    -12.187      0.576    -71.764
  -1   -2     -6.956     -9.213    -74.160
  -1  196      4.213     -5.560    -62.192
 769  216     -7.322     -4.823    -67.401
  -1   -2     -2.380      0.064    -76.497
 149  132     -6.795     -7.031    -69.542
 131  139     -3.997      6.300    -77.574
 145  188    -10.826     -6.063    -68.823
  -1   93     -9.151      2.491    -69.033
  -1   -2     -6.740     -7.006    -82.502
 238  163      6.563     -8.578    -64.217
  -1  213     -8.255     -7.013    -71.692
 233  232     11.168      8.764    -64.337
  -1   -2      3.315     -1.041    -69.660
 159  264     11.050     -1.407    -70.277
 488  286     -1.416     -4.053    -64.630
 485  438     -4.417     -4.897    -59.570
 535  411     15.893      7.916    -69.062
 270  330     -7.695     -6.318    -64.706
 188  245     13.366      4.235    -73.058
 108  220     -5.325      1.402    -65.013
 178  176     16.490    -10.416    -68.839
 205  261     10.415      7.836    -64.044
 564  296      5.730     11.008    -71.989
  -1   -2    -11.945     -4.434    -62.627
 217  278    -13.919     -5.414    -68.994
 250  130      3.929     -0.898    -66.529
 432  496      1.697    -12.817    -65.579
  -1  492    -12.477     11.789    -66.160
 260  340    -11.448      9.952    -69.828
 184  209      4.639    -12.018    -66.017
 242  144      3.936     -6.613    -63.226
 291  653    -10.019      4.379    -75.687
 358  306     -7.156     -5.508    -68.532
 165  251     -9.703      7.049    -66.152
  -1   78      0.650    -11.090    -61.943
 562  351      8.752     -5.605    -73.712
 298  282     -3.929     -6.786    -67.378
  -1   -2      8.277      9.404    -62.301
  -1   -2     -1.921      6.220    -80.818
 248  266      6.915     -8.586    -66.420
 529  230     -8.038     -2.131    -59.925
 254  265     -2.126     -6.582    -65.280
 668  240      3.501      6.650    -66.203
 258  789      2.730     11.762    -75.941
 246  237      5.894     -1.743    -65.543
 506  803    -14.945      8.259    -75.998
 516  804     14.212     -4.356    -74.196
 163  215      7.359    -10.831    -65.056
 232  295     10.337     -0.754    -65.620
  -1   -2     14.819      5.972    -64.702
 280  308     17.892      2.638    -70.625
 177  787     -5.757     -9.698    -73.751
 135  294     11.971      2.563    -72.601
  -1  135    -13.162      9.448    -70.908
  -1  252     -6.275     12.112    -67.586
 243  242    -12.634     10.460    -65.058
  -1  157    -11.611     -0.689    -75.759
 257  272     14.444      0.664    -67.020
 297  234    -11.764     -2.018    -73.850
 211  275    -13.230      4.449    -67.960
 189  391     -2.956      6.164    -65.652
  -1  219     -5.311      8.114    -76.800
 226  281    -11.785      6.157    -64.738
 279   -2     12.792     -6.570    -68.638
 565   -2      2.656    -10.137    -76.696
 140  203     14.182      2.148    -72.116
  -1  256      9.858      5.314    -63.201
 706  757      2.557     -6.136    -63.936
  -1   -2     16.504     -1.415    -71.629
  -1   -2      9.947     -2.490    -62.443
 550  684     -3.179      9.236    -65.662
  -1   -2      3.783     -9.040    -63.228
  -1  192     -3.004     -6.316    -77.557
 261  273      4.387    -11.240    -68.417
 284  663     12.671      9.198    -64.813
 792   -2     -6.894      0.612    -71.770
 201  231     11.793     11.260    -73.817
 378  798      7.572      5.187    -67.317
  -1  323      7.025     -6.229    -72.944
 289  107      4.382      9.389    -72.162
  -1   -2     -0.768     -4.152    -65.239
 302  315      8.460     -4.074    -64.526
 251  542     12.373      5.300    -66.795
  -1   -2    -10.764      2.101    -59.833
  -1  202     15.014     -6.682    -68.962
  -1  590     -8.029     11.486    -62.479
 306  184      9.628     -8.371    -68.889
 576  229      4.984    -11.222    -64.943
 191  167      8.960     -6.253    -70.501
 545  274      7.890     -7.398    -65.498
 227  158     -0.186      6.767    -72.623
 521   -2     10.261     -8.038    -59.160
 305  320    -14.185     -8.755    -72.327
 277  200     -6.902     11.624    -75.164
 338  342    -14.029      4.198    -71.244
 341  297      8.637      5.389    -65.646
 604  299     15.933     11.519    -71.998
  -1  362    -11.662    -11.253    -74.365
 303  331     11.350      0.501    -63.195
  -1  271      1.778    -11.515    -65.065
  -1  177     12.295     -3.352    -71.656
  -1   -2      5.016    -12.564    -66.460
  -1   -2     13.448      9.944    -71.032
  -1  348      8.185      6.965    -71.730
  -1   -2     -5.592    -11.974    -72.417
  -1  471     12.370      9.131    -61.219
  -1   -2     -0.829      2.796    -59.175
  -1   -2      2.601      1.699    -59.717
  -1  586     11.475     -6.814    -65.266
 615  622    -13.062    -10.833    -74.640
 166  109     -6.950     -8.617    -68.936
  -1   -2    -13.878      5.930    -67.773
 552   -2    -13.388      1.967    -77.170
  -1   -2    -11.910      2.781    -72.882
 436   -2     -5.121     -2.109    -75.385
  -1   -2      2.653      2.304    -64.270
 335  339     15.002      6.890    -64.113
  -1   -2      4.385     -0.947    -63.959
  -1   -2     -2.163      9.893    -74.573
  -1  632    -14.828      4.556    -69.273
 292  742     -3.358     -8.062    -67.751
  -1   -2      7.931      7.138    -61.184
 368  287     -2.680      0.131    -72.139
  -1  360     15.602      4.984    -63.701
  -1   -2     -3.950     -9.812    -72.765
 745  336     -5.770      9.420    -68.568
 266  280     -9.382      4.909    -68.936
  -1   -2     17.262     -5.429    -71.592
 314  356     12.705      8.286    -65.946
 329  794     -3.064     -6.648    -67.838
 320  288      6.467     10.166    -70.853
  -1   -2     11.576      6.885    -65.746
  -1   -2      0.035     -8.884    -64.003
 349   -2     15.855    -10.005    -71.182
  -1  729     -8.497     -9.479    -69.382
  -1  504     10.294      9.648    -76.838
 319  263     15.671      1.150    -71.335
 673  353      6.391     -7.333    -67.077
 321  322     11.069     -7.026    -71.086
 333  260     -8.738      8.149    -74.553
  -1   -2     -7.986      0.332    -77.094
 347  795     -7.847    -11.138    -67.395
  -1   -2     13.459     -1.763    -59.750
  -1   -2      1.929     10.132    -71.856
  -1  300    -10.458     12.303    -63.753
  -1   -2      8.359      8.955    -76.051
  -1   -2     13.955      2.196    -62.658
  -1  332     17.777      3.528    -71.011
  -1   -2      6.761     -8.317    -76.544
  -1   -2    -13.480      7.095    -67.643
  -1   -2     -7.109      1.464    -63.866
   1  821     -2.245     -4.273    -71.955
 160  414      0.923      4.012    -72.260
 361  146      8.366     -2.674    -72.298
  51  639     -4.252      6.389    -70.358
 540  806     13.431      1.359    -64.843
  72  783     -2.802      4.335    -73.572
  21   15      8.218      0.928    -69.690
 276   40     14.700     -4.468    -73.493
  82   61     -7.021     11.206    -70.960
  -1   -2    -14.629      9.774    -78.733
  85  375     -1.862      8.225    -62.868
 381   -2     11.749     -4.726    -62.655
 647  373     -8.732      6.659    -73.094
  -1   -2     -4.416     10.925    -63.548
  -1  399      4.116     -9.298    -65.854
  -1   -2      2.347      1.465    -67.447
 209  398      0.333      3.077    -73.305
 396  389     -7.487     -1.371    -60.799
  -1   -2     14.296     -4.686    -68.573
 192  119     13.600     -7.233    -67.832
 499   -2      3.832     12.623    -72.245
  -1   -2     13.997     -7.872    -75.814
 410  822      5.859     -7.083    -71.452
 767  249      4.534     -6.908    -72.940
 388  110      7.455      5.467    -66.500
 172  436     -7.544      7.414    -63.969
 571  447     -4.887     13.147    -61.374
  -1   82      2.812    -12.522    -68.115
 386  405     -1.444    -12.431    -67.507
 374  384    -10.648      3.808    -69.988
  74   -2      5.823     13.151    -67.109
 377   58      3.114      5.973    -65.106
 549   -2      7.044     -7.402    -61.078
  -1   -2     -2.343      5.161    -60.488
 375  413     -6.792      0.832    -63.626
  43  388     -0.447      3.875    -73.711
  -1   -2     -2.165     -8.404    -67.017
  -1   -2     -5.579      8.843    -73.896
  -1   -2     -0.305      2.242    -65.993
 383  155      4.766     -8.676    -67.743
 126  448      5.899     -9.048    -71.770
  -1   -2     -9.496     -8.478    -75.048
  -1   -2     -4.088      3.926    -60.405
  -1   -2      4.826    -10.709    -71.367
 690  386    -11.598     -4.349    -75.250
  -1   -2    -12.931     -1.347    -79.675
  -1   -2     -7.474     -5.595    -52.711
 428  433      1.019     -1.880    -75.705
  -1  276     11.287      7.869    -66.987
  -1  211     -8.981      7.085    -67.206
  -1   -2     -6.465     -7.277    -60.634
 117   89      6.822     -0.702    -65.713
 440  431     -3.950     -2.362    -62.064
 464   -2    -10.693     -3.667    -75.705
 382   -2      1.242     12.833    -63.488
  -1   -2     -8.336     -9.682    -61.843
 406  477    -15.647     -8.609    -73.205
 176   24     14.834      9.518    -72.150
 395  467     14.393     -9.317    -64.259
 373  453     -1.917     -9.478    -70.933
  -1   -2      8.122     10.686    -57.493
  -1  382      5.031     10.169    -76.413
 295   -2     -1.705     -5.115    -72.927
  -1   -2     -1.036    -10.390    -66.073
 544  807     16.460     -6.472    -72.706
  99  279     -6.214     -4.619    -66.993
  -1   -2     -0.024     12.392    -67.689
 434  441     -3.638     10.838    -65.060
 379  571     -3.030     -4.022    -70.796
 409  643     -8.732      6.265    -71.003
 572  810     15.055     11.013    -67.945
 168   -2     -4.627     13.189    -66.641
  -1   -2      2.350     -0.030    -59.494
 447  694      1.967     -8.839    -75.185
  -1   -2      4.892     -8.532    -74.337
  -1   -2      2.364    -11.723    -84.504
  -1   -2     -4.525      9.047    -53.942
  -1   69     -6.978     10.583    -75.022
 179  134     -5.703     -3.449    -66.952
  60   27    -13.681     -6.366    -76.187
 433  463     -6.429    -11.097    -63.626
 520  823     -9.297    -10.743    -67.813
 452  457    -13.183    -10.909    -69.488
  -1   -2      0.316      6.099    -60.183
 152  439     -8.484     -1.627    -66.561
 426  445     15.351      7.906    -62.869
  -1   -2     15.281     10.728    -73.818
  -1  396     10.555     -4.943    -65.288
  71  454      2.980      8.436    -64.172
 186   -2      3.265     12.890    -65.111
 309  552     -7.030     -0.576    -67.223
  -1   -2    -10.257     -3.011    -60.343
  -1   -2      0.822     10.012    -61.721
  -1  329     11.442     -9.170    -75.074
 611  180     -3.077     -2.151    -64.151
 229  426     -5.376      3.919    -73.285
 230  788      2.537     -3.883    -75.605
 212   -2    -11.399     -9.531    -62.684
  -1  317    -13.588    -12.200    -74.210
  28  173      6.571     -2.233    -72.662
 225  181      3.792     -7.953    -64.530
 463  451     -0.645     -1.144    -60.864
 490  464     -9.851     -7.228    -62.135
 788  195      0.674    -12.355    -66.255
  54  254     14.302     -9.667    -67.757
 504  116      3.770      5.004    -61.055
  -1   -2      1.267      4.091    -70.123
  -1   -2     -2.065     -0.293    -69.039
 393   -2     17.890      4.102    -68.624
  -1  233      1.899    -12.400    -69.722
 401  799      1.146     -5.907    -63.013
  -1   -2      3.460     -1.774    -60.331
  -1   -2      9.137      3.012    -76.025
 253   -2     13.229     10.309    -67.120
 771  179      4.925     -2.912    -69.711
 183  172    -12.946     -3.562    -69.857
 106  341      6.927     -4.575    -69.416
  -1   -2      5.828     -0.394    -68.777
 608  197      9.460     10.790    -71.963
  -1   -2     -6.580     -2.477    -62.032
 461   -2      6.908      7.428    -64.074
 455   -2      0.660     -6.591    -61.678
  -1   -2     -6.248    -11.647    -61.463
 215  293     -3.031      1.752    -60.703
 473  514     15.683     -3.175    -66.689
 264  473      6.365     -9.135    -67.602
 518  805      9.904     -4.831    -61.722
  -1  544    -13.597      4.109    -64.826
  -1  418     -3.938      8.340    -60.689
 483  470    -13.727      6.220    -69.970
 444  487     -8.930    -10.213    -60.845
  -1  508    -14.539     -3.809    -67.169
 451   -2      9.767     10.422    -63.904
 446   91    -15.063     -8.301    -69.826
  -1   -2      6.493      8.834    -59.654
  -1   -2     -2.209      4.675    -76.165
 265  444     -2.974     -2.663    -71.136
  -1   -2     -0.827    -11.849    -64.443
  -1   -2     -4.330      2.317    -56.609
 269  298     12.384      6.050    -74.736
 222  368     -2.846     -7.555    -64.155
  -1   -2      4.587      8.548    -52.041
 164  786      9.093      5.788    -64.786
  -1   -2    -14.238    -10.643    -77.057
  -1  214     -4.493    -10.004    -68.025
 449  527     14.309     -1.788    -64.906
 497  484     -9.790     -1.667    -62.020
 648  174     15.416     -9.856    -74.722
 563  258     -5.933      0.074    -74.769
  -1   -2    -15.400      0.672    -75.960
 501   -2      0.516     13.478    -62.763
 512  476      0.505    -10.481    -61.802
 328  495      6.628     -8.348    -62.959
  -1  523     -0.078     -9.577    -76.315
  -1  474      0.116     -6.562    -59.749
  -1   -2      5.699      2.145    -57.528
 173   -2      2.787      3.486    -74.355
  96  102      6.327     -3.004    -66.191
 441  801     -1.259     -0.622    -76.952
 509  268      8.126      7.511    -62.620
 593  498    -15.867      5.795    -71.156
  -1  347     -7.669      7.516    -74.990
  -1   -2     -3.538     -9.968    -70.142
  -1   -2      2.515      6.088    -59.448
 482   -2     -0.794     -4.684    -60.198
  -1   -2     -5.076      0.896    -72.638
 527  335      5.290     -1.262    -64.656
  -1   -2     14.415    -12.198    -73.761
 589  334    -13.823     11.706    -67.964
  -1  579     17.351    -11.475    -68.021
  -1   -2     -4.665      2.544    -76.192
  -1  578     -8.914      5.051    -58.331
  -1   -2     -8.943    -11.713    -65.210
 438  545      7.008     -3.450    -71.648
  -1   -2      7.833      1.417    -61.485
 524  468     16.612     -4.732    -66.362
 484  493     17.266      2.689    -66.432
 457  558     -4.125      9.730    -61.329
 219  536      3.802      9.957    -71.787
  -1  483     11.329    -13.111    -70.790
  -1   -2      2.565     -8.476    -57.535
  -1   -2     -8.980     -7.594    -54.929
  -1  168     -0.950     -6.211    -61.928
  -1   -2     -8.471    -10.810    -65.257
 462  129      6.230     11.785    -71.627
  -1   -2      6.916     11.108    -60.869
  -1   -2     -1.356     -7.051    -61.076
 553  645     14.279      3.800    -64.885
 231  686      9.422     -2.884    -65.910
 175  824     -6.036     -9.487    -70.486
  -1   -2     -8.799    -11.332    -62.896
  -1   -2     12.553     -3.591    -75.628
  -1   -2    -12.210    -10.997    -84.439
 578  634     12.464      5.368    -76.357
  98  277      9.313      9.443    -72.227
 588  554     11.983     10.285    -62.021
 443  698      7.524      0.089    -75.900
 304   -2     11.045      9.437    -69.215
  -1   -2     -3.823     -7.968    -76.612
  -1   -2      7.309     -4.920    -59.893
  -1   -2      2.134      8.259    -76.083
  -1   -2      5.373     -4.050    -72.298
  -1   -2    -10.195      2.863    -75.296
  -1   98      0.840     -3.084    -73.850
  -1   -2     11.672     -2.589    -62.133
  -1  535    -14.503    -11.668    -73.065
  -1   -2     -2.794      1.742    -74.470
 780   -2     -9.526      9.319    -64.912
 267  790     10.640      1.086    -65.969
  -1   -2      0.142     11.817    -60.302
  -1   -2    -11.407    -12.106    -68.813
 770  154    -15.359     -7.160    -72.974
 481  314     15.709      5.374    -67.693
  -1   -2     -4.994     -8.866    -64.745
  -1  676     -3.391     12.720    -65.108
  -1   -2      0.300      6.266    -61.613
  -1   -2     -9.435      9.699    -74.549
  -1  581     15.411    -10.351    -67.964
  -1   -2    -11.586     -6.757    -62.631
  -1   -2     15.298      4.736    -72.233
  -1  540      3.494    -13.139    -65.029
 507  626     10.696      2.639    -76.088
  -1  284      0.038      8.152    -64.171
 346  825     10.235    -10.403    -70.755
  -1   -2     14.010     -6.060    -78.574
  -1  226      7.617      2.218    -69.634
  -1   -2      5.326     -8.449    -55.434
  15   99      9.590     -5.509    -73.600
  -1   -2     -8.889     -2.119    -52.755
  -1   -2      0.089      9.049    -54.731
  -1   -2     13.397      7.472    -74.669
 773  816     -5.145     -2.360    -69.292
  -1   -2     -5.981     -7.173    -75.345
  -1   -2    -11.095    -10.412    -81.542
  -1   -2     -1.053      1.544    -58.276
  -1   -2     11.102     -8.321    -59.886
  -1   -2      0.943     10.416    -72.180
  -1  289     -8.503      8.876    -74.601
  -1   -2      6.099     -2.541    -59.160
  -1   -2    -13.254      2.028    -72.918
  -1   -2    -12.192      0.097    -73.710
  -1  539    -13.746     12.541    -67.031
  -1   -2     -8.899     -2.282    -58.994
  -1   -2      5.711      5.879    -56.200
 610  616     17.038     -8.815    -66.186
 223   -2     -4.349     -9.671    -61.591
  -1  494      8.314      3.506    -56.769
  -1   -2     10.433    -10.498    -58.109
 129   -2     -4.753     -8.622    -65.590
  -1   -2      9.952      1.795    -53.141
 566  700     11.153    -12.549    -60.457
 202   -2      8.985     -2.446    -76.656
  -1   -2    -10.903      0.987    -70.290
 475  802      6.743      9.580    -75.198
  -1   -2      0.989    -10.810    -65.314
  -1   -2     11.109     10.938    -76.101
  -1   -2     -1.760      6.851    -66.492
  -1   -2     -7.141    -10.732    -60.078
 313  204      2.166     10.948    -61.207
 630  603      6.754     -1.336    -60.645
 296   -2      1.405      2.149    -75.197
  -1   -2     -8.708      8.158    -64.277
 480   -2     14.109     -6.036    -66.631
  -1   -2     -2.670      5.813    -55.863
  -1   -2    -13.642      7.270    -75.738
 570  809      4.401      7.716    -59.367
  -1  328     15.322     12.221    -71.174
  -1   -2     -8.571    -12.111    -76.494
  -1   -2     17.770      9.817    -70.146
 650   -2      5.140    -10.305    -68.690
  -1   -2      8.079      8.607    -66.733
  -1   -2     -4.501     -3.230    -74.562
  -1   -2     -4.521     -7.304    -80.618
 804   -2     12.115    -12.604    -67.176
  -1   -2     14.996     -7.054    -75.355
  -1   -2      0.958     -5.488    -75.331
 331  826     -9.091      5.609    -73.905
 725  667    -16.004      1.296    -76.118
  -1   -2    -15.211      0.283    -70.755
  -1   -2      8.277     -8.091    -64.395
 632  589     11.023      2.844    -62.560
  -1   -2     -7.115     -2.001    -65.221
 580   -2    -14.361     -4.183    -66.902
  -1   -2     -5.871     -9.198    -57.498
  -1   -2     -4.044      3.589    -60.714
  -1  486      4.216      7.651    -73.588
  -1   -2     -2.502      4.146    -60.023
  -1   -2     -5.303    -12.436    -72.878
  -1   -2     17.839      9.368    -70.660
  -1   -2     16.890     -8.913    -78.687
  -1   -2    -14.959     -9.422    -72.368
  -1  642      2.500    -11.841    -59.873
  -1  321     -6.143    -11.008    -72.501
  -1   -2    -12.006      9.879    -86.713
  -1   -2      3.323     -2.381    -76.207
  -1   -2      5.785    -10.938    -75.970
  -1   -2    -13.588      3.256    -65.276
  -1   -2     -6.759     -9.524    -60.740
  -1   -2      8.617     -9.523    -64.522
  -1   -2     11.151     -9.074    -58.353
 617  333    -14.403      2.515    -73.902
  -1   -2     15.990    -12.870    -68.793
  -1   -2     14.188      5.905    -79.744
  -1   -2     -0.056     10.464    -63.515
 249   -2     -5.523     10.395    -72.033
 316   -2     -6.002     12.800    -65.199
  56   -2      4.058     -8.019    -75.067
  -1   -2     -1.433      2.993    -74.527
  -1   -2    -14.178     -1.803    -66.129
  -1   -2     12.359     -5.823    -80.849
 696  813     15.815     -5.859    -71.859
 352  796     16.858     11.955    -67.585
  -1   -2     -9.372     -8.629    -65.745
  -1   -2     18.811      4.837    -71.583
 450  658    -15.257      6.583    -74.251
 803  818     -7.632     10.830    -67.228
  -1   -2    -11.893      1.511    -63.232
  -1   -2     10.378      4.648    -63.668
  -1   -2     10.471    -10.541    -62.850
 326  637     15.656      5.700    -72.488
  -1   -2     11.338      4.983    -76.362
  -1   -2     10.103     -7.138    -56.176
  -1   -2      1.730      8.635    -52.151
  -1   -2     -3.380     -9.822    -57.057
  -1   -2     13.617    -13.016    -70.249
 718  304    -12.759     -0.593    -71.530
  -1   -2     12.820    -12.086    -71.411
 272  791     12.133      0.487    -76.939
  -1   -2    -10.918     11.769    -76.371
  -1   -2     12.542     -5.641    -74.230
  -1   -2    -16.145      7.340    -74.741
  -1   -2     17.263      7.228    -74.223
  -1   -2     -8.479      6.107    -73.759
  -1   -2      9.606     -8.125    -63.197
  -1   -2     16.261     -2.370    -67.398
 715  629     13.954     -5.197    -65.831
  -1   -2     -6.874      4.189    -58.376
  -1   -2      9.525      5.121    -74.543
  -1   -2    -13.595     12.097    -73.176
  -1   -2     10.621     -7.897    -53.316
  -1   -2      9.888     11.759    -61.094
  -1   -2     -6.121      4.079    -76.224
  -1   -2     14.348     -9.959    -62.776
 675  827      1.103      7.460    -69.946
 218  828      8.595      3.779    -74.259
  -1   -2     12.450     -8.239    -85.942
 262   -2      1.557     12.058    -74.830
  -1   -2    -12.526     -9.124    -64.909
  -1   -2     -1.087      6.949    -75.917
  -1   -2     -8.024     11.301    -59.432
  -1   -2     -4.369      7.339    -66.799
  -1  537      4.948      2.132    -64.408
  -1   -2     -6.329      5.014    -56.574
  -1   -2     12.644     -7.665    -68.479
  -1   -2      4.528    -11.462    -59.628
  -1   -2     -3.049     -3.296    -70.300
  -1   -2      3.303    -11.277    -76.628
  -1   -2    -10.615    -11.637    -63.349
  -1   -2     12.732     -5.459    -82.461
 661  704     -5.539      5.351    -69.471
  -1   -2     -6.522      2.154    -83.585
  -1   -2     -2.769      9.305    -59.044
  -1   -2     13.038     -0.441    -62.823
  -1   -2     -2.232     -4.085    -63.475
  -1   -2     17.089     -2.252    -67.362
  -1   -2      8.828      6.699    -69.162
  -1   -2     -6.448      3.209    -64.952
  -1   -2     -3.992      0.983    -66.165
  -1   -2      3.491     -4.906    -87.653
 350  681      3.420     -4.639    -67.227
  -1   -2    -10.836    -11.683    -69.245
 633  612     12.134      4.314    -63.299
  -1   -2     -8.710      9.453    -79.785
  -1   -2      9.131     -5.779    -65.741
  -1   -2      0.459      5.715    -75.952
  -1   -2     13.477      2.531    -68.142
  -1   -2     -4.729     -5.760    -75.279
  -1   -2     -5.835      2.590    -77.252
  -1   -2     -5.996     -8.732    -77.301
  -1   -2     16.464      8.592    -70.880
  -1   -2     -8.232    -11.118    -68.399
  -1   -2     10.661      6.608    -60.571
 708  814    -11.978     12.240    -71.805
  -1   -2     -5.363     -5.995    -57.791
  -1   -2    -13.051     -7.362    -75.359
  -1   -2     -7.564      4.367    -70.740
 689   -2     -9.487      9.015    -67.647
  -1   -2      6.052     12.481    -64.948
  -1  745     -6.402    -10.134    -66.462
  -1   -2    -14.830    -11.970    -80.674
  -1   -2     -0.138      6.279    -65.550
  -1   -2     -3.244      0.265    -76.923
  -1   -2     11.569     11.502    -65.953
  -1   -2      1.194     -4.663    -66.521
  -1   -2     15.846      2.909    -62.176
 784   -2      0.454     -1.807    -75.651
  -1   -2     -6.653      7.822    -52.193
  -1   -2      6.443     -8.908    -69.889
  -1   -2      3.068      0.629    -63.024
  -1   -2    -13.220     11.659    -66.039
 336   -2     -6.140     -3.799    -75.472
  -1  755     -6.370      2.021    -66.583
  -1   -2     -5.471     -6.525    -58.702
  -1   -2     -6.279     -7.319    -61.163
  -1  363     14.781    -12.089    -73.256
  -1   -2      2.244      2.650    -66.565
  -1   -2    -11.732      5.852    -83.660
  -1  352     11.434      9.154    -69.292
  -1   -2     -0.724    -12.825    -65.037
  -1   -2     -3.727      6.222    -62.530
 355  797     -8.441      4.223    -67.523
  -1   -2      1.272     -8.156    -76.226
  -1   -2     10.200     -8.915    -74.964
  -1   -2    -12.959     -7.371    -65.110
  -1  497     -2.588     -4.062    -69.166
  -1   -2    -14.172     -6.757    -84.001
  -1   -2      8.310      1.160    -66.316
  -1   -2     -1.120      1.010    -60.360
  -1   -2      1.731     -3.494    -62.546
  30   -2     -3.005      9.766    -65.521
 402   -2     -7.136     13.288    -67.423
 208  677    -14.318     -0.725    -69.812
  -1  516     -4.347     -9.573    -61.513
 774  152     -5.374      0.830    -63.494
 424   -2     -8.609     -8.659    -64.461
  63  829     -3.220      4.995    -72.178
 247  718      2.754    -10.526    -64.293
 779  346      2.866     -0.059    -63.714
 312   -2     15.447      4.359    -71.191
 193   -2      2.932      0.323    -61.661
 511   -2     10.602     10.280    -74.301
  23    2     -8.403     -4.205    -72.318
 768  115     -1.810      9.038    -70.291
  -1   -2     -9.087      5.482    -73.825
 141   88      5.016     -1.128    -73.853
 357   -2      0.429      3.711    -75.652
 360  208     -2.744     -0.286    -74.850
 517  524      8.574     11.076    -72.013
 476  309     -8.892     -9.901    -62.277
 416  407     15.587     -3.448    -72.461
 486  449     -1.596    -10.589    -63.486
 445   -2     11.815    -10.759    -65.683
 523  325     13.512     -2.537    -63.640
 537   -2     -7.874      3.190    -60.322
 556   -2     -5.329     -6.574    -58.253
 543   -2     15.092    -12.555    -68.669
 533   -2     -6.786     -0.499    -63.975
 574  811     17.525     -7.323    -74.986
 622   -2     11.032     -7.337    -65.459
 557   -2     16.112    -12.920    -68.511
 603  812    -14.616     -3.132    -67.209
 198  142     -0.062    -12.301    -67.366
 738   -2      1.668     -5.798    -70.613
 801  817     15.389    -12.346    -65.330
 587   -2     13.454    -10.803    -64.189
 772  815     -2.754     -1.465    -68.980
 325  793     -6.838      9.884    -68.590
 790  313    -15.623     -4.540    -72.315
  -1  543     15.559      8.996    -65.046
 805   -2     18.228     -4.736    -67.921
 806  819     14.811     -3.342    -74.933
  64  734      5.995     -9.867    -71.373
  66   -2     -4.366      2.716    -62.902
  79  461     -5.664    -10.220    -66.413
  92  190      1.736      0.347    -71.230
 111  207     -9.849      2.161    -65.813
 271  480     -7.379    -11.989    -68.616
 456  830     -3.039      9.427    -74.606
 798  591      7.047     -2.547    -75.442
 809  247     -6.760     -5.503    -69.135
 812  326      3.290      9.660    -71.978
 814  364    -10.810    -10.093    -72.874
