837
  10    3     -1.165      5.354    -71.879
   5  380      9.649      2.532    -71.180
   6   12     -1.211      4.193    -70.319
   1    1      5.877      1.579    -71.717
   2    9      5.091      0.966    -71.483
  -1   14    -14.837     -4.562    -70.697
   3    4      1.205     10.242    -69.671
  30  167     -6.844     -0.413    -75.318
   8    7     -0.043      7.322    -68.284
  11   53     -6.774      3.814    -69.787
   7    8     -7.546      1.087    -67.789
   9   77     -0.046      5.692    -76.581
  20   19     -8.877      8.504    -69.764
  12    5      1.313     -6.778    -70.234
  33  245      5.476      8.885    -73.977
  25    6      5.011     -3.600    -72.537
  26    0      1.872      5.312    -70.230
  35  405      0.634      8.521    -69.282
   0  195     -1.530     12.131    -72.274
  14   11     -1.487     10.114    -68.602
 377   31      0.648     -4.949    -69.042
 387   -2      5.197      6.240    -74.496
  -1   85      7.104      9.941    -69.928
  18   25      1.274     10.801    -67.502
  27   50      1.969      0.929    -68.853
  23   32      6.801     -1.242    -71.683
  36   28    -16.017     -8.837    -74.225
 110   17     -0.383      9.208    -68.835
  65   13      6.621     -3.881    -69.396
  38   63     10.030     -0.943    -68.191
  32   58      4.913     -7.437    -70.981
  15   10      5.019      1.721    -70.738
  16   73      1.657      7.732    -67.779
 116   36      7.779     -2.000    -69.430
 167   22     -9.470     11.852    -70.796
 275   16      4.743     -0.615    -69.864
  -1   -2     -6.318      2.803    -65.845
 186   90     -2.316     -1.664    -71.805
  28  378     -6.567     -3.558    -72.932
 465  178     -4.616     10.717    -64.311
  96   34      8.576      5.041    -68.848
  21  370     -4.674      3.449    -71.443
 126   47      7.117      1.128    -73.890
  -1   48     -4.956      3.530    -64.277
  41   37     -4.127      0.808    -67.144
  54   35     -7.379     11.340    -68.851
 119   76      2.255     -5.546    -74.214
 150  155     -1.403      3.812    -73.841
  87  115      0.713      6.235    -63.315
  45   44     -0.570      2.930    -65.887
 197   51      1.660      7.727    -71.862
  59   43      4.130      6.157    -66.578
  74  123     -7.561      4.471    -70.040
  -1  127     -1.197     -9.407    -69.009
  39   41     -3.004     -1.321    -67.275
  92  778     -4.754     -3.976    -66.658
 777   62     -1.867    -10.424    -69.857
 156  185      4.330      8.169    -64.849
  52   52     -0.667     11.897    -65.876
 207  784     -3.580      6.183    -69.503
 378   23      9.725      5.106    -71.895
  80   29      0.607      7.823    -68.312
 131  154     -6.707     -9.035    -67.159
  61  104     -2.813     -0.875    -63.693
  93   57      9.422     -3.077    -69.147
  53  200     -0.456      2.306    -71.996
 399  461     -1.943      9.572    -60.524
 133   45      0.983      0.527    -68.476
  70   88     -5.994     -0.139    -64.391
 251  113      5.223     -4.115    -66.749
  -1   -2     -3.967     -6.920    -66.265
  78   82     -1.670     -2.569    -66.828
  69   18      3.247     -6.976    -66.823
  -1  477    -10.129    -12.289    -68.491
 415  130      5.595      1.212    -66.450
 188  156     10.396     -1.697    -72.436
  76   95    -10.665     -5.804    -67.132
 114   98     -0.086      1.112    -63.972
 141   84      9.339     -2.585    -64.635
  91   33      9.745     -1.658    -67.306
  82  109    -14.695     -3.681    -70.558
  99  114    -13.222     10.875    -68.123
  81  118     15.211      3.101    -68.392
 212   81      5.715     -2.167    -74.359
 144   26      8.505     -8.487    -67.734
 154   80      4.053     10.883    -68.954
  -1  131    -10.183      7.396    -64.511
 138  779     -7.607      2.289    -69.992
 426  159    -13.115     -8.495    -66.071
 222  216      7.806     -2.856    -68.107
  83  432     -4.475      6.515    -65.031
  -1  244     -5.788    -10.163    -75.383
 121  101     -2.605      3.383    -62.859
 149  236     11.732      7.631    -70.325
  97  726     -5.857      7.415    -63.230
 145  106     -5.369    -11.910    -70.214
 170  457      5.669     -8.275    -67.511
 105  139     -2.785     -6.613    -67.838
 452  820     -4.140     -0.433    -66.881
  -1   -2     -7.945      4.278    -75.868
  -1  421      2.124      0.211    -73.100
 165   -2     -7.553     10.281    -63.642
 249  789     -1.838     11.019    -67.124
  58   60    -13.037     -2.715    -67.017
 398  253      9.845      4.353    -70.914
 132   70      7.297      4.998    -66.252
 568  138     -1.839      3.098    -69.041
 106  191     13.789      8.009    -73.507
 512  465     -9.200     -7.098    -69.510
  31   21    -10.668      5.654    -68.386
 203  134      3.183      5.296    -66.511
 234  222     -3.798     -6.795    -73.053
  -1   74      0.301     -9.755    -66.064
 215  120     -3.459      6.367    -61.966
  66   86      8.910      6.877    -68.527
  79  207      3.516     12.245    -70.061
 230  147      2.314      3.384    -62.481
 148   96     -7.511      1.194    -64.401
 151  165      5.654     -8.573    -69.303
  -1   -2     -2.396     -5.697    -77.698
 137  246      4.684    -11.748    -67.871
  17  221     -7.543      0.675    -75.389
 180   30    -13.499     10.171    -72.130
 111  182      6.170     -2.165    -65.507
  -1   -2    -13.012      4.848    -79.545
  34   -2      1.392      9.252    -66.613
 227  184    -10.549      0.794    -72.749
  22   68      5.590     10.603    -72.910
 390  799      5.245     12.612    -63.352
 187  170      8.768      2.308    -63.244
 570   -2     -3.489     -5.302    -73.100
 157   92     -3.200     -6.175    -65.353
 155  782     -8.534      0.113    -65.475
 385  153     -0.642      6.423    -69.315
  -1   -2    -10.447      5.181    -71.684
 107  640      6.775      0.283    -73.967
  67  103     -0.572      5.225    -66.796
 470  491    -12.245      2.493    -69.056
 177  144     -8.356    -12.431    -67.631
 102   72     -0.241    -12.268    -67.634
  47  381      8.618      2.060    -66.748
 139  193      8.972      6.328    -61.145
 158   99     16.604      0.104    -67.688
 160  466      4.968     -2.599    -74.754
  -1  425     -4.079      7.598    -68.195
 247  183      9.488     -2.537    -70.882
  19   87     -1.314     11.859    -67.577
 488  285    -14.061      0.506    -75.381
 238  786     -0.633      2.163    -65.057
 435   -2      4.537      4.178    -66.116
 290  458    -13.899      1.388    -76.103
   4   39     -9.746      1.292    -72.083
 169   -2      9.571     12.209    -65.878
 416  308      9.349     -5.352    -69.490
 410   69      3.375     -9.577    -68.214
 494  806    -13.169      0.130    -65.806
 736  445     -9.746      1.315    -66.157
 129   49     12.660     -1.991    -68.558
 363  379     -7.742     -5.973    -74.599
  -1  141     -7.235     -5.299    -65.372
 535  807     -9.199    -11.376    -67.912
 192  174    -15.041      5.956    -72.579
  -1  126     15.918      7.846    -68.075
 124  259     11.009     -5.193    -69.846
 224   66      2.636     12.337    -70.493
 796  213      4.457      1.686    -62.259
  -1  334      5.611     11.346    -70.773
 492   93     -9.566      6.503    -74.632
  49  593    -11.794      5.447    -72.662
 597  161     -4.411     11.626    -74.176
 246  169      0.522      9.050    -63.756
 522  388     -3.414      4.011    -73.039
 140  145      3.963    -12.992    -66.388
  84   -2      0.461     -5.539    -73.468
 264  525     -4.391     -5.645    -63.177
  -1  190     -3.573      4.450    -62.027
  -1  198    -13.882     11.976    -68.840
 130  208     12.453      0.514    -67.069
 250  107      2.105      6.210    -72.510
 769  474     -3.789     -8.349    -71.637
 293  228     15.959      7.978    -71.366
  -1  172     -2.459     -7.289    -65.960
  56  112     -6.491     -1.152    -68.991
  43  821      4.595      7.439    -71.897
 163  166     -0.216    -10.380    -65.281
 754  137     -1.662      9.903    -66.221
 118  302      6.287     -5.725    -60.567
 529  276     -4.373     -1.146    -67.168
 104  189     11.934     -6.691    -65.801
  -1   -2      5.268     -8.624    -69.810
 427  515     10.893     -4.307    -64.252
 467  173     -4.116     -7.805    -67.146
 233  122    -10.153     11.533    -70.616
 120  210     -8.412      2.761    -63.870
 765  223    -11.406     -5.777    -65.733
 254   75      4.772    -10.547    -69.584
 330  133     -1.213      7.184    -64.824
 335  742      8.027     -8.486    -69.361
 443  215     10.525     -6.129    -64.265
  71  164    -10.465     10.684    -69.178
 455  227     13.974     -4.960    -64.794
  -1  249     -0.264     -9.924    -67.967
 161  128      2.702      5.198    -69.501
 184  140     -1.859    -12.768    -67.160
 125  158     -8.977      6.846    -74.269
 220  150    -12.482     -6.275    -72.676
 446  393    -11.246     12.251    -64.187
 478  804      1.868     -5.897    -65.498
 525  121     -4.717     -4.489    -75.852
 532  301     14.187      0.681    -68.487
 318   42     12.922     -2.129    -72.266
 322  119     -0.228     -3.320    -67.220
 541  294    -13.824      8.740    -68.513
 284   64     10.399     10.471    -68.654
 256  142     -0.875    -10.144    -66.852
 346  217    -10.954     -3.826    -72.514
  -1  231      0.930     -4.947    -65.951
  -1  117     -1.280     12.166    -65.080
  37   15     -2.894      7.038    -68.797
 319   83     -8.358      1.959    -74.527
 194  242      5.958      0.414    -61.334
 497  268     -0.301    -12.022    -65.335
 214  822     15.579     -4.725    -67.417
 463  186      5.518     -5.948    -62.731
 617  274    -13.258      9.293    -70.131
 278  256     -8.982      8.415    -75.329
 282  791      4.834      4.664    -73.495
 199  235      1.308    -12.759    -68.410
 280   -2      8.982     11.153    -65.465
  -1  261      5.207     -1.564    -66.553
  -1  503     16.161      4.005    -72.128
 159  224      9.756     -4.459    -67.525
 128  275     -1.519     -7.518    -69.540
  64   -2    -13.447     -5.904    -73.173
 181  250      2.573      0.282    -63.820
  -1  488     -1.195    -11.795    -65.177
  29  324     -2.831      2.590    -69.270
 279  289      2.573      2.489    -64.437
 296  441      7.788      9.291    -62.652
 263  403     -0.941      3.502    -61.161
  -1  247    -14.869     -6.713    -71.624
 784   -2     11.672      8.360    -61.990
 468  212    -10.062      5.476    -62.691
 487  254     -5.816    -11.034    -65.805
 226  258      6.939     10.083    -75.812
 773  176     -1.177      5.200    -64.524
  -1  372     11.770     -8.625    -66.203
 221  499      2.835    -10.516    -75.675
 327  288     -7.942     -1.674    -74.853
  -1  205     12.494      6.241    -67.930
  -1  209     -5.370      2.788    -63.473
 193  248    -14.300      3.656    -68.822
 260  604     14.548      9.076    -71.192
 307  291      8.889      5.214    -66.155
  -1  233     10.628      5.927    -62.617
 122  363    -11.045      8.008    -71.146
 217  785     -0.958     -3.112    -75.719
 248  232     -8.139      6.160    -61.081
 640  197      0.655     -4.560    -70.582
  -1  452     -0.005     -3.517    -62.742
 482  805     -1.343     12.648    -63.628
 182  129     -3.320    -10.920    -68.378
 326  411     11.104     -4.781    -67.633
 196  783      3.710      2.418    -66.685
  -1  124    -15.784      9.341    -73.578
  -1  220     -8.059     -5.859    -69.297
  -1  280      9.658    -12.048    -64.893
 292  792      4.550     -8.907    -66.690
 428  346    -10.666      3.018    -72.471
  -1   -2     -8.589    -11.145    -72.808
 295  794     17.295     -6.070    -69.605
 117  273     -8.622      9.796    -71.260
  -1   -2      6.405      6.556    -75.647
 515  162    -10.169     -8.731    -68.028
 183  132     -9.941     12.567    -65.963
 462  323     -6.671     -3.171    -63.157
 209  160     -3.432     -6.027    -69.268
 225  317    -12.768      3.810    -68.352
 767  188      6.259     11.065    -72.083
 499  392     -5.327     -3.486    -69.547
 537  553     10.974      1.105    -61.349
  -1   -2    -11.269      3.984    -75.797
 334  237     14.963      7.701    -71.408
 589  102    -12.957     -2.891    -71.333
 273  287      9.346      6.886    -66.464
 276  149     -3.547      6.661    -64.506
 267  293     15.085     12.365    -67.497
  95  136      8.049      4.559    -65.442
 146  636    -10.001     -1.715    -70.690
 766  262     -9.510      1.134    -77.738
  -1   -2     -5.328     -0.419    -65.814
 244  788     10.465      1.319    -66.597
 781   -2    -15.436     -9.763    -71.081
 266  225      9.878     -8.282    -69.991
 135  151    -10.068     -3.269    -72.841
 331  286     15.267      1.228    -66.921
  -1  706     -9.992     -3.988    -60.662
  -1   -2     11.101    -12.396    -69.755
  -1   -2    -11.794     -7.226    -67.007
 298   -2     10.796      3.890    -62.711
  -1  270     -9.477     -3.540    -74.920
  -1   -2      7.877     -3.391    -75.835
 286  304      1.864      4.969    -61.722
 164  321    -12.652      3.632    -66.705
 312  577    -11.441      6.340    -74.638
 313  297    -13.380     11.737    -72.194
  -1  657      9.411     10.080    -70.090
 265   -2      1.636     -1.996    -75.497
  -1   -2    -15.189      7.708    -70.274
  -1  539      5.663    -11.918    -67.832
 807   -2      7.411     -5.219    -74.056
 314  325     -0.354     -6.764    -66.611
 308  314     -3.575      0.576    -70.828
 323  581     12.701     -4.365    -64.784
  -1  534     -3.703     -5.572    -59.405
 358  702     16.948     -6.446    -71.702
 359  552     12.896     -0.454    -77.576
 342  327      5.842      8.287    -63.654
  -1   -2      3.363     10.059    -73.471
  -1   -2     15.738     -8.102    -67.268
  -1   -2      3.473      8.246    -62.719
  -1  429     -2.014      5.525    -68.606
 337  366     11.276     -3.397    -63.069
 573   -2     12.201      2.072    -63.845
  -1   -2      5.776      9.733    -77.394
 517  704     -1.903      7.631    -60.208
  -1   -2      4.081    -11.749    -83.656
 555  341     16.379      0.669    -73.876
 365  587      5.748     10.966    -67.905
  -1   -2     11.175      1.897    -65.346
 643  369     -3.770     10.595    -72.545
  -1   -2    -10.289     -8.676    -66.330
 350  633     12.782      8.552    -67.866
  -1   -2    -14.081     11.912    -66.804
 696  348      2.878      9.148    -68.546
 219  199      9.132      1.586    -67.002
 476  583     -9.263      2.790    -73.082
 340  359      2.218     -4.962    -68.546
 332   -2     11.148     -8.464    -73.852
 345  340      3.620    -12.169    -66.608
 310   -2     10.452    -11.953    -70.542
  -1   -2     -1.507     -0.452    -63.199
  -1   -2      1.482     -9.943    -73.366
 712  350     -6.222      3.476    -63.627
 277  349      8.404      7.479    -64.168
  -1  643      9.344     10.509    -69.989
 320  679     -2.685     10.827    -68.659
  -1   -2     10.353    -10.210    -67.601
  -1   -2     14.671      3.146    -63.906
 360  730      6.463      9.370    -65.248
  -1   -2    -12.060    -10.328    -66.927
  -1   -2     -5.667     -5.369    -60.530
 354  344     12.442     -0.746    -65.260
  -1   -2     -1.615      0.221    -66.475
  -1  442    -11.397     -2.412    -74.483
  13  375      8.867     -0.168    -68.692
 371   -2    -11.815      6.697    -69.529
  -1   -2     -8.469     -7.998    -69.404
 166   27      3.682      9.923    -71.610
  -1  406     11.261     12.521    -73.921
 397  800      2.874     11.472    -64.100
 383   54    -14.204     -8.424    -73.983
  40  387     -4.138      9.804    -67.966
 109   -2     -7.391     -3.385    -67.238
  -1   -2      0.721     -1.045    -65.577
  -1   -2      4.803      4.934    -66.466
 395  417     -8.479     12.025    -76.240
 237  508    -10.564     -9.351    -61.735
  50   -2     -2.488     -4.531    -60.940
  60  409      0.439     11.999    -69.208
  -1   -2     16.923     -2.507    -72.730
  -1   -2     -7.046      4.671    -63.576
  -1  563     14.831     -7.625    -74.028
 414  386      5.113      6.339    -63.513
 223   -2     -7.407      2.464    -61.682
 373  100     -6.877      7.520    -75.567
 202  203     -5.480     -0.459    -70.113
  -1   -2     -6.090      6.039    -60.766
  55   65      1.524     11.632    -65.562
  98   -2     -0.820     12.000    -70.311
 374  196    -10.789     -8.347    -66.559
  -1   -2     10.784    -12.170    -75.178
  24   46      9.399     11.270    -70.652
  -1   -2     -1.761     10.651    -56.321
 402  453      1.889     -5.750    -66.866
 191   89      3.860      1.177    -64.605
 172   78     -1.072     11.299    -62.597
 384  798    -10.108     -1.639    -72.710
  -1   -2      1.463     -8.755    -75.872
 136   -2     -2.050      4.719    -64.243
 274  234    -11.698      5.783    -71.029
 417  374     -6.215      8.784    -61.584
  -1   -2     11.302     -3.811    -74.506
  77  776      0.530      0.118    -63.377
  -1  385     -7.663     -3.701    -65.292
  -1  447     -6.909     -8.848    -63.224
  -1   -2     -3.513     -3.225    -70.135
  -1   -2     -6.761     -8.666    -64.427
 412  468      5.508     -2.660    -68.538
  -1   -2     11.828    -11.776    -68.600
  -1   -2     13.123     12.005    -67.932
 190  402     14.062      9.773    -67.839
 400  494      0.940     -6.557    -76.862
  -1   -2     -3.332     -8.890    -53.276
 232  283      7.136    -10.913    -67.526
  -1   -2     -2.880     -9.706    -61.868
 408  430     15.289     -0.044    -62.928
  -1   -2      8.569    -12.129    -63.690
 431  451     -7.872      9.830    -66.645
 291   -2      9.287      3.956    -65.611
 420   91    -13.433     11.310    -73.110
 806   -2     -2.187      5.498    -62.092
  -1  426     -0.961     -4.256    -62.628
  -1   -2      4.809      5.476    -66.434
  -1   40      6.370      5.236    -72.117
  68  428      6.961      8.230    -65.347
 425  801     12.124     -9.593    -64.867
  -1  436    -10.654     -3.399    -62.057
  -1  125     -1.936     -4.472    -61.598
  -1  480      6.792    -11.953    -61.818
  62  157     -3.114      8.553    -63.773
  -1   -2     -0.147    -10.194    -75.518
  -1   -2     14.466     -6.466    -69.794
  -1   59    -15.546     -6.453    -70.678
  -1   -2     -7.385      5.093    -63.566
 567  303    -12.846      1.913    -77.262
  -1   -2     -0.957     -0.950    -65.063
  -1   -2     -4.752     -6.615    -61.027
 422   67     -7.646     -5.602    -67.347
  -1  408     -9.098      5.755    -59.547
 369  416     -7.445    -10.006    -58.452
  -1   -2     13.350     -1.342    -63.829
  -1  177    -12.917     -7.834    -67.946
 257  434     -0.140      9.327    -58.407
  -1   -2     -3.471     -1.948    -56.552
  -1  519    -15.878      7.131    -74.986
 153  781     -3.648    -10.835    -64.430
 306   -2      4.727     11.834    -76.018
  -1  252      7.772      0.427    -73.053
  -1   -2     -9.053     -5.204    -56.917
 213  163    -14.892      5.270    -71.032
 433  300      6.955     -1.631    -60.141
 162   97     -4.912      1.971    -74.035
 242  312     -0.471      1.030    -76.944
  -1   -2    -11.266    -10.568    -65.833
 178   55     11.852     10.604    -71.027
  75  272      9.302     -2.198    -62.528
  -1  394      2.367     -6.180    -76.696
  -1   -2      1.485     -9.792    -59.253
  -1   -2     -0.325    -11.184    -60.988
 168  135      4.334    -10.695    -65.894
 394   -2     -9.734      3.592    -59.830
 506  422     -4.706      2.413    -72.755
  57  773     -3.920      9.931    -62.173
  -1   -2      2.703     10.264    -61.796
 243  243      5.560    -12.056    -67.769
 770  400     -9.448     -8.501    -65.410
 480  455     16.913      4.262    -65.153
  -1  490     -7.710     11.196    -60.511
 347  501     11.671      0.334    -72.019
 176  482      3.425      4.866    -69.105
  -1  396      2.492     -8.113    -65.887
 287  192     12.830     -3.690    -68.817
 469  271    -11.220     -7.637    -67.517
 211  278      4.026      6.381    -63.832
  -1  414      3.822     -4.168    -62.373
  -1   -2     -0.606     -2.684    -61.676
 229  206      0.101    -11.807    -68.185
  85   -2     -6.550      8.378    -62.674
 759  281      1.457     -8.643    -63.515
  -1   -2    -10.525    -11.109    -62.030
 485  509      8.958     -1.796    -59.222
 775  478      0.973      0.030    -62.313
 569  438     -3.864      2.330    -69.385
 558  810     -0.132     -2.900    -67.291
  -1  110     -0.225     -7.923    -65.244
 113  179      7.177     12.547    -69.569
  -1  485      9.334     -3.115    -62.840
  -1  653     13.561     -5.670    -74.731
  -1   -2     12.402    -10.592    -68.050
  -1  333     12.159     11.146    -65.225
 218  440      9.700      3.858    -66.841
 614  813     -1.943      8.605    -74.187
  -1   -2     -7.362     -4.238    -65.256
 315  595    -13.918      9.418    -73.385
 103  435     -3.046      7.585    -75.836
  -1   -2      7.588     -8.493    -67.584
  -1   -2     -8.804    -10.420    -62.929
 801   71      2.692     -0.097    -70.054
 268  339     11.993      9.660    -68.511
  -1   -2     11.953      8.408    -64.118
 185  171     -0.362    -11.314    -65.436
 454   -2     -2.054     12.381    -61.958
 281  790     12.022    -10.026    -65.780
 803  360     14.543      4.852    -72.247
  -1   -2     -5.490     -4.896    -60.256
  -1  500    -12.234     -9.446    -66.702
  -1   -2     11.902     -2.847    -65.921
  -1   -2      6.720     -1.877    -54.996
  -1   -2    -11.083    -11.253    -77.108
 299  523      3.297     10.378    -76.323
  -1  561     -6.919     11.770    -75.757
 444   -2      0.103      7.357    -74.276
  -1   -2     -3.518    -10.085    -57.804
  -1   -2     10.171     12.700    -65.174
 544  510     15.354     -3.710    -63.059
  89   -2     15.442      5.198    -71.343
  -1  513     11.472     -7.704    -65.503
 477  803     -8.169     11.609    -59.645
  -1   -2    -14.525     -9.931    -69.070
 800  175     -8.418     -7.854    -67.308
 123  371      7.805     -1.621    -71.519
 210   -2     -8.968     -7.061    -66.095
  88  777     -5.957    -11.894    -70.531
 231   -2      3.081     -9.307    -64.001
 536   -2      4.251     10.258    -76.525
 325  544      5.104     -7.686    -75.662
  -1   -2     13.644      3.350    -60.643
  -1  550     -6.726     -8.496    -68.118
  -1   -2    -10.075     -0.834    -66.013
  -1   -2    -13.791    -10.910    -74.749
  -1   -2     -2.504     -7.146    -66.834
 198   -2     -4.805      7.219    -60.525
  -1   -2      7.921     10.736    -66.131
 565  811    -14.847     -8.600    -70.880
  -1   -2      8.706     11.065    -58.586
  -1   -2     10.232     11.678    -72.480
  -1  522      8.928    -11.423    -71.929
  -1   -2     -7.676     -8.280    -59.815
  -1   -2     -6.643    -11.003    -63.215
  -1   -2     -5.000     -0.029    -57.590
 297  264    -13.428      8.080    -65.794
 142  418     16.088     -4.401    -70.221
  -1   -2     -5.573     -3.871    -77.046
 676  585     16.657     -9.918    -69.851
 441   -2    -11.571     -6.407    -64.254
  -1   -2     -5.684      5.738    -60.443
 127  589     -0.518    -10.741    -70.965
  -1  143     -9.796     -5.740    -77.879
  -1   -2     -8.382    -11.640    -76.757
 471  537      6.718     -7.026    -73.259
 375   -2     11.151     -5.974    -74.065
  -1  489    -14.073     -2.382    -70.571
  -1   -2      1.102    -10.479    -62.918
  -1   -2     12.410     12.516    -69.621
 553  809     14.473    -11.607    -72.929
  -1  566    -13.313     12.411    -66.088
  -1   -2      7.853      8.817    -60.919
 551  597      5.112      1.096    -61.467
  -1   -2     -9.976     -6.101    -78.778
  -1   -2      1.545     -8.168    -56.212
  -1   -2     11.534     10.704    -64.472
  -1   -2    -10.311     -9.323    -71.980
 563  592      7.571    -11.113    -63.399
 370  431     -6.312      7.346    -72.255
  -1  556     11.051     -5.157    -62.404
 772   -2      3.574     -5.567    -60.891
 520  329    -14.815      9.921    -68.979
  -1   -2      4.592     -3.314    -59.182
  -1   -2      4.214     -7.261    -75.267
  -1   -2     -4.606     -9.561    -57.989
  -1   -2     11.793      3.657    -66.097
 550  204    -13.515     -1.768    -64.976
  -1   -2     -0.155     -5.228    -61.069
  -1   -2      8.847     -3.963    -86.048
  -1   -2     14.385     11.124    -68.682
  -1   -2     -4.518     -4.699    -57.604
 339  703     -6.330     -9.488    -58.894
  -1   -2     15.861      8.456    -85.387
  -1   -2      5.091     -9.169    -82.079
 285   -2     10.647      7.932    -75.717
  -1   -2      7.556     -8.715    -55.167
  -1   -2    -10.036      6.407    -58.889
 143  780     -6.970      6.480    -64.822
  -1   -2    -11.216     -5.917    -75.496
  -1  267    -11.295     -7.930    -61.098
  -1   -2    -13.162     -9.756    -65.131
  -1   -2      8.359    -10.539    -59.140
 366  797     -2.535     11.482    -73.759
  -1   -2     -7.693    -10.501    -57.393
  -1   -2     -8.533     -5.820    -72.161
 566   -2     17.761     11.478    -70.434
 269   -2      4.140      7.781    -75.899
  -1   -2     18.084      2.668    -69.372
 577   -2    -13.977     13.070    -67.820
  -1   -2      8.894      4.586    -56.879
 305  313      7.649    -10.365    -66.732
  -1   -2     -3.123     -5.188    -53.290
 548  284     -0.428     11.979    -72.399
  -1   -2     -0.877     -1.236    -63.884
  -1   -2     -9.238    -10.089    -62.500
  -1   -2     -5.431     11.547    -74.484
  -1   -2     15.032     11.763    -64.282
 637   -2      6.487     -3.803    -55.068
  -1   -2      5.188      4.329    -69.771
 309  708      8.506     -0.605    -73.790
 560  615      1.118     11.596    -62.921
 302  681    -10.344      0.135    -61.172
  -1   -2     16.065     -7.078    -77.462
  -1   -2     -3.492     -5.967    -59.084
  -1   -2     -9.054     10.611    -56.356
 240  318      0.534      2.136    -74.191
 646  229    -12.683      7.550    -72.735
 336  446     -5.992      8.754    -75.659
  -1  573    -13.461      3.864    -73.146
  -1  319    -12.981      3.533    -75.260
 585  629     -4.278     11.900    -72.775
 262  823     -3.128    -11.743    -74.681
  -1   -2      6.473      3.646    -87.692
  -1   -2     -5.431      2.100    -58.812
  -1   -2    -14.392     -0.399    -77.717
 698  584    -14.915    -11.598    -75.142
  -1   -2     14.204      5.932    -71.362
 252   -2      4.452     -0.074    -72.222
 361   -2      0.039     -2.936    -72.767
  -1   -2      3.293      2.785    -64.370
  -1   -2    -14.760     -3.184    -74.715
 701  365     -7.529     -1.790    -68.552
  -1   -2    -13.353     10.597    -72.112
  -1   -2     17.341    -10.633    -64.698
 538  641     14.273     -6.308    -65.918
  -1   -2    -11.709      3.651    -62.038
 259   -2     -6.533     -5.882    -67.533
  -1   -2      7.395     -4.019    -86.710
  -1  332    -13.074      2.401    -67.096
  -1   -2     -3.410     11.768    -65.323
 175   -2    -11.136     12.387    -72.536
  -1   -2      7.631     13.221    -64.856
  -1   -2     -5.412      3.760    -55.497
  -1   -2     -6.609     -1.751    -66.059
 502   -2     11.302      9.548    -64.582
  -1   -2     -4.924     -9.535    -58.358
  -1   -2     13.226    -13.449    -69.359
 630  614     17.413     -0.680    -66.685
 631  814      0.443      2.805    -73.038
  -1   -2      8.879      6.096    -52.570
  -1   -2     -7.457      6.717    -53.207
  -1   -2      5.771     -1.103    -57.811
  -1  616      3.977    -11.021    -65.528
  -1  699      5.595     -7.023    -62.792
  -1   -2      7.925     -3.654    -59.334
 598  812     -7.075      8.825    -68.336
  -1  299     12.003     -2.164    -63.064
  -1  646      4.079      4.427    -57.869
 762  307     -8.238     -4.717    -73.246
  -1  690    -10.083      6.234    -62.807
  -1   -2      3.472     -6.690    -67.471
  -1   -2     -2.912      4.277    -61.825
  -1   -2      3.018     11.066    -64.732
  -1   -2     -9.073    -10.937    -78.556
  -1   -2     14.812     -6.498    -65.224
 785  384      3.980     -9.186    -69.225
  -1  290      7.342     -5.992    -64.419
  -1   -2     -0.547     -5.708    -57.736
  -1   -2     -8.176     -5.400    -63.530
  -1   -2     11.486      1.879    -72.502
  -1   -2      0.542    -12.972    -66.615
  -1   -2    -16.207     -5.303    -71.912
 782   -2     13.062     12.715    -65.346
  -1   -2      2.497      4.910    -59.943
 714  557    -11.671      1.326    -63.390
  -1   -2     -0.868      1.228    -52.263
  -1   -2      9.164      6.091    -70.274
 602   -2     15.051      2.179    -84.298
  -1   -2      7.894    -10.755    -63.914
  -1  607    -10.193      6.481    -77.159
  -1   -2      0.152     -2.612    -61.401
  -1   -2      6.800     -4.609    -65.923
  -1   -2    -13.840     -5.589    -73.591
  -1   -2      8.630     -9.266    -74.335
 352  628     -6.063     12.187    -69.248
  72  774      8.527      1.505    -70.899
  -1  582      2.993      8.930    -68.558
 357  345     13.414     -8.806    -68.472
  -1   -2     10.868      7.807    -67.564
  -1   -2     -5.507     -7.828    -59.684
  -1   -2     -0.805     10.246    -59.922
  -1   -2     -6.540     -6.561    -69.316
  -1   -2      7.407      0.399    -67.556
 294  793     10.735     -2.230    -66.031
  -1   -2     16.667     12.053    -65.368
  -1   -2     -6.593      1.185    -57.890
  -1   -2     -6.773      2.567    -71.315
  -1   -2      3.797    -12.006    -74.768
  -1   -2      8.097      3.894    -66.001
  -1   -2     -8.463     -6.641    -52.007
  -1   -2     12.099     13.055    -69.353
  -1   -2      1.639     -8.553    -56.064
  -1   -2      8.726     -7.029    -82.428
 625   -2      6.937      0.577    -67.978
  -1   -2     -3.126     -2.602    -69.036
  -1  668      5.495    -13.338    -62.476
  -1   -2      4.917     10.951    -60.054
 633  717     16.090     -8.058    -67.134
  -1   -2      9.987     10.023    -56.930
  -1   -2      4.459    -11.704    -64.307
  -1   -2     16.241      3.705    -73.772
  -1   -2      3.833     10.210    -78.282
 683  749     -4.471      3.019    -65.764
  -1   -2      4.679     -8.387    -70.464
  -1   -2     12.094     12.887    -63.849
  -1   -2      1.197     -0.051    -75.758
  -1   -2    -13.613     12.613    -68.806
  -1   -2    -13.472     -5.501    -72.818
  -1   -2     -1.487     11.016    -56.639
  -1   -2     -3.780    -12.530    -69.786
  -1   -2     -2.113      5.097    -55.845
  -1   -2     11.390      5.012    -76.711
  -1   -2     -6.818     -5.337    -87.633
  -1  263     13.444      4.561    -63.329
  -1   -2     14.707     12.244    -73.049
 710   -2      5.100      7.361    -62.830
  -1   -2     -4.831     -6.619    -71.765
  -1   -2    -14.293     -9.199    -74.180
 271   -2     15.981     -5.042    -69.901
  -1   -2      8.710     10.455    -61.548
  -1   -2     -0.775     -4.615    -68.000
  -1   -2     12.784     10.677    -68.359
 690  700     12.341     -8.456    -64.402
  -1   -2      2.191    -12.885    -69.453
  -1   -2    -13.633      0.732    -67.373
  -1   -2     -0.843     -0.510    -57.464
  -1   -2    -15.358     -4.438    -74.231
  -1   -2     13.634     10.227    -62.539
 786  824     -0.208    -11.673    -71.331
  -1   -2      1.276     -1.873    -64.019
  -1   -2     -4.418      5.500    -81.629
  -1   -2     13.827      6.628    -77.298
  -1   -2    -13.122     -5.829    -72.252
  -1  669     11.230     -1.977    -63.776
 795   -2      6.228    -13.084    -64.325
  -1   -2     15.845     -3.720    -64.373
  -1   -2     -7.392    -11.311    -69.693
  -1   -2      8.573      0.045    -76.321
  -1   -2      5.540     -6.087    -78.498
  -1   -2     -3.807      9.862    -67.727
  -1   -2      4.428     -3.631    -72.881
  -1  734      6.811      9.463    -76.624
  -1  586    -15.341     11.472    -72.554
  -1   -2      6.469      0.991    -74.855
  -1   -2     -5.409     11.649    -65.155
  -1   -2      6.396     12.467    -66.559
  -1   -2      9.397      3.955    -78.858
  -1   -2     -8.676      4.706    -64.609
  -1   -2      7.405     -4.503    -84.615
  -1   -2     -2.506      9.671    -82.720
  -1   -2      9.322     -9.674    -57.824
  -1   -2      8.864      1.014    -72.492
  -1   -2     -1.358     -8.672    -74.886
  -1   -2     13.375      3.813    -69.499
  -1   -2     14.751     10.356    -72.333
  -1   -2     15.413      1.594    -63.249
  -1   -2     -0.129      4.805    -66.556
  -1   -2      0.192      6.307    -87.053
  -1   -2    -10.196     10.769    -75.812
 744  355     -8.102     -1.789    -61.890
  -1   -2     -0.139      3.870    -58.678
  -1   -2     11.549      5.534    -66.649
  -1   -2     -1.195      1.191    -73.806
  -1   -2    -15.987     -5.235    -77.088
  -1   -2     -3.551     -9.718    -66.618
  -1   -2     -5.384     12.127    -64.301
  -1   -2    -11.141      6.749    -71.727
  -1   -2      5.914     10.220    -56.630
  -1   -2      3.439     -8.234    -67.753
  -1   -2     12.383      0.154    -60.472
  -1   -2    -14.738     -2.170    -82.573
  -1   -2     17.999    -11.047    -67.945
  -1   -2     -5.415     12.959    -67.512
  -1   -2     15.907     -9.237    -60.590
  -1   -2     15.051      9.987    -64.119
  -1   -2    -11.531     -6.068    -69.882
  -1   -2    -11.473     -6.241    -70.907
  -1   -2    -13.602     -6.123    -69.609
  -1   -2      2.132      7.172    -55.988
  -1   -2    -15.849     -2.973    -77.240
  -1   -2      0.149     -7.112    -61.127
  -1   -2      7.332      8.010    -73.192
 755   -2     -2.753     13.541    -66.237
  73  775      3.711      1.952    -64.828
 228   -2     -4.943    -10.726    -72.010
  90   94     -6.551     -1.627    -66.209
 152  116      5.292     -8.115    -70.828
 391   56      6.726      4.719    -67.247
 778  214      1.633     -3.950    -67.854
 379  492      4.189      7.301    -70.926
  51   -2     -5.113      7.007    -73.880
 134   -2      2.764      7.627    -65.101
 204  218     -7.788      1.742    -63.535
 173  146     14.489      6.646    -67.684
 396   -2     13.983      2.747    -67.364
  -1  265     15.435      5.301    -71.381
 316  795     12.300      5.814    -69.994
 758   -2     15.803      8.392    -72.978
  -1   -2    -13.892      9.561    -73.304
 518   -2    -11.861     11.030    -61.252
 616   -2      7.929    -12.712    -69.490
 432   -2      6.907     -4.806    -76.831
 608   -2     12.693      5.716    -63.195
 304  639     -0.751     10.325    -74.930
 179  266     -8.826      7.259    -65.771
 729   -2     16.583      9.439    -71.518
 356   -2     17.191     12.946    -67.622
 508   -2      0.067    -10.233    -74.274
  48  427     -5.674      6.805    -72.272
  -1   -2      3.244    -11.533    -65.317
 405  367     -0.429     -7.813    -71.336
 392  201      1.175      4.282    -76.504
 409   -2     13.001    -11.248    -69.753
 448  514     -7.965     -9.622    -63.438
 780   -2     -4.645     13.509    -66.793
 388   -2     -0.416      5.628    -73.272
 348  635    -12.976     -4.926    -74.347
 539   -2     -2.044     11.524    -69.831
 645  473     -2.640     -7.504    -60.512
 205   -2     -8.482      4.556    -68.872
 546  808      5.471     -4.598    -75.147
 239  787     -4.518      6.647    -63.325
  -1   -2     -8.687     -7.684    -74.673
 794  818     13.323    -11.188    -76.383
 779   -2     18.480     12.593    -74.793
 792  817     -3.295      5.297    -62.394
 788  816    -14.825     12.454    -67.208
 797  819    -16.103      8.837    -69.271
 341  796     -7.847      6.665    -75.148
 629  655     -2.788      2.407    -67.081
 451  802     -4.761    -10.208    -61.631
 206  152      9.984     -6.324    -64.706
 235   -2      4.851      4.963    -71.888
 328  744     16.808     10.304    -71.832
 667  825     11.981     -1.623    -71.341
 684  470    -14.918     -0.693    -75.971
 706  671     -5.103     10.775    -74.622
 745  826    -11.930      8.335    -71.600
 791  827     18.710     -7.292    -69.322
 802   -2     -3.307    -11.624    -77.293
 808   -2     -6.319      1.390    -61.443
