833
 163  209     13.950      4.634    -72.677
  74    6     -1.079      2.537    -70.384
   1    1     -1.834     -7.338    -73.531
   9   33      2.616      3.898    -69.480
   7    2     -4.724     -0.980    -71.218
  28  144     -4.817      3.471    -72.049
  12   20    -11.003     -3.212    -75.726
 476    3      2.651     -5.175    -75.659
   0   16      8.188      7.791    -71.391
  13   41     -0.433      5.574    -69.787
  60   21    -11.757      7.106    -71.017
  21  768      2.145     -6.547    -70.909
 141   18      8.049      9.048    -69.265
   6  258     -0.529     -6.307    -71.258
  22   13     -1.029     10.619    -69.106
  24  153      0.999      5.974    -72.776
  37  147     -2.699      7.703    -71.618
  62  286      1.452     -8.698    -72.972
  29   15     -6.820     10.249    -70.814
  33   17      4.059      1.217    -67.261
  69  428     -1.644      9.652    -74.364
  -1   23     -4.695     -2.527    -74.034
 139   11     -4.339      6.863    -71.829
  17  270     -4.702      6.350    -71.457
   3   99     -6.158      0.813    -72.914
  30   96      1.370      3.971    -68.142
  35   40      5.289      1.663    -67.760
  56  140      3.755      5.773    -66.715
  36   29     -6.015     -8.699    -70.298
  32   51     -6.515      5.050    -68.052
 189   93      4.761     -6.812    -71.220
 145  177     -3.088     10.924    -70.536
  89   45    -13.440      1.770    -69.959
  80  110     -7.804      5.164    -67.244
 136   57     -1.806     12.815    -67.072
 140   38      8.159      1.522    -67.930
  92   68     12.250     10.788    -68.708
 106  121      2.486     -2.533    -71.713
  -1   46     -4.875     -2.695    -71.709
 422   42     -3.631     -4.503    -77.098
 392  176     -3.286     -1.474    -71.971
  61  771     -2.010     -7.833    -68.842
 100   79     -9.158      3.781    -66.717
  -1   -2     -9.997      4.931    -71.665
  68  382      8.376     10.747    -68.745
 446  173      3.011     -4.917    -68.291
  54   55      4.487      2.320    -66.356
 223  399     -7.077     -6.419    -67.046
  59   52      1.198      0.908    -66.142
 403  791     -6.725     -4.943    -67.056
 405   73     -5.023      7.250    -65.114
  66   36     -1.775     10.953    -67.122
  48  129     12.063      1.524    -72.183
  84  113     11.095     -5.996    -68.847
  63   70      5.844     -3.783    -68.145
 516  561     -8.316     -4.809    -74.073
 171  150     -4.467     -2.085    -69.013
  53   49      0.436      0.547    -66.716
  75   85     -2.367      2.356    -68.265
 115   47      9.493      8.981    -66.436
  -1   -2     -5.639     -4.922    -66.972
  -1  122     -4.560    -10.202    -69.540
  43   59      5.094     -5.370    -71.620
  -1  395     -2.744     -3.334    -65.746
 177    7      4.006      7.673    -73.154
  46   30      5.588     11.697    -69.675
  81   39     -5.391      2.888    -66.299
 126   66     -1.827    -12.014    -65.400
 398   84      2.829      9.148    -67.848
 122  188     -4.506     -6.495    -70.622
  71   92      3.682     -1.096    -70.921
  -1  120    -13.428     12.168    -73.099
 249   86      9.211     -3.450    -67.262
 160  420      5.463      3.637    -66.037
 152  186      7.363     12.543    -68.386
 395    5     -2.547      8.856    -71.642
  85  143     -8.085     -9.015    -71.106
  73   64      7.155      0.599    -67.342
  58  116      7.047      8.100    -67.972
 116   -2      2.358     11.705    -69.678
  78   91     -7.189     -2.755    -65.950
  -1   -2     -1.502     -7.715    -63.717
  40   43    -10.148      7.842    -75.115
  23  171     -0.178      5.789    -71.512
 437   81     -3.666     -6.142    -72.948
  -1   -2     -6.210     -7.684    -59.281
 187   62     13.979      8.649    -71.472
 104   63     -1.584      3.055    -66.084
  27    0     -5.911     -5.493    -70.788
 111   44     -7.883    -11.482    -69.623
 144  166     -1.057      7.424    -61.848
  65  123     17.198      2.534    -71.226
 228   95     -8.862     -3.454    -63.580
 117   88      2.078      3.239    -61.237
  64  458      1.798    -10.743    -69.448
  86   94      0.124     10.317    -64.296
 101   97     -9.125     -6.566    -66.741
 326  502     -5.630     -1.003    -72.307
  98  416      5.492     -5.665    -63.411
  99  156     -9.068     -8.114    -69.368
  -1   65     -5.515      0.504    -72.287
  93   50    -11.114    -11.787    -70.275
  -1   -2    -11.681      0.574    -72.266
  -1  130     -8.346     10.608    -72.883
 103  115      1.024    -12.237    -73.034
 246   76      9.441      5.772    -74.348
 254  128     14.658     -6.454    -73.183
 114  213     16.412     12.610    -68.303
  -1  293      4.573     -1.347    -64.216
 119  104     14.040     -5.347    -71.707
 164  180     10.965     -3.943    -68.175
  -1  181     -6.078      4.010    -63.632
 118   72      3.876      7.360    -67.323
  97   10     -4.956      5.589    -71.232
  79  301     -8.592     -7.351    -71.428
 108  175     10.661     -7.990    -66.547
  34   61      4.157      4.223    -72.316
 134   32      1.904      1.593    -67.950
 107  223     -9.401      6.702    -68.498
 123  452     -9.884      7.221    -62.484
   2  295      4.300      1.566    -72.266
 565  136      9.350      1.896    -65.645
 433  237     -7.407      7.316    -71.219
 175  160      9.255      4.172    -65.602
  45    8     -1.706      6.881    -70.794
 170  314      0.922     11.999    -73.064
  96  101     -0.766      6.160    -63.069
 487  214     -3.877     12.629    -63.708
 238  118      6.497      8.570    -67.693
 443  394    -11.047      7.085    -62.702
 203  163      1.825     -8.721    -66.549
 248  437      9.388      5.212    -68.382
 198  257      7.940      3.803    -75.207
 320  133     -6.892     -8.527    -67.325
 169  274     11.715     -2.159    -68.047
 209  814    -12.271      2.563    -69.154
 497  379      9.390      2.439    -69.637
 162  112     -7.645      0.078    -64.810
 194  252      3.892     11.580    -74.654
 217   74    -10.104      3.392    -62.394
 588  390     -7.293      3.929    -61.587
 251  178    -10.750      2.105    -68.832
 167  170    -11.880      9.686    -65.122
 778   -2     -2.213     12.441    -62.720
 154  145    -12.667     10.084    -65.677
  72  273    -10.950     -4.428    -69.549
  82   27      0.495     -9.924    -72.644
 272    9     10.406      4.945    -70.682
  -1  194     -4.795      2.234    -59.920
 214  155      4.979     -2.395    -67.759
 133  411     -7.409      5.803    -64.127
 402   -2     -3.582     -1.581    -65.084
 137  242     -7.068     -2.454    -70.738
 329  159     -7.539     -4.720    -70.175
 197  279      4.818      0.873    -63.236
  -1  280    -12.281     -5.585    -69.888
   4   31     -5.015     -1.772    -72.465
  49   -2      1.625      2.193    -69.211
 150  248    -11.652      4.153    -68.213
  -1   -2     -8.966     -0.837    -75.302
  -1   -2     12.686     -4.543    -71.561
 179  197    -14.674      8.562    -70.102
 207   37    -15.542     -4.769    -74.880
  41   87      9.874      2.954    -71.274
  -1  111     14.908    -10.835    -68.584
 287  243      9.419      4.865    -62.529
 419  192     -3.534     -3.695    -70.959
  47  383      3.336      8.282    -73.567
 147  107      9.070      8.054    -72.149
 113  249    -14.549      3.181    -76.430
   8   25     -0.898      9.444    -71.514
 212  467     -7.925      6.893    -65.500
 225  221    -13.425     -2.282    -70.817
  -1  172     -7.251      2.753    -67.627
 159  193     12.613      7.655    -70.006
 457  222     11.515     -2.248    -69.096
  25   78     -6.190      0.592    -69.764
 125  380      1.296    -11.255    -69.910
 131  125     -9.281     -7.340    -69.950
 127  267     -7.460     -4.695    -71.295
 352   -2     10.331     11.224    -66.340
 184  355      5.570     -2.511    -72.832
 230  328     -2.240     -1.983    -66.066
 146  161     13.611      0.751    -69.838
 208  815      2.426      8.143    -76.408
 775   -2    -11.213     -8.436    -69.430
 288  157     11.953      7.022    -67.050
  57  462     -1.994     -0.686    -67.503
 451  183     -9.118      3.745    -63.674
 195  466      1.115     -0.802    -60.279
  20   12     10.389      7.680    -69.749
 151  816      9.547     -5.486    -63.985
 269  282      2.273      7.829    -66.058
  -1  553     12.002     -7.170    -70.714
 354  109      3.707      5.941    -65.590
 178  777     -9.400    -11.648    -67.618
 239  298     -8.754     -0.305    -64.610
 244  137      4.149      6.850    -63.380
 196   -2    -12.207      4.385    -70.813
 135  240    -10.796      5.764    -67.622
 285  235     -6.808     -3.126    -66.152
 156  508     -8.980      8.726    -73.157
 478   60     -3.763     -2.224    -70.087
  -1   -2     11.197      7.516    -72.203
 484  796    -11.301     -0.472    -67.359
 105  191      5.220     10.019    -71.741
 610  245    -13.215     -7.146    -66.473
  70  772      1.977      6.536    -68.223
 434  131      9.991      5.657    -67.696
 556  250     15.446     -5.418    -66.485
  -1  427     -9.857    -11.829    -69.628
 306   75    -10.026     -5.391    -69.299
  -1   -2      7.502     -7.258    -69.332
 323   77    -10.720      2.262    -71.363
 153  158     12.920     -1.967    -69.574
 307  119     -5.431     -5.225    -70.248
 283   -2     -4.742     -3.087    -64.873
  -1   -2    -13.720     -9.715    -67.655
 584  218     -6.895    -10.946    -69.685
 234  510    -10.097     -0.697    -62.017
 221  271     10.618     12.780    -66.874
  83  387    -13.536     10.289    -73.508
 271  117     -5.427      4.834    -62.658
 182   -2    -12.204      0.931    -75.912
 148  388     -1.022      4.623    -68.630
 336  138     12.695      8.476    -66.995
  -1   -2     -7.519      2.654    -62.963
 149  148    -13.205      8.261    -69.762
  42  134      2.743     -7.984    -72.349
 779  127     15.013      2.030    -70.246
 452  795      6.708     -4.443    -73.357
 275   -2     -9.435     -2.945    -73.000
 304  196    -12.604     -6.918    -70.560
  -1   -2      0.330      7.445    -62.839
 259  231    -11.721     -4.728    -69.623
   5  309      5.516     -2.137    -76.302
  -1   -2    -12.221      5.303    -73.644
 342  289     -7.295     11.872    -73.772
 576  432     -2.066      2.232    -59.060
 130  234     13.982      2.314    -73.412
 780  479    -12.272    -10.160    -69.234
  91  443      6.311     12.504    -66.820
  -1   -2     -3.361     -7.591    -69.080
 278  319     10.610      2.330    -65.398
 232  541      6.979     -6.316    -64.146
 157  238     -2.112     10.435    -70.081
  -1   -2     17.790     -8.567    -74.163
 220  203      6.669      3.637    -62.723
 673   -2      1.890     -5.214    -68.106
 158  244     12.065      4.288    -62.291
 202   -2     -6.467      2.026    -60.431
  -1  440      4.135      8.938    -70.454
 367  200      8.019     -0.884    -63.245
  -1   -2    -12.960     -1.035    -76.366
  88  278     -7.501     11.726    -68.905
 262  239     -9.302     -9.978    -65.967
 173  165    -11.355      4.447    -63.259
 290  544      7.921    -12.745    -66.409
  -1   -2     -0.072     -3.578    -63.183
 506  263     -9.683     -2.381    -75.197
 296  494    -15.205      4.417    -71.569
  50  313      2.784      0.124    -77.196
 270  315     12.251    -12.915    -69.119
  -1   -2    -13.479      8.496    -71.088
  -1   -2     -4.077      7.911    -59.972
 247  264     10.114     -2.326    -74.428
 267  349     -0.215     -9.307    -64.461
 368  817     16.581     -4.189    -68.964
  -1  652     12.738     -6.950    -67.482
 349  233      9.897    -12.179    -70.834
 509  260     -0.397     -0.679    -61.262
 524  184      4.371    -11.156    -73.426
 301  211      1.475      6.985    -75.796
  -1  190      0.644      7.127    -72.260
  -1   -2      5.344     -2.047    -63.383
 292  327     -2.954      9.974    -70.544
 276  566      9.027     11.566    -69.686
  -1   -2    -15.608     -2.219    -73.767
 241  300    -13.605     11.252    -67.526
 383  364     13.009      0.125    -69.947
 226  272     -0.863    -12.439    -69.476
 280  658      5.580    -11.852    -68.888
 191  557    -13.175    -10.957    -68.940
 573  798      2.628     -2.945    -64.830
 334  337     -8.371     -1.198    -64.972
 529  297     -4.470     12.621    -68.976
 321  268      0.178      3.919    -60.767
 161  446     -2.395      9.908    -61.367
  -1   -2      3.057      8.277    -58.532
  -1   -2     -8.225      4.083    -76.140
 213  303    -13.413      5.882    -68.451
  -1  227      3.559     -8.362    -69.252
  -1   -2     13.356      9.774    -64.434
 274  296      2.846     12.376    -65.526
 302  316     11.617      8.188    -67.581
 181  362      5.525      8.730    -74.486
 496  236      7.777    -12.228    -67.237
 316  347     13.055      4.177    -63.907
 622  474      0.433     -8.058    -71.817
  -1   -2     -9.895      9.708    -72.315
 190  320    -15.077     -8.584    -70.082
 299  782      7.471     -3.734    -69.857
  -1   -2      6.555      9.502    -68.924
 258  228      8.970      6.198    -66.563
 315  256     14.960     -3.884    -74.304
  -1  100     11.669     -4.937    -69.490
 786  187     -9.175     -2.318    -69.781
 560  818     -6.139      4.100    -75.244
  -1  448      5.309     10.924    -62.706
 337  334     14.175     10.664    -67.704
 716  324      7.321     -2.254    -69.494
  -1  674      8.074      0.685    -62.126
 548  712     11.001      0.283    -74.480
 715  329     10.297      1.670    -63.993
  39  306     -3.546      5.418    -75.698
  -1  291    -11.697     -4.188    -75.191
 427  512     15.050      1.652    -72.227
  -1  276      3.234      3.979    -70.776
 309   -2     12.407     11.739    -66.487
  -1   -2    -12.019     -4.526    -74.326
 641  684     12.305      1.173    -62.939
 357   -2      9.559    -10.270    -66.857
  -1   -2     11.414      7.114    -57.003
 261  330      7.193     10.803    -71.848
 172  168      9.328     -8.790    -70.061
  -1  326     -6.853      5.347    -77.516
  -1   -2    -10.020      0.640    -59.407
 604   -2     15.906      5.364    -68.727
 606   -2      3.169     -4.739    -71.176
 344   -2    -13.498     -7.949    -67.690
  -1   -2     10.988     -4.108    -69.280
 313  783    -10.459      8.631    -76.038
 318  261     13.544      5.249    -68.467
  -1   -2     -6.308     -8.524    -73.416
 781   -2     -7.214     -1.104    -62.820
  -1   -2      9.498     -4.786    -60.649
 382  789      8.440     -8.489    -71.523
 346  556     -7.668     -1.904    -68.530
  -1   -2     14.993    -12.986    -71.330
 348  650      9.263      4.745    -74.325
 335  354    -10.679     10.041    -68.950
  -1   -2      7.776     -4.609    -62.757
 325  784     -0.210     -2.231    -59.413
 785  343     12.395      6.382    -66.545
 293  552      7.290     -3.864    -67.223
 379  788     -4.679    -10.218    -72.209
 371  676     13.061      3.230    -73.028
  -1  321      7.688     -5.327    -69.946
 729  345      8.341     -9.138    -73.452
 218  819     -1.165     -5.319    -63.654
 385  763      6.050      3.144    -65.876
  -1   -2     -3.022     -0.185    -62.250
  -1   -2      4.928     -6.337    -60.458
 273  656      4.083      5.679    -73.649
 266  341    -14.043     12.188    -67.553
  -1   -2     10.879     11.754    -68.686
  -1   -2     -2.927     -0.953    -66.003
  -1  617      0.922     10.195    -68.387
  -1   -2     -6.558      5.836    -74.997
 361  735     -8.074      1.952    -66.302
  -1  358      2.091     -2.387    -68.572
  -1   -2     -5.879      5.124    -77.856
  -1   -2     -2.206      8.720    -65.407
 345  363    -11.310     11.404    -67.199
 375  638     -1.208      6.965    -63.543
 683  351     -8.167     12.050    -73.000
 378  366    -14.291     -1.854    -69.684
  -1   -2    -13.716      4.892    -68.373
  -1   -2     -5.740     11.143    -64.061
 389  790      0.441      5.546    -64.274
 376  305     -1.233      8.267    -73.019
  -1   -2     17.571      2.931    -70.486
  -1   -2     -4.036      1.963    -59.293
  -1   -2     -4.997     -8.092    -73.527
  26   90     -6.203      6.702    -72.960
 461  373    -14.812    -12.381    -72.448
 399  226     -1.356      3.202    -75.714
  11  439      0.527      2.807    -68.959
  -1   -2      4.493     -8.152    -58.993
 393  251      8.320      1.276    -69.916
 501  216      8.251      3.101    -75.337
  -1   24     -5.113      5.262    -72.587
 430  381     -3.341      9.480    -72.949
 473  480     -7.931     -9.222    -77.320
  95   -2      9.017     -0.576    -72.555
 685  441     15.671     -0.343    -71.918
  -1   -2      0.887      9.572    -67.257
 435   80      7.227     -5.700    -68.391
  -1   -2      2.055     -9.618    -65.422
  -1  447     -0.034      1.683    -57.602
  -1   -2      4.199    -12.009    -72.143
 401   -2     -5.678     -3.345    -76.274
 102   56     -2.838     -8.777    -69.191
  -1   -2      0.453      6.944    -60.707
  76   53      9.992     10.203    -67.836
 242  212     -2.055     -1.439    -74.330
 417  402      3.160    -10.139    -63.340
 224   28     -3.154      2.205    -68.159
  -1   -2      8.064     -3.437    -73.641
 199  778     11.470     -5.149    -67.977
  -1  406      4.630      9.700    -67.299
  10   22      3.894      5.445    -69.430
  -1   -2     -7.128     10.924    -58.608
  -1   -2      5.008    -12.305    -62.335
  -1  401     -2.911     -0.937    -60.115
 124  195      5.188     -7.051    -63.518
 416  456      4.427      3.653    -76.194
  -1  464    -15.889     -7.193    -74.785
 188  820    -15.955     -6.626    -71.588
 409  346     -7.669     10.371    -72.870
  -1   -2      4.113     10.942    -74.202
  44   26     -5.844      5.618    -67.101
  18   14      5.514     -9.186    -75.194
 406  634     12.275     -0.866    -73.196
 460   82      2.377      6.858    -63.103
 397  164      1.977      1.546    -73.731
  -1   -2      8.237      6.081    -72.962
 374  182      5.739      9.949    -71.640
  -1   -2     -7.237     -1.098    -74.396
 110  403     -4.321     10.877    -72.129
 404  215     -6.884      8.990    -75.160
 407  396     -4.467     -0.915    -66.460
 798   -2     -8.324    -11.860    -62.987
 132  776    -10.348      1.027    -62.925
  -1   -2      8.571      9.321    -68.400
  -1  460     -7.098     -7.898    -63.710
 428  435     15.381     -0.269    -64.281
 412   -2      7.703      6.570    -75.313
  -1   89     -1.736     -5.868    -62.882
  -1   -2      6.025     -2.843    -62.282
 481  418    -12.218     10.812    -64.477
  -1   -2      1.539     -9.828    -60.473
  -1   -2    -14.272    -11.556    -69.611
 268  141     -6.401      6.991    -65.935
 448  455     -4.050     -9.609    -60.418
  -1  774     -5.950      6.393    -64.459
  67   58     -1.034     -0.250    -69.941
  -1  529     -2.893     -6.245    -62.222
 233   -2     14.774      8.418    -67.803
 112  266      7.047     -5.235    -69.577
 811   -2     15.768     -6.658    -76.799
 431  793     -6.391     -6.927    -68.141
 679  454      8.980     -5.543    -72.006
 143  424      7.688      1.814    -66.684
  -1   -2     -2.279     -8.250    -62.418
  -1   -2     -2.906     -9.604    -64.103
 450  465     17.608     -1.240    -66.169
 568  430     -4.104     -4.761    -60.019
  -1  275     -9.033     -8.722    -65.526
  -1   -2      1.773      1.069    -56.692
 200  779    -10.104      3.286    -69.810
 425  142     -3.712      0.497    -71.678
  -1   -2    -12.253     -8.417    -67.408
 413  421     -9.865     -8.222    -66.512
 229  322      0.462     -7.010    -70.897
  -1   -2     -4.393     -2.261    -62.566
 319   -2     -9.811      1.270    -68.247
 468  413     12.595     -2.310    -64.623
 155   -2     -5.140      2.409    -63.939
 206  507     10.645     11.797    -68.425
  -1   -2      4.896      8.878    -60.482
  -1   -2    -10.701      2.796    -63.602
  -1   -2     18.166    -10.364    -73.014
  55  821     -3.842      6.642    -68.341
  -1   -2     14.536    -11.232    -87.769
  -1   -2     10.358     -6.189    -57.317
 128   98     -0.553    -10.201    -63.160
 466  470      3.756    -10.996    -63.580
  -1   -2     -1.807    -12.406    -69.601
 801  822    -11.539    -10.845    -68.272
  -1   -2     -5.696     10.423    -58.159
  -1   -2    -10.026    -11.826    -74.661
 219  149     14.832     -8.639    -70.307
  -1   -2     -9.861     -8.212    -63.206
  -1   -2     -8.730     -5.097    -59.299
 507  468     -0.059      5.090    -57.879
 129  436    -11.056     -2.950    -67.718
  -1  224     16.429     -3.156    -73.286
 216  522     -5.313      4.208    -61.902
 470  202    -11.070      8.148    -61.416
 236  518      7.652     -6.336    -73.718
  -1  210     12.181     -5.151    -69.640
  -1   -2     -8.200      0.926    -59.565
  -1   -2     -4.134    -10.413    -84.702
 598   -2    -10.329      0.510    -76.648
  -1  255    -10.642     -9.875    -66.475
  -1   -2     16.093     -4.992    -64.452
 490  495    -13.259      7.927    -64.754
 465   -2     -6.018     -1.858    -69.769
  -1   -2     -4.276    -10.163    -63.163
 494  489      4.789    -10.337    -62.255
 782  823     12.241     -6.085    -66.978
 300  492     12.861     -1.091    -67.108
  -1   -2    -15.833     -9.520    -74.289
  -1   -2     -6.929    -11.995    -61.354
 462   34     -6.818      4.950    -72.946
 243  167     -7.135     -0.506    -63.509
  -1  538     -2.094      5.702    -59.045
  -1   -2     -8.656      9.511    -61.798
  -1   -2     15.499      9.592    -62.908
  -1   -2      2.047    -12.413    -71.517
  -1   -2      7.368    -10.849    -69.406
  -1   -2      0.765    -10.376    -64.824
  -1   -2      1.209      9.899    -53.690
 523  254     13.314     -8.142    -68.053
 186  392    -11.101      7.749    -75.752
 689  374     12.121     -0.024    -73.928
  -1   -2     -3.468    -12.974    -66.686
 298  781    -14.497      4.573    -69.344
  -1  530     -3.760    -11.194    -60.188
 541  490     18.349     -7.750    -68.510
 324   -2     10.115     -1.509    -62.140
 547  514     11.211      2.062    -75.494
  -1   -2     19.221      5.481    -82.088
  -1   -2     -7.673      1.430    -63.101
 215  605     -6.202     10.158    -65.691
 180  230     -3.836      7.138    -61.183
 537  146     -1.510    -11.970    -74.177
  -1   -2     -0.676    -11.256    -66.940
 227  521    -11.241     -6.557    -67.188
 308  680      7.078      5.217    -78.187
  -1   -2     -1.636     -6.813    -54.877
  -1   -2     -4.116     -6.766    -71.346
  -1  185    -10.181     -0.231    -68.052
  -1   -2     10.237      1.461    -62.350
  -1   -2      8.963     10.433    -74.831
  -1   -2    -10.929     -2.577    -79.248
  -1  594      8.107      7.240    -60.432
 340  697     17.454      7.970    -71.520
 282  311      2.513     -1.713    -77.379
  -1   -2      6.843    -10.355    -60.402
 231  442     16.760      0.584    -68.403
  -1  584    -14.618     -5.519    -68.879
 333  785      0.989      3.278    -59.760
  -1   -2     12.158      2.856    -61.663
 536  578     10.193     -7.170    -59.951
  -1   -2     -9.878      0.150    -63.965
  -1  408    -11.808    -12.340    -64.620
  -1   -2     -4.940      6.264    -65.633
 120   -2      9.433     -4.925    -71.766
 415   -2      1.101     11.922    -76.831
 500  499      6.051     -9.141    -61.265
  -1   -2      1.074      7.378    -60.120
  -1   -2     -1.319      5.287    -60.691
  -1   -2      1.129     -6.946    -54.398
  -1   -2      2.506      5.684    -59.263
 255  824      3.257      0.693    -62.150
 525  555    -14.657     -6.313    -67.037
  -1   -2     -5.340      7.499    -69.683
 582  799     -9.993     -3.780    -62.133
 256  540     15.759      8.073    -73.386
  -1   -2     -4.991    -11.439    -70.828
 295  780      2.919     13.366    -65.286
 327   48    -11.302      9.166    -71.403
  -1   -2     -4.485      1.031    -60.971
 322   -2    -15.139    -11.334    -73.961
  -1   -2     -1.658    -10.524    -61.864
  -1   -2      9.877     -5.185    -79.949
  -1   -2      0.060     13.307    -63.704
  -1   -2    -12.177     -2.246    -70.753
 491  653      9.439    -10.156    -72.662
  -1   -2     -4.973    -12.792    -67.177
 724  577      9.026      9.533    -73.372
  -1   -2      0.783     -2.068    -59.206
 663  581    -13.433      6.826    -71.637
 447  794     -7.005     -6.448    -73.646
  -1   -2     -4.731     -5.337    -75.293
  -1   -2     10.521    -10.856    -59.636
  -1  229    -11.718      5.540    -64.178
 174   -2    -15.573      0.826    -76.193
  -1   -2      7.338     -2.610    -60.229
  -1  535      4.478     -8.744    -62.207
  -1   -2     -1.969     -9.322    -54.007
  -1   -2      6.145      4.138    -55.810
 617  596     11.868     -0.799    -59.460
  -1   -2      8.715      1.768    -62.873
 619  519     11.958     -0.101    -64.077
  -1   -2     10.734    -10.824    -68.336
  -1   -2     -7.258     11.628    -67.652
  -1   -2      6.157     -9.697    -63.336
  -1   -2     13.388     -2.850    -72.841
  -1   -2    -11.411     -1.438    -71.276
 783  567    -10.162     -5.189    -68.099
 305  246      8.344     11.934    -67.615
  -1   -2     -5.231      0.389    -59.153
  -1   -2     -8.627     -5.430    -78.593
  -1   -2     16.419      6.546    -64.754
  -1   -2     14.612      8.209    -77.272
  -1   -2     -6.821      2.154    -76.069
 263   -2     -6.481      2.921    -65.609
 636  803      5.330      7.727    -60.993
 567  665     -1.755      4.811    -65.549
 518  583     11.183    -11.104    -71.877
 356   -2     -0.679      9.595    -68.994
  -1   -2      5.065     -9.145    -77.206
 676  806      0.447      3.635    -70.937
  -1   -2      7.025      2.852    -69.423
 579  682     11.598    -10.170    -72.487
 721   -2     -6.632      8.728    -77.593
  -1   -2      9.606     10.514    -56.161
  -1   -2     17.486      1.750    -69.453
  -1   -2      4.135      1.639    -75.410
 297  749      4.254     -2.045    -75.652
  -1   -2      1.906     -3.465    -74.228
 260  201      3.143     -2.595    -64.564
  -1   -2     11.258     -0.414    -78.539
 592  800     -3.476     12.446    -61.443
  -1   -2      7.889     -1.473    -81.092
  -1   -2     -6.133      1.701    -61.830
 810  812      8.818    -12.672    -74.569
 694  613     12.441     -2.093    -61.625
  -1   -2      5.890      2.867    -62.621
  -1   -2     -4.866     -4.941    -65.265
  -1   -2     17.089     -5.578    -85.575
 338  786     16.393     -7.973    -71.797
 240   -2      3.904     -8.395    -66.830
 363   -2     16.418     -8.611    -69.456
 806   -2     17.318     -1.302    -74.664
 438   -2     -9.282     -6.538    -61.571
 635  608     15.474      5.257    -70.459
  -1   -2      1.841     -4.546    -57.839
  -1   -2     -9.576      3.001    -66.914
 722  335      5.074    -11.113    -60.908
  -1   -2     12.491     12.224    -64.255
  -1   -2    -11.872     -3.219    -72.790
  -1   -2      4.332      9.278    -62.486
  -1   -2     -9.074     -7.150    -61.334
 805  662     14.466      0.486    -71.777
  -1   -2      7.226     10.432    -68.616
  -1   -2     11.853     13.462    -63.922
  -1  531     12.152      1.910    -74.087
  -1   -2      5.631     -0.153    -63.059
 648  325     17.598      3.976    -67.388
  -1   -2     10.925     -9.372    -66.232
  -1   -2     10.155     -1.343    -57.799
 314  825      9.981      0.553    -69.816
  -1  602      5.961     12.336    -61.408
  -1   -2      5.339      1.904    -72.545
  -1   -2    -14.000      9.291    -78.045
  -1   -2      7.232     -9.435    -67.049
 761  668      6.497     -8.042    -60.899
  -1   -2      4.321     11.984    -61.561
 343  611      2.268     10.023    -62.793
 535   -2     14.260     -8.814    -64.007
  -1   -2      7.059      8.484    -51.912
  -1   -2    -11.307     -0.580    -61.733
 512  284     -6.571      5.206    -64.970
  -1   -2     13.894     -5.616    -67.647
  -1   -2      9.650     -8.198    -53.418
  -1  344     15.541      8.503    -66.624
  -1   -2      6.647      5.901    -58.634
  -1   -2     12.989     -3.074    -57.397
  -1   -2    -10.203     -9.955    -82.727
 667  805      9.130      8.603    -72.519
 423  336    -13.571     -1.901    -76.014
  -1   -2      6.609     -3.741    -61.348
  -1   -2     10.543      8.243    -65.442
  -1   -2     11.731     12.067    -61.291
 581  449      0.371     -4.628    -59.588
  -1   -2     -5.163     10.814    -79.681
 653  586    -10.451      9.737    -61.664
  -1   -2     17.703     10.410    -71.962
  -1   -2     -6.871     -3.638    -76.341
  -1   -2      6.485     -6.369    -69.430
  -1   -2     14.624    -10.300    -76.813
 813  813     13.569     -8.309    -72.867
  -1   -2     10.397     -1.012    -59.731
  -1   -2      4.820     10.863    -66.323
  -1   -2     13.060     -8.787    -76.602
  -1   -2      3.981     -7.120    -87.222
 678  691     16.997      3.591    -72.384
  -1   -2     15.092      9.799    -66.587
 797  811     15.895     -0.346    -71.888
  -1   -2     15.191      8.317    -79.090
  -1   -2     -3.938      4.111    -52.730
  -1   -2     15.421      6.730    -66.701
  -1  189      4.568     -5.040    -68.515
 355  307     -4.744      2.937    -61.515
 614  523    -15.027      7.022    -76.574
  -1   -2     -4.591      0.090    -56.473
 789  368     -4.247     -7.922    -64.606
  -1   -2      4.693     11.635    -63.728
  -1   -2      6.502     -4.817    -76.915
  -1   -2     10.309      6.026    -71.830
  -1   -2     15.890      9.395    -66.471
  -1   -2     -4.258     10.898    -58.776
 634  576      6.529    -12.972    -71.324
 814   -2      2.432     12.170    -66.444
  -1   -2     -7.657      0.601    -51.989
  -1   -2     -6.531      7.745    -57.928
  -1   -2    -11.090     -7.761    -71.168
  -1   -2      3.799     -2.732    -59.962
  -1   -2      6.755     -5.889    -52.237
  -1   -2     -3.726     -4.096    -73.628
  -1   -2      4.810      1.668    -60.524
  -1   -2      4.223     -5.943    -78.129
 661  546     12.753     -6.652    -73.503
  -1   -2     12.754    -10.596    -79.730
  -1  371    -12.667     -8.916    -73.425
  -1   -2     -5.032     -9.262    -73.058
  -1   -2    -12.966     -8.611    -87.166
 353  787      0.500    -12.366    -76.898
  -1   -2    -11.828      2.221    -66.889
  -1  695      1.204     -0.486    -65.581
  -1   -2     -7.503      2.249    -60.212
  -1   -2     10.821    -10.046    -66.105
  -1   -2     10.788     10.298    -58.962
  -1   -2     11.121     -4.418    -87.519
  -1   -2    -11.967     11.847    -64.657
  -1   -2     -8.038      9.860    -75.203
  -1   -2     -0.993      6.563    -61.823
  -1   -2     12.016    -12.529    -71.610
  -1   -2      8.106     -0.201    -58.485
  -1   -2     -3.432    -10.859    -72.765
  -1   -2     -7.238      2.851    -79.107
  -1   -2     -6.758      7.435    -66.439
 672   -2     12.616     10.348    -63.375
  -1   -2      2.291      8.848    -82.164
  -1   -2     -3.507      5.909    -58.124
 670  734      7.311    -12.364    -69.575
 655  804      9.540     11.730    -64.437
  -1   -2     17.069      9.919    -66.296
  -1   -2     13.965    -12.670    -76.212
  -1  678     11.509      2.353    -63.804
  -1   -2      4.937      6.809    -68.832
  -1   -2    -14.533     -5.262    -70.491
  -1   -2     -9.967      8.459    -75.215
 765  808      8.180     -1.579    -58.735
  -1   -2      9.657     -1.190    -78.101
  -1   -2      4.378    -10.928    -71.458
 791  810      9.334     -9.497    -72.783
  -1   -2    -10.053      3.115    -74.543
  -1  340      8.919     -4.500    -64.447
  -1   -2      8.862     -3.137    -81.605
 732  615     15.592     -3.146    -66.547
  -1   -2     -5.862     -5.697    -74.989
  -1   -2      4.155      1.868    -71.375
  -1   -2    -15.295     -7.212    -75.036
 552   -2    -10.431     13.183    -62.182
  -1   -2     16.659      1.694    -69.049
  -1   -2     -3.168      4.606    -71.710
  -1   -2      9.535      4.803    -61.435
  -1   -2     10.334     -5.428    -70.019
  -1   -2      7.086     -9.871    -79.882
  -1   -2     -9.125     -5.190    -75.628
  -1   -2     -2.043      1.788    -82.876
  -1   -2    -13.819      0.006    -77.011
  -1   -2      9.362     10.412    -69.140
  -1   -2      3.655     -5.506    -78.414
  -1   -2      1.165      4.586    -62.980
  -1   -2    -13.677    -12.284    -68.434
  -1   -2     -4.912     -9.406    -78.291
  -1   -2      0.019     10.328    -62.767
  -1   -2     -6.238     -9.572    -68.716
  -1   -2      2.902     -6.334    -58.500
  -1   -2     -2.930     -0.227    -63.343
  -1   -2      2.763     -3.988    -60.949
  -1   -2     -3.320      2.440    -52.257
  -1   -2    -11.374      9.177    -81.816
  -1   -2      1.300      8.569    -65.046
  -1   -2      2.070    -11.772    -77.193
  -1   -2     12.072     -3.430    -55.622
  -1   -2      2.201      3.312    -87.595
  -1   -2     13.550     -8.168    -59.977
  -1   -2      1.808      8.177    -62.075
  -1   -2     -2.931     12.845    -69.520
  -1   -2     -6.334    -11.332    -58.684
  -1   -2     -3.206      6.256    -66.625
 735  642     15.771     12.908    -64.146
  -1   -2     -4.647      0.233    -61.649
  -1   -2      0.504     -6.281    -69.948
  -1   -2     -8.639     -9.777    -86.111
  -1   -2     -0.827     11.625    -77.364
  -1   -2      7.092     10.342    -59.509
 377   -2    -13.197     -6.772    -76.295
  -1   -2     15.492     -7.717    -75.973
  -1   -2    -10.424     12.279    -61.274
  -1  738      1.438      5.407    -67.876
  -1   -2     -8.643      0.781    -72.814
  -1   -2      9.312    -11.701    -80.502
  -1   -2     -9.781     11.593    -78.666
  -1   -2      2.443      0.483    -63.627
  -1   -2     15.392     -2.346    -75.219
  -1   -2     -3.759     -2.852    -67.177
  -1   -2      6.585     -8.270    -65.471
  -1   -2      7.391    -11.194    -63.873
  -1   -2     -3.307    -11.981    -65.880
 420  792     -8.963     -4.150    -69.415
 121  775      4.614      9.576    -67.377
 553  423      4.013     10.261    -72.890
  77  162      4.164     -1.455    -62.594
  52  770     -7.056      6.745    -61.820
  19  767      5.546     -9.504    -74.509
 205  269      6.908      9.847    -70.564
 284  515      1.791    -11.985    -69.488
 803   83     11.151     -7.392    -68.272
 445   -2    -12.985     -1.807    -72.764
 429   -2     -9.307     -8.491    -62.461
  -1   -2    -11.287      9.037    -71.298
 528  204      8.288     -1.505    -69.611
 790  809      0.776      6.498    -75.090
 330  323      9.600    -10.359    -65.548
 800  826     13.775      1.207    -68.245
 373   -2      7.773     12.645    -64.897
 792   -2     13.695     -2.914    -73.401
 519   -2     -4.300      4.584    -60.119
  14   -2     -3.097     -2.755    -70.841
  -1   -2     -7.985      2.454    -62.239
 454   -2     -5.288     -9.893    -66.821
 499   -2      3.783     -5.098    -77.512
 505  746      3.646    -12.878    -64.891
  38  769     -8.777      1.704    -72.976
 808   -2     -7.742     -2.247    -72.668
 563  736     -7.397      2.764    -60.298
 607  801    -12.475     -8.335    -72.116
 559  587    -13.831      4.106    -64.985
 444  671    -11.268      9.406    -75.855
 795   -2      0.636     -6.845    -76.988
 695  623      3.926     -8.799    -75.128
  -1   -2     -0.760     -6.033    -61.079
 787  624     14.015      1.947    -72.371
 391   -2     12.266    -12.620    -71.253
 286   -2     -2.802      1.350    -71.670
 612  802     14.185      4.114    -70.280
 731  807      3.605     -9.603    -71.995
 624  827    -10.303     -4.518    -64.171
 289   -2      2.069     -4.274    -74.111
 517   -2     -0.788      8.665    -62.141
 690  828    -14.403     -0.439    -67.247
 696   -2     -7.071      2.140    -64.178
 763  829     12.980     -8.847    -63.664
 777   -2     11.596     -6.349    -69.493
 807   -2     -9.048     -3.375    -73.682
