791
 199  781      4.636      7.912    -74.551
   0    1      5.113     -0.254    -71.514
  -1  159      0.170      0.861    -70.447
 100   50     -4.528     -4.880    -70.044
   2    3     13.326      1.162    -71.519
  10    7      4.388      2.274    -68.552
   6  183     10.289      2.407    -71.503
  39    6      1.589      5.948    -69.363
  64   11    -10.332      3.775    -71.704
  12    8      0.094      3.441    -67.733
  22  774      2.925      4.641    -67.673
  19   25      6.979      5.567    -74.862
 218   21     -8.822      7.515    -72.519
  25   15     -8.305      5.048    -69.236
 617  147     -5.515      8.769    -70.723
  33   20     -6.319      8.733    -68.915
  29  112      3.983      7.098    -68.602
  48   14     -2.549      9.291    -67.980
  24  775     -0.840      4.922    -70.635
  27  334      2.077      7.482    -68.537
  30   54     -9.430      2.157    -71.137
 123   87      7.449     -8.109    -71.119
 142   91      3.050      4.451    -71.993
  54   28      8.821     10.761    -69.237
 348  481     -1.150     -9.997    -70.860
  -1   46     -7.509      5.133    -67.260
 233  806      4.589     -7.075    -70.046
  34   57      5.946    -10.508    -73.662
  89    4     -1.594    -11.730    -68.889
  -1    9     -6.037      4.537    -74.725
 145   59    -11.786     -3.328    -73.820
  79   36     10.946      0.945    -68.597
  20   19      6.294      5.323    -67.839
 209   10      2.113      6.215    -74.940
  57   23     -8.470      6.809    -67.880
  17   47      2.211      5.545    -69.196
  86  349     -4.137     -2.175    -68.559
  42   37      6.472     -2.014    -69.849
 283  103      0.902      6.500    -70.164
 816  158     15.561      5.743    -72.828
  52   18     -1.915      2.012    -64.963
  51   32     -6.253      3.257    -66.478
 416  181     -1.924     -0.709    -60.640
   4   39    -11.182     10.003    -73.786
  50   40      3.874      8.178    -68.064
  61   -2     -5.942     -0.154    -71.756
  43  341      5.545      4.132    -69.896
  -1   49     -3.943     -8.395    -69.659
   3   53     -6.052      1.123    -71.700
  76  138     12.553      0.281    -71.192
  68  107      7.375     -4.004    -69.024
 371   63      4.630     -2.249    -63.545
  60  120      3.206     11.226    -67.284
  77  174     10.598      9.307    -69.334
  18   78      1.331      8.882    -69.844
 140  777      1.196     -6.346    -64.744
 174  175     -2.508      8.487    -71.237
 815   90     -0.298     -9.958    -71.196
  38  117      6.673     -0.691    -68.863
  14  141     14.356      5.861    -70.300
 819   17     -2.182    -10.674    -71.485
  83   58      4.258      6.523    -67.832
 138  198     -4.703      9.961    -65.832
  85   41     -3.299     -6.711    -69.173
  63   84      2.262     -3.327    -64.824
 395  355     -3.157    -11.455    -67.699
  56   51      4.652     10.887    -67.995
  58  196     10.040      6.660    -71.005
  62   89      2.882      4.029    -66.141
 120   85      4.942      5.414    -68.995
 363  528      5.105      6.701    -75.625
 215  295      4.539     -4.664    -72.809
  75   97    -10.094     -8.523    -67.102
 133   92      8.499     10.242    -69.573
 330  400      5.491      0.002    -68.398
  -1   65     -7.843      5.933    -69.397
 136   93      6.818      1.725    -68.083
 160  108     -1.167      7.152    -63.710
 169   68     -5.901      5.253    -65.785
 102  520     -5.581      5.122    -65.563
 356  791      4.650      7.258    -73.674
 161  179     11.235     -5.848    -69.670
  -1   13      6.356     -9.274    -71.155
 101   69      8.237      1.687    -62.726
 549   22     -3.521     10.901    -73.106
   1   64      7.254      4.128    -70.458
  91  151     -8.479     -2.942    -63.589
  -1   -2    -13.695     -3.363    -73.576
 115  374    -10.285     -0.263    -66.618
 444  512      2.802     -0.591    -64.411
  -1   -2      3.694     -6.359    -64.930
 155   77     -0.415     11.453    -71.415
 131  170      1.704      6.714    -67.988
  67   72      0.237      9.921    -66.108
 276  154     -0.690     11.966    -67.133
  82  390    -10.637     -2.257    -64.127
   7  219      7.672      8.725    -70.371
 114  109     -0.126    -10.823    -68.962
  32  225     14.398      3.621    -70.514
 191  256     -2.327      5.095    -71.211
 156  135     13.662      4.134    -69.741
  -1   -2     -2.511     -7.285    -55.861
 352   74     -1.523      6.137    -63.306
  84   -2     -2.787     -3.233    -72.714
 113    0     -0.770      0.639    -72.204
 141  114     -2.377      1.149    -67.039
 134   83     12.361      9.783    -70.700
  96  399    -13.638     -8.202    -67.440
 127  121     -6.545     -6.159    -63.472
  -1  393     -1.123     -3.915    -62.746
 190  140     14.943      8.196    -67.121
 404  101      0.557     -1.991    -66.843
 143  160      4.546      9.229    -62.756
 178  155     -2.963      0.744    -67.183
 130  119     -7.874     -5.177    -64.389
  -1  139     15.186      7.441    -68.322
 681   35      6.705      0.232    -71.514
  -1  417     -1.038     -7.134    -68.015
  -1  180    -11.369      7.448    -69.481
  55  190     13.535     -0.101    -72.440
 346   -2      2.530     -1.028    -68.417
  87   62     -0.883     -1.286    -68.718
 285  221     -1.699     -1.422    -72.262
  73   26      8.681     -2.856    -70.268
 181   67     16.246      2.016    -68.469
 125   42      7.190      3.396    -68.064
  -1   56     -8.578     -1.375    -74.796
 805   99     -6.071     -9.507    -69.020
 227  286      0.822     12.565    -62.658
  98   -2    -11.119      9.224    -61.287
 485  111     -8.662     -9.150    -66.832
  69  285      8.095      7.857    -72.231
 177  343      1.434     -0.231    -60.758
 240   -2     15.247      4.078    -69.641
  45  492      0.356      8.656    -76.393
  74  458      8.257     12.297    -68.339
  90   -2     -3.946      1.381    -63.454
 148   -2     10.834     -0.515    -67.502
 146  126      2.040      3.121    -65.648
 192  105     14.800     -3.443    -70.464
  -1   -2     -1.219     -4.832    -69.473
 129   12      9.707     11.661    -70.057
 314  406    -14.075     -7.976    -75.720
 279   -2     12.103     -5.522    -68.698
  -1  373      4.049    -11.699    -62.543
 372  173     -8.570      5.016    -62.974
 166  153      3.817     -8.899    -63.754
 122  507      8.574     -0.902    -66.782
  -1   -2      5.163     -3.497    -60.814
 639  260     -6.656     12.863    -65.127
 408  405      6.650     -9.163    -61.892
 249  472    -11.835     11.627    -67.965
  -1   -2     11.518      0.627    -60.191
 117  267    -13.185     -6.595    -74.596
 388  146    -12.733     -5.596    -63.870
 253  234     -5.725     10.636    -64.688
  -1   -2     -5.110     -8.263    -66.227
 417  192      0.260     -4.505    -64.638
 499  468     -8.305      3.545    -61.676
  -1   -2      0.109      5.545    -60.288
 457  555    -13.304     10.418    -74.205
  35  209     -0.148      8.485    -69.820
 414   -2      1.214      0.294    -61.646
 170  780    -12.639     -3.745    -73.856
 150  456    -11.479      8.973    -66.498
 167  779      5.778      5.290    -69.499
  71  184     -5.076      2.240    -63.300
 266  132     -4.354      1.879    -66.481
 208  276      9.395      7.825    -70.534
 172  122     16.526     -4.361    -71.977
  92   82     14.651      1.379    -69.482
 153   -2     -1.928      5.374    -68.312
 683  197     11.383    -10.414    -68.753
 251  233      5.389     11.014    -65.001
 179   -2     13.053     -0.891    -72.482
 521  224      9.709     -6.536    -72.604
 196  165      5.730      5.410    -63.343
  -1   -2    -14.673      1.698    -75.974
 135   76     11.600    -11.368    -72.228
  -1   -2    -13.174      2.671    -73.128
 373  793     -7.853    -10.339    -63.710
 164  201     16.306      7.828    -69.893
 474   29     -4.870    -10.849    -69.355
 291  245      8.022      7.312    -65.631
  -1  375     -4.888     -9.739    -63.796
  -1   -2      5.738      6.863    -73.706
 197  237      3.143     -9.467    -62.509
 433  232     13.725      9.716    -68.673
 834  156     -7.718    -10.352    -65.964
 467  322      6.392     -6.823    -69.151
  -1  313      2.916      1.838    -68.906
 514  424      5.038      1.300    -62.367
 250  162     -5.431     -9.862    -68.418
 212  784     14.968    -13.045    -71.265
 147  143      4.618      5.041    -65.045
 171  166      4.699      2.539    -65.457
 336  210      7.058      4.857    -63.279
 175  220      7.994    -12.625    -69.375
  -1  379     -6.784     -1.533    -66.234
 303  281      8.357    -12.230    -69.796
 230  785     -7.112     11.723    -75.048
 201  453     -8.588     -7.129    -65.384
  94  193     11.893     10.232    -65.738
 221  185     14.573     -8.663    -70.088
  16  223      4.372      6.311    -71.549
 211   -2      6.400      7.577    -67.157
  -1   -2    -11.355      0.854    -71.256
 553  798    -12.170     -9.642    -70.695
 261  124     12.282      3.415    -68.140
  -1   -2     12.573     -5.987    -60.223
 612  115      2.870      9.201    -65.470
  -1   -2      2.578     -5.681    -68.504
  47  455     -0.779     -9.698    -71.295
 232  255      8.915      2.378    -70.756
  -1   -2     -1.536     -0.969    -69.492
 203  423     -2.528     -1.778    -62.328
 322  207      5.885     -5.445    -70.016
  -1   -2      4.231     -8.046    -75.426
 398  212     11.846      3.237    -69.912
  -1  435     -5.057      3.569    -61.594
  -1  275    -10.422    -11.714    -73.187
  -1  496     18.036     -2.612    -70.655
 260   34     -2.560     -4.830    -71.285
  -1  457     -9.919     -8.344    -60.156
 128  729      5.824      2.185    -72.753
 492  195    -14.899     10.687    -71.746
  -1  204     -9.511      2.508    -61.647
 558  264     13.306    -12.233    -70.136
 629  188     13.980      7.227    -68.821
  -1   -2    -13.434      1.777    -66.689
 108  242     -8.974     11.953    -67.124
 157  421     -4.894      3.482    -74.613
 438  794     -2.784      6.482    -64.448
  13  381     -1.984      6.487    -70.003
 139  533     13.073    -12.479    -73.081
  -1  298    -12.950      1.006    -67.444
 577  506     10.975     -1.138    -60.753
 839   -2    -11.475      2.703    -62.647
 263  131     14.761      7.558    -73.627
 257   -2      6.965      5.333    -73.273
  -1   -2      4.899     10.053    -65.608
 497   -2     10.227    -11.894    -72.772
 163  200      2.524     -3.290    -72.627
 255  259     12.927      3.833    -64.490
 282  206     -9.249     11.286    -69.531
  15   38      3.950      8.270    -70.062
 430  271     -9.308      9.044    -66.865
  -1  305      8.629    -10.874    -72.593
 259  213     10.581    -10.825    -72.531
 478  244     -5.418    -11.520    -69.373
 288  238      4.785     -1.064    -66.697
 304  123     -1.299     -8.322    -68.579
  -1   -2     -0.000      8.251    -62.218
 505  214      6.229     -7.229    -67.829
  -1   -2      1.050     12.478    -72.447
 256  284     -7.860     -3.420    -75.120
  -1   -2      2.456     -0.202    -75.796
 202   70      5.925      5.039    -67.867
  -1   -2      4.247    -11.098    -77.046
 219  319     -6.664     -0.477    -64.147
 158  187     -1.952      0.007    -71.995
  -1   75      2.476     -5.854    -75.772
 206  573      0.787     -2.266    -70.126
 182  525     12.153     11.880    -74.538
  -1   -2    -15.487     -1.332    -70.627
 223  240     -7.114     -8.992    -73.501
  -1   -2      5.530     -6.195    -81.141
  -1   -2      0.320      1.676    -78.217
 207  783      8.164    -10.324    -69.713
  -1   -2    -12.391     -7.455    -69.347
  -1   -2     12.619      6.182    -64.204
 198  470    -13.788      8.602    -72.489
  -1  578    -14.539    -11.499    -71.364
 229  653      7.744      1.183    -72.666
 779  656     11.356     -9.168    -69.573
 241  142      4.873     -3.929    -65.719
 509  626     -2.587      1.922    -69.563
 242  186      7.311      7.215    -64.180
 498  796      7.432    -11.192    -72.094
 328  517     11.806     -6.569    -68.592
 543  580     12.369      7.043    -66.944
 152  778      0.873     11.130    -71.924
  -1   -2     -9.745      7.161    -64.943
  -1   -2    -12.814      3.419    -68.097
 289  556     -9.349      3.271    -67.748
 222   -2     -0.931      0.410    -62.657
  -1   -2      4.468      1.864    -61.299
  -1   -2     -3.868     -1.782    -71.883
  99  236     11.107      3.700    -73.669
  -1  452      5.528     12.284    -62.924
 281  787     10.252      6.948    -63.161
 473   -2     -3.309     -2.493    -71.634
 297  531     -2.647      1.960    -60.622
 571  645      3.373      5.058    -63.600
 184   -2     -1.510     10.391    -70.007
  -1   -2     -0.555     11.549    -62.526
  -1   -2     -3.229     -7.945    -60.410
 271  786     -2.794      3.563    -75.830
  -1  621     14.509      4.339    -63.290
  88  300      0.814     -5.453    -69.602
 615  677    -15.151     11.072    -75.443
  -1   -2     -7.665    -10.394    -69.309
 268  110     14.780      1.093    -67.177
 306  302     13.364     -4.142    -74.286
 836  172      6.140     -7.199    -69.671
 278  280     13.206     -9.967    -70.696
 315  247      8.219      3.808    -62.174
 830  293      6.377     -1.831    -70.021
  -1   -2    -12.689      5.681    -75.326
 132  145     -5.674     -7.941    -67.362
  -1   -2      6.810     10.185    -86.396
  -1   -2    -15.216      4.754    -75.890
  -1  713      3.303     -6.772    -70.030
 309  262    -13.505      8.390    -68.071
 312  788     -6.740      2.907    -71.333
 652   -2     16.329      9.350    -69.719
 320  789     -0.963     -3.806    -65.395
  -1   -2     -0.550     -9.100    -68.504
 835   -2      4.207     10.929    -64.986
  -1  567     11.299      2.459    -66.768
 578  488     -0.430     -0.802    -73.469
  -1  292     16.350     10.394    -74.456
  -1   -2     -8.526     -6.285    -69.313
  -1  202      4.686     -2.223    -61.021
 210  606    -10.078     11.521    -73.114
 274  716     14.432     -1.808    -72.773
 290   -2      3.621     -3.293    -69.133
 275  250    -11.039     11.260    -65.536
  -1   -2      9.191      3.530    -60.259
 318  321    -10.146     -2.423    -64.267
 616  689     -6.447      1.342    -74.251
  -1  585     -3.285     11.717    -63.483
 137  333      1.090     -2.291    -73.328
 735  596     -6.028      7.209    -77.705
 799   -2     -7.645     -7.069    -75.268
  -1   -2     17.426     12.179    -71.775
  -1   -2      0.903     11.508    -64.960
  -1   -2     -4.011     11.910    -69.538
 235  268      8.120     10.553    -67.249
  -1  317     11.882      6.228    -62.196
  -1   -2    -13.366      5.785    -68.120
  -1   -2     -9.184      5.042    -68.148
  -1   -2      3.857     12.379    -65.963
  -1   -2     13.899      5.091    -64.663
  -1   -2      4.910      2.602    -72.230
 340  790      5.742     10.418    -68.704
  -1   -2     -3.246     -6.304    -64.678
   5    2      2.465      1.699    -72.347
 730  327     -0.433     -2.112    -73.193
  26   -2      1.778      3.609    -69.162
  37   16      2.187     -8.805    -64.520
  -1   -2     -7.664     -7.547    -75.679
  -1  104      9.840      8.674    -68.556
 534   45     -2.606     11.121    -71.565
  72   -2      0.296      0.629    -68.425
  28  116     -0.044     10.072    -72.686
 349    5     -4.382      4.880    -69.496
  -1   -2     -8.004    -11.911    -69.267
 411   55     -6.709      9.245    -75.670
  -1   44      1.564     -5.154    -67.679
  -1   -2     -8.382     -5.167    -82.276
  80   24      0.740     -5.895    -64.994
 292  529     -2.937     -6.196    -70.016
  -1   -2     -3.199     -3.572    -61.601
 357   -2      1.843      8.995    -75.570
   9   -2      1.200      6.615    -67.959
  -1   -2     -0.660    -12.633    -70.230
  78  357      0.942    -12.370    -63.319
 344  347    -12.629     10.962    -72.066
   8  339     -7.100      5.425    -65.519
 456  434      7.748     -5.419    -75.248
  -1   -2     -7.763    -10.969    -68.862
 384   81     -0.549     -2.498    -60.463
 377  370    -12.573    -11.233    -66.397
  -1  125    -11.827     -3.382    -67.434
  44  776     -4.808     -1.421    -72.998
 367  792    -12.759      3.498    -64.243
  -1  208    -10.936     12.201    -67.344
 396  106     -2.329      2.596    -60.864
  -1   -2     10.991     -0.975    -69.318
 366  348      0.873      2.068    -61.995
 243  144      0.673     10.157    -74.431
 361  168      7.334     -4.241    -74.407
 459   -2      5.571      7.497    -62.638
 375  178     11.226     -3.935    -70.994
 812   -2    -12.359      4.974    -77.014
  -1   -2     16.298     -2.660    -70.719
 381  323     -3.420    -11.605    -65.806
  -1   -2     -8.889     -4.005    -67.402
  -1   -2    -16.110    -10.686    -70.873
 111   -2     -4.640      1.116    -63.031
  -1   -2      1.354    -11.017    -66.703
  -1  279    -16.295     -8.331    -74.747
  -1  385     13.691     -4.703    -66.350
 358  560     14.755     -4.259    -67.409
 387  356      1.490      6.239    -66.074
  -1  261      3.514      9.706    -56.150
  -1  254    -10.907      3.098    -61.889
  -1   -2    -13.302     -9.559    -83.704
 214  216      5.091     -6.613    -64.607
 466   -2     -9.029     -5.818    -65.235
 663   -2     13.037      9.607    -64.160
  -1   -2      6.981     -6.876    -76.765
 393  274    -11.001      9.898    -68.438
 425  418     -5.249     -2.532    -61.670
 413  148     -2.489    -10.138    -62.799
 319  445     -8.938      6.089    -74.482
 118   -2     -4.854     -9.286    -61.332
  -1   73     10.380      2.456    -67.652
 424   -2      5.964     -8.807    -75.639
  -1   -2     -0.364      1.597    -61.148
 389  164      0.260     -7.071    -62.593
  -1   -2     -0.394     11.228    -73.883
 410  136     -2.731    -10.381    -68.000
  -1   -2      2.823     -6.891    -67.015
 217   -2     -4.632     -6.191    -67.526
 162  511     -7.346     -2.479    -62.320
  -1  226      3.202     -0.365    -59.967
  -1   -2     17.110      3.736    -68.834
  11   -2      1.956     -8.009    -70.610
 415  447     -8.541     13.063    -61.646
 401  485      8.153    -10.505    -63.141
  -1   -2      2.780     -5.509    -59.763
 254  102     -3.641     12.600    -65.806
  -1   -2     17.996     -2.857    -68.989
  -1  128     -7.386     -3.381    -62.251
 364   -2    -14.330     11.112    -69.731
 193  398    -11.099     -4.228    -60.643
 528  495     -3.221    -12.711    -69.078
 376  380     -7.154      0.341    -64.081
  23   -2     -7.071     -4.287    -72.028
  -1  360    -11.873     10.457    -63.628
 439  384     11.649     -7.309    -66.087
  41  366     12.039     -2.933    -73.804
 513  427    -12.596    -12.727    -65.557
  -1   -2     10.485     -4.357    -68.804
  -1  337     -7.159      5.757    -72.571
  -1   -2      5.871     10.974    -56.654
  -1   -2      9.539     11.760    -61.175
 462  444    -13.808    -11.308    -68.748
  -1   -2      7.375     11.436    -75.791
  -1   -2     -7.899     -1.313    -64.877
  -1   -2      0.042      3.759    -61.982
 552  631     -3.109      7.117    -57.997
  -1   -2     10.583     -0.362    -60.613
  -1  591      7.097     -4.533    -59.239
  -1   -2      0.790     -5.124    -74.399
  -1  361      1.801     -9.601    -60.538
  -1   -2    -12.770    -10.844    -76.915
 446  420     17.605    -10.379    -70.167
 345  354     11.209     -9.933    -64.929
 185  282     12.609      8.372    -70.532
 173  243     -8.148      6.445    -62.587
 645  290     13.760     -2.603    -70.769
  -1   -2      1.110     -5.249    -62.257
 107  167    -10.350     11.145    -70.647
  -1   -2      9.040     -3.114    -60.401
 461  239     14.526     -7.605    -69.962
  -1   -2      6.712     13.064    -65.979
  -1   -2     -9.462     -5.505    -58.983
 471  303     16.382      7.035    -73.361
  -1   -2      4.663    -10.191    -76.215
  -1  369    -16.233      2.499    -74.116
  -1   -2     -3.184     -6.387    -79.675
 176  386      3.103    -12.932    -66.685
 390   -2      5.538    -12.661    -66.413
 443  462      0.181     -4.396    -69.848
  -1   -2     -1.709     -6.630    -53.771
  -1   -2     11.819     11.589    -61.801
 559   33     -5.836      8.983    -72.299
  -1   -2     10.115     -4.838    -64.437
  -1  728      8.516     10.053    -59.398
  -1   -2      5.271      8.001    -64.933
 421  448     17.251     -4.691    -65.434
  -1  460      9.102    -12.153    -69.707
 386  526     13.810     11.891    -71.239
 807  802      4.313    -10.089    -72.650
  -1   -2     -0.993     -9.042    -69.004
 239   -2     12.513      0.424    -73.710
 154   -2     -1.949     -7.407    -66.352
  59  149    -10.541      1.355    -72.959
 818  805      4.970      8.791    -76.481
 225  257      5.931      8.492    -65.903
 238  118     11.186      4.272    -66.434
  -1   -2     -3.233      5.223    -57.635
 298  291     -9.588    -10.618    -71.983
 106   -2     -7.839      5.352    -73.129
 121   52      2.365     -5.746    -70.385
 428  693     -3.914    -10.165    -68.794
  -1   -2     -0.353     -2.818    -61.713
  -1   -2      8.258     -3.559    -62.037
 493  498      7.898      2.643    -62.503
 576  807    -12.345      0.756    -69.553
  -1  584      0.925      8.527    -75.147
 833   -2     12.666    -12.728    -64.495
 316   -2     15.240    -11.827    -65.670
  -1   -2     15.028     -8.108    -64.646
  -1   -2     -5.400      3.921    -63.149
  -1   -2     -5.951    -12.812    -69.818
  -1  229    -13.305      7.350    -71.151
  -1   -2    -12.934      2.758    -62.397
  -1   -2    -10.209      1.424    -61.158
  -1   -2      0.412      5.351    -57.771
  -1   -2      0.468     -5.003    -73.303
  81  182     -9.859      0.536    -75.536
  -1   -2     13.565     -4.119    -59.106
 469  442     -6.480    -12.839    -65.492
  -1   -2    -11.217     -8.661    -65.941
 448   -2     -1.498     -3.234    -59.085
 437   48     -2.042     -2.095    -72.423
  -1   -2      3.816     -2.060    -59.534
 598   -2     13.608     -3.081    -64.842
  -1   -2    -12.305    -10.091    -75.242
  -1  558     16.484     -7.342    -70.461
 442  331      4.811     -9.893    -65.508
 407  402    -10.719      7.240    -70.883
  -1   -2    -11.279      3.781    -76.530
  -1   -2     -9.727    -11.902    -63.943
  -1   -2     -1.408      8.558    -66.750
  -1   -2      3.145     -8.193    -60.377
 504  516      1.867     11.455    -60.221
  -1   -2    -12.761    -11.269    -77.820
 126   -2     -9.970     -5.024    -70.227
 583  205     -9.029      5.039    -62.375
  -1   -2     13.520      9.323    -66.150
 589  622      7.768      2.356    -62.185
 614   -2    -11.607      8.230    -60.550
 532  171      3.100     -9.538    -67.201
  -1   -2     -4.770      3.862    -63.350
  -1   -2     -1.526     -8.778    -58.517
  -1   -2      0.130      4.932    -61.688
  -1   -2      9.071     11.910    -66.301
 237   30    -10.932      2.865    -69.509
  -1  669      5.514     -7.282    -61.639
 323  501     -5.908     -0.012    -61.387
 269  249    -10.131     12.595    -64.511
  -1  446     -9.735    -10.276    -64.985
 426  489      6.437      1.741    -60.580
  -1   -2     17.629     -8.339    -70.202
  -1   -2     -2.446      3.412    -71.574
 643   -2     17.228     -6.443    -72.677
 529   -2     15.087     -4.883    -64.157
  -1   -2     15.083     -6.879    -71.676
 624  618      5.326     -6.561    -76.644
  -1   -2    -14.356      1.116    -74.743
  -1   -2     13.587     -5.239    -67.822
 601  535    -15.060     -7.438    -68.329
 335  549     -8.299     -1.354    -66.877
  -1   -2     -7.658     -3.698    -60.224
 508  797     10.687     -8.855    -60.452
 602  252      0.011      3.093    -73.228
 752  203     -8.663     10.024    -71.900
  -1   -2     -8.152     -7.958    -61.211
  -1   -2     -4.116    -11.734    -69.510
 519  695     16.590      0.263    -64.721
  -1   -2     -1.947     -6.840    -76.646
 402  344     -1.052     11.080    -70.753
  -1   -2      5.666     -5.938    -64.267
  -1   -2      8.610     11.450    -61.577
 704  801    -13.844     -8.857    -75.949
 245   -2     -7.099      3.543    -66.692
  -1   -2     -6.991     10.840    -71.510
  -1   -2     -8.270     -8.405    -72.864
  -1   -2    -13.152      0.969    -77.947
 618  799      7.650     -4.289    -70.186
  -1   -2     15.728     -7.688    -70.424
  -1   -2     13.793      0.086    -61.265
  -1   -2     16.515     -7.740    -67.937
 579  638    -12.384     -0.511    -62.694
  -1   -2      2.557     -4.146    -65.261
  -1   -2    -11.779      2.515    -65.824
  -1   -2      5.468     -6.057    -63.079
 707  706     14.967    -12.442    -68.183
 620   -2     11.656     -3.897    -63.022
 609  588     -4.587      3.887    -68.603
  -1   -2      7.424     11.402    -58.618
  -1   -2     -7.654     -5.007    -69.158
  -1   -2      8.742     -7.251    -67.184
  -1   -2     11.046     -7.981    -60.456
 422  586      0.762      6.053    -67.874
  -1   -2    -10.846     -6.293    -81.122
  -1   -2     12.701      8.777    -65.528
 522   -2     18.170      6.993    -70.728
  -1   -2      6.782     10.698    -75.734
  -1   -2    -12.239     -4.868    -73.087
  -1   -2     -3.183      9.953    -61.924
  -1   -2     -7.146    -10.113    -57.439
 287  633     -5.261      9.497    -73.097
  -1  522      1.620     -1.124    -62.947
 594   -2      6.510     -3.306    -71.636
  -1   -2     16.589     12.215    -69.565
  -1   -2    -10.599      5.189    -69.460
 451   86      4.388      0.768    -72.705
  -1   -2     15.863      4.296    -63.087
  -1  270     -6.857    -10.364    -70.094
  -1   -2     -4.956      8.214    -63.185
  -1   -2     13.915     -2.504    -61.830
 265   -2     -4.247     -5.053    -75.894
 563   -2      2.806     -8.097    -69.023
  -1   -2    -11.690      6.462    -65.415
  -1   -2    -12.327    -12.217    -76.451
 756  714     13.977     -2.037    -72.687
  -1   -2     -2.020      1.601    -58.013
  -1   -2      8.359     -6.816    -57.544
  -1   -2    -14.890      0.360    -73.929
  -1   -2     -5.658      8.270    -52.082
  -1   -2     12.047     -8.026    -56.364
 684   31      0.360      5.762    -65.162
  -1   -2      7.068     -7.752    -83.769
 586  688      3.868     -3.991    -73.620
  -1   -2     -5.648    -11.588    -71.956
  93  411      1.460     -2.990    -71.146
 653   -2    -12.190      9.556    -72.299
  -1   -2     -5.071      2.795    -76.613
 608  227      4.810     -1.412    -61.679
 419   -2    -13.105      8.708    -76.238
  -1   -2     -4.273     -8.690    -68.252
  -1   -2      6.185     11.767    -61.859
  -1   -2     15.033     -5.346    -59.810
 284  367     12.487     -6.979    -70.983
  -1  478     -8.787     12.068    -60.723
  -1   -2     -5.733     -3.097    -76.771
  -1   -2     11.187     -4.623    -67.017
  -1   -2     16.060      2.599    -64.830
  -1   -2      1.683      5.185    -68.325
  -1   -2     12.442     -9.786    -58.593
  -1   -2     -0.591     -6.783    -63.866
  -1   -2     -3.194      8.519    -65.675
  -1   -2     -1.961     -7.671    -66.824
  -1   -2     -9.275      9.593    -54.369
  -1   -2     11.809     -3.193    -68.434
 385   -2      0.579      0.919    -60.516
  -1   -2    -10.305     -8.807    -54.301
  -1   -2     -6.082     -4.532    -70.508
  -1   -2      7.641     -2.322    -66.253
  -1   96     -4.440     -6.109    -67.463
  -1   -2     -1.286    -10.922    -58.854
 692  663     13.176     12.331    -63.435
  -1   -2      6.248     -7.764    -74.231
  -1   -2      7.212     -3.398    -80.188
  -1   -2      9.703     -4.900    -59.514
 737  629      4.007     -0.988    -67.507
 224  266     16.030      2.669    -67.893
 431  808     10.188      6.093    -77.832
  -1   -2    -14.154      6.041    -68.281
 661   -2     12.513      4.243    -60.679
  -1   -2    -12.166      0.794    -75.522
  -1   -2     -8.678      6.017    -64.404
  -1  504    -11.897      6.515    -77.556
 607  394     -0.826      0.454    -60.908
  -1   -2     10.647    -10.734    -63.865
  -1   -2     15.445     11.983    -67.523
  -1   -2     12.487     -3.180    -65.640
  -1   -2     13.566     10.783    -63.300
  -1   -2      7.423     10.248    -55.901
  -1   -2     11.435      8.350    -64.916
  -1   -2     -7.324      2.026    -59.089
  -1   -2     10.837    -13.044    -64.836
  -1   -2      8.904     10.997    -60.618
  -1   -2      9.718      2.155    -71.652
  -1   -2     14.284      4.999    -60.500
  -1   -2     -5.125     -2.595    -56.176
  -1   -2     -5.697    -10.729    -57.626
  -1   -2     17.700     -9.454    -75.727
  -1   -2      4.431     -0.044    -76.553
  -1  519     -5.509     -7.177    -61.991
  -1   -2      8.209      6.987    -70.878
  -1   -2      2.028     -3.949    -60.676
 697  800     -5.312     12.897    -59.903
 633  694     17.079     -9.129    -64.721
 112   -2     -8.657     -1.466    -76.101
 666   -2     10.358     -1.086    -68.590
  -1   -2    -14.954      8.905    -70.538
  -1   -2      2.454     -1.103    -75.736
  -1   -2     -7.599    -12.693    -66.548
 391  340     14.807      9.336    -71.762
  -1   -2     14.621     -7.163    -59.835
  -1   -2      3.784    -11.230    -60.120
  -1   -2     -9.205      7.804    -78.401
  -1  643     -3.347     -3.364    -65.305
  -1   -2      2.766     -8.638    -75.368
  -1   -2      5.484     -9.085    -58.840
  -1   -2      7.188     11.397    -59.595
  -1   -2      9.331      2.424    -76.290
  -1   -2     -2.556     11.352    -61.368
  -1   -2     -9.174     -7.041    -63.747
  -1   -2      3.676      0.107    -57.157
  -1   -2     -7.782     -7.452    -57.699
  -1   -2    -15.250    -10.265    -72.796
  -1   -2      4.817      0.938    -64.444
  -1   -2     14.783    -11.985    -69.979
  -1  601      6.437     -6.027    -72.745
  -1   -2    -10.748      7.057    -73.126
  -1   -2      0.248      5.007    -64.178
  -1   -2     -5.818     11.616    -61.250
 593   -2     -9.887     -4.488    -71.485
  -1   -2     -1.816     -1.229    -67.285
 771   -2     12.773      0.123    -61.914
  -1   -2      4.555     -3.674    -56.236
  -1   -2     -8.957      7.012    -68.263
  -1   -2      8.805    -12.299    -63.997
  -1   -2     10.396    -12.222    -71.383
  -1   -2     -4.888      0.090    -60.051
  -1   -2     -9.060      0.883    -66.032
  -1   -2     -5.241     -5.816    -67.045
  -1   -2      5.127      3.959    -77.276
  -1   -2     -9.849     -0.586    -57.181
  -1   -2     -7.481     12.957    -62.646
  -1   -2      2.975      9.920    -71.913
  -1   -2    -10.990     -5.501    -59.599
  -1   -2    -10.266      4.210    -68.702
  -1   -2      5.532     10.881    -69.120
 626   -2     14.218      0.051    -64.537
  -1   -2     -3.237      3.204    -55.510
  -1   -2     13.049      2.381    -73.772
  -1   -2      8.014     -3.341    -54.218
  -1   -2      7.969     -9.258    -82.289
  -1   -2    -11.638     11.093    -81.377
  -1  644      1.983     -3.381    -70.671
 761   -2      0.890     11.320    -76.275
  -1   -2     17.729     10.864    -72.985
  -1   -2      5.019    -13.158    -64.479
  -1   -2     -0.806     -4.333    -55.072
  -1   -2      3.342      1.016    -63.500
  -1   -2     13.459     -8.559    -61.042
  -1   -2     -4.786     -3.189    -64.264
  -1   -2      0.803    -12.237    -65.967
  -1   -2    -10.948     -8.495    -73.284
  -1   -2     15.874     -0.529    -61.786
 811   -2    -12.692      2.317    -77.149
 765  720     12.529      1.573    -63.577
  -1   -2     -4.231     -2.391    -67.223
  -1  316      7.162     10.359    -69.773
  -1   -2     15.541     -9.881    -65.541
  -1   -2     13.021      5.914    -67.467
  -1   -2      9.586      9.643    -59.901
  -1   -2     -7.698     -6.536    -68.430
  -1   -2     14.915      6.097    -61.150
  -1   -2    -12.118     -3.300    -83.449
  -1   -2     11.773      4.187    -64.127
  -1  700    -12.070     -0.670    -66.912
  -1   -2      3.462      5.241    -52.872
  -1  311     10.410      8.814    -64.687
  -1   -2     -6.671      9.970    -66.850
  -1   -2      0.951      4.910    -72.498
  -1   -2     -6.838     -1.553    -62.087
  -1   -2      7.795     11.299    -67.495
  -1   -2     -0.835     12.025    -63.630
 339   -2      0.167      2.244    -64.817
 397  443     -5.909     -3.238    -73.901
  31   -2     -5.285      0.388    -74.209
 189  449      3.395    -10.507    -71.496
 670   -2      3.803     -3.561    -77.832
 144   -2     -2.391      4.164    -60.853
 400   -2     -4.362      5.262    -64.359
 200  782    -12.519      2.778    -69.336
 313  673     10.187      9.672    -71.479
  21   -2     -1.781    -10.168    -70.055
 213  809      1.865      5.808    -76.310
  70  177     -5.161     -6.456    -71.079
 280   -2      7.086      4.203    -70.906
 591   -2     -9.935     -7.926    -67.435
 582  499      8.181     -0.731    -68.195
 711  194     -0.347     -8.172    -74.869
  -1   -2     -1.409     -7.013    -73.442
  65  328     -1.572      3.475    -69.429
 350   -2      1.960     -8.843    -65.333
  -1   -2      3.432     -2.290    -70.541
 267  650      6.014      3.085    -74.856
 186   -2    -11.044     -8.689    -65.521
 814  804     16.565      7.839    -70.310
 264  289     -8.837      7.315    -62.929
 272   -2      3.989      5.759    -62.166
 564  810    -14.897      3.104    -67.618
 317   -2     -8.401     -6.863    -63.449
 246   -2     12.533      4.290    -76.622
 465   -2     13.977    -12.470    -65.521
 557   -2     17.233     -0.059    -68.212
 321   -2     -1.025    -10.656    -68.640
 687   -2     15.808     -6.997    -65.479
 610  530     -5.008      9.169    -59.187
 537   -2     12.940     -5.274    -76.970
 813   -2     -8.345      5.493    -62.551
 168   61    -10.547     -6.323    -73.464
 347   -2     15.831      7.058    -70.477
 409  403     -6.477     -3.211    -61.188
 630   -2     -1.671     11.036    -62.437
 671   -2      6.237     -2.007    -62.903
 792   -2     -5.908     11.071    -63.432
 828   -2     -4.983     -0.939    -74.833
 837   -2     -1.989      6.348    -74.508
