831
   3    0     -6.380      6.049    -71.347
   0    1     -9.335      2.471    -73.346
 788   28     -8.344     -4.037    -72.217
   2    3      2.041     -3.384    -72.967
  13   25      5.311      2.466    -69.848
  35   12     -2.385      3.525    -70.049
  14    6      1.644     10.902    -70.000
  22   14     -3.528     10.742    -71.905
  16   20    -10.809     -4.495    -71.207
  66   84      6.542      7.103    -74.695
   8   65     -3.598      9.634    -71.451
  44   24     -3.147      4.232    -67.972
  10   16      7.849     -0.384    -69.207
  21   15      4.135      7.738    -67.901
 111  215     -4.706      6.638    -72.168
 363   17      8.417      1.091    -69.876
  27  159      3.447      1.871    -69.215
  41   73      1.066      1.330    -70.380
  11    9     -4.784      1.344    -68.232
  25   21     -3.885     -2.475    -69.754
  63    7      8.487      6.980    -68.931
  86   19     -1.007      1.517    -68.558
  15    4    -10.789      2.879    -71.780
  37   37     -8.329     -6.052    -68.167
 414  165     14.847      9.566    -72.241
  18  158      7.775      8.493    -72.385
  42   22     -2.956      1.297    -66.244
 436   34    -13.859     -6.302    -76.353
  12   92     -0.547      8.306    -72.531
  24  101      3.852      1.252    -67.579
   5   11      4.099      8.613    -72.209
  20   41     -5.952      5.364    -68.361
  87  108      1.370     -3.513    -73.514
  45   31     11.628      2.705    -68.791
  43    8     -7.451     -4.487    -77.822
  67   59     -2.841      8.023    -68.064
  95   33     -3.485     -8.867    -72.983
  17  778     -4.374      2.613    -69.123
  82  106     -2.982     -4.081    -73.650
  52  123      4.052      9.462    -65.189
 364  266     14.704     -4.376    -73.605
  -1  440     -4.558    -12.454    -70.232
  19    5     -6.655    -10.371    -70.697
  47  168     -4.197      8.717    -66.939
   4   -2      6.106      4.411    -71.286
  29  163     14.126     -0.619    -70.834
  48   53     -8.633      7.002    -64.379
  75  112     -3.788     10.641    -69.830
  77   26      4.476     -1.755    -65.634
  32   13      4.063      2.867    -67.602
 167   47      3.806      8.324    -75.716
  61  377      9.104      8.114    -69.874
  30   27      2.723      6.521    -73.115
 110   10      1.330      3.322    -70.961
   7  224    -12.444      6.696    -72.564
   1  132     -1.229      7.544    -72.321
  54   35      3.393     -3.432    -67.744
  80  100     -9.195     13.050    -66.241
 388   61      3.315      6.307    -65.111
   6   43      2.475      6.878    -70.764
  -1  465     -3.909     12.599    -70.648
 365  110     -7.095     11.371    -71.043
 115  355      3.081     -6.007    -68.742
  64  458     -7.478     -1.886    -64.188
  79   60      7.391     11.751    -72.556
   9  187      5.927      7.349    -70.018
  34  395     -7.635      0.218    -66.088
 122   96      8.789     -4.419    -66.749
  26   36      2.791      8.434    -65.106
 434   87     -7.039     10.784    -75.184
  23  153      7.812     10.868    -70.837
 114   82    -11.457     -2.396    -65.860
 103   38     14.875     -7.992    -72.267
  39   44     11.961      5.736    -67.661
 196  231     13.894     -1.885    -71.249
 131   45    -11.277      2.721    -71.742
  71  139      2.924      9.529    -66.486
  -1   68      1.266      7.816    -62.476
 240  788      0.732    -10.943    -62.111
 104  107      6.757     -8.884    -63.716
  -1   -2      2.680      6.447    -60.098
 127   74      1.475     -7.076    -63.965
 384  401      2.983    -12.400    -68.394
  62  178     -9.610     -6.570    -74.387
 148   99     -8.092      4.113    -70.123
  68   85    -14.096     -1.817    -68.460
  57  185     -1.092      8.629    -69.192
  78   67      1.981      4.066    -63.977
 791  199      4.944     -0.979    -73.969
 408   50      6.889     -0.502    -65.980
  76   66      7.859     -6.096    -66.558
 490   83    -14.898     -8.073    -69.871
 102  250     -0.726     -0.734    -67.270
 213   72     -9.025      2.559    -68.976
  83   -2     -5.066     -3.253    -69.162
  31   30     -7.102     -2.338    -68.332
  50   57     -3.966      2.736    -65.159
 128   88     -5.496     -0.305    -63.037
 560  265      0.780     -2.953    -73.795
 584   86      9.555     -5.400    -73.757
  -1  233     -2.920    -10.870    -58.711
  28  213     13.276      1.346    -72.614
 514  387      6.452     -2.756    -66.458
 106  293      8.546      3.869    -66.929
 133  136     11.733      2.862    -64.886
 117   51     -2.185     -1.092    -71.033
 113  416     -8.533    -10.331    -69.587
 285  238      4.322      9.468    -72.174
 181  280    -14.497      8.227    -71.954
 316   97     -6.770     -8.344    -69.130
 381   29      7.614      5.755    -66.545
 105  133    -10.955      9.058    -63.212
 146   93     12.209     12.555    -68.590
  59  437     -3.718     -0.781    -65.473
  55  532      5.734      1.311    -72.766
 789   -2     -1.895      9.237    -70.525
 462   90      3.912      5.333    -60.994
 169  784     -2.312      9.909    -60.145
 159  120     -2.915     -8.570    -67.913
 376  115     13.582     -7.137    -67.798
 177  206      5.769      4.366    -65.064
  -1   -2     -0.508     12.400    -64.403
 204  821      4.582     -1.365    -64.339
 116  445     -8.900     11.913    -66.758
 150  385      6.725     -1.952    -65.688
 121   95     -6.641     11.622    -63.892
 107  126     -9.150     -2.058    -66.615
 129  102      7.574    -12.103    -66.395
  90   48     -7.886     -1.530    -67.333
 541  259      6.035     11.890    -71.786
 231  230      3.978     -0.632    -66.690
  -1   -2    -10.130      0.720    -64.958
 210   18     -6.636     -6.770    -69.527
 120  129    -12.314     12.760    -64.989
 435   -2     -5.622     -3.284    -66.959
 259  131    -13.088      9.497    -70.941
 139    2     12.161     -0.260    -72.936
 172  124      5.071      4.970    -66.063
 197  228     -1.008      0.746    -64.975
 211  787     -4.128      6.325    -77.750
  96  384      3.028     -8.922    -65.276
 185  166      0.597    -10.540    -65.857
 808  121      0.145    -12.170    -67.608
 202   55     -1.645    -10.920    -64.917
 236  154      4.022     -6.423    -63.552
 183  164    -13.010      6.718    -66.642
 359  130      8.326     -2.554    -72.319
 174  195     -4.925      5.548    -63.188
 138  125     -0.071     -0.670    -63.907
 191  575      7.172    -12.483    -70.245
  93  421    -10.000      2.477    -68.019
 175   39      9.217     10.310    -67.715
 780  241     -5.311      1.102    -63.247
 184  207     -3.607      4.497    -67.504
 568  243    -15.282     -7.059    -73.056
 396   -2      5.080     -8.455    -67.966
 118  216      0.694     -6.764    -69.068
 262   91    -11.500     -0.703    -75.805
 296  194     -0.304      6.820    -72.773
 201  493      1.016     -3.188    -67.743
 160  225    -15.209     -4.351    -71.592
 166  156    -12.167      0.155    -67.660
 141  176     -8.322      2.026    -61.358
 215  432      6.613     -8.432    -64.415
 198  263     -1.586      1.234    -74.419
 151  363      9.385     -2.650    -71.344
 157  190     -7.034     11.490    -66.769
 294  179      9.145     -6.168    -70.540
 539  148     -0.849     -6.123    -62.066
 134  219     10.379     -3.356    -63.910
 182   -2    -14.160      8.335    -76.855
 100  214     -1.559     10.960    -66.218
 472   -2    -12.925     -3.556    -69.694
 456  308      6.526     -2.080    -72.707
 504   -2     15.356     -9.879    -74.726
  -1   -2      1.400     -5.808    -59.353
 226  150     16.555    -10.320    -68.846
 306   71     12.289     -3.298    -71.670
  94  111     -8.791      0.605    -67.609
 471  800      5.051     -2.636    -69.924
 451   -2     -3.058     -2.054    -64.050
 457  181      4.003     -7.808    -64.852
 180  210     -6.936     -0.532    -65.858
 130  113    -11.806      4.949    -66.400
 292  270      9.828     -8.389    -68.900
  36  218     -4.635      4.608    -69.436
  99  104      9.405      2.646    -64.558
 154  283    -11.142      9.957    -65.097
 212   -2    -10.714     -5.911    -68.880
  -1   -2     -4.207      3.020    -62.598
 821  383      1.691      0.590    -71.302
 143  140     -2.580    -10.506    -63.871
 278  790     -3.064     -6.190    -77.589
  -1   -2      3.291     13.190    -65.304
 165  550     13.999      0.707    -70.917
 460  149      0.972    -12.133    -66.565
 207  173      4.427     -5.361    -62.552
 475   -2      9.322     10.759    -72.134
 124  516    -12.021      1.784    -68.951
 176  147      8.522    -12.632    -69.390
 299  620     -6.978     11.830    -75.280
  73  393     -2.641      3.110    -66.209
 290  541     14.938     -6.576    -68.847
 271  103     14.286      2.322    -72.277
 615  604      2.209     11.221    -61.267
 152  188    -11.950      7.780    -69.025
 171  295    -10.448     11.100    -67.353
 822  160     -9.616      2.437    -65.848
 793  209     -2.678     -0.114    -74.801
 235  202      4.817    -11.981    -65.961
  -1  624     15.489      4.569    -71.204
 406  200     -8.938      7.233    -67.243
 170  244     -3.816     11.292    -74.470
 216  205     -8.002     -6.744    -71.779
 501   58     -4.169     -9.655    -68.231
 253  193      7.498    -10.571    -64.968
 208  247     -7.267     -4.607    -67.466
 186   -2    -13.009     12.163    -72.643
 140  533     -6.413      5.040    -68.317
 267  711     -5.427      8.233    -77.013
 225  105     -5.266      1.560    -64.839
 189  161     -1.624      9.943    -68.233
 173  167     15.347     -3.927    -72.716
  -1  326     -0.558     -4.007    -65.371
  -1  292     -5.077     -1.992    -75.330
 194  198     -8.589      1.027    -60.967
 582  201      7.806      2.400    -69.786
  -1  546     -6.525      9.037    -75.702
  -1   -2     17.686      9.655    -72.175
 293  256      5.135    -11.121    -65.039
 246  540     -7.950     -1.996    -60.124
 282  339     11.695     11.273    -74.039
 217  278     11.146      8.948    -64.364
 466  237      2.194    -12.248    -70.181
 264  144    -11.779     -1.941    -73.848
  -1  151     -0.797    -12.459    -73.969
  -1  551    -11.451     -4.133    -60.512
 250   -2      5.922     -1.426    -65.863
  -1   -2     -5.753      2.975    -62.916
  85  525      1.238      1.680    -66.136
 248  665      3.560      6.888    -66.291
  -1  374     -7.940      2.254    -71.669
 261  438    -12.546     10.518    -65.210
  -1  362     12.768     -6.435    -68.476
  -1   -2    -10.109     -6.058    -59.209
 224  303     13.392      4.355    -73.229
  -1  331    -11.902      0.434    -72.948
 826  232     -6.870     -5.345    -69.029
 153  782      0.713     -3.962    -76.103
 380  740      4.576     -6.849    -73.074
 164  217     -7.576      5.172    -69.743
 239  577     -9.594      7.177    -66.131
 260  235     -6.312     12.311    -67.652
  -1   -2     -2.185     -8.417    -60.876
 461   -2     14.436     -9.691    -67.860
 144  196     -7.173      4.807    -62.098
 272  267      9.890      5.676    -63.056
  -1   -2     13.407      9.877    -71.189
 505  343     -5.853      0.175    -74.840
 109  135     -0.114      6.935    -65.959
 345  157     -8.795      8.292    -74.601
 227  138     10.370      8.056    -64.044
 156  428     -3.600      5.939    -65.569
 342  261     15.745      1.274    -71.427
 219  693     11.280     -1.200    -70.426
 247  183     -2.013     -6.298    -65.521
 245  251      7.001     -8.602    -66.371
  -1  431     13.801     -4.524    -72.648
 516  475      8.065      7.654    -62.732
  -1  552    -13.328      1.987    -77.181
  -1   -2     -9.545      7.762    -64.494
 305  310      1.816    -11.429    -65.370
 263   -2     14.473      0.859    -67.096
 279  277      4.551    -11.162    -68.244
 295  287      7.979     -7.224    -65.504
 265  276    -13.181      4.531    -68.044
 405  481     11.249      8.035    -67.032
 551  394      9.240      9.592    -72.473
 230  208    -13.944     -5.246    -68.951
 422  172     -6.099     -4.356    -67.075
 332   -2     -9.206      5.020    -69.058
 268  691    -11.611      6.318    -64.671
 242  680     -3.796     -6.547    -67.408
  -1  291     -6.797      0.653    -71.662
 579  281      0.143      8.292    -64.392
 195  271      2.982     10.315    -65.803
 220  284     -1.151     -3.825    -64.773
 328  397     -2.481      0.297    -72.135
 336   42      6.287     10.316    -71.072
 594  145     -8.487      8.959    -74.586
  -1  155    -13.036      1.521    -63.774
  -1   -2    -13.840      5.973    -67.782
  -1   -2      2.409    -11.109    -60.526
 480  725     -3.019      1.997    -60.766
 258  336     11.991      2.716    -72.675
 254  274     10.439     -0.642    -65.673
 228  327      5.476     11.181    -72.183
 301  255      8.750      5.491    -65.547
 496  229     12.195      6.139    -74.953
 302  679     15.854     11.529    -72.239
 350  595    -10.558     12.642    -63.819
  -1   -2     -5.339      0.479    -74.559
  -1  313     -5.547    -11.700    -72.225
  -1   -2     -6.462      5.390    -75.962
 682  812    -12.718     -0.410    -71.558
  -1   -2     -8.968    -11.559    -65.470
 238  240     -7.208     -5.349    -68.529
  -1  563     12.520     -5.620    -74.339
 256  236     17.900      2.759    -70.697
 795  301     -8.909     -9.623    -62.381
  -1  334     15.428      8.486    -65.304
  -1   98     -5.615     10.615    -72.235
 126  109     -1.328     -2.617    -63.720
 814  246    -15.714     -4.324    -72.212
 569  524     15.724      5.480    -67.794
 287  323      8.516     -3.773    -64.674
  -1   -2     10.480     10.312    -74.704
 455  348    -13.715    -11.906    -74.209
  -1   -2     -5.832     -3.457    -64.765
  -1   -2      6.378     -2.296    -59.262
 298   -2    -14.061     -8.624    -72.421
 649  396     -6.013    -10.776    -72.371
 344  635     11.118     -6.935    -71.103
 284  211      6.982     -6.201    -73.035
  -1  320     12.146      2.807    -64.301
 799   -2     13.573     -2.441    -63.638
 827  304      3.209      9.768    -72.088
  -1   -2      0.423      3.762    -75.588
 623  627     15.238     12.212    -71.418
 450  369     11.286     -8.950    -74.940
 223  330     -7.548     -6.196    -64.893
 304  602     11.453      0.716    -63.386
 353  794     17.784      3.664    -71.142
 657  341    -14.298      2.630    -73.951
 525   -2    -13.853     11.688    -67.768
 523  672      5.364     -1.049    -64.939
 331  322     -5.650      9.532    -68.664
  -1  318      3.533     -8.787    -73.653
  -1  403     15.900     -9.879    -71.295
 322  792     15.092      7.041    -64.117
 234   -2    -11.401      9.961    -69.774
 473  212      7.119     -4.472    -69.515
 300  350    -14.014      4.276    -71.277
  -1   -2     -2.254     10.080    -74.690
  -1   -2     10.422    -10.986    -68.263
  -1  317     -5.335    -10.941    -71.672
 784   -2      3.025      0.159    -63.708
 518  668     -7.660      7.603    -75.018
 309  447      8.143      7.123    -71.884
  -1   -2      3.244     -2.232    -76.233
  -1   -2      5.236    -12.652    -66.457
 241  557      8.668     -5.467    -73.784
 764  817     11.450      9.303    -69.267
 343  342      6.529     -7.172    -67.322
  -1   -2     14.038      2.371    -62.737
  -1   -2    -12.063      0.925    -80.768
 334  359     12.679      8.460    -66.011
  -1  664     -3.794      7.806    -66.974
  -1   -2     -6.114     -7.459    -61.397
  -1  340     15.992     11.496    -66.444
 329  364     15.706      5.187    -63.699
  -1  365    -11.248     -8.461    -69.851
 303  344    -11.710    -11.180    -74.458
 761  361     14.814    -12.029    -73.240
 828  279    -10.737     -9.830    -72.964
  -1   -2     -6.975      1.606    -63.803
  70   -2    -10.946      4.654    -66.598
  -1   54      0.816      4.562    -72.285
 497  146     -2.569     -7.344    -64.033
 125   -2     -2.635      5.749    -75.739
  -1   -2      5.794    -10.943    -76.012
  -1   -2      2.406      1.784    -67.478
 203   -2      9.961     -2.970    -71.198
 369  329     -8.708      6.745    -73.173
  -1   -2     -2.087      5.859    -67.661
 367   62     -1.783      8.452    -62.934
  38  389      7.479     -1.174    -68.465
  -1  192     -0.997      9.704    -73.923
  53  386      2.953     -5.156    -73.791
  58  114      3.936     -4.855    -66.967
  -1  191      2.794     -8.353    -57.984
  88   -2      0.858      8.409    -72.359
 418  300      4.795     10.261    -76.520
  -1   -2      5.651     -0.544    -70.807
 386   46    -10.512      3.782    -70.009
 123   78     11.520     -2.952    -72.487
 401  796    -11.574     -4.378    -75.299
  51  439      1.692      2.741    -70.993
 392  380     -0.370      4.032    -73.866
 374   -2     -7.525     -1.144    -60.899
  -1   -2     -5.629      8.915    -73.848
 266   49     -2.827      6.516    -65.658
 108  118     -6.259      7.670    -63.666
  -1   -2     -2.919     -7.504    -75.976
  -1   -2     -2.516      3.924    -72.259
  -1  410     11.898     -4.572    -62.433
 444  406     10.609     -4.814    -65.380
  -1   -2      2.559      0.420    -59.344
 373  398      0.442      3.235    -73.394
 371  122      4.349     -9.062    -66.105
  -1  142     -9.567      9.371    -65.181
  -1   -2     15.702      3.498    -64.044
  -1   -2    -10.650    -10.874    -71.935
 187   40    -13.907      9.943    -73.876
  -1   -2      0.335    -12.391    -76.334
 385  391     -1.257    -12.291    -67.692
  -1   -2    -10.664     -7.211    -72.371
 796  382     15.600     -3.378    -72.634
 142  137     -5.397     -2.656    -67.530
  -1   -2     -6.952     -9.057    -74.191
  74   32      5.003     -4.005    -68.465
 222  253     15.879      8.087    -69.142
  -1  460     -4.365     11.362    -63.325
 391  457     -6.704      0.971    -63.488
 358  529      1.006      4.173    -72.332
  -1   -2     -5.970     -7.171    -75.332
  -1   94     -0.182      2.726    -66.188
  -1   -2      5.062      5.242    -62.939
 485  408     -3.993      8.433    -60.935
 158  783      8.613     -9.736    -65.338
 136  404     13.445     -2.371    -74.512
  -1   -2      2.252     10.341    -77.191
  -1   -2     -0.010     -7.186    -69.983
  -1   -2     -7.587      8.856    -76.835
 145  781     -3.893     -1.423    -70.055
  81   -2     -8.486      8.633    -63.117
 452  510     -5.313      4.017    -73.335
 162  479     -3.607     -9.766    -66.995
  -1   -2     -0.316     12.265    -70.167
 161   -2     -3.396     -2.248    -65.043
 205  822    -12.107      0.678    -71.879
 409  459     -3.809     -2.222    -62.231
  -1   -2      3.633     -1.495    -60.567
 404  282      1.032     -1.771    -75.691
  -1   -2     16.902      6.412    -79.481
 112  780     -8.329      9.429    -69.819
 382  141     -7.558      7.659    -63.958
  -1  162    -12.717    -10.529    -69.016
 221  407     -4.332     -4.724    -59.609
 441   76     -8.397     -1.403    -66.529
  56   79     -4.933     -2.927    -71.867
 424  512     -3.628     11.078    -65.218
  72  779     -5.679      7.469    -63.310
  -1  257      6.329    -11.937    -72.266
 493  392     -2.786     -2.355    -71.003
 442   -2     15.417      8.000    -62.847
  -1  248      3.184     11.040    -72.972
 383  449     -4.929     13.356    -61.378
 397  170      6.066     -9.009    -71.785
 797   -2     -1.464    -10.415    -63.589
  -1   -2     10.091     -6.969    -56.588
 458  426     -0.502     -0.997    -60.874
  -1   -2      9.222     -6.587    -67.547
 416  174     -1.793     -9.331    -71.090
 445  446      3.013      8.750    -64.270
  -1   -2      0.783      4.036    -60.958
  -1  180     14.893      6.224    -64.604
 439  798    -13.100    -10.723    -69.660
  -1   -2    -14.296    -10.421    -77.138
 192  409      6.856      6.365    -63.767
  -1   -2      5.320    -10.269    -68.386
 820  117     -5.529     -9.920    -66.452
  -1   -2      6.472      9.232    -59.558
 437  413     -6.327    -10.921    -63.737
 459  405     -9.760     -6.990    -62.299
  -1  468    -10.812     -9.526    -60.873
 190  785      9.004    -11.186    -67.705
 415  489     14.528     -9.166    -64.144
 532  423     16.703     -4.589    -66.426
 101  260     -8.256     12.032    -66.960
 486   -2    -13.694      6.224    -69.922
 311  474     12.402      9.359    -61.026
  -1  545     -2.457    -13.002    -65.110
 482  823      6.654     -9.029    -67.808
 511  802      0.252     -6.348    -59.984
  -1   -2      3.449     -0.641    -69.750
 508   -2      0.560    -10.288    -62.082
 413  535    -15.608     -8.438    -73.344
  -1   -2      4.606     -0.839    -64.392
  -1  451    -14.423      7.805    -70.711
 823  223     -7.284    -11.808    -68.562
  -1   -2     -8.829     -9.913    -66.469
  -1   -2    -14.908      0.546    -74.608
 536  619     11.416    -13.118    -70.797
 503  463     -9.857     -1.391    -62.129
  -1  542     13.183     10.419    -67.150
 642  809      4.080      7.720    -73.636
 487  494     -8.812    -10.098    -61.122
  -1   -2      9.103      3.097    -76.326
  -1   -2     -0.561     -0.500    -58.598
  -1   -2      2.411    -12.089    -74.461
  49  530      6.076      2.614    -74.185
 233  273    -12.426     11.854    -66.134
 533   -2     17.380      2.828    -66.462
 603  807      8.463      3.738    -56.866
 509  507      6.644     -8.257    -63.166
 232   -2      1.963    -12.739    -65.832
 771  484     -2.625     -3.805    -69.007
 517  492    -15.847      5.832    -71.123
  -1   -2      7.108     10.137    -71.972
  -1   -2      2.296    -11.354    -70.958
  -1   -2     -6.534     -2.342    -62.122
  -1   -2      4.796      9.689    -54.474
  -1   -2     13.048      7.066    -77.682
 341  299     10.125      9.658    -77.104
  -1   -2     10.102     -2.074    -62.635
  -1  424     -3.616      2.224    -73.077
  -1   -2     -6.435      7.071    -55.430
 488  569    -14.578     -3.484    -67.038
  -1  567      0.873     10.335    -61.667
  89  171     12.363     -3.387    -68.485
  -1  376      8.023      6.578    -71.128
  -1   -2     13.626     -0.716    -63.049
  -1   -2     12.478     -3.549    -75.642
 481  302     15.751     -2.972    -66.712
  -1  509     10.261      9.859    -63.772
 779  527     -4.240     -9.458    -61.551
  -1  356    -13.733      7.359    -75.576
  -1  520      8.086      1.709    -61.503
  -1   -2     14.862    -12.118    -79.592
  -1   -2     -3.741      5.965    -72.706
  -1   -2     -9.169     12.181    -72.357
  -1  422    -11.913      1.808    -62.866
 510  590      0.016     -9.454    -76.420
 794  633      8.388     11.047    -72.220
  -1   -2     10.852     -6.868    -56.165
  -1   -2     -9.912    -10.421    -58.845
 502   -2     14.382     -1.640    -64.832
  -1   -2      7.610     -4.710    -60.065
 199  786      7.623    -10.091    -67.039
  -1   -2      9.303     10.517    -63.342
  -1   -2     -3.804      6.976    -54.121
  -1   -2     -8.947     -2.134    -59.413
  -1   -2      8.182      5.810    -60.198
  -1   -2     -6.692     -1.140    -54.321
 562  239    -14.506    -11.446    -73.131
 535   -2      3.748     10.104    -71.726
 708  645      5.155      2.476    -64.805
 155  824     -5.619     13.218    -66.532
 598  227    -13.711     12.553    -66.972
 577  651      3.735    -12.947    -65.197
  -1   -2     12.663     -0.800    -56.858
 288  499     12.391      5.537    -66.747
 815  828     15.458      9.119    -65.297
 484  631    -13.580      4.328    -64.596
 530  390      6.973     -3.274    -71.715
  -1   -2      8.369     -9.650    -82.247
  -1   -2     14.638     -7.967    -78.671
  -1   -2     -9.315     10.061    -75.701
  -1   -2     -4.642     -6.701    -60.692
  -1   -2     -2.044     10.498    -59.837
  -1   -2      8.548     -6.291    -76.446
 447  469     -6.883     -0.423    -67.050
  -1   -2     -0.752      3.085    -59.382
 552   -2     11.989     10.486    -62.218
  -1   -2      8.465     -7.592    -62.098
  -1   -2     11.810     -2.303    -62.387
  -1  234     -3.528     -1.316    -74.010
 534   -2     -4.184     10.013    -61.496
  -1   -2      8.144    -11.859    -60.622
  -1   -2      9.354     10.567    -56.080
 132  637    -13.767      4.682    -65.715
  -1   -2      4.073      6.630    -57.036
  -1   -2      3.619      8.329    -65.711
 135  555      9.220     -1.724    -73.088
  -1   -2      1.924     -5.428    -59.540
  -1   -2      1.836     -4.154    -88.047
  -1   -2      7.112     11.461    -58.940
  -1   -2     12.156     -8.721    -60.856
  -1   -2      3.497      0.960    -62.638
  -1  614     16.511      8.509    -71.007
 425  528     -2.889     -3.927    -70.860
  -1   -2      2.735      3.576    -74.827
  -1   -2      7.961      7.575    -60.698
  -1   -2    -12.240      1.953    -71.186
  -1   -2     11.180    -10.274    -59.688
  -1  692      8.340    -12.592    -64.797
  -1  268     15.763      9.214    -71.872
 528  726     -8.879      5.379    -58.423
 526  490     17.484    -11.423    -68.007
  -1  621     -8.421     11.500    -76.216
 574  572     15.546    -10.294    -67.959
  -1   -2     18.153     -4.663    -68.142
  -1   -2     -8.789    -10.902    -62.205
  -1   -2     -0.929    -11.194    -63.025
  -1   -2    -10.568     -1.183    -61.876
 314  553     11.728     -6.873    -65.158
  -1   -2      3.243    -11.499    -87.518
  -1   -2     -8.328    -12.667    -71.607
 637  588     11.193      3.211    -62.723
 291  791     -7.981     11.786    -62.576
 825  294      6.973     -2.484    -75.497
  -1   -2      8.190      8.985    -76.371
  -1  495     11.735    -13.142    -64.441
  -1   -2      2.761     -7.359    -62.324
  -1  186     -1.034     -6.934    -63.330
  -1   -2     -4.456      8.553    -59.770
  -1   -2     10.706    -10.309    -62.715
  -1   -2     11.214      1.455    -60.748
  -1   -2     -6.946     -6.770    -54.134
  -1   -2    -15.103     10.517    -80.486
  -1   -2     11.643     11.894    -64.709
  -1   -2     -4.062     -9.061    -57.735
 616  324      6.967     -1.107    -60.811
  -1   -2     -3.394      7.447    -71.293
  -1   -2     -1.562     -9.331    -55.326
  -1   -2     12.423      6.832    -63.310
  -1   -2    -10.054      7.331    -63.655
  -1  797    -10.715     -3.715    -75.672
  -1   -2     16.674      9.867    -68.693
  -1   -2     -0.508    -13.104    -65.854
  -1   -2     14.322     -4.603    -68.306
 728   -2     12.356      4.611    -63.354
  -1   -2     11.604    -10.474    -63.315
  -1   -2      0.074      7.255    -54.359
  -1   -2     -1.167     -7.012    -61.211
 601  616     17.064     -8.746    -66.164
  -1   -2     -6.707     -6.344    -66.979
  -1   -2    -14.310     -7.479    -76.472
  -1   -2     -2.352      0.170    -76.489
  -1   -2     -4.539      1.165    -76.565
  -1   -2     -0.729     10.342    -58.795
 315  314    -13.036    -10.685    -74.812
  -1   -2     -7.915      4.869    -59.663
  -1  583     17.374      9.747    -68.585
  -1   -2      0.680     -7.175    -78.105
 578  805     10.599      2.666    -76.283
  -1  638    -15.788    -12.185    -75.183
  -1   -2    -11.193    -11.716    -68.880
 692  814     14.054     -5.131    -65.786
  -1   -2     15.550     -0.817    -62.339
  -1   -2     -2.053     -3.950    -63.476
 325  615    -14.828      4.504    -69.395
  -1   -2     -5.886      4.243    -77.497
 550  803     12.321      5.520    -76.514
  -1   -2     -6.824      4.440    -58.346
  -1   -2     -9.570     13.074    -64.406
 676  519     15.581      5.832    -72.591
  -1   -2     -5.310      7.285    -60.638
 360  415     -4.226      6.514    -70.434
  -1  346      0.458     -1.756    -75.608
  -1   -2      0.688     -7.819    -59.321
 648  658      2.624    -11.685    -60.177
 426  258     -8.591      6.254    -71.055
  -1   -2    -16.430     -3.186    -73.281
 544  549     14.422      4.073    -65.063
  -1  349      5.975     -6.751    -76.590
  -1   -2     14.103    -10.755    -62.221
  -1  297    -15.942      0.248    -71.752
  -1   -2    -12.580     -9.990    -72.883
  -1   -2     -4.665     -4.004    -63.343
  -1   -2     -4.366     -3.160    -74.476
  -1   -2      0.793    -10.597    -61.579
 237  189     -9.960      4.458    -75.734
  -1   -2      5.384     -3.239    -53.091
  -1   -2      1.608      2.216    -74.955
  -1   -2    -14.471      1.048    -67.996
  -1  669    -14.321     -3.828    -66.662
 671  511    -15.308      6.668    -74.267
  -1   -2     -9.373    -10.326    -58.990
  -1   -2      2.700     11.708    -63.242
  -1   -2      0.218      6.148    -62.450
  -1   -2     -8.126     -3.425    -52.656
 280  242     12.584      9.389    -64.755
  -1   -2      4.186      3.066    -68.485
  -1   -2     -3.130     -7.303    -58.156
  -1   -2      0.053     12.097    -60.131
 634   -2    -16.108      1.398    -76.101
  -1   -2     14.401      6.072    -59.320
  -1   -2     -0.836      7.787    -52.477
  -1   -2     10.325      1.056    -58.061
  -1   -2     -6.986      6.209    -79.732
  -1   -2     -4.767     -5.563    -75.130
  -1   -2     -4.316     -4.724    -66.687
  -1   -2    -15.773     12.661    -71.322
  -1   -2     -1.659      7.371    -66.832
 571  804     -3.546     12.906    -65.010
 778  634    -14.136     -0.617    -69.996
  -1   -2    -10.980      6.716    -81.944
  -1  328     -2.298     -7.741    -75.836
  -1   -2     -1.790      9.030    -57.514
 726   -2      3.512     -4.401    -67.487
  -1  482      9.814     10.691    -64.130
  -1   -2     -2.676      1.895    -74.610
 276  262     -3.152      9.593    -65.624
  -1   -2     -8.570     11.588    -60.700
 545  643      9.591     -2.760    -66.237
  -1   -2      5.299      3.703    -58.264
  -1   -2     15.205    -10.191    -63.999
  -1   -2     -8.571     10.184    -78.347
  -1   -2     -8.981      0.239    -77.512
  -1   -2      4.396      7.378    -56.169
  -1  312      7.568     -1.900    -69.507
  -1   -2     11.452     11.357    -71.137
 430  582      2.110     -8.638    -75.283
  -1   -2      1.442     -4.229    -66.103
  -1   -2     11.599     11.151    -81.425
  -1   -2     -1.192      7.003    -76.078
 553   -2      7.454      0.135    -76.090
  -1   -2    -13.466     10.058    -76.711
 607  562     11.382    -12.513    -60.591
  -1   -2      7.125      1.210    -59.094
  -1   -2    -10.048     -8.730    -63.527
  -1   -2      0.266    -10.809    -62.340
 716   -2     -5.429      5.572    -69.505
  -1   -2    -14.147      8.572    -73.543
  -1   -2      2.748      7.845    -60.630
  -1   -2      2.431    -11.501    -84.068
  -1   -2     -5.096      1.122    -73.318
  -1   -2     11.210      5.076    -76.454
  -1   -2      7.545     -3.537    -78.539
  -1   -2      9.745     -9.882    -59.388
  -1   -2    -10.043      2.601    -57.611
  -1   -2      7.159     -6.948    -60.084
  -1   -2      0.053      1.379    -56.348
  -1   -2     17.501      4.854    -78.723
  -1   -2     -2.774     -6.024    -77.001
  -1   -2     -8.189    -10.872    -68.548
 783  264      2.763    -10.276    -64.590
  -1   -2     14.570     -1.029    -65.488
  -1   -2      7.383     -6.876    -71.893
  -1   -2     -6.734     13.484    -61.111
  -1   -2      6.596     -4.145    -61.231
  -1   -2     -7.279      7.691    -63.046
  -1   -2     16.798    -12.904    -74.363
  -1   -2     12.216    -12.638    -67.226
  -1   -2     -6.114     -7.255    -61.125
  -1   -2     -0.730     -7.724    -58.095
  -1   -2      5.581     10.287    -74.543
 340  718     -8.325     -9.219    -69.313
  -1   -2     -1.270     -4.298    -76.733
  -1   -2     -1.101      7.507    -52.831
  -1   -2     16.298     -2.644    -62.188
  -1   -2      4.560     -8.933    -53.668
 818  825      6.176     -9.761    -71.403
  -1   -2      9.955     -8.796    -75.112
  -1   -2      3.083     -9.523    -67.411
  -1  358      8.455      2.818    -62.574
  -1   -2     -7.638    -12.290    -61.911
  -1   -2     -3.919      1.403    -65.724
  -1   -2    -11.652     -0.189    -84.214
  -1   -2     -5.866      9.154    -60.564
 326  630     -3.154     -7.844    -67.914
  -1   -2      0.965      0.637    -55.485
  -1   -2      6.739    -11.302    -74.754
 745  815     -6.248     -9.947    -66.626
  -1   -2      4.229      4.580    -65.344
  -1   -2     -6.457    -10.085    -57.076
  -1   -2     -2.334     -9.464    -56.616
  -1   -2    -13.129     -7.147    -75.386
  -1   -2      9.939     -6.258    -73.794
  -1   -2     -3.916      1.659    -72.846
  -1   -2     14.587     12.771    -66.002
  -1   -2      8.415     -7.395    -74.244
  -1   -2     -1.007      3.998    -64.276
 758  816     -6.257      2.185    -66.494
  -1   -2      0.059     -3.071    -65.801
 273   -2      2.779     -5.921    -64.136
  -1   -2     12.548     -4.391    -58.134
  -1   -2    -10.663      9.767    -58.734
  -1   -2     -0.744      3.378    -74.725
  -1   -2    -15.038     10.431    -78.625
  -1   -2     -0.238    -10.752    -70.297
  -1   -2      2.737     -1.118    -79.640
  -1   -2     -2.775      7.999    -61.604
  -1   -2    -13.096     -7.234    -65.614
  -1   -2     -0.787     -8.803    -66.259
  -1   -2     -4.648      6.259    -59.966
  -1   -2     -0.366      7.096    -53.171
  -1   -2     -6.936     -6.461    -58.359
  -1   -2     17.133     -1.991    -67.286
  -1   -2     -9.546     -3.021    -75.904
  -1   -2     -9.315      9.455    -59.448
  -1   -2     11.415     11.480    -60.519
  -1   -2     14.413     12.335    -69.706
  -1   -2     -8.223    -10.264    -86.964
  -1   -2     -7.565     12.923    -63.172
  -1   -2     -1.969      8.062    -86.734
  -1   -2    -11.310     12.998    -66.316
  -1   -2     13.385      1.458    -64.445
  -1   -2      3.486      5.717    -61.434
  -1   -2     -1.607     -8.012    -58.236
  46   77      1.856     -1.517    -68.215
 362  795     -2.740      4.497    -73.607
  91  425     -1.709     -7.897    -63.415
  84   75      4.537     -4.517    -69.691
 499  801      9.171      5.946    -64.650
 257  462     -5.699     -9.651    -73.847
 453  799      2.575     -3.696    -75.683
 249  789      2.507     11.840    -76.159
 565  345     10.723      1.192    -66.127
 684  813     12.003      0.550    -77.104
 163   -2     -0.364      2.901    -65.781
 813   -2     -6.778      9.993    -68.687
 335  134     -2.879     -6.361    -67.822
 347  793     -7.736    -10.998    -67.375
 668  810     16.830     11.874    -67.792
 767   -2     -8.356      4.451    -67.525
 283  441      7.736      5.446    -67.482
 467  127      1.345     -5.666    -63.207
 119  184      8.710      1.992    -67.089
 515   -2     -1.314     -0.586    -77.135
 610  808      6.611      9.635    -75.399
 251  169    -15.023      8.313    -76.038
 252  559     14.131     -4.215    -74.304
 483   -2     10.040     -4.676    -61.939
 361   -2     13.691      1.343    -65.035
 421   -2     16.482     -6.362    -72.836
  -1   -2     -3.663      5.840    -65.493
 622   -2      4.504      7.885    -59.411
 427   -2     15.007     10.895    -67.890
 804   -2     17.462     -7.258    -75.065
 807   -2    -14.629     -2.959    -67.298
 667  352     15.789     -5.751    -71.886
 739   -2    -11.986     12.178    -71.754
 812  819     -2.680     -1.254    -68.866
 588  806     -5.166     -2.218    -69.337
 810   -2     15.555    -12.191    -65.259
 672  811     -7.694     11.021    -67.396
 817  820     14.671     -3.279    -75.053
  98   81     -0.477     10.151    -64.447
 357   64     -2.114     -3.957    -71.812
 379  518      6.044     -6.918    -71.489
 438  826     -9.251    -10.476    -67.770
 546  827     -5.941     -9.444    -70.497
 580   80     10.323    -10.466    -70.965
 633   -2     -9.101      5.661    -73.836
 700   -2      1.197      7.704    -70.161
 701   -2      8.542      3.952    -74.510
 782   -2     -3.228      5.148    -72.377
 824  829     -3.232      9.589    -74.744
