849
  21    0      1.500     -0.815    -70.499
   6  370      0.855      1.462    -70.588
  -1    6      2.015     10.139    -70.069
  10  373     -6.376      9.722    -74.355
   8  401     -0.064      7.229    -71.440
  31  102     -0.238      9.092    -73.060
   0    4      3.238      5.747    -71.969
   1    2     -0.825      6.484    -71.414
  26   17     -9.808      2.152    -72.799
   4  369     -8.552     -5.100    -73.065
  24  781      0.314      6.068    -71.722
  98   46      3.614     -6.414    -68.185
  17   19      6.848     -3.031    -72.387
  33   10      6.980     -0.298    -68.582
  51   33      2.119      5.897    -69.792
  30   14     -4.823      8.483    -73.085
  18   21     -0.946      2.956    -72.982
  22    7      3.019     -0.098    -68.175
 375    9     -0.380      2.015    -72.714
  34   20     -6.168      3.955    -68.068
  16   25      7.486      9.411    -69.717
  23   36      6.975      5.108    -63.605
   9   63      2.540      3.035    -73.015
  46   16      6.911     -1.869    -68.302
  37   34      8.226     11.619    -71.708
   3   -2     -3.207      3.233    -73.340
  32   42      8.165      6.310    -68.252
  68    5     -3.188     -2.724    -69.686
 127   41     -8.877      8.337    -68.760
  12  372      4.426      0.181    -68.562
  25   32      6.304     -2.720    -67.082
  50   23      9.770      1.588    -68.672
  48   30     -6.677      9.926    -65.686
  36   26     -8.594     -7.502    -68.559
 151   24     -5.009     -4.810    -68.189
  39   95     13.801      1.204    -71.350
  40   13      2.839     -6.460    -73.231
  52   49    -12.282      2.443    -66.608
  56  231      3.220     -0.893    -66.713
  81  783      6.347      3.730    -66.256
  27  357     12.904      0.556    -71.665
 469  822     -3.884      7.472    -60.552
 245   12      9.322      7.133    -68.746
 104  784      2.911     12.734    -69.763
  19    8    -12.230      6.263    -72.497
 189  270     -8.952      6.226    -72.464
 129   -2     11.237     -9.748    -74.748
  20  137      8.817     11.211    -69.957
  28  127      1.990     -0.627    -67.007
 149  564     -2.397      8.782    -73.971
  62    1     -1.587      7.676    -69.430
  94   40    -11.654      2.662    -71.502
  55   65     -7.721     -8.405    -69.309
  29  159     -4.058      3.523    -68.340
  97  454     -6.923     -6.396    -66.804
  11  184      0.197      3.256    -74.411
  79  139     16.886     10.124    -70.851
  -1   47      2.780      7.499    -66.204
  38  120     -7.685     -1.249    -67.008
  69   53      2.819      6.742    -63.615
  84   80     -6.371      9.602    -63.385
 150   91    -11.045     -6.047    -72.232
 107   74      6.924     -9.774    -63.815
  -1  171    -11.132     -0.419    -63.886
  92   73      6.168     12.247    -66.721
  -1   -2     -4.568      8.674    -63.277
 130   43     -3.562      9.028    -69.276
 289   15    -12.897     -0.091    -71.250
  59   45      2.234      6.270    -64.231
 120  103     17.651      1.757    -70.076
 614   84      1.355     -3.905    -67.266
 157  104      5.759     -4.177    -68.844
 110  100     -9.735     11.914    -65.460
 142  116     -1.939     -2.161    -68.114
 200   60     -6.789     12.171    -67.011
  78  101    -10.851      1.386    -68.616
  77  148    -11.464      3.996    -69.818
 208   31     -5.596      3.749    -69.348
  45  400     -4.099      5.150    -72.495
 137   64     -8.833      5.723    -64.719
 121   -2    -11.956      2.173    -71.490
  67   93    -12.973     -6.502    -75.674
 184   38     14.889      9.027    -71.512
 274   90     11.705     10.022    -64.501
  -1  248    -13.660      9.491    -73.407
 187  267     -4.489      7.110    -66.462
 430  404      7.708    -12.732    -68.331
  80   94     -8.625     -3.072    -68.430
 145  554      2.959      1.296    -66.871
  93  414     11.965      4.477    -67.227
 403  151    -13.709      9.062    -70.915
 180  166     10.457     10.928    -70.920
 102  387     -7.343     -1.227    -63.648
 310  149     -7.520      0.592    -71.744
 382   87    -11.072     10.555    -66.609
 105  107      2.997     -7.200    -65.292
 101  130      5.938    -12.588    -67.300
  89  179      6.403      0.867    -68.996
 311   97     -4.827     -6.687    -66.189
   2  220     -5.710      3.372    -73.296
  61  193    -11.581     -7.100    -68.806
 168  141     12.105     -3.921    -67.629
 143  108    -10.505      0.433    -65.178
 765  466     -3.229      7.047    -67.901
 448  111     -6.059     -4.722    -63.897
 545  133     -8.854      9.639    -63.075
 445   58      3.457      6.756    -64.842
  -1  490     15.378      9.335    -70.076
  58  119     -6.048     -1.881    -64.022
  86   99     -7.508      5.905    -64.103
 128  786     -7.928     -3.377    -64.922
  -1  147     -5.366     -3.439    -68.974
  99  160      7.422     12.586    -65.882
 397  181     -6.337    -12.159    -71.227
 384  374     -9.306    -12.156    -68.795
  90   62     -0.767      8.607    -63.830
 146   27     -2.251      0.096    -74.101
 131   86      8.573      0.547    -63.015
 476  280      7.214      7.036    -73.707
 212  546     -0.853      6.965    -67.600
  -1  211      3.992    -12.376    -66.906
  66  182      7.320     11.202    -70.397
 415   70     -5.272      2.119    -69.068
 224   -2     12.190     -3.583    -71.229
  54  467      6.486     -4.162    -63.759
 205  165    -13.758    -12.154    -68.223
 100  186      3.662     -8.684    -74.931
 206  131     -1.664      9.210    -65.289
 683   52    -11.161      7.187    -62.940
 140  230      8.105     -6.742    -70.223
 764  445      5.043      8.166    -74.866
  53  258      2.685     -4.868    -72.492
 215  125     -9.606      3.521    -70.008
  74  106     -3.558     -1.128    -67.105
 112  785     -4.348     -3.456    -69.621
 210   92     -9.945      2.167    -69.559
  70  823     -7.799     -6.262    -67.271
 497  637     -7.438     11.506    -60.039
 177  126      1.029    -12.248    -68.024
  87   -2     -6.630     12.124    -63.588
 579   61     11.809     -2.973    -72.200
  73  122     -3.006      9.679    -70.967
 119  542     -3.416     12.875    -67.927
 513  437      6.254      3.298    -66.726
 118  266     -8.022      8.158    -74.041
  -1   -2      4.244     -5.736    -66.101
 475  175    -15.750     -9.428    -72.252
 106   98     -6.577      5.884    -63.483
  -1  189     -8.452     -0.961    -61.788
 406  208     -5.110      0.034    -69.015
 315   75      4.885    -10.460    -71.578
  -1   -2    -10.292     -2.657    -65.159
  -1   -2     -7.078     13.117    -64.320
 173  187     -9.700     12.655    -65.810
 166  288      2.228     -8.173    -66.975
 288   68      7.520    -11.523    -66.235
 117  115     -3.733      9.288    -64.121
 216  295      5.908    -12.765    -70.663
  -1   -2     -7.396     -0.047    -64.517
  42  183     13.462     -1.364    -70.266
 115  272      6.100     10.338    -73.323
  63   66      6.231     -2.159    -64.176
 167  265     -9.663     -2.934    -67.189
 190   96     -4.474    -12.046    -69.690
 186  329     -3.993     -7.935    -67.338
 622  154     -4.914    -11.211    -65.657
  47  782     -4.825      9.629    -71.527
 136  216     -6.143     11.261    -65.341
 250  428      9.919     10.311    -67.342
  -1  202      2.029     -1.710    -63.980
 558  805      1.733     -3.272    -62.334
 155   69      9.128     -9.949    -69.867
 194  788      5.194     -9.424    -66.732
 193  177     -2.597     -5.300    -72.381
 338  450     15.543     -6.759    -74.475
 438   88      9.892      8.540    -71.273
 175  390     14.917     -4.413    -72.182
 241  257     13.154     -0.009    -70.212
  -1   -2     -5.476     -8.257    -77.053
 207  134    -14.912      6.063    -74.071
  91   -2     -5.845     -4.118    -67.588
  -1   -2     -3.954     -0.922    -72.186
  -1   -2     -5.933    -11.959    -62.381
 226  433      4.900     -9.081    -71.278
 554   -2      4.523      2.551    -64.125
 299  593     -5.333     11.567    -66.127
  -1   -2    -14.086    -11.437    -77.035
 203  172     -6.889     -3.562    -61.648
 209  534      7.766     -5.122    -66.300
 314  314     -5.870    -11.569    -67.096
 134   -2      1.590     -4.474    -73.183
 548  200    -12.353     -0.753    -68.692
 108  140      2.858      8.131    -65.586
 248  168      9.864     -4.022    -62.758
  -1   -2    -13.343    -11.348    -65.322
 179  376      6.319     -3.740    -73.069
 229  158    -12.605      7.802    -69.093
 196  204    -14.320      7.869    -71.681
 589  247      3.841     -3.640    -64.168
 161  459     -4.886     -8.462    -67.033
  71   59     -2.484     11.547    -68.269
  -1   -2     -4.618      3.762    -65.577
 222  145      1.630     11.382    -75.982
  -1  624    -15.483      7.161    -74.833
 199  632     -4.186    -10.641    -67.122
 500  253      9.833     -1.365    -65.231
 519   -2      9.026     -6.186    -72.997
 597  174      3.278     -4.775    -66.381
  49   72     -2.669     11.338    -73.810
  35  697      4.667      7.876    -71.585
 264  209      7.515      9.234    -74.061
  -1   -2      7.817      9.399    -60.558
 286  242     15.334     -3.947    -72.025
 262  194     -3.963      2.921    -67.823
  60  415     -6.008      5.515    -62.656
  -1  261    -13.581      8.210    -76.595
 213  550    -13.381      0.474    -69.038
 498  128     15.467      4.477    -67.272
 327  164      7.117     -6.651    -72.459
 280  243     -8.445      0.311    -76.924
 391  447      6.570     12.328    -72.902
 188   -2     -3.632     -3.315    -64.795
 490  221    -13.238      5.908    -66.406
 211  525     14.675     -5.170    -72.960
 282   -2      0.933      0.717    -63.405
 197  226     -9.115     -3.004    -66.728
 223  121     15.697      4.829    -71.315
 599  572     -2.771     -7.970    -64.474
 169  336     16.208     -7.299    -72.311
 228   -2      3.394     -2.662    -63.122
 258  259    -14.124     -6.092    -69.525
 342  196    -10.475      4.044    -68.119
 263  494    -10.606     -6.029    -64.917
 230  215    -15.192      7.688    -70.216
  -1   -2      3.625     -3.308    -75.566
 304  206     14.363     -0.511    -66.900
 618  156      4.359      9.293    -71.501
 316  330     15.978     -0.694    -75.832
 454  240    -11.036     11.372    -76.206
 176  327     10.774      8.789    -68.474
 240  530     15.976    -11.031    -68.749
 518   -2     12.336     -0.507    -72.353
 123  227     -7.305     -3.733    -65.592
 126  278    -11.606     -4.713    -66.080
 318  578      8.146     -5.783    -63.628
  -1   -2     -2.700     -5.373    -64.973
 313  229     14.400      4.356    -64.483
 325  217     10.631     -3.461    -70.927
 635  117     -5.088     -2.400    -66.330
 774  341     -7.370      9.640    -66.714
 559  235      0.513     -8.239    -61.980
 287  725     11.299      7.652    -64.348
  -1   -2      2.726     11.893    -73.966
 195  731     10.374      1.227    -63.270
 510  326    -14.054      5.806    -67.610
 493  238     -9.495      9.417    -67.088
 582  824      3.239     -8.000    -61.258
 608  114      9.857     -6.036    -73.035
  -1  237     -0.945     -1.798    -64.126
  -1  312     -1.373      5.570    -65.326
 547  588     -7.325     -3.034    -62.629
 165  584     -6.517     10.601    -74.392
 312  298     15.564     -7.141    -68.817
 300  236      8.369      6.574    -62.980
 170  422     -6.179     -4.520    -66.771
 443  521     13.826     -2.579    -65.304
 298  576     17.726      2.717    -70.393
  -1   -2    -16.152     -8.256    -73.753
 611  234     -5.743    -10.747    -72.635
 487  110      3.616     -2.546    -65.462
 501  547    -13.905      0.039    -69.750
 198   89     -5.805     -0.566    -64.096
 153   54     15.124      0.157    -70.637
 243  825     10.806     -0.748    -62.339
  -1   77      8.677     -3.291    -71.821
 331  279    -14.745     -5.356    -72.175
  -1   -2      2.899    -11.935    -63.351
 776   -2    -11.827     -4.056    -74.887
 772  277      7.840      0.446    -65.401
 219  315     -5.051      5.887    -71.605
 627  335     13.773      7.085    -73.481
  -1  559     -1.758     12.732    -62.756
  -1   -2      2.913      8.216    -75.915
 578  287     13.105      2.423    -64.508
  -1   -2    -11.512     -3.713    -76.829
  -1  249     -9.634     -8.679    -70.749
  -1  512    -14.957      4.721    -69.157
 234  146     13.168     11.272    -67.204
 357  281     -3.992      4.312    -65.341
  -1   -2      4.775     11.924    -71.190
  -1   -2      6.204      6.382    -59.537
 301  289     12.121      3.902    -66.559
 381  393     -4.124      5.544    -69.762
 281  789      5.656     -3.609    -64.034
 306  276      2.066      9.201    -61.329
 172  553     -9.252      8.683    -64.251
 236  271     -9.608      6.088    -70.194
 163  337    -13.063     -3.780    -70.263
 185  207     -7.149      3.410    -62.106
 272  439      9.264      9.148    -64.057
 242   -2     -3.927     11.110    -76.322
 345  300     -4.145     11.864    -66.696
 452  239     10.874    -12.789    -70.448
 144  142     -3.139     -4.833    -73.447
  -1   -2     17.607      9.468    -68.930
 583  214    -12.873     11.533    -66.385
 265  359    -11.981      1.866    -74.060
 133   -2      1.011     -9.923    -75.001
 307  309     15.685     -9.561    -69.048
  -1   -2      5.075      3.916    -66.660
 494  228      9.761     -1.695    -72.273
 279   -2    -13.817      1.639    -72.424
 419  150      7.893      1.941    -65.594
 269  264      9.036      3.239    -62.447
 349  169    -10.684      8.796    -64.481
 335  826     11.572     10.273    -72.766
 305  152     10.236     -5.410    -64.936
 174  263     17.594      3.739    -68.267
  -1  507     12.892     -3.627    -75.417
 328  323     15.887    -10.846    -71.414
  -1  353     -1.566      8.969    -73.652
 347  647      7.250    -12.513    -73.639
 334  274      5.876     -8.103    -65.824
  -1   -2     -2.196      4.914    -63.223
  -1   -2     13.205      4.504    -75.801
 139   -2      8.414      5.864    -70.815
  72  592      4.935      8.945    -71.583
 330  313     -7.180      8.968    -68.054
  -1   -2     10.355     -9.975    -59.262
  -1  224      6.640     -9.286    -66.578
 390  178      4.183     -4.596    -68.685
 247  319     13.612     -2.277    -71.543
 691   -2    -10.924      0.890    -60.312
 178  205      6.455     -9.530    -64.093
 276  361     15.225     -4.389    -66.592
 125  188      3.161     -9.850    -66.970
 302  461     10.634      6.462    -63.825
 795  753     13.048     -3.464    -64.152
  -1  245      0.364     -5.520    -61.245
  -1   -2      3.548      9.764    -76.058
  -1  241     -8.336      7.612    -74.104
  -1   -2    -11.574      9.791    -69.852
  -1   -2      5.387     -1.864    -73.456
 255  543     -7.994    -10.250    -68.121
  -1  345     17.494     -5.996    -71.198
 678   -2     12.795      7.212    -65.622
 352  346     14.559    -12.656    -73.308
  -1   -2      7.326     -8.519    -66.036
 346  344     15.041      3.729    -63.669
  -1  352      3.429      6.069    -65.280
 348  567    -13.778     11.675    -68.196
  -1   -2     -0.966     -5.141    -66.894
  -1   -2      6.157     -0.725    -74.902
  -1   -2    -11.026    -11.337    -71.576
  -1   -2      0.830     -6.240    -65.592
 769  285      3.083     11.007    -65.039
 344  292      7.841      7.859    -66.146
 160  591      4.053     -7.352    -72.293
 360  360      9.633      4.091    -65.395
  -1   -2     -9.498    -11.262    -69.103
 337  540     16.549      1.731    -66.168
  -1  255     -0.199     -8.026    -67.430
  -1   -2     -7.818      2.400    -65.578
 736  358    -13.370      0.905    -68.631
  -1  723     12.733      5.594    -63.588
  -1   -2     -0.542     -2.787    -65.526
 577  395     -3.999     -4.513    -71.378
  -1   -2     -9.841     -9.044    -58.063
  -1   -2    -11.954     12.500    -66.344
  -1   -2     -0.120      6.909    -63.447
  -1  489     12.402     -9.888    -74.699
  -1   55     -0.649     10.383    -64.325
  13   -2     -8.155      2.143    -71.937
   7   57     -6.887      5.711    -70.955
  -1  109      1.542      0.536    -70.616
  -1   -2     -0.222     10.385    -55.600
  14  371      8.379      7.455    -71.207
   5   83     -2.769     -5.956    -72.097
 464  569      2.020     -1.302    -70.914
 383  195     -4.475      0.979    -65.841
  64   82     -1.709     -0.337    -69.237
  -1   -2     -6.167    -10.085    -63.238
 392  378     -3.113      7.549    -65.106
  65   11     -3.154      2.272    -70.515
 398  798      8.340     12.443    -64.339
  -1   -2      5.776    -12.277    -72.562
 784  197     -6.964      3.298    -68.029
 354   35     -5.554     -5.022    -71.485
 164  405     -3.333      8.204    -70.683
  -1  185      8.349      4.768    -65.133
 273  458     -9.715     -0.966    -80.029
  96   18     -9.507      0.453    -77.300
  -1   -2      1.828      3.999    -64.544
 148  580      6.223      5.572    -63.967
  -1   -2    -13.546      2.942    -65.933
 376  124     -0.995      0.202    -65.797
  -1   -2     -9.199    -11.023    -61.853
  76  448      5.491     -0.831    -71.901
  -1   -2     -1.359      2.837    -61.424
 154   81     -2.691      0.787    -66.109
 159   85      7.225     -7.541    -65.837
  -1   -2     -6.565      5.380    -75.958
  -1  472     -2.116      4.994    -74.781
 341   -2      8.020      5.909    -70.080
 275  443    -10.233     -8.731    -61.196
  -1   -2     -8.947    -12.285    -64.120
 786  385     13.334     -9.666    -67.130
  85   -2     -7.350    -10.365    -69.677
  -1   -2     -2.274    -11.359    -62.348
  -1   -2     -8.328      6.456    -62.904
  -1   50    -14.681    -12.087    -72.210
 408  419     11.137     -5.662    -62.929
 171  129     -9.525     10.630    -65.951
  -1   -2     -5.571     -4.828    -81.608
  -1   -2     -0.589      5.905    -73.948
 425  425    -13.345      3.415    -67.624
 431   -2      8.617     -4.278    -61.143
 182  523    -12.871     12.363    -72.255
 371   -2     10.301    -10.628    -64.787
  -1   -2      0.487     -0.251    -66.080
  41   -2      2.594    -10.444    -64.626
  -1   -2      6.032     -9.085    -58.977
 377  827     -4.848      0.896    -63.894
  -1   -2      0.570     -8.090    -76.653
 407  176     -2.148     -4.613    -62.921
  -1   -2     -1.358     -8.902    -68.586
 380  180     -6.659     10.124    -70.227
  -1   -2     -1.311     -8.623    -73.494
  -1   -2     -9.581     13.198    -63.182
  -1   -2     -6.124     -7.200    -75.704
  -1   -2      5.107    -11.129    -62.009
 641  811     -5.430      3.934    -62.582
 440  446     -5.327     -3.229    -61.159
  -1  143     -8.851      3.975    -60.616
 453   28      0.616     -8.619    -75.902
  -1   -2     -1.334     12.052    -60.577
 470  802     -9.723     -9.024    -63.958
  -1   -2      1.282      3.952    -59.651
 122  112     13.751     -7.733    -68.146
  82   -2    -14.096     -3.918    -68.092
  -1   -2      5.005     -1.415    -55.918
  -1   -2     -2.970      2.600    -60.723
 663  473     -1.485     -4.094    -71.691
  -1   -2    -11.895     -5.335    -60.819
  -1   -2     12.204     -9.340    -71.367
  -1  410      2.778     -4.192    -77.660
 114  412     -7.856     -4.258    -68.705
 613  434     -3.130      8.328    -59.114
  -1   -2     -5.789     -4.047    -63.687
 533  431     15.836     -5.762    -66.139
 766   29     -2.487     -5.553    -69.537
  -1   -2      6.184    -11.464    -74.463
 418  478      7.880     -8.788    -62.749
 467  629      9.757     10.710    -74.109
  -1  210     -4.516      1.311    -67.278
  88  138      4.096      2.923    -62.635
  -1  381     -0.940    -10.035    -75.067
  -1   -2     -7.641     -7.884    -66.880
 417  260    -12.868      5.271    -65.246
 260  311     16.313      6.853    -68.286
 387  322     -1.769     -7.070    -61.329
  -1  828     -2.209      7.340    -67.094
  -1  167      3.691    -12.118    -66.321
 570  506      2.727      1.104    -59.615
  -1   -2      1.477     -1.936    -58.503
 576  307      7.771      4.558    -66.043
  -1  118     -9.702     -3.166    -61.135
 775  157    -15.262     -4.976    -71.512
  -1   -2    -10.975     10.734    -60.146
  -1   -2     -2.293      1.606    -59.702
 103   -2     -7.026    -12.056    -62.967
 113  222     16.845      8.572    -74.401
 270  509     15.036      3.317    -70.192
  -1   -2     -8.346     -1.055    -66.886
 401  135      0.993     -3.836    -74.164
 183  308     -1.637     -5.786    -72.799
  -1  402     10.751     -4.151    -61.805
  -1   -2      4.977    -11.635    -68.754
  -1  262     -6.383      8.376    -68.179
  -1   -2      2.076      3.397    -58.422
  -1   -2      4.192     11.330    -74.905
  -1   -2     -0.345    -11.732    -63.042
  -1   -2      8.037      5.526    -76.134
 353  793     -7.221      0.958    -67.219
  -1   -2    -13.227    -11.900    -74.217
 156   -2     -1.319      0.499    -65.712
 324  504     13.546     -6.588    -66.528
  -1   -2     -6.873    -10.328    -59.337
 586  386      4.248     10.271    -72.222
 202  254     13.659     10.634    -69.996
 111  170     -5.062      7.762    -75.952
  -1   -2     -3.226    -12.049    -74.910
 556  496     13.588      0.619    -62.446
 488  626     16.577     11.455    -70.600
  -1   -2     -2.585     -9.818    -59.567
  -1  468      8.290      8.436    -62.565
 456  442     -4.833    -10.536    -61.151
  -1   -2    -10.930      6.718    -57.893
  -1   -2      7.568      6.688    -68.675
 147   -2      0.440      2.597    -71.805
  -1  198     -3.524    -11.585    -63.070
 637  480      0.314    -13.174    -63.842
 400   -2     -2.540     -2.372    -71.561
  -1   44      8.565      2.964    -73.052
  -1   -2     11.282    -10.154    -63.024
 666  508    -14.644     -5.673    -67.289
 507  524     15.107      7.273    -62.973
  -1   -2    -11.144    -10.788    -62.048
  -1   -2     -5.664      8.658    -69.884
 460  284    -12.955      9.557    -76.278
  -1   -2     10.172      2.948    -77.618
 492   -2      6.008      9.728    -75.795
  -1  318     -6.436    -12.480    -73.138
 524  302      7.208     -4.287    -71.319
 290  283     -9.847     -2.630    -60.990
 249  252      8.800     -2.993    -76.103
 585  808      0.997     12.101    -62.397
  -1   -2     -3.425      3.140    -69.036
 217  192    -12.458      3.111    -66.677
 429   48      3.408      5.923    -67.532
  -1  316      4.769     -2.990    -63.317
  -1  527    -13.878     12.617    -67.241
  -1   -2     -7.073      8.040    -54.229
 278  548     -9.230      6.186    -67.112
  -1   -2     -4.625     11.618    -61.749
 295  539     17.078      9.612    -67.281
  -1   -2      6.470      2.281    -75.753
  -1   -2      2.180      4.558    -63.271
 581  618     -0.165     -9.230    -75.625
  -1   -2     -1.264     -0.551    -76.815
  -1   -2      1.671      8.098    -52.403
 530  331     -3.967     12.401    -72.075
  -1   -2     14.341      9.901    -76.582
  -1  481     11.299    -12.341    -67.321
  -1  503    -15.106     -1.980    -68.074
 525  561     11.460     10.263    -66.037
  -1   -2     -1.494      5.370    -66.870
 560  806     13.937     10.104    -66.134
  -1   -2     -8.159     -9.292    -54.992
  -1   -2      5.055     12.619    -61.302
 806  306     -2.536    -10.517    -70.030
 218   -2     -8.937      9.481    -74.427
  -1  471      2.315     -3.320    -59.746
 564  529     15.703     12.500    -70.258
  -1   -2     -1.659      9.708    -52.815
  -1   -2      5.163     11.016    -81.244
 512  484     -5.561      0.405    -66.265
  -1   -2      9.206      2.310    -74.860
 402  293     -3.407      2.693    -72.334
  -1   -2      0.389     -2.366    -75.582
 496   -2    -10.149      6.429    -65.168
 333   -2     -3.586     -4.447    -61.909
  -1  286     13.104      8.118    -64.448
  -1   -2      3.708    -11.698    -69.303
 529  665     16.588    -11.798    -67.930
 555  519     14.591    -10.662    -67.878
 466  801    -15.905      5.448    -71.315
  -1  616     15.525     -9.106    -64.665
 580   -2     -1.561      9.989    -56.140
 542  515     -9.480     -2.768    -58.417
 362  303     -6.763     -6.721    -68.414
  -1   -2     16.516     -4.846    -63.129
  -1   -2    -12.236     -0.436    -75.010
 802  485     10.833     -7.591    -70.989
  -1   -2    -10.968      8.249    -59.138
 214  526      7.719      4.836    -61.595
 502   -2      6.758     -8.834    -75.854
  -1   -2      0.957    -11.950    -62.573
 225  105     -3.221     -0.972    -74.923
  -1   -2     -9.558      8.627    -76.361
  -1   -2     -1.151      4.346    -61.005
 427  600     11.049      9.414    -75.289
  -1   -2    -13.436     -1.810    -67.700
  -1   -2     13.983     -0.553    -59.303
  -1   -2     -1.137     11.571    -63.866
 549  551    -14.119      2.628    -66.089
 308  791     -6.254      3.944    -69.355
 653  812     -3.240      0.278    -60.239
 444   -2     10.470     -2.961    -65.940
  -1   -2     -7.637     -5.242    -78.328
  -1   -2     13.204     -2.012    -79.343
  -1   -2     12.024      5.124    -75.542
 565  532      9.251      8.934    -74.417
  -1  483     -1.456     -2.018    -60.772
  -1   -2     -6.705     -9.032    -77.376
 231   51     -4.929     -2.977    -70.890
 787   -2     11.633    -10.654    -64.453
  -1   -2     -3.268     -3.131    -52.429
 541  804      9.449     11.428    -71.048
 813  355    -10.212      8.549    -66.853
  -1   -2     10.886     -7.337    -65.686
  -1   -2    -10.284     10.532    -63.138
  -1  536     11.993      8.674    -62.225
 332  282    -14.791     -8.920    -71.885
  -1   -2     -7.026     11.732    -63.685
  -1   -2      6.356     -5.649    -63.390
 191  829     -6.592     11.693    -75.089
  -1   -2     17.021      9.061    -69.219
 158   -2     13.421      5.480    -73.514
  -1   -2     17.320     11.566    -73.540
  -1   -2     -1.168      4.523    -58.759
  -1   -2     -5.191     -2.455    -76.143
  -1  681     18.428     -5.289    -67.956
  -1   -2    -16.060     -9.045    -77.493
  -1   -2     -0.586     -4.942    -64.056
 797  830      8.389    -10.860    -61.809
  -1   -2     -8.881      9.181    -73.904
 517   -2     13.238     11.795    -74.631
  -1   -2      4.448    -11.862    -86.929
  -1   -2      9.235     -8.169    -66.197
 551  659     13.425     -5.638    -65.908
  -1   -2     -6.044      1.986    -55.871
  -1  350     -2.898     11.860    -65.236
  -1   -2      2.503     12.963    -63.092
  -1   -2    -13.924      6.091    -70.554
 251  556     -1.289      5.408    -67.571
  -1   -2     -5.834     11.296    -60.196
 336  601     11.074      4.261    -62.650
 568  644     16.033     -2.051    -71.103
 707  635     18.036     -7.981    -74.569
 625  555     11.612     -3.486    -63.717
  -1   -2      9.948      0.731    -57.191
  -1  421     -6.178      8.242    -75.016
  -1  132     -6.008     10.860    -67.358
 253  831     -9.182     -0.840    -64.505
  -1   -2    -10.121     11.288    -57.880
 257  643     10.058     -3.206    -71.164
 329  549      5.427     -5.454    -77.955
 320  669     16.106      7.116    -65.316
 296  296     -9.719     -1.131    -68.286
  -1   -2     16.471     -9.265    -66.280
  -1  474     16.170      7.979    -69.532
  -1   -2      2.447     -8.901    -62.487
  -1   -2      2.147    -11.608    -70.273
  -1   -2     -3.241      2.402    -66.353
  -1   -2    -14.333      8.045    -76.161
  -1  290     13.566     -5.165    -72.544
  -1   -2      9.848      0.420    -61.317
 717  832     11.526    -11.786    -64.227
  -1   -2     16.568     13.009    -68.309
  -1   -2     -2.329      4.438    -86.241
  -1   -2     -0.231      4.141    -72.207
  -1   -2     -4.796     -5.687    -58.657
  -1  653     10.581     -6.292    -66.410
  -1   -2    -12.939     -8.289    -65.629
 698  816    -11.960     11.182    -64.419
  -1   -2     -2.376    -12.072    -66.661
  -1   -2     -8.238     -6.904    -63.104
  -1   -2     -1.728      9.034    -77.468
  -1   -2     -7.056      7.781    -54.882
  -1   -2     10.979      4.124    -75.219
  -1   -2     -3.388      2.636    -57.270
 724  752      1.572     10.067    -71.628
  -1   -2     -8.501      3.029    -59.912
 399  799     -3.233     -8.747    -75.078
  -1   -2     15.701     -1.526    -77.696
  -1   -2     -1.128      7.623    -67.257
 303  671     13.476     -2.599    -70.637
  -1   -2      0.403     11.653    -59.301
 351  754     -4.804     -3.852    -74.522
  -1   -2     -1.995     11.462    -65.963
  -1   -2      4.994      4.277    -66.478
  -1   -2     -3.823     -4.816    -70.483
  -1  163     -5.982     -0.326    -74.315
 499  310      7.247     10.130    -71.008
 364   -2     14.555      5.901    -64.168
  -1   -2     -5.733    -10.799    -58.124
  -1   -2      0.063     -7.594    -61.778
  -1   -2     -8.543    -10.575    -57.339
 477  599     12.476     11.056    -72.215
  -1   -2     14.690      5.298    -73.144
  -1   -2     11.808     -1.073    -74.871
  -1  538     15.651    -10.180    -67.029
 483   -2      0.293     -4.282    -76.419
  -1   -2     -5.906      6.692    -78.233
  -1   -2     -0.544     -2.534    -56.481
  -1   -2     -6.896     -7.853    -58.211
  -1   -2     -5.965     12.590    -63.078
  -1   -2      0.586     -0.715    -53.993
  -1   -2    -15.894     -7.864    -71.104
  -1   -2     -5.409     -6.477    -60.716
 680  814     15.819    -12.232    -72.664
  -1   -2      7.244     -9.072    -59.093
  57   -2      2.773      8.049    -75.676
  -1  719      3.959      5.534    -60.092
  -1   -2    -11.714    -11.704    -77.711
  -1   -2     15.309     -6.075    -76.425
  -1   -2     -7.858     -1.495    -68.636
  -1   -2      1.493     -3.313    -68.751
 152  674     -5.842      0.026    -72.914
  -1   -2    -12.784     -1.682    -71.389
  -1   -2     -5.501     -4.214    -82.369
 566  807     17.460      9.307    -70.788
  -1   -2      6.194      0.800    -54.309
  -1   -2      2.955     -8.273    -58.310
  -1   -2     15.696      2.449    -64.697
  -1   -2      0.029     -1.013    -78.670
 814  715    -14.104      3.724    -70.958
  -1   -2      9.897     -3.510    -64.596
  -1   -2    -11.479     -9.307    -69.377
 323  713     -4.655     -9.740    -66.973
  -1   -2      6.244      1.945    -69.924
  -1   -2    -12.043     12.940    -69.159
  -1   -2      8.479     -8.449    -67.399
  -1   -2      9.671     -5.763    -75.241
  -1   -2     -1.516      0.758    -87.847
  -1   -2      7.547      1.331    -58.603
  -1  273    -13.108     10.107    -64.701
 319  363      0.539      5.875    -68.967
 783   -2     -7.443     -6.587    -77.442
 204  388      0.060      6.942    -73.329
  -1   -2    -10.494     -9.496    -63.705
  -1  589      6.746      1.073    -61.101
  -1  649     14.248    -13.289    -65.697
  -1   -2      1.270    -10.159    -66.912
  -1   -2      7.628     11.858    -62.444
  -1   -2     -4.343     12.866    -63.813
  -1  608    -15.380    -10.918    -71.683
 591  809     12.846     -7.413    -68.668
  -1   -2    -15.079      1.672    -72.954
  -1   -2     11.159     -2.586    -77.740
  -1   -2      9.425     10.039    -60.956
  -1   -2     -4.536      0.969    -56.045
  -1  348     14.122     -6.349    -74.030
  -1   -2     -5.211     -7.817    -57.359
  -1   -2     -7.975      1.214    -60.648
  -1   -2      6.272     10.275    -69.756
 688  815     17.936     -7.486    -67.858
 368  794      6.032      4.253    -67.740
  -1   -2      0.311      8.120    -57.066
  -1   -2      4.536     -0.606    -55.953
  -1   -2     12.572     12.295    -60.662
  -1   -2    -13.749      7.988    -83.868
  -1   -2     -6.334     -5.312    -68.852
  -1   -2     12.165     10.524    -74.936
  -1   -2    -14.260     -3.711    -77.941
  -1   -2     -9.171      5.151    -73.965
  -1   -2     -9.429     -3.894    -78.744
  -1   -2      4.547      4.901    -72.859
  -1   -2     -7.387    -11.966    -63.418
  -1  334     -5.711    -12.549    -72.094
  -1   -2      1.996      9.853    -77.680
  -1   -2     -6.832      1.861    -86.668
  -1   -2    -10.191      3.881    -75.579
  -1   -2     18.482     -1.908    -72.722
  -1   -2     14.237      8.311    -74.238
  -1   -2      9.996     -7.644    -56.472
 481   -2      7.371     -0.241    -74.516
  -1   -2      3.946      9.565    -74.205
  -1   -2     12.803     -5.885    -74.101
  -1   -2      6.080      3.249    -71.202
  -1   -2     12.621     11.979    -65.811
  -1   -2     -8.689      5.069    -52.487
  -1  173     10.447      1.530    -64.234
  -1   -2      0.404     -7.113    -71.439
  -1   -2     -1.066      3.455    -60.323
 732  339      3.650      9.110    -71.646
  -1   -2     -7.636      8.553    -86.303
  -1  677     -1.627    -10.220    -68.392
  -1  368     -4.489     -8.231    -72.462
  -1   -2     -2.898      9.766    -52.273
 781  755     10.137      0.239    -65.178
  -1   -2     -2.154    -11.643    -67.020
 770   -2      6.487      4.053    -64.006
  -1   -2     -8.649      3.156    -54.304
  -1   -2      3.933     -0.114    -65.613
  -1   -2     -2.466    -11.698    -73.889
  -1   -2     -4.675     10.167    -52.865
  -1   -2    -11.628     10.669    -60.614
  -1   -2      8.499     11.756    -74.640
  -1   -2      1.329      7.394    -53.660
 543   -2     11.552      5.686    -65.228
  -1   -2     -3.514     -1.796    -72.115
  -1   -2     -3.884      8.503    -60.981
  -1   -2    -14.036    -10.030    -66.784
  -1   -2    -15.177     10.409    -72.234
  -1   -2      8.432    -10.217    -65.854
  -1   -2    -12.957     11.363    -68.181
  -1  760     11.936     -2.923    -58.308
  -1   -2     14.284     12.699    -69.387
  -1   -2     18.797      7.001    -73.828
 706  579      6.160     -5.348    -69.234
  -1   -2    -13.358      7.109    -74.205
  -1   -2    -12.256      5.223    -73.449
  -1   -2     14.292     13.167    -67.864
  -1   -2      9.351     -1.549    -57.846
  -1   -2     -7.149     -7.920    -65.666
  -1  342      5.896    -10.949    -75.711
  -1   -2    -13.139      6.238    -71.349
  -1   -2    -10.974     10.838    -60.960
  -1   -2     -2.866      3.814    -69.978
  -1   -2     -2.097      2.218    -70.598
  -1   -2     16.452     -8.546    -76.361
  -1   -2     -9.013     10.592    -74.054
  -1   -2     14.017     -2.169    -65.988
  -1   -2     16.250     -6.627    -63.642
  -1   -2     -9.588    -12.461    -62.624
  -1   -2      9.368      7.480    -51.999
  -1   -2     -0.656      5.447    -59.610
  -1   -2    -13.870     -1.834    -86.881
  -1   -2     -8.744      3.418    -67.501
  -1   -2      4.403      3.185    -54.490
  -1   -2      6.159      3.878    -78.959
  43   -2      1.777      8.300    -69.872
 372  795      5.823      3.865    -70.611
 462  833     -2.224      6.869    -62.681
 232   -2     -8.367     10.520    -66.243
 138  203     -6.497     -6.265    -68.550
 283  790     13.203      3.444    -72.027
  15   22      1.314      7.668    -71.630
  -1   -2      2.397    -12.305    -71.126
 235  658    -14.279     -5.676    -67.721
 356  640     -6.179      8.844    -68.229
 378  379      5.843      6.236    -69.352
 396  797     13.679     -3.983    -76.927
 426  800     -2.269     -8.541    -62.252
  -1   -2      1.043      2.512    -62.731
 503   -2     15.903     -9.664    -74.748
 413  325     11.721      7.053    -66.430
 422  423     -6.376      1.238    -64.183
 534   -2     -1.817     13.142    -60.339
 552  575     15.236     -8.922    -71.839
 796   -2     -1.580     -1.974    -60.785
 389  796     -4.277      0.803    -73.015
 634  810     -9.435     -8.142    -74.360
 584   -2      8.234    -12.733    -69.807
 367   -2     -2.586     11.709    -65.085
 771  818      8.084    -10.601    -74.121
 654  813     -8.669      0.038    -62.287
 480  803     -2.543    -11.824    -63.452
 773   -2    -13.389      1.699    -76.972
 523   -2    -13.271      7.235    -75.787
 740  817    -15.258      1.713    -73.427
 668   -2     -9.360      6.870    -64.585
 326   -2     13.435      6.963    -74.334
 805  820      3.869     -3.138    -72.722
 723   -2    -12.637    -10.184    -69.140
 799   -2      7.914    -10.963    -68.603
 672   -2     -6.425     -0.806    -74.690
 309   -2     -2.528      8.778    -60.455
 789   -2      3.059     -2.102    -75.285
 780   -2      6.773     -6.502    -74.474
 603   -2      4.354    -10.504    -69.408
 788  819     15.745     -3.873    -74.133
 810  821    -10.557      2.580    -75.083
 435  834    -13.709      2.854    -66.672
 718  595    -12.917     -0.441    -72.391
 791  123      0.780      1.740    -74.230
 804  320      9.427      2.619    -63.057
