822
   1    0      5.995      4.172    -71.039
  23   45      1.253      0.449    -70.621
   7  362     -3.049     -4.403    -73.531
  25    3     -1.030      7.130    -71.945
  97   -2     -8.035      2.202    -71.770
 378   72     -2.941      3.964    -73.531
   2    6     -0.321      7.880    -72.079
  72  105      1.445     -3.929    -73.397
   3   62      8.377      6.711    -68.584
  17    7    -12.383      6.498    -72.552
   9   12      9.210      7.680    -69.332
  19    8      4.961      1.546    -69.279
  18    1     -2.454     -4.902    -71.998
   4   22      2.333     -3.945    -72.821
  13   16     -4.049     -2.866    -69.609
  31   24      3.607      0.323    -67.235
  98   68     -5.179     -3.837    -71.678
  16    9      7.417     -1.038    -68.822
 411  160      0.748      3.591    -72.120
  20   18      6.993     -1.860    -67.899
  77  135     11.917      2.283    -72.372
   8   10      5.909      6.851    -69.704
 129   30     -2.998      9.056    -65.249
   6   29     -3.285     10.309    -71.449
  62   28      6.675     -2.531    -72.572
  26   55     -6.486    -11.165    -70.965
 379   44     -8.421      7.698    -63.180
 372   19     -6.592      5.881    -71.206
 399   37     -4.742      2.434    -69.114
  -1  229     -5.509      3.762    -73.324
  27   25     -6.057      4.762    -68.221
 230  367      1.187     -8.298    -75.712
  76   35     -8.390     -6.685    -68.413
   0   60    -13.428     -6.442    -76.006
  36   65     -6.483     10.830    -63.738
  44   52     -3.006      7.499    -68.066
 115   31     -4.930      0.744    -68.572
  41   33      2.406      6.533    -70.383
  50   -2     11.667     -2.962    -72.402
  24   20      3.293      1.024    -68.796
 105   61     -5.060      4.214    -69.380
  56  102     -2.309     -1.676    -71.332
 169   46     -7.885     -0.332    -66.571
 171  176     14.827      9.328    -71.961
  -1  376     -3.453      3.884    -68.163
  94  144     -8.788      3.840    -70.063
   5  209      0.074      2.712    -73.100
  35   86     -5.051     -3.942    -68.730
 383   43     -0.562      3.583    -73.550
  86   48     -2.983     12.333    -68.309
 155   56      3.931     -8.241    -74.973
  54   36      3.552     -5.824    -66.281
  68  110      4.686     -4.784    -67.446
  30  239     13.634     -2.545    -74.254
  -1  374    -10.955      3.866    -70.017
  73   39      3.772      2.252    -67.250
  69  216    -11.543     -3.448    -65.859
  34   21      7.805      0.526    -69.336
 124  607    -13.816      9.739    -73.669
 371   78    -11.603      3.752    -66.766
  47  769     -7.483     -5.285    -67.275
  51   50     -8.741      6.432    -64.517
  -1  181     -0.625      9.480    -64.149
  75   69      3.346     -4.024    -67.176
  53  154      6.686    -12.615    -70.452
  52   59    -14.080     -2.699    -68.261
  67   67     -9.429     12.539    -65.906
  95  196     -3.353     12.321    -70.648
  64   80     -5.622     -3.243    -67.504
  12  150     -1.905      0.693    -74.303
 803  807    -10.452      1.932    -68.330
  89  111    -10.183      1.557    -65.598
 102   49      1.687     -2.509    -67.845
  -1   57      3.815      8.350    -65.047
  60   -2    -14.724    -11.119    -72.692
  33  384      2.976     -5.670    -73.527
 483  153      8.250    -10.503    -65.684
 206  219      4.005      9.748    -71.716
 518  158     -0.656      9.463    -73.545
  61  402     -6.994     12.955    -67.345
  -1   96      6.199     -3.642    -65.749
  -1   71      2.917      7.859    -63.885
  15   47     13.865     -0.935    -70.625
 337  118     -4.423      2.250    -66.875
  21   14     -9.529      2.341    -73.139
 101  430      8.324    -12.781    -69.668
  71   42     11.984      5.263    -67.501
 225  460      2.198      0.804    -67.225
 107   27     -8.548      8.981    -69.365
 159   97     10.256     -3.234    -71.019
 357  442     -1.928      9.625    -74.304
  59  108     -5.417      1.083    -65.374
 381   51     -4.280      6.112    -70.248
  -1   83      6.847     -9.263    -63.734
 125   77     -6.375      6.905    -63.539
  -1   -2     -6.733     10.295    -74.778
  92  174     -1.258     -1.341    -67.586
 126  776     -2.383      5.492    -75.176
  79  119     -1.636     10.205    -65.785
  63  165     -9.867      6.759    -65.926
 172  121     -9.112     11.340    -66.347
 108  107     -3.375     -2.714    -64.697
 432  100     -1.683     -3.447    -63.370
 286   79     -6.084    -10.701    -66.041
  85  134      7.676     -6.629    -66.204
 116  170     -9.237     -0.109    -67.959
  78  240      4.679      4.238    -62.931
 462   11     -4.304     -1.985    -70.480
  -1   -2    -11.201     -8.425    -72.129
 110  109      1.554      3.335    -63.338
  80  113    -11.080      8.288    -63.065
  -1  120     -7.652     -2.419    -64.525
 380   82     -6.923     10.820    -70.769
  81   -2      7.415     13.067    -66.055
 248  140     14.070      1.849    -71.864
  93  143    -10.735     10.858    -67.006
 135  422     -4.439    -11.396    -69.449
 543  379     -3.318     -4.248    -70.661
 240   40      8.286     10.981    -70.446
  -1   -2    -11.697      0.872    -63.255
 188  101     -2.167     -8.493    -63.249
  91  773     -5.177     -2.724    -69.135
 302  202      8.946     -2.623    -76.465
  -1  178     16.310    -10.633    -68.809
 143  137      6.870    -12.326    -66.769
 527    5      6.840      7.100    -74.306
 145  256     10.414     -5.129    -65.233
 103  130      0.979      0.864    -66.144
 775  128      2.562     -9.584    -64.279
  -1   -2    -12.477     12.374    -64.996
 157  406    -15.677     -8.907    -72.844
 177  515      1.801    -11.771    -64.530
 184  280     17.853      2.337    -70.466
  -1   -2    -11.762     -2.133    -73.860
 313  249     -5.270     10.181    -71.978
 178   74      5.925     12.861    -67.003
 106  166     -7.302     -9.182    -68.704
  65  175     -6.440     -9.669    -70.248
 205  122     -9.335     -2.450    -66.777
 243  146      4.125     -5.339    -69.072
  96   73    -12.257      7.773    -69.045
  -1   -2     -5.397      0.575    -73.072
 429   -2      3.673     -9.655    -65.594
 241  462      6.601     11.589    -71.277
 151  245      9.626     -2.978    -71.284
 228  265     -3.305     -3.230    -71.282
 317   53      5.596      0.418    -72.351
 314  201     12.003     11.184    -73.232
 259  241     15.553      9.175    -71.045
 104   -2     -4.479     -5.570    -66.605
 147  106      6.593     -4.840    -69.344
  58   85     -2.030      7.737    -62.858
 328  599     -4.888    -10.445    -67.671
 272  295     -1.693     -5.368    -72.863
 530   81     -5.482     12.543    -66.411
  29   38     -3.444      9.039    -71.067
 122   93     -9.124      9.828    -67.849
 276  152     -8.677     -2.076    -66.552
 140  322      6.816     -2.913    -69.302
 121  808     -7.194     -2.547    -65.286
 141  132      8.416     -4.699    -66.635
  83  189     -3.269      5.507    -65.541
 119  383      4.210     -9.070    -67.468
  90  127     -5.712     -0.980    -63.442
 170   58      2.891      8.698    -66.387
 391   17    -12.417      0.348    -71.543
  -1   95     11.180      2.328    -64.593
 196  139      8.259      3.029    -66.342
 127  192     13.604     -7.392    -68.005
 311  188     13.326      3.989    -72.744
  49  320      6.839      9.921    -70.438
 415  104      9.088      1.764    -63.896
  -1   -2      2.472     -4.194    -75.455
  -1  423      1.128     -7.556    -63.053
 489  155    -12.710      1.261    -68.998
 657  447      1.685     -9.210    -75.130
 226  254     -2.358     -7.049    -64.968
  66  770    -15.505     -7.352    -72.738
 211  302      8.383     -4.743    -64.281
 187  221     -9.090      6.829    -67.285
 149  211    -13.276      4.219    -67.750
 153  171     -8.290     11.367    -66.668
 406  388      7.124      4.894    -66.403
  55   -2      5.356     10.015    -76.192
 130   -2      2.929      9.389    -65.679
 175  266     -9.786      4.636    -68.639
 146  208    -14.658     -1.054    -69.202
 163  699      7.195      1.789    -69.444
  57   92      1.861     -0.171    -71.167
 310  168     -4.485     12.801    -66.677
 142  238      6.553     -8.891    -64.173
 131  138    -10.983      9.462    -64.869
 197  519     -5.473    -11.689    -71.999
 270  169    -12.178     -0.266    -67.988
  46  420     -3.216     11.315    -74.163
  -1  482     -1.054     -4.949    -60.049
 267  116      4.680      3.932    -65.801
 544  437     -4.178    -10.392    -66.343
 208  450    -15.138      6.376    -74.130
 233  180     -1.122      0.077    -65.036
 763   90      4.231     -2.543    -64.976
 239  133      0.342     -7.304    -68.400
 428  373     -2.184     -9.788    -70.638
 156  232     10.157     -0.964    -65.504
  -1   -2     -2.273      9.460    -59.944
  43  767      4.387     -7.007    -72.687
 581  271     -7.267    -12.434    -68.793
 133   13     -0.869      7.975    -68.656
  -1  184      4.304    -12.063    -66.202
  -1  212    -11.327     -9.948    -62.577
 182  248      6.801     -8.643    -66.385
 212  223     -4.491     -9.939    -61.492
 210  264      5.843     -9.245    -67.314
 113  172     -7.499      6.897    -63.925
 290  454     -6.906     -0.696    -62.857
 252   -2     -6.178     11.661    -67.536
 166  226    -12.138      5.841    -64.936
 162  157      7.806     11.657    -72.207
  -1   70      1.697    -11.628    -69.390
 457  215     -3.022      1.265    -60.477
 538  793     -7.148     12.995    -63.662
 433  218      8.586      3.498    -73.842
 316  251     12.328      4.878    -66.683
 109  774     -5.507      0.357    -63.601
  37  766     -5.307      8.791    -73.637
 246  194     -6.575      4.353    -68.145
 291  217    -13.942     -5.670    -69.141
 202  392    -12.583     11.703    -66.238
  -1  263      6.590    -10.718    -67.257
 186  205     10.475      7.427    -64.020
 139   66     -4.492      2.133    -63.107
 201  179     -5.926     -3.835    -66.861
 236  233     11.228      8.426    -64.294
 218  225      3.283     -8.298    -63.854
 453  424     -9.051     -8.832    -64.441
  -1   -2     13.664     -4.795    -72.467
 198  481     15.640      5.078    -67.554
 204  304     10.945      9.227    -68.958
 137  131     -3.753      6.214    -77.195
  -1   -2      7.858      6.360    -61.262
 479   99     -6.456     -5.232    -66.873
 263  231      8.950     -3.119    -65.414
 535   -2      6.900     10.536    -60.642
 168  497     -9.703     -2.186    -61.776
 150  164      8.881      5.474    -64.869
 640  456     -2.838      9.227    -74.437
  -1  287     -5.127      4.834    -62.917
 245  323      9.542     10.270    -67.568
 216  242      3.692     -7.064    -62.543
 333  191      8.625     -6.416    -70.431
 275   98      9.478      9.152    -71.855
 344  190     -1.585     -7.698    -62.906
 281  148    -12.095      4.224    -66.501
  -1  562      8.886     -5.767    -73.486
 389   63     -3.232      4.763    -72.099
 308  187     -4.269     -1.448    -65.857
 217  778     -9.390     13.220    -66.246
  -1  291    -10.156      4.147    -75.724
  -1  504      3.471      4.379    -60.900
 199  115     13.106      1.010    -72.194
 571  206     -5.841      6.658    -63.091
 285  125    -12.971     12.203    -72.469
 273  247      2.752    -10.994    -63.860
  -1  261      4.129    -11.364    -68.732
 134  228     -3.782      3.776    -67.613
 440  321     11.014     -7.260    -71.072
 224  779      2.566     -0.575    -63.829
  -1  368     -3.144     -0.245    -72.121
 238  197      8.066      8.065    -71.903
 485   75      4.328      8.263    -71.946
 183  312     15.307      4.050    -70.778
 569  243    -12.792     10.344    -64.961
 154  149     -7.098     -7.445    -69.450
 540  193      2.696     -0.213    -61.469
 265  186      3.225     12.313    -65.278
 343  511     10.970     10.297    -73.852
 253  114     -4.227      2.034    -65.451
 219  159     10.665     -1.741    -70.002
 559  289      4.612      9.219    -71.920
  -1  436     -5.011     -2.286    -75.382
 309   -2    -14.891      4.584    -69.229
 672  330     -9.119      9.860    -75.159
  10   -2     12.239     -0.307    -72.655
 615  227     -0.062      6.485    -72.343
 258   -2    -14.736      7.753    -70.445
 185   -2    -13.207      9.810    -76.605
 280  535     16.014      7.517    -68.839
 321  277     -6.786     11.254    -74.858
  -1  358     -7.029     -5.889    -68.513
  -1   -2      6.984      3.748    -53.317
 296   -2    -13.946      5.923    -67.744
 298  339     10.039      3.959    -63.659
 500  253     13.466     10.249    -66.726
  -1   -2     13.559     -1.968    -71.925
 327  477     15.192     -6.817    -68.856
 306  567     15.730      7.925    -65.324
 315  461      6.633      6.854    -64.173
 193  296      1.178      2.122    -74.797
 287  269     12.696      5.839    -74.305
 541  235      5.331      3.631    -64.622
  -1   -2     -8.477     10.289    -78.087
 257  317      0.253     -4.091    -67.395
 695   64      5.625    -10.032    -71.454
  -1   -2      2.260      9.443    -67.426
 461  270     -7.957     -6.541    -64.187
 331  183    -12.993     -3.645    -70.087
  -1   -2     -5.999     -7.171    -75.383
 336  260    -11.517      9.863    -69.867
  -1   -2     -6.946     -9.468    -73.793
  -1   -2      7.448      4.879    -60.072
  -1   -2     10.303      4.466    -75.541
 251   -2     11.761     -9.400    -74.911
 200  394     -8.208     -2.126    -67.761
 733  286      0.721      9.385    -61.792
 332  555      6.069    -12.120    -72.449
  -1  650      4.886    -10.349    -68.946
  -1  718    -12.802     -0.922    -71.410
 283  267     10.502      0.820    -65.705
 295  279     12.809     -6.836    -68.599
 596  520     -9.425    -11.256    -68.013
 261  780     -9.476      9.109    -64.784
 128   -2     -5.963      2.191    -63.514
 326  545      7.708     -7.769    -65.563
  -1   -2      2.788     -9.833    -73.041
 320  332     17.189      9.754    -68.084
 138   -2     -8.274      4.958    -69.766
 307  300     14.678      5.466    -64.676
 144  275     -1.952    -11.290    -64.287
 323  329     -3.372     -7.104    -67.689
 324  492     15.417      4.596    -63.718
  -1   -2      2.999     -1.929    -69.456
  -1   15      9.652     -5.684    -73.462
  -1   -2     -2.745      5.094    -55.290
 493  464    -10.715     -3.527    -75.584
 277  809     -6.689     -5.771    -68.936
  -1   -2     -5.604      9.014    -61.835
 703  544     16.364     -6.729    -72.503
 319   -2     11.525     11.037    -65.964
 356  342     -1.761      8.908    -67.660
  -1   -2    -11.064      6.225    -64.184
  -1   -2     -4.158      4.488    -67.744
 524  810     -6.844     -6.731    -66.696
 352  811    -11.554    -11.459    -74.175
 646  696     15.843     -6.109    -71.744
 699   -2    -14.089     -7.535    -76.086
 627   -2     -0.291     -9.777    -75.796
  -1   -2     12.914     -2.158    -59.111
  -1  499      4.122     12.379    -71.906
 279  306      9.185     -8.347    -68.901
  -1   -2     -9.265    -11.296    -61.613
  -1  484     17.013      2.395    -66.419
 441   -2      6.620     -2.857    -64.922
 401  319     15.466      0.820    -71.072
 312  335     14.832      6.574    -64.179
  -1  355     -8.631      3.759    -67.684
 288  333     -8.589      7.937    -74.425
 293  647     -8.787      6.528    -72.875
  -1   -2      2.732     -3.959    -77.997
  -1  521      9.947     -8.730    -59.300
 519  222     -3.333     -7.959    -64.247
 545  576      4.721    -11.405    -64.749
  -1  550     -3.229      8.532    -65.530
 374  349     15.885    -10.276    -71.319
 361  746    -13.267     -7.828    -65.565
  -1   -2    -10.542     -6.193    -58.569
 347  812      3.385      9.474    -71.857
  -1  292     -3.778     -8.622    -67.650
 734  354     12.861      6.713    -63.695
 591  448      4.743    -12.478    -66.628
  -1   -2      5.201     11.552    -66.603
  -1   -2      7.606     -4.793    -66.932
 487   23     -8.499     -4.515    -72.553
  -1   -2    -13.006      1.861    -68.201
  -1   -2     -7.029      4.141    -61.597
 450  512      0.407    -10.942    -61.005
  -1  572     15.177     11.209    -67.851
  45  768     -1.693      8.584    -70.063
  -1  336     -6.380     -4.115    -75.559
  82    4    -11.183      2.779    -71.683
  74  771      4.680     -3.509    -69.340
 443  290     -3.124     -6.576    -77.525
 100    2      1.082      2.521    -70.844
 384  385      1.674      6.544    -67.608
 114  207     -1.620     10.425    -61.009
 562  331     -9.129      5.444    -73.976
 756  370     -1.305      0.700    -68.884
  42   -2     -0.506      1.532    -65.791
  -1  236      2.750     -6.851    -67.885
 648  141      5.132     -1.386    -73.733
  39  199     -6.886     10.840    -66.358
 634   -2    -13.038    -10.515    -66.458
 395  381     11.597     -5.105    -62.672
 387  390      2.150      5.360    -59.872
  -1   -2    -10.414     -7.552    -58.364
 448  489      7.413      0.733    -61.066
 176  145    -11.117     -6.416    -68.711
  -1  357      0.244      3.633    -74.928
 459  565      2.412    -10.037    -76.614
 410   54     14.001     -9.629    -67.604
  88  467      3.414     -2.698    -75.963
  11  200      1.063      8.070    -72.121
 220  173      2.703      3.349    -73.929
  -1   -2     -3.160     -4.848    -60.222
  -1   -2      6.470      8.016    -59.577
 256  161     10.176     -3.549    -63.458
  -1   -2     -5.374     -7.816    -76.990
 181  409     -8.987      6.228    -70.726
 413  391     -0.490     11.508    -64.297
  -1   -2      3.026      6.321    -65.003
  -1   32     10.901      2.315    -68.833
  -1   -2     -0.871      4.984    -61.992
  -1   -2     -9.548      4.135    -56.393
  -1   -2     -7.407     -1.843    -60.473
 407  360     -2.879     -0.536    -74.891
 420  395     14.185     -9.525    -64.393
  -1   -2     15.143      7.687    -71.585
 426  432      1.123    -12.952    -64.994
 421   34     -7.458     -3.200    -68.540
 373  103     -2.714      2.944    -70.291
 455  387      2.581     -2.408    -62.304
 435  382      1.350     12.288    -63.387
  -1   -2      1.451      2.078    -70.480
  -1  386     -1.804    -12.706    -67.096
 444  257     14.424      0.275    -66.947
  -1   -2     -4.492     10.190    -63.422
  -1   -2    -14.401     -4.443    -67.427
 417  220     -8.436      0.151    -61.310
  38  162     -2.583      2.167    -66.079
 427  224     -3.400     -9.432    -67.561
  -1   -2      2.490      5.278    -70.322
 674  517      8.888     11.198    -71.755
 563  796     -9.604     -8.588    -74.999
 403  364     -3.291      0.213    -66.678
  28  443      7.489     -0.025    -75.514
 111  465      2.799     10.088    -76.680
 468  787     -8.605      4.992    -60.295
  -1   -2      0.168      3.521    -56.449
 465  314     12.781      7.933    -65.748
  -1   -2     -2.641     -7.084    -56.636
 466   -2     12.851    -10.045    -64.494
 161  427    -15.209     -4.694    -71.638
 520  485     -4.450     -5.180    -59.157
  -1   -2     -1.488     12.891    -60.470
  -1   -2     -1.685      1.890    -60.765
  -1   -2     -5.737     -2.934    -75.389
  -1   -2     15.529     10.275    -78.242
 152   -2     -8.906    -11.237    -69.327
  -1   -2     14.415      0.405    -59.466
  -1   -2      3.755     -5.932    -61.593
 477  444     -9.163    -10.406    -60.307
  -1   -2      2.387      8.251    -76.194
 207  777    -13.375      9.307    -70.932
 798  440     -4.435     -2.653    -61.817
  -1   -2     -2.554     -3.944    -62.025
  48   -2      7.047     -6.392    -72.820
 481   -2      0.198    -12.718    -65.601
 180  281     -8.943    -11.994    -64.880
 456  571     -4.763     12.621    -61.499
  -1   -2      2.060     -0.638    -58.890
 471  575     -8.747     10.472    -63.462
 473   76     15.018     -8.363    -72.088
 385  813      2.974      6.213    -72.565
 447  410      5.490     -7.349    -71.382
 404  434     -3.644     10.333    -64.808
  -1   -2     -6.137     12.627    -60.120
 460  433     -6.647    -11.434    -63.380
 214  185     -7.294     -0.860    -66.341
  -1   -2     -8.469    -12.213    -61.760
 633  259     13.657      0.429    -70.608
 521  476     -9.011    -10.288    -62.183
 232  416     15.524     -3.605    -72.356
  -1   -2      4.787     -0.212    -55.381
 463  667     -1.439     -4.441    -76.902
  -1   -2     -7.690     -9.178    -62.922
  -1  455      0.342     -6.807    -61.487
 529  473     15.545     -3.578    -66.637
 492  401      0.670     -6.352    -62.742
 304  480     13.915     -6.186    -66.571
  -1   -2    -13.915      8.186    -76.697
  -1   -2      8.047     13.283    -64.717
  -1   -2     13.923     -9.330    -75.008
  -1   -2     17.803      9.668    -69.820
  -1   -2      8.440     -0.798    -67.286
  -1   -2      8.211      1.101    -52.166
  -1   -2     -5.347     -3.809    -62.818
  -1   -2      3.720      6.267    -59.657
  -1   -2    -13.792      6.199    -70.064
  -1   -2    -12.994    -11.311    -68.657
 551  486     -1.874    -10.855    -63.049
 348  503      4.714      4.640    -59.275
 526  246      5.843     -2.353    -64.984
 301  509      8.232      7.194    -62.680
  -1   -2      8.157      2.470    -73.109
 801  378      7.134      4.549    -67.125
  -1   -2    -11.912     -4.716    -62.057
  -1  126      5.539     -9.047    -71.518
 602  412      8.354      1.361    -66.423
 424  524     16.379     -5.095    -66.330
 528  449     14.171     -2.033    -64.980
  -1   -2      2.856     -7.458    -66.119
  -1   -2      1.502    -12.607    -72.002
 665  445     11.549    -10.917    -65.723
 583  506    -14.753      8.174    -75.961
 414  393     17.794      3.960    -68.529
 255  346      9.942    -10.283    -70.509
 593  523     13.360     -2.810    -63.749
 203  502      0.211     -8.552    -75.759
 231   -2     -2.595     -4.609    -69.220
  -1   -2     -1.262      2.051    -65.873
  -1   -2      6.351      2.610    -78.804
 213   -2     10.181      9.020    -63.996
  -1   -2    -10.395     11.585    -63.416
  -1   -2     -9.188    -11.505    -82.238
  -1   -2     14.508     -6.273    -80.686
  -1  537     -7.909      2.552    -60.366
  -1  129     -5.078     -9.071    -65.433
  -1   -2    -13.352     -7.182    -85.922
 792  501      0.716     13.028    -62.598
 229  273     16.624     10.453    -71.506
  -1  451      9.607      9.982    -63.953
 486  789     13.534     10.161    -70.638
  -1  556     -5.391     -6.852    -57.968
  -1   -2     -4.555      3.245    -60.657
  -1   -2     -6.114     -3.919    -85.398
 506  469    -10.282     -3.105    -60.073
  -1  578     12.703      5.090    -76.281
  -1   -2      3.893      2.262    -68.010
  -1   -2     -5.650    -10.998    -58.939
 254  552    -13.409      1.855    -77.048
  -1   -2     -2.590    -10.084    -78.492
 191  234      8.417    -11.842    -67.843
 237   -2      6.636     -1.210    -65.114
  -1   -2      8.725      7.718    -53.373
  -1   -2     13.502     -2.276    -63.871
  -1   -2     17.717      6.429    -69.888
  -1   -2     -5.617      0.192    -74.523
  -1   -2     -7.842      4.192    -67.538
 192  250      3.819     -1.432    -66.127
  -1   -2    -14.326     -2.667    -65.892
  -1  549      6.710     -7.910    -60.526
  -1   -2    -13.805     12.558    -67.126
  70  244     12.766     12.133    -67.914
  -1   -2      7.664     10.729    -60.210
 227  507     10.880      2.477    -75.890
  -1   -2      0.603     -4.081    -76.169
  -1   -2      5.418     13.088    -63.630
 549   -2     15.730     -9.167    -69.175
  -1   -2     11.327     -3.112    -61.978
  -1  543     14.794    -12.758    -68.700
 278  411      0.167    -11.035    -65.038
  -1   -2     -0.145      9.397    -54.023
  -1  303     11.190      0.068    -62.828
 539   -2      2.251     13.464    -63.050
 274  604     16.162     11.535    -71.525
 393  533     -6.941     -0.734    -64.314
 394  633     11.781      3.667    -63.086
  -1   -2    -11.801     -0.629    -75.660
  -1  553     13.921      3.357    -64.687
  -1   -2     -9.177     -3.609    -53.234
  -1  328      6.550     -8.531    -62.529
  -1  490    -10.059     -7.701    -61.846
  -1   -2     -2.420      9.206    -59.802
  -1   -2     -8.586      4.529    -55.360
  -1   -2     -1.588     -0.483    -62.736
 294  475      7.005      9.471    -74.828
 362  338    -14.063      4.048    -71.150
  -1   -2     12.885     -6.095    -70.561
 515  619      9.476     -3.165    -62.049
  -1   -2      9.109      9.797    -63.452
  -1   -2      1.299    -12.431    -70.244
  -1   -2     -6.614     -7.688    -61.025
  -1   -2    -12.695      4.246    -79.425
  -1  272     12.422      0.348    -76.729
  -1   -2     -6.116      4.117    -76.107
  -1  588     11.996      9.702    -62.100
 222  276     14.682     -4.673    -73.319
  -1   -2     -9.272      9.519    -74.481
  -1   -2    -11.539    -12.174    -63.869
  -1   -2     -8.748    -12.144    -76.635
 266   -2      6.579      5.244    -64.159
  -1   -2     10.443      2.261    -57.582
 516  616     15.152    -10.430    -67.891
  -1   -2      0.763     -3.353    -67.895
 517  500     -1.388     -4.591    -65.122
  -1   -2     -1.323      9.350    -57.419
 338  784      0.406     -2.012    -75.618
 330  305    -14.368     -8.888    -72.219
 613  799     15.612     11.291    -73.486
 594  495      5.621     -3.041    -58.490
  -1   -2    -13.525      0.504    -63.975
 584  665    -14.005      3.565    -65.508
  -1   -2      5.490     -9.271    -55.808
 292  608      9.813     10.893    -71.534
 691   -2     16.343     -1.621    -71.603
  -1   -2     -4.033     -5.145    -71.991
  -1   -2     -2.404      1.812    -59.926
 499  574     17.673     -7.510    -74.859
 697   -2     13.766     -5.330    -65.858
  -1   -2      7.876      3.162    -85.348
  -1   -2      0.599     -7.901    -76.768
 589  669     -6.964     10.031    -60.300
  -1   -2      2.315      1.145    -59.157
  -1   -2     -4.801    -11.373    -60.095
  -1   -2     18.868      4.383    -71.653
 598  298     -4.234     -7.313    -67.255
 595  622     10.960     -7.351    -65.571
  -1   -2     -3.814     -7.926    -76.204
 179  177     -5.800     -9.940    -73.416
  -1   -2     16.500     -8.948    -83.460
 769  803     -7.518     10.447    -67.041
  -1   -2      9.369     -1.594    -68.774
  -1   -2     11.255     -2.412    -78.999
  -1   -2      2.375      9.200    -60.988
  -1   -2      7.761    -13.237    -64.936
  -1   -2     -6.488     -6.815    -77.742
  -1   -2     10.166    -11.084    -62.244
  -1  540     13.011      1.136    -64.629
  -1   -2     11.968     -9.464    -60.220
  -1   -2      8.319      9.041    -62.471
  -1   -2     14.982     10.691    -83.911
 629  610     16.930     -8.943    -66.186
  -1   -2     -0.269      7.158    -73.953
 773  675      0.947      7.017    -69.621
  -1   -2      9.448      0.102    -56.567
  -1   -2    -11.304      5.949    -64.435
 505  791      2.411      1.531    -63.595
 652  800    -11.160     -9.481    -60.323
  -1   -2     10.083     -2.534    -55.291
 554  593    -15.888      5.697    -71.212
 194  623     -0.436     -1.214    -64.129
  -1   -2    -15.010      0.846    -79.287
  -1   -2    -11.676    -12.615    -68.423
  -1   -2     11.715      4.314    -58.320
  -1   -2     -0.621     -7.870    -69.120
  -1   -2     -4.673     -0.932    -69.771
  -1   -2     -3.668     -7.717    -57.959
  -1   -2    -14.047    -10.895    -76.822
  -1   -2      1.331    -12.671    -68.856
 666  557     15.764    -13.124    -68.386
  -1   -2     -3.517     -1.709    -73.929
  -1   -2     11.334     11.229    -62.352
  -1   -2     17.205    -11.586    -77.481
  -1   -2      0.687    -12.603    -69.836
  -1   -2      9.850      4.920    -74.303
  -1   -2     -4.366     -9.975    -80.045
  84  327      8.649     -7.645    -73.928
 621  551     16.020     -8.556    -64.983
  -1   -2     -9.114     -2.477    -58.943
  -1   -2    -10.186      2.323    -77.846
  -1   -2      1.232      9.348    -68.508
 777  603    -14.564     -3.550    -67.143
 603  617    -14.660      2.250    -73.764
  -1   -2     -3.454     -0.605    -77.134
  -1   -2    -10.227     -1.762    -61.499
 342   -2     13.847      1.627    -62.474
  -1   -2      1.208     -4.034    -55.511
  -1   -2     -6.293      6.870    -71.381
  -1   -2    -13.855     11.681    -67.870
  -1  198     -0.271    -12.458    -66.806
  -1   -2      8.668      2.685    -59.482
  -1   -2     -3.869      0.921    -81.795
 282   -2      0.070      7.773    -64.212
  -1   -2     -4.888      5.847    -77.996
 732  802    -12.897     -1.678    -72.935
  -1   -2     -4.691      7.016    -66.794
 244   -2     -8.466      1.177    -61.839
 645   -2     11.318      8.997    -68.885
  -1   -2     -0.121      4.537    -72.517
  -1   -2      8.019     -8.318    -57.712
 446   -2      4.148     -2.223    -63.933
  -1   -2    -13.123      2.010    -78.283
 284  262      1.903     11.991    -74.635
  -1   -2    -10.140     -4.466    -77.099
  -1   -2    -11.511    -12.044    -66.526
  -1   -2     -1.545    -10.622    -66.393
  -1   -2     -3.324     -8.179    -62.101
 683  527      5.115     -1.814    -64.283
  -1   -2     12.535     -3.145    -67.176
  -1  350      3.309     -5.121    -66.876
 365  316     -6.007     12.357    -65.262
  -1   -2     17.421      9.520    -71.289
  -1   -2     12.020     -3.715    -67.386
  -1  541     -3.918      5.584    -72.638
  -1   -2     -5.818      9.260    -70.339
  -1   -2     -0.860      2.180    -58.864
  -1   -2     -2.623      6.641    -65.615
 662   -2      2.176     10.343    -61.500
  -1   -2      2.568     12.453    -72.832
  -1   -2     13.320     -1.224    -63.201
  -1   -2     -0.675    -10.220    -58.779
  -1   -2     -8.512     10.456    -74.033
  -1   -2     -1.791     10.736    -56.479
  -1   -2      1.528     -6.631    -71.108
  -1   -2     -6.661      7.748    -52.045
  -1   -2     11.076      9.739    -52.933
  -1   -2     16.916     -9.923    -63.834
  -1   -2     -0.651      6.395    -72.048
  -1  725    -15.795      1.161    -76.144
  -1   -2     14.577     -6.913    -68.750
 354  736      1.092     -5.138    -66.018
  -1   -2      6.586      4.304    -58.039
  -1   -2     16.576     -3.380    -63.289
  -1   -2    -16.241     -1.059    -72.993
  -1   -2     -1.969     11.067    -54.024
  -1   -2      9.050     -9.396    -61.194
  -1   -2    -13.839    -12.031    -64.661
  -1   -2     -8.159     10.784    -62.271
  -1   -2      9.409     -0.638    -55.214
 349   -2      7.753      2.009    -61.917
  -1   -2     -7.397     -7.486    -66.959
  -1   -2     -1.569      5.929    -63.067
  -1   -2    -10.566      3.595    -66.758
  -1   -2    -10.538    -11.490    -69.905
 360  785     -7.638      7.331    -74.924
  -1   -2    -12.328      1.726    -83.639
  -1  611     -3.169     -2.414    -64.004
  -1   -2     -9.992     -9.488    -64.749
  -1   -2     14.267     -7.371    -66.727
  -1  738      1.229     -6.157    -70.733
  -1   -2      3.876     -5.898    -73.401
  -1   -2    -16.045      7.373    -74.974
  -1   -2      2.339    -11.966    -84.581
  -1   -2    -12.674    -12.232    -78.094
  -1   -2      7.863    -11.873    -65.132
 340  214     -0.629      6.388    -65.617
  -1   -2    -11.235     -0.339    -69.261
  -1   -2     -3.381     -7.616    -77.490
  -1   -2      3.787     11.666    -59.804
  -1   -2     11.317      3.004    -57.818
  -1   -2    -11.322     11.616    -77.050
  -1   -2     15.380    -10.611    -77.371
  -1   -2     11.612     -3.703    -59.942
  -1   -2      9.699      5.216    -63.535
  -1   -2    -15.390     10.830    -73.024
  -1   -2      5.631     -8.714    -55.859
  -1   -2    -14.416     -8.149    -87.454
  -1   -2     10.534      9.504    -56.196
  -1   -2     -1.690    -10.325    -72.744
 580  744     -9.120      0.233    -63.963
  -1   -2      0.264      9.107    -71.871
  -1   -2     -7.110     -8.762    -65.673
 663  801     14.980    -12.699    -65.508
  -1   -2      7.680    -12.729    -74.111
  -1   -2    -12.289     12.550    -62.395
  -1   -2     -7.116     -2.633    -77.932
  -1   -2     -0.155    -11.800    -62.100
  -1   -2    -14.521    -12.176    -73.040
 619   -2     10.625     -5.450    -66.222
  -1   -2     -6.078      9.408    -72.585
  -1   -2     12.495     12.178    -63.944
  -1   -2      5.675    -12.654    -61.640
  -1   -2      5.724     -0.062    -60.481
  -1   -2    -11.125     12.619    -60.262
  -1  708    -11.949     12.414    -71.913
  -1   -2     12.405     -0.116    -60.376
  -1   -2     -5.204      6.323    -64.386
  -1   -2     18.259     -6.828    -68.053
  -1   -2    -11.620     12.745    -66.481
  -1   -2      6.528     12.119    -69.361
  -1   -2     10.076     10.439    -80.164
  -1   -2     -7.460      1.123    -64.034
  -1   -2     -7.963    -11.550    -67.299
  -1   -2      7.025    -11.986    -79.798
  -1   -2    -12.672      5.012    -78.893
 605  587     12.783    -11.160    -64.107
  -1   -2     -7.164      9.125    -59.591
  -1   -2     -4.526      8.274    -63.822
  -1   -2     -5.146      0.846    -61.819
  22  363      1.770     10.496    -70.034
  87  772     -2.900     -1.912    -69.230
 158  326     15.682      5.395    -72.023
 536  792     -7.095      0.615    -71.736
 189   -2     -9.867     -7.660    -61.509
 160   -2      8.259      6.504    -71.360
 123  775    -14.476      8.037    -71.861
 268  814    -10.846    -10.495    -72.453
 318  341      8.363      5.143    -65.897
 271  428      1.003     -2.100    -75.745
 300   -2      7.964      8.398    -66.523
 325  673      6.187     -7.571    -66.610
 353   -2      0.162     12.794    -65.371
 767  325     -6.935      9.537    -68.443
 609  798      7.273     -2.746    -75.203
 364  786     -6.164      8.807    -68.433
  -1   -2     11.958      5.756    -62.518
 700  689     -9.736      8.835    -67.383
 781  580    -14.405     -4.668    -66.875
 437   -2     -9.241     -9.586    -60.658
 388   -2     -4.893     11.128    -74.181
 780   -2    -10.161     -5.451    -65.012
 778  804     11.792    -12.480    -67.356
 552   -2     16.372    -10.041    -67.178
 622   -2     -1.527     10.686    -55.859
 762   -2     11.181    -12.920    -70.868
 553  795      8.127     -8.079    -62.256
 322  783     15.437     12.252    -71.026
 503  790    -15.387     -4.837    -72.280
 249   -2     -7.337     -0.899    -67.950
 335   -2     15.634      8.680    -65.462
 590   -2      7.140     -3.731    -71.713
 690   -2     15.512      2.642    -62.169
 765   -2      5.762     10.345    -73.957
 782   -2      8.658      8.965    -75.594
 790  805     18.312     -4.912    -67.925
 793   -2     -9.577     -7.241    -74.255
 795  806     15.124     -3.512    -74.706
  40   -2     -3.756    -10.020    -72.368
 148   -2    -13.928      8.311    -76.683
 174   -2    -13.090      6.387    -66.672
 223  195    -13.754      3.976    -65.993
 351  815     -1.280      6.455    -67.974
 470  418     -3.018    -11.045    -63.624
 573  564      6.312     10.649    -71.748
 582  816    -15.237     -9.803    -71.991
 597   -2     -3.258     12.432    -64.999
 636   -2     14.730    -12.248    -73.377
 707   -2     -0.730      1.923    -65.750
 771  817      3.616      7.424    -65.337
 779  463     -0.938     -1.419    -60.801
 796  452    -13.352    -11.356    -69.200
 802   -2    -15.985      7.287    -74.782
 805   -2     15.867     -0.395    -76.100
