798
  40    6      1.697      3.293    -69.148
 354  376      4.157      6.113    -70.491
  21   70      5.289      3.670    -69.122
  20  373      4.322     -0.815    -70.477
 150  381      7.468      7.893    -72.166
   0    0      1.836      1.095    -71.817
 373  392     -2.100      5.904    -68.907
  11   27      4.085      1.931    -68.627
  26   19      4.865      6.623    -74.559
   2   12     -2.372      4.434    -70.468
   6   30     -0.905     -2.618    -72.565
  65   17      2.672     -8.967    -63.935
  25    9      1.154      6.439    -67.407
 127   47     -5.195      8.098    -70.020
  16   24     -1.013     -9.896    -70.924
  29   33      9.501      6.919    -70.629
  24   22      2.614      4.365    -66.970
  18   20      2.058      7.559    -68.152
  -1   31      6.643      5.302    -73.439
  15  107      6.241     -0.777    -68.332
   8   40     -2.129      8.994    -67.978
  56   54      4.001      8.300    -67.613
 359  371      7.425      2.971    -67.397
 371   16      4.074      7.150    -68.138
  34   10    -10.042      1.762    -70.708
  52   38      2.002      5.471    -68.502
  30   53     -7.609     -4.990    -71.705
  22   37      5.415    -10.860    -73.446
  -1  379     -5.011      4.317    -69.206
  36  209     -2.205    -10.753    -70.042
  38  791     10.149      1.955    -67.292
  77   57      0.174     -2.710    -68.739
  98   43     -6.357     -3.835    -73.157
  -1   15    -11.236      3.325    -71.300
 367   21     -0.043      3.045    -67.407
  45  157     -0.028      9.549    -72.780
 561  609      2.119      0.973    -67.836
 190   11      7.252      0.677    -71.625
  42  555     -7.727     -1.449    -70.000
  60  295     -7.903     13.066    -64.087
  -1   32      7.478      9.092    -70.013
  17   25      5.826      4.863    -67.170
  -1   -2      0.165     -6.829    -61.603
  -1   -2    -13.527      1.446    -72.789
 124   95     -3.920     -2.794    -70.311
  -1  326     -1.871     -7.470    -72.576
 351    5     -2.225      8.189    -70.442
  59    4     -7.638      4.829    -65.782
  -1  124      0.535      8.385    -76.065
  28  790      1.700     -5.222    -66.432
 774   81      3.886      6.645    -67.473
  76  685     -0.099      6.781    -72.574
  35  236      1.504      5.842    -68.656
 453  130     -1.584     -2.016    -67.616
  49   58     -7.195      2.505    -66.389
 421  499     -8.431      9.732    -71.326
 420   99     -6.852     -9.931    -68.832
 136   44     -0.568      0.446    -67.593
  58   56     -4.276     -7.041    -68.696
  -1   -2     -1.669      2.709    -68.756
 174   49     10.593     -0.750    -65.821
 123   67      2.033      3.203    -64.849
  -1   -2     10.169      0.478    -67.207
  -1  117     -5.492     -5.869    -69.491
 382   -2      0.024    -11.008    -66.494
  10  232     -7.642     -3.672    -74.838
 180  247      8.928      8.051    -70.193
 482   45      4.065      8.520    -69.993
 139  177     12.858     -1.354    -71.376
 358   -2      2.049     -6.088    -67.231
  83   59      0.504     11.450    -71.534
 134  170      1.670      8.913    -69.746
  72   -2     -8.398      4.614    -67.204
  68  464     -9.474      7.359    -77.887
 364  248     -3.107     -3.349    -71.626
 108  197     -0.210      2.810    -72.216
  81  398      4.284     -2.874    -62.357
 151   39      9.835      8.980    -68.421
  94   74      3.037     -4.571    -72.945
 183   52     12.412      7.777    -70.201
  53   72      6.944     -8.286    -70.752
 488   18     -2.294      5.007    -67.612
 133  152     14.067      5.146    -69.542
 135   60     14.422      9.364    -71.022
  87  440      0.663     -3.071    -71.863
 210  543      0.884      6.416    -69.401
 122  430     -3.753      0.458    -66.504
   3  415     -8.928      7.024    -71.790
  85  129      7.853     -1.159    -65.424
  97  257     17.529      5.805    -69.838
 104   80     10.443      9.449    -68.927
  91   82     -9.887     11.248    -72.642
 266   -2     -8.785     11.688    -73.824
 144  123      3.967      9.011    -62.780
  69  469     -9.163      8.941    -66.578
 483   89      7.634    -12.962    -69.467
  95   42    -11.515      2.473    -69.373
  92   78      2.413     -2.982    -63.515
 589  164     -5.257      1.476    -66.169
  31    1     13.349      0.096    -70.986
  -1  154     -9.326      4.678    -63.279
   1  228      1.578      5.887    -73.849
  64  122      1.636      6.558    -67.425
 179  159     11.840      3.361    -69.586
 131  155      2.006     -6.118    -69.786
 418  121     -4.649      0.535    -63.365
 105  449      9.932     -3.830    -69.944
 117  120    -11.620      8.142    -66.723
 114  105     -6.247     -6.569    -61.804
 100  210      7.971     -2.856    -68.901
  80  313     11.247    -11.908    -71.923
  67  141      2.675      3.741    -65.469
 163  112     -8.428      6.413    -67.460
 116  148     14.744    -12.947    -71.026
 121  795     -7.305    -10.713    -69.519
  -1  145     11.793      9.986    -65.594
 119  100     -9.988     -4.684    -64.040
 519  329     -2.214     -8.684    -68.054
 107  128    -11.845     10.050    -63.702
  -1  150     10.453     -5.857    -68.510
  -1   -2     -1.674     -4.357    -61.044
 799  291      5.107      1.538    -72.221
 140  369     -4.795     -4.373    -62.884
  -1   -2    -14.315     -0.476    -74.709
 125  184     -3.325    -10.567    -67.765
   7  231     -1.871     11.015    -71.739
 257   86    -13.017     10.394    -71.244
  -1  251     16.285     -4.404    -71.060
 390  485      5.394      7.621    -62.589
  57  139      3.745      0.049    -72.087
 237   75     -0.666     -4.617    -68.400
 159  101     13.672      3.552    -69.317
 229  202      4.085     -9.133    -63.499
  -1  166      7.425      9.275    -62.537
 228  165     -5.804    -12.035    -69.781
  -1  550      2.730     -9.481    -66.141
  89  576     14.736      6.901    -67.882
 205  585     -8.983      8.492    -63.836
 412  437      3.833    -10.273    -72.462
 141  263    -11.366      6.859    -69.528
  99  172    -12.767      2.144    -69.354
  -1  416     -8.238      5.373    -69.140
  73  551     -2.116     -2.312    -71.920
 157   77     -5.387      1.444    -62.715
  -1   -2     -2.476     -7.623    -67.106
 258  233    -11.259      3.547    -76.196
  -1  144      0.742      2.704    -62.180
 209   -2    -11.884      1.458    -65.754
  -1  203     -6.474      4.193    -65.624
  -1   -2     -0.523     11.227    -62.776
  -1  281     12.370     -0.256    -72.716
  86  792     -2.421     -7.386    -65.322
 300  205     -1.917     -9.570    -67.589
 212  183      4.271      0.796    -64.719
 302  118     11.841     11.738    -73.329
  -1  219      2.447      7.429    -76.751
  -1   -2     -2.234     -5.425    -67.745
 234  200     16.466      1.863    -67.859
 220  581     16.970      1.163    -68.442
  50   62     -6.716      4.292    -65.943
 193  798     14.429     -8.421    -69.768
 218  175      5.936      5.789    -63.172
  51  193     12.016      9.478    -70.142
 187   61     -8.848      4.706    -68.915
  -1  492    -13.673      9.540    -73.254
 290  230     10.944      3.673    -66.329
  84  380      3.771     -5.238    -72.229
 466   -2     -5.567     10.116    -64.548
 221  260     -5.214     -7.117    -70.641
 411  807      6.275     12.889    -64.567
 152   93     -0.010     -5.699    -68.430
 233   63     -0.664    -11.295    -69.090
 196  250     -6.891     -1.159    -63.722
 353  420      5.818     -9.514    -70.926
 175  156      4.412      4.755    -64.532
  -1  147    -10.889     -2.979    -63.498
 168  204     -7.316     -2.667    -61.025
 199  799      7.760      1.973    -61.227
 492   50     -2.096     -0.969    -71.536
  -1   -2     -6.962    -10.301    -61.773
  -1   -2      5.379     -5.168    -68.929
  23   29      5.994     -2.196    -69.146
 439  443     -2.858    -10.032    -62.604
  55   -2     10.601     -0.732    -74.572
 315  110      2.780    -10.728    -71.420
 181  270      7.784      7.392    -65.250
 194   68    -10.843      9.503    -67.930
 274  277     11.393     -5.479    -67.334
 782   -2    -11.252     -9.077    -65.443
  -1  503     -4.358      9.635    -65.531
 536  142    -12.881     -3.550    -67.823
 173  176     -8.904     -9.638    -66.193
 129  796     -7.684     -9.304    -73.382
 113  137     13.663      6.704    -68.477
  -1  223      9.317      7.191    -62.609
 166  272      2.804      8.782    -65.504
  -1   -2      8.313      2.460    -61.961
  -1   -2      6.088     -7.942    -60.776
  70  391      1.643     -1.390    -66.811
 206  222      6.717      7.347    -64.028
 240  115    -13.385     -4.438    -74.060
 225   71      6.936      1.914    -67.375
 182  269      4.218      2.230    -64.966
 285  136    -11.998     11.245    -67.583
  37  453     -0.518     10.940    -70.857
 200  800      1.691     -8.229    -68.506
 797   -2    -13.244      2.019    -68.152
 455  194      9.747      9.634    -70.984
 260  404     -6.163     12.289    -65.218
 253  167     -2.912     -7.603    -65.868
 269   28      8.956      2.538    -70.058
  63  186      4.629      7.378    -64.569
 323  315      1.297      6.579    -73.525
 666  163     14.884      2.659    -70.312
 202  527    -13.134      5.038    -74.400
  -1  473     14.260      6.842    -72.756
 184  171      5.518     -7.846    -68.041
 463  403     13.076     -3.858    -72.776
 138  242      2.678    -12.999    -66.857
  -1  566      2.282     -3.703    -72.344
  88   88      4.234      5.345    -68.389
 176  218     12.428      3.197    -67.980
 118  794     -1.072     -7.740    -73.241
 462   -2     -4.511     -9.370    -67.180
 280   -2     -8.832     -9.164    -72.565
  96   -2     -0.123      8.106    -69.359
  -1   -2     16.114      3.784    -71.650
 145  534     -2.289     -1.898    -68.230
 310  530      8.018    -11.134    -72.295
  -1   -2      6.855     -3.970    -67.261
 273  255     -9.090     11.049    -68.961
 203  256      7.055     -4.313    -68.866
 231  161      5.730     -7.075    -69.186
 201  168     -8.961      3.182    -62.281
  -1   -2    -12.684    -11.856    -65.378
 792   55      2.248     -3.994    -71.709
  41  491      3.742     -6.993    -63.783
  -1   -2     -8.022     -5.716    -69.094
 263  240     14.510      0.489    -69.216
 143  439     -2.804     12.197    -66.379
  -1   -2     -3.058     -2.212    -61.113
 197  207    -14.358     -8.834    -75.429
 227  312     -7.686     -2.690    -65.492
 251  253     15.743      2.924    -66.588
 222  293      4.413     -4.433    -64.316
 284   -2     -2.768      0.252    -75.056
 579  299     14.412     -7.438    -69.702
 270  546    -13.455      2.663    -77.691
 288  271     15.453      6.245    -69.896
  -1   -2     -8.200     -2.936    -75.368
  -1   -2      6.610      1.985    -80.064
   9  788      0.113     -5.988    -72.195
 195  185    -13.648      8.235    -67.533
 156  180      5.333      7.836    -65.491
 384  111     -1.322    -10.480    -70.932
 641  814     13.639     -2.403    -71.678
 246   -2    -14.088      7.266    -70.156
 239  452      3.088     -3.429    -67.834
 247  610    -11.079      0.571    -72.860
 102  400      2.876     -2.683    -69.717
  -1   34      0.379     12.422    -67.980
 283   26    -13.670     -7.281    -74.838
  -1  259     10.132      7.171    -63.457
  66  475     -8.998      5.407    -73.875
  78  143      3.690     11.346    -67.118
 487  182    -14.151    -11.288    -68.057
  -1   -2     12.115      6.134    -62.408
  -1  220      1.564      5.343    -75.343
 807  290     -3.376      2.586    -75.527
 259  450     14.957     11.270    -67.191
 254  639     -4.782      3.298    -67.986
 137  216     -6.288    -10.301    -68.603
 241  151     12.867    -12.284    -72.594
  -1   -2     -2.428     -9.444    -67.366
 207  568    -11.342      2.458    -61.822
 275  249     15.791      2.974    -69.410
 160   -2      6.150      2.247    -73.376
 328  803     -9.163     -7.708    -69.488
 318  289     12.168     -7.166    -70.889
 208   51     -5.418     11.701    -72.940
  -1   -2     -5.809      4.304    -59.841
  -1   -2    -12.518     -0.264    -74.913
 232  191     13.425     -0.830    -71.753
  47    2     10.702      2.193    -70.909
  -1   -2    -12.437     -1.167    -62.238
  48  345     -2.225      5.452    -73.739
  -1   -2    -12.003     -0.471    -71.245
 299  597    -12.093      8.875    -71.346
  -1  343     -7.978      2.937    -66.943
 604  318    -10.280     -4.731    -71.220
  -1   -2     -5.790     -0.180    -74.962
 301  268     -5.649     -7.805    -75.143
 485  578     -3.999     11.641    -62.961
  -1  294     12.656     -2.043    -66.264
  -1   -2      1.947     13.260    -64.764
  -1   -2      3.867      4.660    -62.776
 578   -2     12.444     -3.279    -72.552
 249  348    -12.756      1.576    -76.404
  -1   -2     11.336     11.769    -60.901
  -1   -2     11.741    -10.588    -75.339
 509   -2      5.459    -12.064    -75.914
 316  244    -10.112     12.101    -64.553
  -1  532    -12.223      4.946    -76.681
  -1  275      6.408      3.652    -69.988
 307  252      5.370     10.967    -65.353
 215  292     -2.777     11.461    -63.974
  -1  311      1.807    -10.280    -66.288
 320  264      1.751      8.535    -74.738
 265  334      7.020      4.931    -62.936
 293  513     12.921     -9.915    -70.624
   4  618     -2.862     -4.870    -70.704
 661  254     -0.974     10.152    -70.191
  43  425     -8.697     -0.422    -75.047
 332  680      5.978     -3.703    -70.304
 276  820     -1.864     12.118    -72.892
  -1   -2    -10.732      5.513    -65.023
  -1   -2      2.587     -5.893    -66.392
 319  327      7.812    -12.494    -69.776
  -1   -2    -10.592    -11.167    -72.339
  -1  325     -0.716     -8.407    -74.454
  -1   -2     13.281     11.670    -73.617
  -1   -2     -4.667     -9.919    -63.612
 515  704     -1.059    -10.729    -68.639
  -1   -2     -4.276     12.182    -73.137
 292  212      5.600      6.673    -72.953
 352  804     16.258      1.348    -72.533
 172   87     -5.411      8.483    -72.363
 658  498    -14.354     -0.225    -76.027
 162   -2    -10.029      2.990    -67.163
  -1   -2     -0.783     -3.189    -63.483
 338  321      8.631    -12.592    -69.774
  -1   -2     -5.205      7.069    -71.054
 593  261     10.365    -10.962    -72.273
 700  279      4.324     10.805    -65.324
 786  357     12.564      1.474    -62.689
 296   -2      4.551     12.772    -66.452
  -1  349     -3.102      9.010    -61.334
 746  817     -8.818      4.740    -62.067
 558  113      5.527      4.757    -68.566
  -1  351    -10.451     -3.073    -63.448
  -1   -2    -13.614      8.429    -78.579
  -1   -2     12.954     -0.194    -61.067
  -1  654     12.492      4.087    -61.134
  -1   -2     15.517     -7.018    -68.021
  -1  727     -1.900     10.700    -62.590
  -1   -2      1.247      4.861    -67.622
  -1   -2     -2.075      8.728    -63.997
  -1  454     15.958      7.169    -69.807
 103   23      2.686      4.290    -70.926
  -1   -2      2.307     -9.743    -60.033
 355   90     -6.258      3.716    -74.470
  -1   -2     -5.313      1.985    -76.669
 357  426      5.613      2.589    -73.846
 781  104      4.271      7.959    -74.170
  -1  467     -5.282    -11.089    -69.064
  71  211      3.025     10.208    -71.644
  13  789     -7.099      2.364    -70.757
 379   41     -0.503    -10.048    -70.763
  -1    3     15.143      4.623    -72.312
 375   96     -0.827      4.591    -69.932
  -1   14     -4.331     -5.653    -74.871
  19  102     -8.898     11.563    -66.756
 213  375     -5.757     -1.173    -71.146
  32   36      5.083     11.338    -68.564
 417  280      9.784     -6.338    -71.178
 361  466      4.531      7.063    -72.860
 369   -2     -1.103     -0.057    -72.010
 449  162     -9.284     -6.208    -64.578
  79  187     -6.790      8.541    -74.861
 769  370     -2.702      1.517    -73.219
  -1  245     -7.773     -5.293    -74.172
  33  284      6.341      4.925    -71.812
  -1   -2     13.802     -5.821    -72.084
  -1   -2    -15.845     -2.529    -71.968
 158  797      1.509     -0.916    -62.101
 387  135      3.312     -3.899    -77.348
  -1   -2     -7.968      4.806    -72.144
  -1  382      2.964     -6.904    -66.078
 413  431      0.938      0.592    -61.295
 101  386     -2.021      5.934    -63.148
 282  429      0.260      5.246    -64.511
  -1   -2     -8.003     -0.303    -64.140
 366   -2     11.708     -7.293    -65.599
 142  399     -1.640      6.900    -63.584
  61  411    -11.153     -1.126    -66.543
  -1   -2      9.340     -4.146    -62.551
 360  408     -5.196      2.671    -74.314
  -1  461     -2.587      5.976    -57.424
  -1  511     -5.991      7.942    -71.615
  -1  387     -2.852      1.535    -64.223
  -1   -2    -10.026     -8.376    -67.303
  -1   73      4.460      8.824    -75.997
 493   48      5.009    -12.984    -66.731
  -1   13      0.549     -5.375    -73.989
 512  383      7.418     -5.907    -74.408
  -1   -2      1.000    -11.943    -63.733
  -1   -2     -9.163    -11.681    -69.410
  -1   -2     -6.312     -3.613    -63.579
  -1  146    -13.759     -8.584    -66.320
 400  395     16.542    -10.505    -69.060
  -1   -2    -12.963     -5.876    -77.388
  -1   -2     -6.522     -9.424    -61.146
 385  189      5.556     -9.114    -75.019
  -1   -2     -8.376     -9.890    -62.758
 442  423      5.722     12.283    -63.473
  -1   -2     -5.123     -2.247    -72.096
 398  226    -10.123     11.008    -70.109
 146  173      2.109      0.028    -64.010
 376   92     -3.850     -8.498    -69.366
 448  472     12.679     -4.459    -64.931
   5   64     -0.275     -0.137    -69.082
 370    7      7.107      3.518    -69.639
 262  402      5.060      9.871    -65.858
  74  572      1.627     12.618    -64.064
 408  479      3.716     -8.368    -75.050
 471  482      4.832     -6.953    -63.836
 256   -2     17.476      7.536    -69.153
 403   -2      0.563      2.610    -63.295
  -1   -2     -5.427      0.743    -63.312
  -1   -2    -12.893     -5.953    -63.511
  -1  487      0.008      7.659    -60.583
  -1   -2     -3.750    -12.854    -68.830
  -1  109     10.207     12.432    -69.956
 460  366     13.007      9.834    -63.942
  -1   -2      9.323     12.142    -65.046
  -1   -2      9.064     -4.926    -63.321
  -1   -2     -0.928     -3.026    -60.778
 428  496      8.715     -0.995    -63.340
  -1   -2     11.855     11.414    -61.788
 409  149    -11.253      9.346    -72.916
 573  422     -6.534     -3.492    -60.120
 495   -2    -13.020     -8.223    -67.146
 378   -2     -0.443     -2.717    -63.632
  -1    8     -2.779    -11.141    -71.265
  -1   91     -5.169     -0.237    -73.178
 608  414      6.775    -11.392    -71.957
 147   83      4.070     -6.563    -69.174
 543  821    -16.388      1.593    -73.812
 111   -2     -2.987      3.353    -60.871
  -1   -2      9.597     11.703    -61.757
  -1   -2     -5.873    -12.154    -65.714
 192   -2      0.962     10.001    -66.466
 470  533      8.709     -8.342    -67.188
 393  806      8.019     11.417    -67.721
 261  302     13.184     11.733    -70.603
  -1   -2     -6.951     -6.235    -56.320
 429  114     -9.976      4.329    -62.503
  -1   -2      1.512     -6.677    -63.084
  -1   35     11.208     -2.743    -72.557
 728  545     -6.509    -10.732    -75.398
  -1   -2      2.695     -0.809    -59.510
  -1   -2      0.454     -5.272    -60.409
 368   -2     -9.129     -6.555    -62.064
 452  438      8.017    -10.625    -62.909
  -1  421     -5.839      2.974    -60.644
  -1   -2     -1.845     -9.021    -56.142
 392  805      2.141     -6.003    -75.636
  -1   -2      7.331     -9.403    -74.139
 424  808      6.440     -6.962    -75.982
  -1   -2     -8.685      6.187    -61.748
  -1   -2     11.015     -6.029    -73.921
  -1   -2     -3.208     -4.151    -60.104
  -1   -2      7.914     -4.655    -73.503
 386   -2     -2.894      2.134    -60.160
  27   -2     -5.730      8.481    -68.726
  -1   -2      6.495     11.728    -62.016
  -1   -2     -0.744     12.020    -73.944
  -1   -2    -13.279      3.170    -63.684
  -1  564     -5.586     -6.755    -66.621
  -1   -2    -15.403     -3.839    -73.102
  -1   -2     -0.659      4.481    -61.614
  -1   -2     11.309    -10.683    -65.382
 380   69      5.286     -0.468    -68.004
  -1   -2     -5.663     -9.159    -54.915
 539  603     13.044     -2.902    -63.564
 235  801     -8.485    -11.776    -74.973
  -1   -2    -12.119      5.144    -73.461
  -1   -2     13.369      9.751    -63.841
 106   -2      2.502     -5.974    -58.034
  -1   -2     17.605     -2.233    -70.514
 149   -2     -8.800     -3.404    -62.478
  -1  412      3.405    -10.582    -77.316
 169  119    -10.653     -5.893    -67.453
 451  509     10.062      8.701    -60.407
 811  661     -5.456      4.460    -74.834
 435  548     16.778     -4.635    -65.219
 226  214    -11.619     11.252    -65.527
 570   -2     14.817    -12.493    -68.085
 537  559     12.118     -5.674    -59.354
  -1   -2     -6.385     -8.569    -67.436
  -1   -2     14.732     -8.184    -64.544
  -1   -2     -8.419      4.300    -72.532
 171  446     -3.128      0.822    -66.180
  -1   -2     -8.849     -7.708    -61.555
  -1  190     -5.330      0.369    -62.989
 165   -2      0.086     -4.323    -63.616
  -1   -2    -12.034     -8.868    -70.884
  -1   -2     -7.455    -11.427    -75.610
  -1   -2     -1.684     -7.975    -52.265
 219  178    -13.216      7.525    -75.155
  -1   -2     -3.955     -2.262    -76.977
 447  169      7.435     -9.275    -61.412
 287  622     14.014      9.124    -66.157
  93  793      9.589      9.746    -74.763
 230  198    -11.222     -6.451    -72.820
  -1   -2     10.296     10.880    -58.344
  -1   -2      8.388     -7.707    -76.121
 649  675      5.649     -6.250    -72.754
  -1   -2     -7.475    -12.573    -64.006
  -1   -2     -3.419     -6.476    -69.732
 345  709     -9.933    -10.542    -64.436
  -1   -2      7.876    -11.637    -59.967
  -1   -2     -0.307     -2.678    -65.306
  44   98     14.139     -3.753    -69.368
 612  626     10.575    -13.127    -64.853
  -1   -2      3.800     -9.707    -59.791
 297  314      0.801      6.056    -67.341
  -1  515     10.008     -4.162    -68.399
  -1   -2    -12.632     12.437    -72.629
  -1   -2     -0.108      2.341    -60.012
  -1   -2      0.231     -9.827    -57.561
  -1   -2     -1.763     -7.052    -58.294
 325  340    -13.264     -0.230    -67.907
  -1   -2     -1.442      3.287    -60.176
 277   -2    -14.658     -8.815    -70.837
  -1   -2     18.048     -1.621    -69.595
  -1   -2      4.243      3.295    -52.634
 326   -2     10.686      4.430    -74.137
 469  201      4.615    -10.042    -65.947
  -1   -2     18.236     -3.071    -69.506
  -1   -2    -13.805     -7.382    -69.461
  -1   -2     -5.312      2.162    -57.385
  -1  635     -4.984     -9.406    -68.185
  75   -2     -6.909     10.691    -74.251
  -1   -2     12.724     -0.852    -59.183
  -1  477      1.461     -0.112    -60.304
  -1   -2      1.986     -2.963    -74.349
 557  339      5.350     -7.822    -69.683
  -1   -2      5.613     -7.757    -61.361
  -1   -2    -13.455      6.933    -66.525
  -1   -2     14.250     -4.527    -63.466
  -1   -2     -2.779      2.315    -70.734
 154  521     -2.367     -1.203    -59.761
  -1   -2      0.558     -5.700    -57.991
  -1  309      8.408      3.649    -61.651
  -1   -2      2.574     -6.136    -60.579
  -1   -2     -4.794     11.593    -64.265
  -1   -2     -3.759     -8.673    -60.356
  -1   -2     14.774      5.239    -80.267
 333  288     14.389      7.342    -67.785
  -1   -2     -7.888      1.379    -80.767
 691  697     12.456     -5.141    -64.506
  -1  560      7.320     11.254    -66.386
  -1   -2     12.715    -13.207    -62.246
 267  617    -15.334      3.598    -75.397
  -1   -2     10.918     -9.287    -63.265
 441  278     10.535      3.450    -72.640
 242   -2      4.355      0.525    -61.918
 501  575      4.248      6.117    -61.556
  -1   -2     11.376     -8.775    -60.189
  -1  474     12.892    -12.045    -69.870
 321  234      0.909     10.052    -73.966
 186  554    -12.443     -3.732    -72.912
  -1   -2    -11.881    -11.455    -64.612
  -1   -2      5.752     10.671    -57.056
 507  360     -6.610     -0.937    -72.641
 596  696     16.474     -4.865    -64.370
 244  522     16.157     -7.557    -67.833
  -1   -2     17.995     -3.376    -73.364
 629   -2     17.942     -9.928    -70.183
 569  355     15.253    -11.441    -65.145
 742  816     10.945     -4.904    -72.881
  -1   -2      4.458     -4.250    -60.861
  -1  352      6.974     10.712    -69.735
 268  567      7.865    -10.473    -69.688
 615   -2     11.031    -13.260    -69.387
  -1   -2      7.877      8.732    -55.140
 331   -2      9.934     -1.047    -67.048
  -1   -2     -0.749    -11.020    -76.165
  -1   -2    -12.231    -10.746    -62.433
  -1   -2      5.753     -9.021    -56.338
  -1   -2      2.116     -0.940    -74.942
  -1   -2     -4.403    -11.817    -65.562
  -1   -2      7.324     12.488    -64.995
 619  813      1.670     -4.140    -59.323
  -1   -2     -6.064     13.397    -64.236
  -1   -2      0.836     11.631    -73.159
  -1   -2     -8.049      0.676    -58.686
  -1   -2     -4.056     -8.468    -73.199
 635  719     -7.713     11.075    -64.381
  -1   -2      0.827      0.517    -74.736
 490  595     -5.142     -1.227    -73.487
  -1   -2     16.042     12.541    -67.725
 549   -2     -6.363    -11.574    -71.984
 556  317     13.652      9.222    -68.251
  -1   -2    -13.192    -10.529    -76.571
  -1   -2    -15.373    -11.770    -68.925
  -1   -2     -4.417    -11.287    -74.874
  -1   -2    -15.008     10.070    -69.139
 432  623     -9.392     11.040    -60.304
 401  208     14.283     -2.263    -71.878
  -1   -2    -12.818      7.038    -67.776
  -1  282     13.489      3.534    -64.640
 153  721     -9.354      4.778    -77.152
  -1   -2     -6.461      2.628    -56.655
  -1   -2      9.274      1.336    -78.909
  -1   -2     -7.404     -3.963    -57.326
  -1   -2     12.041      0.273    -58.325
  -1   -2     17.478     -6.448    -71.824
 303  822      9.631     -1.301    -66.928
  -1   -2    -13.797      7.470    -72.589
  -1   -2     12.757     -9.254    -60.681
  -1   -2      6.142      2.701    -76.979
  -1   -2     14.864     -4.758    -66.893
  -1   -2     -9.745     10.481    -79.506
  -1   -2     12.839     -2.758    -69.207
  -1   -2     16.902     -7.080    -70.069
 565  237     11.976     -6.023    -66.892
  -1   -2     12.962     -7.510    -70.525
 575  612    -11.977      2.156    -63.134
 705  662     10.506     -3.872    -61.746
  -1   -2     -8.843    -10.125    -65.205
  -1   -2     -1.409      9.197    -69.129
 531   -2     14.182      0.114    -64.338
  -1   -2     -5.532      4.447    -64.380
  -1  488    -11.019      6.846    -70.417
 374  768      1.422     11.752    -75.545
  -1   -2      8.738     -5.593    -58.044
  -1   -2     11.604     -9.580    -62.772
 313   -2     -4.611      9.961    -68.039
  -1   -2     -4.290      7.651    -55.010
  -1   -2     11.284     -8.261    -74.725
  -1   -2      5.530     -6.581    -78.392
  -1   -2     15.050     12.708    -61.830
  -1   -2      6.545      2.780    -79.762
 314  319      4.294     -1.147    -66.042
  -1   -2     12.262     -6.112    -54.482
 305   -2     13.074      8.597    -65.238
  -1   -2      9.888      4.879    -57.184
  -1  436     -8.679     -7.029    -70.674
  -1   -2      9.891      1.721    -66.263
  -1   -2     14.773      5.466    -73.248
  -1   -2    -14.166      5.034    -68.598
  -1   -2      7.747     11.675    -72.882
  -1  731     -7.424     13.034    -64.627
 281  802     12.721     -5.589    -76.352
  -1   -2    -10.544      9.603    -57.123
  -1   -2    -10.233     11.352    -76.523
  -1   -2     -4.988      8.161    -63.324
  -1   -2     -9.420     -7.236    -75.897
  -1   -2     -9.022     10.965    -73.215
  -1  657      5.386     -2.591    -61.520
  -1   -2      8.592      9.630    -59.555
  -1   -2    -14.849     -2.999    -84.447
  -1   -2     14.272     12.038    -67.534
  -1   -2      6.561     -3.775    -65.278
  -1   -2     15.638     -6.956    -65.217
  -1   -2    -12.467     -0.429    -69.905
  -1   -2    -10.918      4.886    -59.783
  -1   -2      5.193      6.907    -71.761
  -1   -2     12.112    -10.118    -59.386
  -1   -2     -5.505    -12.327    -71.517
  -1   -2    -12.623      2.570    -64.662
 726  815     -8.327     -3.902    -70.978
  -1   -2      4.796     -6.142    -62.146
  -1   -2      4.795      6.791    -76.293
 341   -2      1.459     -1.537    -73.019
  -1   -2    -14.665     11.481    -77.476
  -1   -2      0.870     11.046    -64.598
  -1   -2    -11.863      1.571    -86.742
  -1   -2     10.185     -5.073    -63.130
  -1   -2     -3.160      9.184    -63.576
  -1   -2      8.814     11.222    -62.223
  -1   -2     12.787      2.010    -74.326
  -1  648    -15.352     -7.773    -67.775
  -1   -2     -4.209      6.329    -66.254
  -1   -2     14.809     11.847    -67.528
  -1   -2    -15.332      9.385    -71.370
  -1   -2     -7.296    -11.738    -73.929
  -1  752     -5.870     10.466    -63.239
 255  276      5.151      4.647    -67.204
  -1   -2     -8.745      6.694    -67.897
  -1   -2     15.250    -10.625    -66.020
  -1   -2    -11.147      8.645    -62.217
  -1  337     15.936      3.635    -67.327
  -1   -2      3.648      0.551    -56.143
  -1   -2      8.646      9.279    -60.988
  -1   -2      6.839     -6.455    -53.640
  -1   -2     -6.726     10.655    -59.721
  -1   -2      1.671    -11.541    -64.675
  -1   -2     -4.316      6.402    -65.969
  -1   -2      0.611     -1.708    -74.025
  -1   -2     -9.101    -11.561    -74.226
  -1   -2     -6.268     -7.178    -68.778
  -1   -2      9.684     -2.904    -74.378
  -1   -2     -0.004      0.868    -59.073
 585  812     -4.166     -3.260    -69.003
  -1   -2     13.915    -12.408    -64.977
  -1   -2    -11.407      8.621    -66.222
  -1   -2     16.605      8.116    -65.960
  -1   -2      7.541     11.458    -60.107
  -1   -2     13.269     -9.222    -66.920
  -1   -2      0.987     -5.531    -60.624
 211   -2     -2.130     -9.895    -76.312
  -1   -2     13.815     -8.346    -78.386
  -1   -2     -3.634      7.411    -59.598
  -1   -2    -15.096     -7.455    -82.714
  -1   -2    -13.045      0.432    -70.151
  -1   -2     -3.270      9.034    -63.780
  -1   -2     14.784     -6.429    -68.245
  -1   -2     15.417      7.352    -85.885
  -1   -2    -12.460     -2.705    -67.881
  -1   -2    -13.065      0.340    -83.069
  -1   -2     -8.133    -12.324    -67.880
  -1   -2      0.104      9.311    -56.316
  -1   -2    -11.197     12.202    -66.746
  -1   -2      2.690    -11.084    -60.088
  -1   -2      2.795     -3.875    -64.275
  -1   -2     13.433      4.017    -57.931
  -1   -2     15.172     10.248    -82.294
  -1   -2     10.431      8.804    -64.738
  -1   -2    -12.867     -6.298    -76.402
  -1   -2      5.025      4.191    -77.504
  -1   -2     11.589     -7.139    -52.197
  -1   -2     -1.019      4.142    -60.625
  -1   -2     -4.026      9.409    -60.799
  -1   -2     -8.456    -11.113    -59.097
  -1   -2    -13.384     -6.524    -70.088
  -1   -2    -11.772     -0.315    -61.549
  -1   -2    -14.213     -9.962    -76.298
  -1   -2      3.338     -5.083    -68.567
  -1   -2     -9.694    -11.557    -73.180
  -1   -2      7.976      7.809    -52.171
  -1   -2     19.739      4.780    -78.026
  -1   -2     13.908      2.071    -58.933
  -1   -2      2.106     11.554    -72.000
  -1  361     -6.495      0.748    -73.506
  -1   -2    -12.534      6.126    -72.122
  -1   -2      3.455     -1.498    -66.424
  -1   -2     -6.717     -5.708    -83.041
  -1   -2     -8.049     -7.288    -74.401
  -1   -2      5.515      4.873    -61.919
  -1   -2     14.523     -6.389    -63.746
  -1  308     -2.825     -7.792    -72.702
  -1   -2      7.960    -11.113    -67.120
  -1   -2     12.741      5.495    -67.081
 189   -2      7.354      3.043    -75.149
 778  818    -11.006     13.471    -66.621
 389   -2      1.729     -4.177    -69.560
 477  810     -3.017      9.767    -72.865
 406  593      8.658     11.619    -69.578
 426   -2      0.182      5.233    -60.061
 618  192     -9.932      0.133    -74.882
  -1   -2     17.299     -6.469    -69.644
 734  300      6.075     -1.897    -69.360
 494  811      4.441      1.284    -60.712
 560   -2      6.578     -4.418    -74.066
 806  298    -13.203      1.839    -70.989
 204  286      2.449     -7.462    -71.770
 289  406     12.131     -0.153    -70.129
 572  524     -9.385      2.051    -77.592
 591   -2     15.800      4.442    -70.049
 327  331     -2.847     10.638    -72.970
 564  287    -12.877     -3.594    -75.466
 657   -2      9.681      1.019    -76.331
 780  456      2.620     -6.616    -69.112
 787   -2     12.708      6.134    -64.519
 336   -2     -7.146     -5.989    -70.570
  39  418     -6.567      0.430    -71.162
 794   -2     11.662    -12.300    -63.988
 198  225     10.805    -10.401    -68.518
 438   -2    -10.751      0.662    -61.515
 473  809     14.732     -9.166    -65.221
 109   -2     -8.368     -5.679    -63.375
  14  409      5.763      6.717    -66.640
 809   -2     -5.977     -3.633    -76.483
 606   -2     -7.881      2.656    -67.364
 500   -2    -11.688      5.350    -71.962
 356   -2      4.670     -6.812    -76.209
 783  819      7.016     -9.650    -73.969
 567  310      1.456     10.886    -60.339
 298   -2     -4.663    -10.416    -69.058
 587  497     12.363    -12.333    -64.449
 784   -2      7.990     -6.222    -74.704
 311  669      4.165     -1.889    -60.628
 609   -2     14.774      4.344    -60.486
 334   -2     13.794     -5.221    -65.488
 598   -2     -0.411     -9.651    -62.500
 644  307      7.565     -0.942    -67.389
  -1   -2      3.796    -11.730    -62.561
 243   -2      9.802     -0.667    -74.592
 335  342     -6.324      6.586    -76.936
 434  206     -7.738    -10.366    -65.365
 481  823      9.562     -8.739    -63.183
 693   -2     14.323     11.440    -61.325
 773  824      2.711      5.157    -72.941
 798   -2      1.249     12.073    -62.420
 812   -2      2.901      6.730    -65.739
