827
   3    0      4.716      0.429    -70.783
  14   15     -0.148      5.278    -76.319
   1  380     -5.891      6.384    -72.485
   9   35      5.471      0.940    -70.998
   5    1      1.078      9.722    -69.790
   4    2     -1.361      3.650    -70.251
  38   52      5.710      8.294    -73.337
 141  407     -9.910      6.372    -74.502
   2    6     -0.186      6.698    -68.381
  22   19     -1.490      4.720    -72.026
   0    4     -6.739     -4.357    -72.818
  19   13      4.526     -4.138    -72.056
  -1  246    -14.995    -10.117    -75.517
   7   39      4.542      6.839    -71.734
  43   20     -3.195      1.555    -69.143
  13   49      1.515     11.214    -65.967
  17   53      5.334     -2.776    -74.011
  12   17      0.427      7.851    -69.327
 207   25     11.727      0.044    -71.839
  20   61     -9.354      7.780    -70.336
  10   22      8.641     -1.197    -68.358
  36   11      1.689      7.010    -71.946
 397  130    -11.057     11.966    -72.616
 402    5     -9.778      0.786    -71.656
 765  372    -11.544      5.659    -69.640
  35  162     -0.655      8.714    -68.867
  84   18      1.149     10.399    -67.740
  33   46     -5.040      2.896    -71.089
  69   51     -9.178      6.570    -74.061
  67   34    -10.466      4.924    -68.454
  16    9      4.720      1.094    -70.017
 404  245      3.019     11.855    -70.506
  75   93      9.264      2.064    -70.420
  89   28     -3.039      6.260    -68.667
  11    7      5.703     10.283    -72.644
  73   26     -3.203     -2.043    -66.768
  60   48      3.115      4.076    -69.068
  18   32      6.194     -4.565    -68.636
  29   23      1.222      0.095    -68.564
  42   45     -1.739      9.115    -66.469
  25   12     -1.792      9.384    -68.684
  44  263    -13.631     10.999    -73.488
  -1   37     -2.823     12.917    -66.160
  78   67    -11.266      7.223    -71.185
  49    8     -1.804     11.392    -72.094
 365  371     -7.040      2.917    -70.873
  54   47     -0.709      2.352    -65.558
 106   21      8.547      0.875    -66.680
 110   43     10.146     -1.334    -68.145
  81  389     -3.382      7.864    -64.230
 206   89    -10.297     -2.490    -72.393
  80  215     -8.459     11.758    -76.385
 114   29     -7.886      0.181    -67.156
 123   -2    -10.800     -5.702    -77.075
  66   71    -14.632     -3.010    -69.957
 121   66     11.516     11.219    -70.566
  34   10      0.741     -7.541    -69.944
 107  105      4.859     -8.691    -69.939
  45  106      9.139     -3.406    -68.760
  68  131     -1.044    -10.872    -70.419
 162  399    -10.571      2.277    -71.852
  40  137      9.493      3.240    -66.360
  31   94     -0.069     -5.469    -68.533
  27  108      4.162     10.285    -69.088
  -1  122     -5.906     -0.674    -64.352
 166   90     -7.029      7.072    -75.550
  -1  114     -6.177      7.415    -62.580
 139   85     -2.001     -7.728    -69.385
  57  107    -12.155      4.844    -72.665
 447  465      7.320      9.932    -69.665
 179  401     -1.268     11.928    -63.895
 375  447      3.971      7.600    -64.808
  55   50      1.787      4.733    -70.419
 388  112     -4.220      7.081    -68.428
 105   87      6.726      7.832    -65.190
 466  138      0.390     -0.234    -68.073
 405   -2     -3.776     -7.264    -67.638
  99   84     -7.220     -0.806    -74.925
  94  206     -0.901     10.481    -63.189
 241  174    -10.457     10.987    -70.452
 215   30      3.881      9.115    -71.530
  70  394     -2.333      8.974    -61.066
  88   -2    -12.626      2.101    -69.665
  26   -2      1.239      8.645    -66.691
 414  524     -9.658     -4.454    -74.345
  39   41      5.813      4.371    -71.738
  82  133      9.516     12.133    -66.084
   6  304     -9.384      1.951    -72.850
  23   31      0.697     11.366    -69.406
 203  230      9.918     10.401    -68.385
 420   36     -1.736      3.386    -73.886
 223  121    -13.478     11.149    -68.712
  71  119     10.663     -5.503    -69.285
  56   64     -3.926      9.469    -62.896
 363   42     -1.008      1.468    -71.751
  79  436     -7.948      9.373    -66.627
  -1   54     -4.443      0.140    -66.982
  97  151      6.827      9.717    -75.436
  85  110    -10.713      9.672    -69.130
  53  225      8.671     -5.750    -68.673
 292   58      8.517      6.442    -68.299
  48   81     -0.970     12.886    -65.523
 112  379     -6.041      8.065    -61.651
  -1   59    -12.947     -3.508    -70.851
 400   77     -4.621      5.558    -65.038
  90  141     10.508     -4.895    -63.791
 138   86     14.737      2.924    -68.129
 169  134     14.556      2.349    -69.281
  -1   -2     -8.644     -8.494    -67.474
  51  142     -9.965     11.766    -66.247
 368   72     13.175      8.208    -72.959
  91  213     -9.876      5.433    -62.545
  -1   -2      8.906     -3.401    -64.285
 384  160    -13.607     10.036    -72.249
 238   70     -0.154     -5.331    -70.314
 109  258      7.748     -1.266    -72.908
  21   63      0.510      7.163    -68.402
 214  505     -7.471     -6.323    -66.554
  98   62     -1.858     -3.041    -65.960
   8  520     -3.747      3.175    -72.875
  83  144     -6.539    -12.318    -69.819
 156  168      5.831     11.182    -70.451
 228  104      4.375     -1.074    -69.324
 118  262      4.255     -4.648    -65.525
  -1   -2     -3.486      2.531    -71.876
 801   44      7.593     -2.408    -70.390
  -1   -2     -3.525      3.721    -61.771
 196  316     16.312      4.038    -71.859
 197  156      7.322      7.583    -72.608
 130  149      9.619     -2.295    -67.086
  72  229      0.403      8.509    -64.279
 104  199     -6.960      5.743    -64.786
 489  219     -1.158     -2.906    -60.707
  -1   88     -4.501      9.454    -68.099
 412   -2     -1.801     -4.300    -65.026
 507  240      7.859      0.998    -70.195
 157  212     10.359    -10.412    -65.147
  28   16      6.540     -1.993    -70.749
 218  154     -0.863      1.341    -64.984
 148  150     -0.758     11.456    -70.344
  -1   -2      6.044      9.334    -76.564
 134  185      0.212      0.051    -62.867
  32  385     -9.821     11.392    -70.745
 237  239     -8.108      1.076    -69.421
 122  165      2.427      0.151    -63.933
 151  203    -13.184      3.021    -73.215
 189  477      9.724     -5.947    -70.284
 417  449      4.422    -11.728    -67.364
 119  101     13.030     -2.237    -68.749
  -1   -2      3.878    -11.336    -72.352
 247  127      7.241    -11.140    -66.588
  -1  129     -8.181     -4.084    -66.087
 227  267     15.313      8.130    -72.125
 194   69      3.848      5.799    -66.239
 133  182     -7.347      1.936    -61.516
  86   92      2.495      4.498    -69.348
 153  767    -11.552      0.594    -67.039
  -1   -2    -10.497    -12.190    -68.067
 161   95      2.081     -1.027    -69.558
 172  125     -0.820      4.784    -67.089
 230  467      4.310    -10.743    -68.760
 470   -2      5.167     11.822    -63.458
  58  120     -7.829     11.034    -68.942
 186  155     -1.338      2.687    -60.719
 208  233     -2.103     10.325    -67.566
 477  187      2.466     -9.436    -63.555
 165  198    -15.349     -4.347    -70.505
 160  159    -10.256     -8.954    -67.693
 209  265      8.271     -9.182    -67.220
 143  178     -3.548      5.609    -61.965
 176  448     -8.751    -12.543    -67.051
  -1  148      0.677      5.806    -63.062
 174  571     -3.922    -11.491    -67.807
 170   -2     -7.619      9.189    -63.565
  -1   -2     -9.262     -7.115    -69.055
 142  441      5.165     11.703    -75.364
  -1  147      5.406     -2.865    -64.831
 199  768     -9.747    -10.189    -74.520
 281  771    -13.203     -0.866    -64.797
  64  109      7.577     -2.860    -68.328
 251  186     13.850      9.511    -67.712
 202  195    -11.646     11.737    -65.699
 520  788     -2.280      8.119    -74.055
 126   57     -5.563     -1.255    -69.957
 265  234     11.862      5.661    -69.547
  46  102      3.798     11.612    -70.047
  -1  390      1.602     -2.420    -75.295
  -1   -2    -11.629     -3.301    -74.270
  62   -2     -6.389      1.629    -66.088
 120  228    -15.028      4.265    -71.067
  -1  194    -10.436     -4.005    -72.559
  -1  118      0.281     -5.105    -64.227
 423  143     -5.365     -4.185    -65.535
 101  469     -4.739      9.952    -64.777
 222  289     11.657      2.821    -65.737
 529  116      6.589      3.914    -66.693
 587  242     -4.657     12.491    -67.993
 643  594      9.336      3.034    -64.896
 256  236     -3.781    -11.748    -77.015
 147   -2      0.281      1.423    -73.614
 632  324     -2.373      9.364    -76.836
 219  173     11.600     -2.854    -68.469
 410  781      0.506     -8.672    -62.539
 533  556      7.466    -11.226    -75.784
 361  175      2.014      5.503    -72.553
 276   -2     -4.288      4.289    -77.057
 770  205    -13.124      3.103    -68.123
 766  338     -2.431     11.166    -73.570
  -1   -2    -13.022      4.943    -77.214
 483  113     15.078     -4.962    -67.561
 152  415     11.719      8.289    -70.069
 395  196      9.621     -6.998    -64.220
 550  197    -12.548     -6.482    -71.518
 158  466     -1.650     -9.509    -68.548
 211  161     16.707     -0.151    -67.599
  -1  115      7.850      3.534    -65.252
 116  572     -2.360      4.701    -62.047
 167  132     -2.641      2.969    -62.605
 246  243    -10.239      0.207    -64.985
 490  276    -14.139      9.439    -73.604
 212  209     -2.087    -11.946    -64.948
 192  232      4.266     -0.724    -71.768
  -1  193      4.665     -3.225    -74.567
 544  170     12.067      6.587    -65.801
 579  181     -7.670      1.381    -63.365
  -1  496    -10.641     -1.678    -65.038
  77  603      0.613      8.465    -76.714
 303  189      9.266     -5.037    -66.913
  -1  163     -4.840     -1.150    -66.611
 185  218      5.469    -12.202    -67.160
  -1  202     -5.983    -12.292    -69.987
  30  249     -3.753      5.850    -69.851
 187  152     12.178      0.109    -67.046
 164  277      4.052      5.660    -63.610
 115  410     -9.048      7.898    -75.309
 111  766      7.153     -0.156    -72.378
 250  537     10.445      5.254    -62.441
  59  191     10.276      0.452    -66.506
  47  253     -6.167     -9.473    -73.628
  -1   -2      3.415     -5.286    -64.131
 713  521     10.472     13.182    -65.614
 306  247     -8.642     -5.629    -72.568
  -1   -2      4.876     -9.006    -68.908
 252  456      7.041     -0.821    -66.413
 248  514    -13.703      8.023    -68.468
 692  223     10.668     -6.308    -74.054
  -1   -2    -15.473      6.671    -70.197
 552  440      0.059     -0.514    -63.272
 449  124      3.873      6.384    -70.864
 254  211      0.771    -12.927    -68.250
 113   -2     -9.999      6.314    -64.383
 242  255      1.656      4.316    -61.638
 235  468     -4.601     -7.777    -66.280
 231  179     15.329     -5.264    -70.088
 125  217     13.590      2.129    -67.503
 257  226     14.988      4.838    -70.961
  -1  111     -4.306     11.252    -74.148
 155   27      6.253     -0.540    -73.204
 493   -2    -13.492     12.116    -74.235
 131  349     15.500      7.490    -70.732
  15   -2      4.462     -8.012    -70.013
 346  775      6.237      5.692    -75.227
 267  341     -6.486     12.009    -69.257
  -1   -2     -8.677      4.050    -64.528
  50  765      4.758      5.543    -74.025
  74  285     -3.368      7.183    -75.725
 201  259     14.230     11.480    -68.539
 441  337     14.521      7.485    -70.975
 193  291     15.613     -4.632    -70.300
 387   55      1.570      7.098    -67.881
 284  330      2.535      8.861    -68.724
 204  283     12.658     -3.769    -69.044
  -1  455      9.372    -12.170    -77.244
 274  261     12.591      8.452    -67.978
 541  192    -13.291     -8.617    -65.214
  -1   -2      3.790      4.218    -68.478
 289  310      8.476      4.541    -65.739
 312  516     14.901     12.551    -67.476
 216  299     10.558      3.043    -62.519
 168  266     14.110      0.580    -68.340
 540   -2     -1.369     11.593    -65.348
  -1   -2     -6.303     -9.542    -61.085
 331  180      9.038      0.451    -66.845
 702  221    -13.248      3.436    -74.889
 266  286     -1.383    -10.290    -66.316
 622  315     14.092      4.461    -71.825
 259  136    -15.011      5.733    -72.094
 283  278      6.844     -6.759    -63.803
 621  176      2.616      7.080    -64.935
 183  561      7.911      3.366    -70.271
 291  317      9.368      8.211    -63.380
 598  577      2.655    -10.889    -75.049
 546  332      6.602     -0.002    -67.138
 326  485      2.274      1.837    -64.409
 268  231      9.737     -8.524    -69.818
  -1   -2    -13.991    -11.364    -74.178
 786  306     -5.368      2.122    -63.519
 198  576     -0.540     11.176    -72.274
 285  772     -0.258      0.733    -63.777
 178  288      3.477      1.659    -66.569
 295  331     -3.705     -0.468    -70.871
 328  293      6.461     -5.606    -76.506
 803  592      7.011     -5.483    -73.558
 596   -2     16.222    -11.505    -74.503
 474  784      1.903     -5.802    -69.162
 317  320     -0.714      9.608    -74.687
 777  807     -0.560      5.066    -66.744
 445  244     -9.499    -11.460    -67.467
 525  671    -10.197     -2.138    -70.391
  -1  224      7.549    -10.551    -65.786
 343  305     -5.005     10.431    -74.531
  -1  269    -14.859     -1.065    -75.825
 272   -2     12.614     -5.194    -64.751
 302  739     -0.265     -3.629    -72.751
 234  628      8.125      6.843    -64.002
 261  511      4.631     -8.001    -75.025
 277  533    -11.847     -6.048    -65.140
 293  334     17.132     -6.432    -69.554
 321  335     12.861     -2.586    -72.383
  -1   -2     -6.922      4.136    -63.248
 290  457      1.828      1.529    -77.082
  -1  307      1.241      7.209    -61.815
  -1  279      2.537     -3.440    -67.524
 358  241     -9.328     -7.490    -65.768
 623  611     -9.258      0.842    -77.627
 339  135      3.808     -9.300    -66.092
 739  346     15.987      9.303    -70.854
 307  625     12.310      9.620    -70.039
  -1   -2     -8.850    -10.597    -73.113
 323  470     15.395      7.421    -67.732
  -1   -2      5.787      7.683    -63.481
 636  797     -8.093      6.192    -75.038
 337  333     15.256      0.795    -66.875
 175  692     -2.496      2.189    -69.010
 341  359    -12.781      7.338    -72.518
  -1   -2     -1.566     -0.484    -62.436
 567  339     11.994     10.073    -68.084
 270  529      7.746      8.070    -60.605
 286  188     -3.660     -6.399    -69.379
  -1  593     11.992      1.120    -63.609
 315  350     -3.421      5.882    -64.791
 677  361     12.315     -1.407    -65.339
 558  282     -5.202     -4.839    -75.917
 408  157    -12.284      1.466    -68.114
 316  679      1.474     -5.188    -68.139
 342  619      0.871    -10.464    -73.387
  -1  610     11.306     10.750    -64.751
  -1  326     10.302    -12.151    -70.825
  -1  312      3.849      7.217    -75.637
 775  327      3.357    -12.478    -66.305
 603  325     11.981     -4.565    -66.990
 297  300      9.495     -2.775    -70.415
 348  685      4.220     12.443    -67.751
 154  260      6.325     10.899    -71.664
 273  769     -2.807     -1.830    -71.979
 324  726     13.143     -9.172    -68.238
  -1   -2     14.478     -0.482    -65.603
 726  644     -4.470      2.445    -65.965
 479  309      4.226      3.976    -71.724
 635  796     -2.148      2.526    -77.913
 269  654      8.670     -7.637    -73.246
  -1   -2     -5.245     -7.211    -71.793
 340  364     -0.498     -3.269    -66.540
 662  808     -3.063      1.810    -67.140
  -1   -2     13.542      2.666    -60.503
  -1   -2     -8.046    -10.348    -56.173
  -1   -2    -10.802     -4.188    -67.675
 758  356     -6.307      3.053    -63.307
 349  777      6.398      8.886    -65.276
 364  366     -6.471      6.901    -72.321
  -1   -2      7.157      4.095    -65.796
  52  368     -2.723     -2.606    -71.650
 205  403     -0.418    -12.110    -67.968
  -1   -2     -6.991      5.258    -58.326
 136   40      8.159      4.528    -68.419
 413  782      4.841      4.031    -65.500
 391   -2      2.709     10.746    -64.444
 382  391      1.394     -6.277    -66.339
  -1   -2     -7.571    -12.300    -64.270
  41   33     -1.257     11.325    -67.891
  -1  388      9.342      4.712    -71.386
  -1   -2      5.099    -10.720    -87.360
  -1   -2    -10.170    -10.748    -59.248
  -1   -2      2.004     -7.503    -53.055
 783   73     -0.813     11.087    -66.179
 243   75      6.562      0.256    -73.015
 233  373     -7.302    -11.402    -76.523
  76   56      2.491     -7.579    -66.377
 467  458     -8.748     12.975    -63.938
  -1   -2      3.399     10.935    -75.276
  -1   96    -16.211     -9.374    -74.224
 376  375    -15.427     -5.226    -70.689
 200   -2     -2.441     -5.719    -77.566
  -1   38     -0.919      5.596    -69.149
  -1   -2      8.403     -9.284    -80.637
  -1   -2      0.954      3.768    -76.114
  -1   -2    -11.353     -4.520    -72.394
 373  164     -8.745      9.510    -71.486
  -1   -2     -3.726    -11.003    -64.017
 401   -2     11.246     -8.868    -65.298
 457  437      3.676      0.078    -73.854
 383  383      3.753    -11.104    -65.419
 476  397     -0.865     -8.272    -70.783
 117  184     -8.028      3.732    -69.829
 380   78     -5.232      2.856    -64.453
 389  406      5.118      5.525    -63.333
 108  434     -9.935      4.682    -62.929
  92  140     -5.324      6.511    -73.993
  -1   -2     -2.975     -0.790    -63.336
  -1   -2      9.288     -2.444    -60.810
  -1   -2     -2.875      3.475    -61.230
  -1   -2    -13.282     -3.747    -66.317
 460  322     -6.230      8.459    -75.776
  -1   -2     -5.901    -11.827    -73.114
 440  103      0.049     -1.652    -64.610
 411  405      3.549      0.787    -64.402
  -1   -2     -2.044     -4.418    -61.253
  -1  204    -12.035     -7.112    -63.682
 103  126     -7.611      0.463    -63.911
  -1   -2     -7.600     -5.440    -66.195
 184   82    -12.923      9.897    -67.917
  -1  271      0.248     -5.989    -73.234
  -1  460     -7.167      4.719    -61.800
 137  145     11.683     -7.068    -65.748
  -1  367     -4.263     -9.026    -71.235
  -1   -2      5.170      0.437    -65.897
 538  402     -7.070     -9.312    -59.462
 416  809     -9.374    -10.433    -62.718
  -1   -2     13.000     -2.025    -63.873
  -1   -2      7.819    -12.082    -62.834
 415  429     -9.836     -8.708    -65.119
 378   -2      7.779     12.468    -69.120
 171   -2    -11.510      3.480    -75.258
 182   -2     -0.726    -12.633    -67.362
 129  256      4.078     -2.303    -65.602
 144   60     -3.637     -6.022    -64.602
  63   74      9.469     11.696    -70.087
  -1   -2    -12.326     -9.334    -62.706
  37  381     -4.196     -1.128    -64.278
  -1   -2     14.725     -9.022    -80.051
 367   76    -13.468     -6.325    -72.865
  -1   -2     -9.978     -9.176    -76.421
  -1   -2     11.308    -10.259    -67.507
  96  453     -2.223     11.830    -62.320
 480  462     15.789     -3.371    -62.609
 221  421    -13.519      0.944    -76.072
  -1  158     -1.967      4.095    -64.203
  -1  328      4.707     -3.138    -68.200
  -1   -2      9.628      0.981    -61.648
  -1  273    -11.753      5.125    -71.095
 173  171     -0.624    -10.695    -65.076
  -1  446     -0.992    -11.565    -61.085
 393  780     -0.229    -10.259    -65.817
 426  423     16.913      3.981    -65.212
  -1  491      2.748     -5.802    -59.984
  -1   -2     -1.354     -8.076    -64.033
  -1  311      4.524      3.903    -73.342
 226   -2     -6.606     -9.228    -66.728
 658  534     -4.135     11.486    -72.604
 465   -2    -11.506     -8.033    -67.184
  -1   -2     10.983      9.278    -64.685
  -1   -2      3.521     -4.201    -61.643
  -1   -2     -7.868     -4.347    -71.467
 565  382     -5.998     -4.354    -76.920
 127  376     -0.495      0.667    -63.912
  -1  268     -1.081      4.881    -64.808
 481  139      5.348     -8.970    -68.237
 385  214      8.531      1.311    -63.074
  -1   -2     -3.005     -7.499    -66.139
 769  237     -5.443      5.449    -60.577
 512  786     -0.762    -12.966    -63.685
  -1   -2     14.108      9.367    -71.311
 472  207    -16.000      9.646    -73.992
 469  783     -3.357    -10.042    -60.954
  -1  443      0.401     -0.594    -61.226
  -1   -2     10.533    -12.980    -70.054
  -1  272     -2.467      4.657    -68.374
 624   -2     -2.622     -2.287    -60.417
 433  452     -3.422     -9.732    -61.631
 446  409    -10.027     -8.006    -64.909
  -1  540      5.451     -0.043    -61.015
 513   91      3.429      1.488    -64.727
  -1   -2      1.983      9.859    -53.309
  -1   -2      1.789     -6.475    -75.471
  -1  392      9.349      3.908    -70.229
 805   80    -11.279     -6.354    -66.878
 646  295      9.767     -2.125    -72.180
  24  764     -5.240      1.525    -72.511
 163   -2     -8.586      2.264    -64.004
  -1   -2     15.325     -8.393    -67.226
  -1   -2    -15.377      9.990    -78.148
  -1   -2    -14.993    -10.003    -68.683
  -1   -2    -10.786     -9.766    -60.913
  -1   -2      1.803     -6.177    -59.119
 102  387     -0.275      6.427    -74.384
 454  532    -10.248     -0.431    -60.454
 484  177     -2.408    -10.679    -69.262
 790   -2      0.282     -1.559    -64.031
  -1   -2    -10.204    -10.424    -62.157
 523  404      3.393    -11.366    -65.123
 475  454      2.958      0.150    -59.707
 578  680    -14.002     -3.481    -70.761
  -1   -2     -7.489     -9.183    -63.011
  -1   -2    -11.334     -3.683    -60.941
  -1  200     13.964      6.297    -67.317
  -1   -2     -9.584      0.879    -57.228
  -1   -2      0.378     11.463    -62.949
  -1   -2     -7.845      4.522    -58.136
  -1   -2      7.299     12.300    -68.097
  -1   -2      8.023     10.481    -58.163
  -1   -2     13.736      2.359    -76.107
 263  659     17.517     11.416    -69.627
  -1  117      1.083     -4.222    -67.553
  -1   -2     10.286     -9.034    -63.060
  -1   -2     -1.992      7.272    -60.157
 561   99     -8.607     -0.640    -64.825
  -1   -2      5.425      3.158    -58.349
 438  248     -7.229     -9.383    -69.062
 527  660     10.986      0.829    -65.109
  -1   -2     -7.953      3.980    -75.914
 655  489     14.684     -7.439    -74.105
 245  384      7.215     -3.548    -67.102
 288  425    -15.711      7.119    -75.456
 776  566      1.105     10.962    -62.886
 772  548     -2.193     11.150    -69.686
  -1   -2     13.424      2.709    -64.862
 674  675     17.812     11.937    -73.947
 181  574     17.388      8.647    -66.994
 258  506     11.688     11.502    -65.468
 519   -2     11.813     12.813    -63.771
 532  525     14.428     11.270    -64.097
  -1   -2    -13.408     -9.947    -64.716
  -1   -2     -1.775      4.612    -54.972
  -1   -2    -13.819     -0.498    -66.998
 338  298    -10.643      0.270    -72.085
 240  620     -8.913     -8.172    -74.451
  -1   -2     11.885    -10.059    -63.913
 213   -2      3.158      3.553    -57.435
  -1   -2      7.691     -4.239    -77.538
 461   -2     14.691     -0.639    -62.445
  -1  587      5.229     -4.840    -74.579
  -1   -2    -11.634      3.222    -62.469
  -1   -2     12.637     11.218    -78.117
  -1   -2     -8.911      5.252    -59.770
  -1   -2      7.195      7.639    -77.411
  -1   -2    -15.357    -10.489    -80.687
  -1  573     -4.874     -4.688    -61.271
 140  504     -4.952     12.626    -66.409
  -1   -2     -7.239      3.372    -60.189
  -1   -2      9.511      3.316    -77.066
 537  695     14.531     -6.684    -64.887
 436  442     13.902     -5.517    -64.705
 589  580    -15.806     -9.950    -70.759
  -1   -2     -5.162     -7.907    -60.674
  -1   -2     -0.815     -8.011    -53.073
  -1   -2     13.934     -6.779    -65.850
  -1   -2     -8.753     -6.400    -77.197
  -1  486     13.226     12.304    -65.254
 782  507     -0.554      5.146    -73.201
  -1   -2     14.970      2.888    -59.868
  -1   -2      8.885     10.893    -65.325
  -1   -2      9.524     -8.068    -76.516
  -1   -2     -2.514    -12.658    -64.217
  -1   -2      1.072     -6.432    -64.564
  -1   -2      8.530    -10.204    -82.603
  -1   -2      8.007      8.294    -55.662
 570  509     -6.847      6.018    -59.954
 534  791      5.662    -12.090    -67.183
  -1   -2      1.556    -11.459    -77.034
  -1  526     11.202     -4.683    -60.646
  -1   -2     11.238    -11.265    -78.276
 403   -2     -1.397     -9.123    -74.556
  -1  329    -13.580     12.575    -67.845
 581  793     -6.801     -1.027    -60.420
  -1  251     -7.134     -3.317    -61.302
  -1   -2     -6.697     12.927    -64.211
 236  190      9.939     -6.926    -63.905
 530  789      1.663     -8.196    -64.172
  -1   -2     17.007     -3.002    -74.527
 575  523      5.741      7.183    -59.179
  -1  555     11.451      7.427    -61.561
 296  672      8.506      1.119    -61.368
  -1  416     11.637     -2.106    -71.568
 669  510     14.887     -4.115    -62.888
  -1   -2     -1.141     -3.848    -57.475
 310  810    -13.606     11.373    -66.718
  -1   -2     17.221    -11.411    -67.623
  -1  363      3.446     -9.714    -68.750
  -1   -2     13.115      3.558    -62.657
  -1   -2      5.673     10.982    -56.863
 614  795      1.291     -9.136    -75.923
  -1   -2     15.991     -9.608    -82.210
  -1  313     12.436      4.872    -62.877
  -1   -2     17.585      5.883    -74.575
  -1  586     13.879    -11.302    -72.989
 287  503     10.531     11.759    -60.959
  -1  567     -0.785    -11.633    -70.783
 146  294     -3.475     -5.931    -72.905
  -1   -2      0.856     11.428    -66.870
  -1  606     10.810     -8.120    -65.026
  -1   -2      9.114     11.153    -58.681
 350  682      3.751      4.971    -76.395
  -1   -2      5.723     -4.410    -55.553
  -1  558     -1.400     -3.069    -75.682
  -1   -2     16.129     11.321    -64.881
  -1   -2     10.711     -5.815    -62.079
 695   -2      5.642      3.828    -71.816
  -1   -2      5.967    -10.580    -67.919
  -1   -2    -13.026     12.023    -67.308
 253  681      7.867     -8.788    -68.664
  -1   -2     -0.770      5.203    -76.666
  -1   -2     17.107     -2.618    -76.671
 455  250    -11.545      5.834    -74.529
 482  785      0.100      2.127    -72.535
  -1   -2      1.900     -6.447    -77.040
 637  527     12.465     -4.626    -62.635
 551  638     16.351      9.899    -71.426
  -1   -2    -15.600      0.535    -74.491
 335  352     -3.957     10.019    -72.343
  -1   -2     11.547    -11.640    -71.442
  -1   -2     15.599     -8.319    -67.073
  -1  358      7.335      4.145    -59.769
 300  773    -14.553      9.616    -69.289
  -1   -2    -13.538     11.484    -72.233
  -1   -2     -1.402     -7.928    -61.822
  -1   -2      1.693     -8.768    -54.969
  -1   -2     -8.400      9.352    -54.640
 640   -2     -4.931     -1.858    -69.046
  -1  575    -13.862      7.971    -65.956
 663   -2     12.762     -0.613    -76.959
  -1   -2     -8.878     -5.819    -62.304
  -1   -2      0.478      6.841    -71.200
 278  770    -14.401     12.175    -67.323
  -1   -2     -1.958     -6.501    -70.452
  -1   -2     -7.562     -9.937    -59.493
  -1  596     11.721     -3.034    -63.201
  -1   -2    -13.456     -9.875    -81.892
  -1   -2      2.380    -10.069    -66.531
  -1   -2     -5.148     10.407    -53.832
  -1   -2     12.798      9.667    -62.012
 639  798    -13.275    -11.624    -67.901
 299   -2     17.763      2.598    -69.177
  -1   -2     -3.725     -7.817    -72.373
 676  800      0.885     -0.598    -75.322
 800  716     11.429      1.604    -71.920
  -1   -2     10.017     -5.936    -73.709
  -1   -2    -13.581     -1.592    -77.675
  -1  308     16.547      0.951    -73.624
  -1   -2      1.332     -9.921    -69.890
  -1   -2     -1.918      6.924    -87.773
  -1   -2     16.423     -1.550    -79.599
  -1   -2     -1.644    -11.223    -60.272
 425   -2     12.028     11.511    -74.017
 626  730     11.114     -4.081    -69.677
  -1   -2     -4.315     -7.587    -70.156
  -1   -2     -2.352     -4.546    -55.655
  -1   -2      7.124    -10.982    -63.369
  -1   -2     15.574      9.166    -84.003
 682  802     -2.355      2.395    -61.748
  -1   -2      3.420     -6.928    -52.101
  -1   -2     -2.800      5.177    -68.926
  -1   -2      7.605     -7.900    -65.034
  -1   -2    -12.782     -1.908    -83.665
  -1   -2     -8.671     -5.736    -59.101
  -1   -2      9.753      4.114    -60.242
  -1   -2    -10.013    -11.537    -76.476
 347  776     13.562      5.815    -71.972
  -1   -2     -6.439    -10.905    -83.860
  -1   -2      4.654      0.560    -56.969
  -1   -2    -11.729     10.573    -61.265
  -1   -2     -9.767     -6.163    -56.345
  -1  545     -8.584      1.440    -74.304
  -1  655      3.596      9.992    -75.623
  -1   -2    -13.866    -10.712    -69.103
  -1   -2     -8.106     -9.247    -61.621
  -1   -2    -10.374      8.718    -72.021
  -1   -2     -0.750     10.297    -59.075
  -1   -2     -5.363     -5.123    -63.836
  -1   -2     16.517     -1.073    -63.133
 517  811      5.663    -10.662    -71.344
  -1   -2      4.542    -11.509    -64.043
  -1   -2     16.140     -6.261    -74.529
 333  715      5.117      6.880    -62.470
  -1   -2      6.662     -4.632    -56.367
  -1   -2     -3.921     -7.071    -56.323
 564  792      8.927      5.608    -69.804
  -1   -2     -0.413    -10.445    -75.659
  -1   -2    -13.452    -11.929    -79.833
  -1   -2     -5.159      9.601    -61.345
  -1   -2      3.720      1.461    -80.568
  -1   -2      2.726     -9.176    -75.332
  -1   -2     10.068     -4.241    -73.744
  -1   -2     -2.584    -10.856    -70.671
 531  790      7.173      9.442    -74.236
  -1   -2     12.847    -11.507    -68.312
  -1   -2     -0.987     -1.135    -75.889
  -1   -2    -14.497     11.524    -70.077
 778  735     -6.056      0.906    -61.139
  -1   -2      8.931    -12.811    -74.967
  -1   -2     -6.295    -12.121    -66.888
  -1   -2      2.670      9.743    -61.784
 601  711     18.495     -7.617    -69.057
  -1   -2     -2.388     -4.923    -58.735
  -1   -2    -10.279      7.114    -55.262
  -1  749     -3.321      4.429    -62.390
  -1   -2     -7.641     -9.535    -76.602
  -1   -2     14.847      6.291    -60.388
  -1   -2    -13.164     -3.677    -80.317
  -1   -2     -4.549      6.446    -61.100
  -1   -2      4.631     -8.451    -65.182
 672  689    -12.066      7.961    -71.559
  -1   -2     11.892     11.997    -60.410
 718  292      7.696    -13.015    -69.011
  -1   -2      0.289     11.133    -78.422
  -1   -2      2.888     -1.696    -62.875
 264  812    -14.075     -0.000    -75.202
 679  663     14.560      9.305    -64.335
  -1   -2     -1.398     -7.660    -67.505
  -1   -2     -4.469     -6.170    -57.973
 318  813     10.463     -5.806    -67.233
  -1   -2      7.882     -7.923    -84.196
 547   -2      8.464     11.973    -74.834
  -1  128      3.596    -13.104    -66.016
  -1  721     15.798      0.240    -64.249
 301  608    -11.601     12.123    -64.570
  -1   -2      4.418      7.527    -71.611
  -1   -2     -8.420     -2.347    -70.771
 336  153     10.483      7.282    -74.968
  -1  712     -4.125     -7.327    -78.165
  -1   -2     -5.632      4.781    -72.367
  -1   -2      8.958     -2.680    -76.548
  -1   -2     10.673      5.936    -61.415
  -1   -2     -0.059      0.159    -56.047
  -1  667     13.261    -10.804    -76.450
  -1   -2     14.434     -4.122    -74.546
  -1  684      5.908     10.504    -67.796
  -1   -2      5.799     10.632    -69.935
  -1   -2    -11.290      6.881    -81.971
 583  794      5.458    -12.980    -63.584
  -1   -2      1.270     -4.921    -58.131
  -1   -2      1.001     12.993    -67.367
  -1   -2     -2.365     -5.727    -63.943
  -1   -2      8.322      3.135    -58.860
  -1   -2    -14.385     -7.667    -81.249
  -1  353     16.781     12.312    -67.068
  -1   -2     -9.929     -9.758    -68.562
  -1   -2     -0.753      5.087    -64.001
  -1   -2     -7.071     11.462    -75.531
  -1   -2     11.349    -12.742    -72.598
  -1   -2    -14.790     -6.465    -76.564
  -1   -2     -8.303     -2.413    -74.323
  -1   -2    -12.423     -7.872    -66.511
  -1   -2    -13.677    -10.882    -64.803
  -1   -2     13.524      3.182    -58.615
  -1   -2     -1.300    -11.784    -67.006
  -1   -2    -13.085     -5.390    -71.878
  -1   -2     -8.137     -0.254    -62.412
  -1   -2      2.652      8.684    -68.537
  -1   -2    -15.213    -11.456    -67.807
  -1   -2      9.833      0.963    -54.666
  -1   -2     -7.117    -10.094    -61.492
  -1   -2      3.399      9.176    -75.135
  -1   -2    -13.213     -4.162    -80.165
  -1   -2    -10.293     -4.362    -59.086
  -1   -2     -7.984     -6.831    -63.146
  -1   -2    -11.782      1.101    -77.170
  -1   -2    -10.976      4.797    -73.168
  -1   -2      9.287     10.257    -69.950
 759  804    -10.480     12.749    -68.107
  -1   -2      9.360     -5.617    -64.379
  -1   -2     -8.835     -2.760    -63.269
  -1   -2     12.424      5.677    -78.226
  -1   -2    -14.089     -0.882    -77.433
  95  424      4.029      1.207    -62.307
 390    3     -7.958      0.224    -75.169
 392   83     -7.050     -1.588    -68.380
 464   -2     11.163      4.298    -75.977
 443   -2     -0.919    -11.542    -65.152
 135  274      4.541      9.720    -75.764
 542   -2    -15.257      9.865    -77.981
 510  464     -9.254     -6.517    -63.494
 128  238      3.888     -7.701    -74.547
 516  787    -15.524      8.696    -69.617
 262   -2     -7.828      4.115    -75.988
 298   -2     -4.418     -3.669    -68.725
 188   -2     -6.496     -8.689    -67.584
 650   -2     11.709     -2.721    -74.513
 485   -2     -0.835    -11.606    -70.955
 327  774     -0.588     -3.613    -66.452
 722  803    -11.092     -6.677    -75.429
 628   -2     -6.929      7.820    -62.590
 322  351      2.802    -11.657    -68.604
 360   -2      7.454     -8.599    -67.191
 362  779     -1.944     12.121    -75.392
 439   -2     -6.752      8.760    -61.154
 124  814     -8.443     -6.173    -66.307
 784  805     12.057      6.192    -76.910
 435  815     -5.286    -10.527    -61.592
 651  799      7.573      8.415    -62.530
 463   -2    -14.096     -8.810    -73.858
 491  216      3.031      5.006    -66.136
 738   -2      7.632      4.718    -76.270
 560   -2      7.456     12.795    -64.475
 379   -2     -5.472    -11.329    -71.910
 709   -2      5.850     -5.710    -60.304
 535  584     16.154      2.556    -76.351
 304   -2     -0.321      8.728    -58.414
 244   -2     -5.736      3.341    -59.991
 574  630    -15.204    -10.166    -77.782
 680  801      9.551      9.605    -55.903
 615   -2     -7.633    -10.163    -57.426
 357  778     -2.227      8.860    -70.586
 798   -2    -16.337     -5.955    -75.662
 710   -2     16.940     -1.484    -69.086
 797   -2    -10.764     12.871    -67.791
 789  806     -8.770     -8.265    -66.967
 539   -2      0.445     -5.806    -65.814
 780   -2      4.918     -4.039    -72.899
 229   -2      8.300     -6.035    -74.329
 799  615     -4.264      1.621    -69.324
 325   -2    -14.309     -9.173    -74.049
 478  816     -9.190     -8.833    -76.980
 613   -2      2.848      8.129    -59.562
 779   -2     14.986      3.165    -76.827
 807   -2     16.170     -9.802    -69.550
 808   -2     16.917     -2.744    -63.290
 809  408      1.970      2.699    -62.329
