860
   0   30      3.759      8.158    -72.195
   5    8      3.134      8.821    -72.296
   2    0     -6.724      5.849    -72.086
   1    6     -2.097     -3.916    -69.237
   8   28      0.005     -6.579    -71.463
  13   26      3.130      5.436    -67.948
  63   38     -0.361    -11.079    -72.033
  -1   14     -8.007     11.280    -71.867
  41    3      1.663      6.166    -71.797
   7    5     -1.341     -7.751    -73.685
 316    9    -11.273     -3.676    -75.321
  30   11      0.153      4.764    -68.850
   3   24     -2.803     -2.762    -71.460
  -1   82     -2.825     -6.885    -72.725
   4  107     -6.769     -1.549    -73.634
  40   13     -7.469     -5.416    -70.640
  34    2      9.741      7.021    -70.649
  16    4      3.017      1.628    -72.352
   9   87    -10.497     -2.907    -75.351
  33   22      5.987     -4.183    -72.339
 125   37      5.012      4.136    -71.448
  15   17      3.982      8.212    -66.746
  19  207    -11.625      0.641    -75.617
  29   21     11.743      7.131    -68.685
  22   94     -4.847     -8.175    -73.626
  96   18      3.188     -8.616    -72.646
  99  821      2.201     -1.286    -76.484
  32   40     -2.526      0.304    -67.297
  27   32      0.935      3.055    -67.316
  14  115     -2.699      8.048    -71.514
 823   44     -2.032      6.369    -69.808
  53   89     -9.391     -8.816    -72.033
  28  419      2.166     11.610    -68.857
  76   16     -6.748     -7.404    -67.235
  60   48      1.877     -3.557    -70.848
 460   42     -4.045     -4.643    -71.247
 179  204     10.355      5.574    -73.253
  42  818     -9.583      4.569    -71.491
  50   31     -2.015     10.033    -68.959
 272  655     -5.755     -0.268    -72.142
 413   83     -5.223     -3.693    -71.883
 446  427      0.474      8.343    -63.513
  20  196      0.322      1.539    -68.021
  12   46     -3.531      5.898    -71.026
  23  167      5.875     11.798    -69.203
  77   67      6.445     -6.627    -67.896
 794   52    -10.238     -7.343    -68.827
  90   57      2.667      2.949    -68.447
  88   43     -0.692      9.487    -70.451
  45   -2    -11.941      5.372    -73.589
  92   27     -4.139     -7.865    -71.003
 441   56     -9.529     -7.361    -71.682
  37  526     -4.052     -3.629    -71.054
 109  443      0.334     -1.357    -65.804
  39  420      2.419     11.895    -68.976
  67   71     14.682      3.647    -72.185
 288  628      5.048     -1.949    -74.985
  66   80     -2.762     11.820    -66.272
 188   54    -10.626     -1.591    -67.691
  73   49     -3.850      4.689    -67.953
 101   62     -0.926     10.476    -68.262
  -1   -2     -7.648     -5.016    -66.508
  68  479     -5.517      0.660    -65.671
  35  306     -4.160      2.508    -70.341
  58  119     -6.732     -8.788    -67.934
 790   23     -1.393      8.621    -70.089
 402   51      0.939     -7.375    -71.265
  57  418     -6.982    -10.502    -72.324
 166   59     -8.390     -4.596    -69.929
  -1  161      4.286      1.079    -71.002
  52  473      9.187      9.254    -67.987
  83   58     -3.678     -0.203    -67.877
 259   91    -15.483      7.784    -75.037
 126   34      5.401      1.433    -67.483
  21   66     -6.822     10.740    -68.134
  -1   -2     -2.057    -11.832    -74.598
  72  118     10.149      7.015    -65.573
  87  143     -9.454    -10.752    -71.577
  62   70     -0.955      9.806    -66.643
 477  122      1.979     -2.569    -76.979
 465   55      5.135     -4.754    -67.218
 138   -2      1.162     -8.160    -71.893
  -1   65     12.908     12.341    -68.758
  -1   12     -5.101     -2.748    -72.214
 107  114    -11.946     -4.973    -68.345
 128  140      7.223     -7.085    -69.194
 435   75      5.685      9.013    -67.018
  43   95    -12.773     10.252    -74.061
 578  301      7.274      9.248    -70.839
 421   60      6.408      9.053    -69.800
  26   73     -3.371     12.252    -70.056
  82   93    -10.997      4.414    -67.449
 139  108      9.266      0.715    -65.429
 116   74     12.423     -5.771    -69.724
 416  132      2.047     12.309    -64.647
  74  157     10.565     -6.558    -68.934
  95  142      5.650    -12.102    -66.532
 108   96     10.273      4.181    -67.456
 113   78      7.644      0.486    -67.221
  -1   41      5.000      2.771    -65.813
 104  116      3.561     -4.084    -67.157
 112  244    -13.075     -8.827    -67.742
 219  226      5.403     -5.630    -71.009
  85  110      5.597     11.535    -66.483
  91   88     -8.260      3.656    -66.241
  69   35      1.569      1.303    -67.820
  61   39     -1.068      1.130    -69.038
 301  105      2.588      0.292    -76.193
 111  165      4.615     -6.844    -64.045
 141   15     10.718      7.832    -71.530
 815  423      2.510     -2.593    -69.981
 155   20     10.499      2.539    -70.446
 130  101      3.323     -6.445    -67.270
  -1  441    -11.288    -10.593    -70.006
 243  394      0.938      1.687    -72.905
  86  135    -12.135      0.424    -67.972
  78  442     -2.385      7.777    -61.148
  54   45    -15.829     -3.405    -72.684
 106  125     -7.089    -11.160    -68.062
  46  210    -10.534     -3.859    -68.349
 265  151      1.312    -12.190    -75.968
  25   25     -6.644      9.120    -70.772
 464  218     14.299     12.528    -69.998
 481  283     -3.436     -1.530    -73.208
  59  180      9.947     -0.481    -69.027
  97  123     -4.245     -5.719    -66.065
  89  428    -11.256     -8.294    -67.702
  -1  155     -5.550      2.436    -62.494
 110  128    -12.464     10.247    -65.919
 532  150    -13.054      1.760    -69.712
  38  817      9.007     -5.693    -71.660
 124  109     -0.997      5.879    -61.489
  -1  106     -7.853    -12.117    -67.791
 165  137    -10.329     -9.780    -68.279
 129  194      8.406     -4.273    -66.860
 793   50      9.498     -0.697    -71.463
  93  519    -12.672      8.757    -69.839
 336  317    -14.945      5.289    -69.710
 542  476      2.919     11.092    -59.131
 187  282     -6.627     11.431    -72.650
 553  104     -4.212      1.317    -61.093
 172  113    -11.818      3.318    -68.434
 103   -2     12.531     -4.770    -71.633
 185  456    -11.200      5.624    -62.375
  -1   -2      2.161    -10.091    -67.319
 182  295    -12.216     -1.983    -72.226
 201  117    -12.724      6.467    -68.693
 274  278     -1.286     12.719    -65.237
  -1  221     -8.505     -2.736    -62.452
 119  159      4.054     -3.616    -61.966
 207  240      5.303      9.368    -74.273
 242  293    -11.634      4.105    -70.507
 171  239     10.596     -8.701    -67.864
 213  734     -9.014     -3.745    -69.404
 412  252      9.330      0.205    -69.276
 449  616     -5.727    -10.902    -64.609
 293  102      8.354     10.796    -67.653
  55  439     -4.388     -7.798    -72.901
 114  822     -2.795     -9.901    -68.164
 245  168     14.318     -7.602    -72.001
 488   29     -0.793      6.206    -69.464
 167  147     -6.364     -0.134    -70.361
 811  136      4.790      1.655    -73.782
 248  249      3.425     -8.919    -68.766
  79   -2      9.460      7.772    -64.135
  98  189     -0.421      5.080    -63.118
  -1  356     13.573      6.581    -71.875
 217   -2     -5.281      3.262    -66.153
 463   84      7.674      6.027    -76.185
 170  488    -10.198      8.897    -63.580
  -1   -2     -7.293     -7.112    -67.382
 118  205      4.564     -7.392    -70.225
 493  449     -2.154     10.336    -61.154
 154  500    -12.010     -9.552    -69.798
 489  144      2.736      5.026    -62.421
  70  133     11.583      4.131    -70.165
 307  111      7.643      7.268    -66.823
 210  248    -13.708     -0.767    -69.200
 169  153     12.980     -2.222    -68.921
 478  265     14.371      4.151    -68.981
 132  176     -6.670     12.196    -63.470
 223  121     14.437      1.632    -72.090
 269  235    -11.895     -6.590    -71.914
 250   90    -12.701     12.136    -73.228
  -1  529      9.015      2.885    -62.078
  -1  284    -11.813     -5.131    -70.061
 133   98    -10.063      0.486    -67.355
 228  139    -14.422     -2.229    -72.896
  71  440    -13.659      5.250    -69.636
  64  819      2.897     -5.300    -74.899
 144  213      9.975     12.840    -66.499
 136  823     -8.385     13.079    -64.122
 156  190    -13.751      8.685    -71.253
 487   -2     -8.315    -10.057    -67.873
  -1  141     -5.983      3.461    -64.096
  -1  152    -10.278      5.898    -62.402
 208  241      7.448    -10.854    -69.067
 230  365     -8.069     -9.958    -74.719
 168   99      5.229     10.304    -71.684
 174  852     -9.608     -1.698    -62.353
 244  515     -6.749      2.938    -64.159
 143   -2      1.756      8.148    -75.478
 123  156      2.977      6.705    -65.659
 191  146     10.267     -5.549    -67.810
 270  304     16.173      8.402    -69.181
 222  263     16.589      1.465    -69.090
  -1  208    -11.540      0.707    -71.963
 203  824      9.431     10.754    -67.007
  -1  337     14.918     -0.530    -71.155
 175  268      9.177     -0.157    -62.320
  -1  170     16.581     -3.610    -73.089
 100   19     -5.116     -3.866    -69.349
 310  363    -11.699     -4.317    -74.333
  -1  254    -11.041    -11.117    -66.021
  -1   -2     -7.305    -10.022    -58.157
 157  528     -8.364     -2.372    -65.023
 153  195    -10.676      2.711    -67.835
 152  185      1.007     -1.365    -65.555
 229  154      9.181     -9.493    -68.744
 214  310     -6.544      6.164    -74.910
  31  112     14.236      8.245    -73.889
 146  387     -3.900      9.809    -71.205
  17   -2     -9.052      1.561    -72.550
  -1   -2     -7.659     -4.020    -76.689
 294   -2     -7.968     -0.103    -62.517
 149  343      7.640      1.616    -66.096
 186  193      2.700     11.733    -65.450
 102   92      4.626      5.908    -67.694
 335  328    -11.539     -9.639    -71.207
 163  243     -7.244      8.703    -74.329
 145  169     12.766     10.203    -67.899
  -1  178     13.573     -6.653    -70.987
 235   -2      9.643      9.058    -65.066
  -1  228     -3.921      4.828    -61.113
 323  209    -11.054      9.611    -71.017
 211  215      8.892     -9.327    -69.319
 117  307    -10.695     -7.098    -69.731
  -1  464    -15.721     -8.444    -74.272
 297  678     -1.673     -6.218    -62.919
  -1  253     -5.033      4.064    -61.602
  18  200     -7.350     10.280    -72.459
 570  509     -1.011      3.023    -60.683
 209  279     -9.835      7.958    -72.947
 303  651      1.005     -5.267    -63.884
 279   69    -10.248      2.701    -70.336
 253  171      8.926      2.613    -64.935
 232  853    -14.430     -5.229    -71.202
 317   -2      6.417     -3.166    -68.219
  -1   -2     -5.826     -0.370    -61.953
 447  227      7.690     -2.467    -68.494
 134  186      1.444     -7.005    -67.691
  51  430     -7.868     -9.399    -67.805
 428  206      8.784    -12.149    -69.943
  84  127    -11.221     -0.998    -70.521
 278  672     -1.500     -6.739    -62.481
 257  199    -11.101      7.090    -70.990
 646  447     15.458      8.016    -70.177
 150   72     -7.078     -5.816    -66.674
  44  708     -6.337      8.355    -77.026
 506  145     15.815      0.507    -70.847
 264  327      5.521      8.892    -73.394
 595  260      9.758      0.417    -63.995
 285  502      1.751      1.709    -59.865
 192    7      7.078     -2.071    -72.997
  -1   -2    -13.943     -7.927    -75.614
 415  319     13.581     -0.095    -68.759
 358  344      6.574     -3.388    -76.478
 362  198      4.747      5.914    -63.295
 816  360     10.519     -6.509    -63.078
 556  303     15.330      7.940    -66.213
 364  854     11.513     -1.985    -73.264
  -1  353      4.162      6.225    -72.559
 583  546      6.345     -3.673    -61.435
 266  325     11.399      8.010    -66.604
  -1   -2      5.019      8.382    -61.737
 263  300      9.069     -2.123    -73.521
 566  126      6.816     12.316    -67.182
 611   -2      4.877      3.358    -74.401
 181  214     -3.077     10.713    -62.189
  -1  298     -6.474      4.750    -74.960
 287  299     11.684      5.040    -68.263
 159   61      0.921      5.341    -70.414
 504  341     10.052    -11.511    -72.047
 372  222     11.707     -4.031    -64.285
  -1  386      5.388     -8.444    -66.556
 268  188      2.943      8.090    -63.058
 261  745      1.304      7.284    -71.399
 205  273     -9.726      1.336    -62.415
  -1  164    -11.144     -4.776    -70.169
 349  384    -10.152     10.564    -68.740
  -1  524    -11.928      5.480    -63.706
  -1   -2     -7.523      7.756    -70.711
 346  541     -5.913      3.698    -72.987
 519  294      5.323    -11.482    -68.592
 314  251     10.414     11.213    -68.602
 312  211    -14.412      6.217    -68.181
 321  677    -11.989    -11.402    -74.433
 238  855      0.553    -11.578    -68.702
 246  351     11.499    -12.110    -71.390
  -1  316    -13.732    -10.347    -68.307
 115  271     -4.475     -4.062    -64.663
 338  580     10.798     -6.868    -68.049
 178  277      1.826      0.740    -67.095
  -1  338     10.066      9.341    -72.520
 608  841    -12.233     -1.346    -75.843
 173   53     -9.338      7.874    -75.349
 212  446     -3.355     10.662    -70.242
  -1   -2     -5.885     -6.057    -75.032
 516   -2      4.234    -10.278    -64.388
  -1   -2      7.506      8.836    -66.342
 634   -2     -9.996      9.288    -75.824
 355  233      2.218     -1.261    -61.943
 374  412     -6.736      1.195    -65.414
 273  315     14.426     -5.113    -65.820
 354  373      7.789     -6.202    -73.327
  -1  361      3.921     11.485    -73.194
 196  191      9.679      0.363    -73.134
  -1   -2     -5.195      6.588    -68.768
 262  296     12.621     -0.493    -73.923
 267  624     13.196      4.098    -63.147
 368  348     -7.840     -3.037    -68.679
  -1   -2      5.970     -9.355    -72.723
 533  615     14.623      1.426    -67.853
 739  847     -0.783     12.131    -60.722
 252  148     -7.821      3.949    -63.617
 345  358     11.925     -8.336    -66.731
  -1  342     16.652     -5.279    -74.185
 258  389     10.729      4.288    -66.938
 382  596    -14.851     -8.576    -70.239
 304   -2    -13.397     12.067    -67.820
 333  347     -3.165     11.117    -76.267
  75  820      0.008     -7.560    -67.268
 309  305     13.333      7.752    -65.094
 633  354     -7.772      1.797    -67.150
 348  382     12.437      6.403    -65.112
 351  376      4.364     11.022    -72.840
 665   -2     -5.033     12.932    -63.295
  -1   -2     -8.249    -11.594    -72.725
 280  378     10.005     11.351    -66.256
  -1   -2     -7.874     -2.173    -62.912
  -1   -2     -3.524    -10.459    -73.611
  -1   -2     11.137     -4.356    -69.090
  -1   -2      8.182    -10.555    -64.218
 603  445     -5.283     -6.534    -70.685
 612   -2     12.248     -6.490    -73.374
  -1   -2     15.272      9.342    -65.448
  -1   -2      0.293     -3.006    -60.342
 286  381     11.138      1.106    -63.156
  -1   -2     -5.435     -2.064    -72.238
 327  321     16.578     -9.385    -68.595
  -1   -2      3.574     -7.328    -56.977
 521  633      0.835      3.198    -69.863
 342  280     12.379     -7.022    -71.832
 298  374     -4.517      7.279    -69.298
 818  368    -11.135     12.006    -67.351
 720   -2     14.508      1.402    -63.609
  -1  369      9.290     -3.644    -62.278
 396  829    -12.313     -7.301    -71.715
  -1   -2     16.597      5.405    -69.151
 381  397     15.917     -1.374    -71.612
 473   -2     13.520     -3.176    -73.681
 271  272     11.630     11.868    -67.421
  -1   -2      7.621     -5.288    -69.872
 284  340     -3.175      7.274    -67.621
 339   -2    -13.655      0.489    -76.602
 384  335     -1.631      0.695    -68.797
  -1  719      7.681     11.501    -64.000
  -1  393     13.034     -0.637    -69.287
  -1   -2    -15.236     -8.646    -77.796
  -1  579     -6.149     -9.829    -64.845
 347  390     -6.003     10.703    -72.453
  -1   -2     -5.051      6.208    -68.936
  -1   -2     10.025      9.768    -66.624
  -1   -2      0.934      6.445    -74.671
 249  626      6.335     -4.920    -66.347
  -1  367     16.514      0.562    -68.520
 324  454     15.147     -4.598    -74.210
 400  410      0.058     10.413    -66.935
 398  830      5.756     -9.061    -62.396
 686  359      5.422      2.365    -65.653
  -1   -2     10.884     -9.441    -57.130
  -1   -2     -6.381     -1.843    -67.969
  -1  751    -13.434     -7.942    -68.821
 383  856     12.302     -9.387    -60.981
  -1  366     14.649     -8.477    -74.771
  -1  595     -0.302      3.619    -59.782
  -1  741      8.581     -5.088    -62.650
 391  733     -8.334      0.416    -66.213
  -1   -2     14.771     -7.424    -75.673
  -1  236      3.817    -11.701    -71.766
 759  848      0.829     -2.514    -76.767
  -1   -2     -8.153     11.505    -66.546
 385  743     16.961    -10.517    -69.039
 390  857      5.843     12.149    -69.092
  -1   -2     -7.315     -9.745    -71.182
  -1   -2      2.840    -10.164    -71.748
  -1   -2    -12.281     -9.775    -64.651
  11  229     -5.915      0.903    -72.708
 204  465     -4.512     -2.921    -73.684
 426  648      6.324      2.243    -71.419
 408  403      1.340     -9.219    -72.401
  -1   -2      5.234      5.031    -68.959
  94   -2     -6.597     -2.709    -69.610
 389  131      7.039      2.671    -71.885
 290   -2      2.392     -5.615    -70.700
  -1   -2      4.464     -8.457    -63.054
  47  432     -1.384      1.321    -65.104
 160  422     -9.315      6.657    -74.647
 809   79     -9.941      3.985    -68.707
  -1  262      7.193     -2.847    -63.318
 404   64     -1.660     -1.725    -68.852
  -1   -2     -4.239     12.267    -62.807
 429   -2     -6.678      4.391    -64.944
 795  564      2.235     -6.997    -70.354
  -1  421      5.477      7.237    -59.549
 277   -2     -5.828     -6.747    -71.305
  -1   -2     -9.753     -4.142    -62.490
 574  281     -2.885     -2.871    -66.651
 502  158     -3.369    -11.235    -77.741
 289  453     11.863     -5.517    -69.204
  -1   81      0.284    -12.212    -69.346
 215   -2     10.048      4.567    -73.151
 142  455     -9.613    -11.372    -67.642
 436   47    -10.169      5.502    -66.918
  -1   -2      3.491     -9.759    -64.720
  -1   -2      3.888     13.369    -63.930
 437  485     -3.404    -10.679    -61.506
  -1   -2    -10.152     -7.504    -62.379
 422   97     17.341      1.954    -69.961
 425  409     -6.609    -12.586    -70.410
  80  173    -13.669     -4.931    -75.454
  -1   -2     -3.971     -2.875    -62.280
  -1   -2     -4.649     -6.427    -64.640
 800  134    -11.165      2.961    -62.756
  -1  466      3.535      4.072    -64.268
 275  436     11.937     -1.902    -73.340
  -1   86      0.708     -6.404    -76.565
 137   -2     -5.363      4.421    -64.382
 442  120     -7.402     -9.224    -59.682
  -1   -2     -7.274     -1.935    -68.185
 423  589    -14.023      5.404    -71.968
 529  556     12.692     -9.414    -73.532
  -1    1     -0.938      3.752    -67.727
 218   -2     -6.549     13.409    -63.917
  -1   -2    -12.625    -12.394    -65.614
 495  642     10.450    -11.140    -65.884
 438  832     -1.507      3.146    -65.029
 456  486     14.392     -1.555    -64.265
  -1   -2     -5.150     -4.960    -78.036
 427  448      4.835     -5.565    -60.695
  -1   -2      6.098      9.921    -77.176
  -1   -2     -0.122    -12.062    -76.837
 131  518      5.583     11.532    -63.793
 282  138     -2.094      8.833    -69.015
 482  497      5.709     -4.486    -62.589
 430   -2     12.467      2.133    -61.932
 483  182      4.943     -8.211    -63.560
 536  836     -2.161     -2.240    -57.711
  -1   -2     -6.508      1.225    -62.579
  -1   -2    -13.579     -1.264    -67.093
 334  187      1.933     -4.744    -63.612
 458  219     14.800     -7.583    -65.988
  -1   -2     -5.205      4.756    -71.621
 454  506     17.401     -2.550    -65.465
  48   68     12.343      0.718    -70.119
  -1   -2    -15.263      9.938    -72.460
  -1   -2     -4.463     -3.519    -61.128
  -1  444      7.305     -2.786    -73.050
  -1   -2     -3.184     -2.195    -57.494
 467  495     -3.529     -1.323    -60.050
 500  438    -15.601      8.624    -78.450
 509  183     11.413     -4.454    -73.734
  -1   -2     -7.196      5.042    -61.411
 225   -2    -14.788     -6.106    -74.541
  -1  480      9.304      7.430    -60.957
 105  475     10.362     12.422    -72.671
 466  489     -3.236     -8.440    -62.481
  -1   -2      4.642    -10.553    -60.833
 247  261     15.221     12.169    -70.017
 497  600    -16.393      1.896    -74.238
 470  481      2.843    -11.893    -69.432
 520  657     -4.881    -12.498    -67.405
 606  275     -4.267      2.892    -59.127
 548   -2    -10.257     -5.202    -64.429
 505  458    -15.913     -1.634    -77.899
  -1   -2     -9.367     11.550    -71.789
  -1   -2    -10.238    -10.652    -64.766
  -1  388      0.738    -11.404    -77.257
 198   -2     -9.956     -0.881    -62.074
 237  462      0.535      5.219    -60.448
  -1  216     -3.300     11.808    -62.510
  -1  520     12.190      0.616    -62.903
 627  220     -8.975     -1.544    -65.089
 176  517     -7.079     -7.281    -70.384
  -1   -2     10.857     -7.152    -69.674
  -1   -2     -5.500     -4.004    -64.908
 403  831     -5.465     -2.493    -70.919
 496  490     17.073     -0.753    -66.685
  -1   -2    -13.633      3.147    -76.975
  -1   -2     -1.535    -10.887    -66.885
 531  162    -10.339     -7.310    -70.066
  -1   -2      4.780     -4.517    -78.708
  -1   -2    -10.417     -1.017    -63.786
  -1   -2     -2.537      0.193    -70.094
 546  527     13.638      8.077    -69.130
 221  245     -1.652     -0.826    -73.448
 656  609     12.207    -10.405    -63.531
 299  554      5.533      5.149    -58.286
  -1   -2     -4.286     10.569    -62.667
  -1   -2    -12.999    -12.418    -69.977
  -1   -2    -11.043     -7.679    -63.059
 200  858     -8.961     -2.334    -74.562
 256   -2     11.577     -7.128    -70.764
 518  177      2.376    -11.030    -62.435
  -1   -2     -2.656     13.090    -65.952
  -1  408      8.071      9.297    -71.290
 622  309     -5.848    -11.410    -61.764
 523  549      6.759    -13.075    -65.952
 515  835     15.140      0.747    -69.194
  -1   -2     -6.037      0.555    -56.618
  -1   -2     14.493     -6.121    -62.133
  -1   -2    -12.304    -12.589    -69.400
 480   -2     -5.514     -8.749    -77.210
 195   -2      3.471     -3.126    -63.360
  -1   -2      8.126     -9.181    -69.123
  -1   -2      4.099    -10.613    -71.062
 597  256     17.205     -2.041    -74.308
  -1  331    -10.457      0.899    -62.034
 444   -2     -0.165     -0.144    -57.519
  -1   -2      5.053    -12.314    -66.562
 158  258     -0.466     -1.694    -63.570
  -1  311     -4.048      4.832    -74.493
 485   -2     -0.409      1.593    -59.066
 462   -2     -1.290      7.133    -61.923
  -1  285      9.952    -12.394    -65.362
  56  242     -9.525      2.274    -65.391
 320  276      5.248     -2.541    -71.517
  -1  350    -13.025     -1.583    -75.470
 643  197     -7.104     11.858    -71.821
 468  471     15.223    -11.270    -65.862
 557  318      0.338      6.028    -62.669
 552   -2     -6.894     -6.635    -66.727
 140  103     -3.797     -1.908    -74.134
  -1   -2      7.175    -12.077    -73.163
  -1  565      8.628     -9.618    -59.727
 220  825     12.033     -2.708    -66.802
 231  312     -5.413    -12.062    -71.252
 484  452     -3.072    -10.167    -62.010
  -1   -2      2.181     -9.898    -59.944
  -1   -2      6.563      5.625    -55.875
  -1   -2      9.217     -1.049    -76.364
  -1   -2      1.921     -8.429    -56.687
 567  838      9.949      4.539    -66.059
 543   -2     -2.318      3.638    -59.572
  -1   -2     18.477    -12.718    -72.174
  -1   -2      9.513     -5.082    -71.513
  -1   -2     12.241     12.895    -64.579
  -1   -2     12.499     -8.424    -75.158
  -1   -2    -12.052     -9.155    -61.975
  -1   -2    -14.875    -12.164    -68.638
  -1   -2     -7.842     -2.631    -72.545
 544  837      8.725     -7.400    -72.607
  -1   -2     -4.664      0.691    -59.903
  -1   -2      3.852     10.732    -58.911
 344  286     10.368     -9.361    -66.326
 236   -2     -7.518     10.781    -75.154
  -1  717      7.747     -4.135    -76.135
  -1   -2     -4.941      8.581    -57.680
 127  259     -6.166      3.147    -66.826
  -1  547     12.273     -4.707    -62.728
  -1   -2     -3.445     -4.006    -77.148
 206  530      8.626      3.794    -73.656
  -1  413     -0.544      9.369    -76.210
  -1  687     11.407     -5.440    -58.047
  -1   -2     -6.206      0.024    -72.988
  -1   -2    -10.447     -9.234    -87.880
  -1  551      2.045     -4.258    -73.256
 161  203      3.874      4.135    -66.013
  -1  643     15.410     -6.028    -67.785
  -1   -2     -9.489      8.942    -76.160
 360   -2    -10.549     12.715    -62.430
  -1   -2     -7.576     -3.213    -54.072
  -1   -2     15.318     -3.037    -75.518
  -1  308     13.130     -9.247    -67.499
  -1   -2     -9.406     11.645    -62.329
 522  561     14.809    -11.600    -68.964
  -1   -2     13.215     -1.986    -61.759
  -1   -2      5.393    -11.102    -76.052
  -1   -2    -13.004     11.336    -67.706
 644  683     -0.657      2.392    -58.049
  -1   -2     18.750      1.064    -71.343
  -1  722     15.226     -3.268    -60.645
  -1   -2     -6.291     -3.717    -75.900
 821  859     -3.858     -9.317    -56.912
 313  860      6.718    -12.575    -66.790
 122  270      4.074     -0.922    -62.975
  -1   -2    -11.646     -3.120    -68.755
  -1   -2      3.375     -4.860    -77.112
  -1   -2    -12.603     -9.559    -77.784
  -1   -2     -8.842     -3.156    -72.524
  -1   -2    -13.187      5.660    -68.234
  -1  377    -14.931      2.875    -75.701
  -1   -2     -7.045      0.151    -65.530
 377   -2     13.585      2.193    -71.676
 714  566     -5.559      6.419    -62.034
  -1   -2     10.456      3.582    -57.971
  -1   -2    -11.519      6.508    -61.227
 696  250    -11.905     10.136    -65.151
  -1   -2      1.089      8.066    -64.247
 202  297      6.792     -5.532    -69.189
 748   -2     14.739     -9.530    -69.992
 363  592      6.221     -6.335    -62.779
 610  842     17.703      3.161    -67.881
  -1   -2    -10.329     -3.245    -61.022
 618  608     -4.846      2.395    -61.861
  -1  754     16.726      6.318    -71.916
  -1   -2      8.137      9.579    -68.305
 517  149     -4.308     -5.797    -74.818
  -1   -2     -6.197      3.775    -61.415
 373  795     -6.123      5.308    -77.464
 343  406     11.258     -1.463    -63.880
 549   -2     11.636     -0.568    -62.591
  -1   -2      3.657      5.661    -56.144
 350   -2     -0.331     13.373    -64.995
  -1   -2     10.281     10.754    -57.556
  -1   -2      8.795      9.791    -70.855
  -1  417     -2.441    -10.079    -70.901
  -1   -2     -3.056      8.922    -57.876
  -1   -2      4.934      0.753    -68.006
 305  507     16.484      1.049    -73.722
  -1   -2     13.825    -11.751    -65.710
  -1   -2     -9.283      7.064    -68.555
 318  635     -5.977     -4.787    -68.925
  -1   -2      4.965      1.455    -62.268
 609   -2      9.870    -10.544    -72.196
  -1  459     -8.460     -3.790    -76.519
  -1   -2     -3.155     -0.329    -59.092
  -1  590      6.795     -9.713    -75.196
  -1   -2     11.364      9.915    -53.229
  -1   -2     14.525      3.602    -61.085
  -1   -2    -11.057    -12.492    -66.516
 796  274      3.373     -2.858    -64.255
  -1   -2     -2.815     -7.656    -87.974
  -1   -2      9.588     -4.630    -54.615
  -1   -2      0.494     -5.886    -76.408
  -1   -2     17.149     12.378    -68.134
  -1   -2     -4.303      0.012    -60.813
  -1   -2      1.094      9.874    -58.468
  -1   -2      0.413      3.580    -58.990
  -1   -2      3.971    -11.895    -61.273
  -1   -2     13.312      0.957    -58.321
 197  644     -4.966     -1.707    -61.272
  -1   -2     -6.515     -3.160    -67.889
 525   -2      0.474    -12.724    -68.583
 239  641      6.691     -0.338    -66.773
  -1   -2     15.033     -7.345    -85.206
  -1  581    -12.692     11.120    -64.736
  -1   -2     15.971     -6.030    -63.762
  -1   -2     -6.960     -9.186    -83.824
  -1   -2     -5.972      6.576    -73.185
  -1   -2     -1.795     12.480    -63.480
  -1   -2      8.234     -5.113    -86.031
  -1  511    -10.011     10.259    -72.162
 254  828      4.092      5.314    -71.334
  -1   -2      3.285     -9.709    -61.264
  -1   -2     13.240    -10.057    -61.798
 319  362     14.269      1.003    -70.888
  -1   -2     -5.933     -7.446    -63.929
  -1   -2      8.353      6.786    -63.424
 251   -2      9.439      0.031    -76.994
 375  861     -6.193    -11.022    -73.569
  -1  290      9.212    -11.427    -67.116
 387  383      1.791     -3.606    -75.639
  -1   -2     13.900      5.641    -66.888
  -1   -2     -7.999     -7.854    -58.118
  -1   -2    -11.096    -10.495    -59.758
  -1   -2     -7.766      4.369    -76.366
  -1   -2      2.881      8.167    -64.891
  -1  385      2.180     -7.247    -76.993
 291   -2     -4.828     10.649    -68.497
  -1  371     15.595      5.659    -64.930
  -1   -2     -4.681     12.371    -68.440
  -1   -2     -0.292     -9.203    -73.458
  -1   -2      3.677     13.058    -66.292
  -1   -2     -1.361     -8.923    -85.807
  -1  542    -15.291     -3.536    -78.807
  -1   -2     -1.660      5.638    -62.982
  -1   -2      5.304      1.856    -62.518
  -1   -2     -1.735    -12.410    -63.790
  -1   -2     -7.318      0.838    -60.738
 547  674     10.078    -13.010    -70.304
  -1   -2     11.516    -11.742    -62.709
  -1   -2      7.011     -1.574    -62.090
  -1   -2      4.894     -6.500    -72.774
  -1   -2      1.486     -8.074    -61.635
 340  552      8.434    -12.157    -64.975
  -1   -2     -7.604      9.901    -74.646
  -1   -2     14.567     10.093    -66.399
  -1   -2     -1.773     -9.856    -74.871
 698  698     11.852    -12.749    -70.892
  -1   -2     11.607      3.360    -71.106
 367  404     12.673      6.502    -66.179
  -1   -2     -7.732      1.785    -75.342
 474  833     18.098     -8.975    -72.504
 638  669      1.519      9.318    -67.170
  -1   -2    -13.184      2.001    -72.447
 386   -2    -15.821      3.191    -71.914
  -1   -2      4.245     -7.205    -56.798
  -1   -2      0.690      2.333    -60.372
 705   -2     -7.073     -8.647    -69.296
  -1   -2    -13.220    -11.852    -76.597
  -1   -2      5.315     -9.593    -60.489
  -1   -2      9.681     -6.938    -80.403
  -1   -2    -12.124      2.815    -66.189
  -1   -2      9.003     -3.904    -56.191
  -1   -2      6.330     -1.732    -73.556
  -1   -2     -6.461      1.658    -63.129
  -1   -2     -6.963      0.858    -60.891
  -1   -2     -3.859    -12.554    -74.638
  -1   -2     16.629      9.409    -69.896
  -1  217    -11.760     -5.694    -64.733
 824  862    -13.461     -1.378    -69.744
  -1   -2      2.182    -11.268    -57.142
  -1   -2     -4.698      7.810    -57.534
  -1   -2      8.409     -7.612    -65.745
  -1   -2     16.989     10.423    -73.624
 688  845    -15.388      4.530    -74.128
  -1   -2     14.752      9.794    -72.213
 395  696      4.689     -2.035    -63.060
  -1   -2     16.371      6.228    -64.260
  -1   -2      3.495      6.506    -57.992
 668   -2      4.870     -1.296    -74.463
 752  813    -11.710     -5.460    -71.466
  -1   -2     -6.324     -6.305    -77.362
  -1   -2     -3.092      6.183    -66.826
  -1   -2     -0.154      7.516    -59.644
  -1   -2     11.145      1.122    -60.520
  -1   -2     13.816     -7.326    -66.605
  -1   -2     -9.600      3.158    -56.638
  -1   -2     -7.054      7.126    -69.780
 658  844     10.944     13.423    -64.078
  -1   -2      1.854      4.782    -67.711
  -1   -2     13.540      2.739    -65.311
  -1   -2     11.129     -5.587    -54.007
  -1   -2     11.880     -1.767    -73.372
 756  336     11.972      4.759    -70.858
  -1   -2      6.957      3.759    -56.522
  -1   -2     18.128      8.160    -71.771
  -1   -2    -12.585      4.972    -65.859
  -1   -2    -11.211      9.795    -74.304
  -1   -2     15.109      8.906    -81.086
  -1   -2     -4.683     10.897    -63.545
 700   -2      0.709      4.628    -64.015
  -1   -2      8.528     -8.894    -74.833
  -1   -2     17.262     -0.284    -73.163
  -1   -2      5.330     -9.745    -76.852
  -1   -2     15.146      8.726    -71.299
  -1   -2     -1.297     -3.166    -61.091
  -1   -2     -0.514    -12.735    -68.612
  -1   -2     -6.833     -8.762    -65.630
  -1   -2     -4.519      5.855    -86.785
  -1   -2      9.273    -11.485    -64.496
  -1   -2    -11.056      7.200    -58.800
  -1   -2    -13.886      5.596    -86.855
  -1  675     -3.638      0.245    -58.988
  -1   -2      4.392     12.587    -73.038
  -1   -2      9.819     -4.717    -58.448
  -1   -2     -8.751     11.189    -62.841
  -1   -2     14.954    -13.104    -70.158
  -1   -2      1.157      9.234    -67.092
  -1   -2      1.810      8.545    -66.869
  -1   -2      2.057     11.084    -57.566
  -1   -2    -11.893      1.578    -79.944
  -1   -2     -6.937     -7.932    -68.483
  -1   -2     -0.877      1.618    -68.783
  -1   -2     12.569    -13.277    -63.971
  -1   -2      8.322      1.814    -77.052
  -1   -2      0.473     -2.689    -64.663
  -1   -2      0.213     -9.198    -64.535
  -1   -2     14.032     -4.682    -85.279
  -1   -2    -10.547    -10.237    -72.468
 693  846     10.734     -7.605    -60.101
  -1   -2    -12.081     -3.397    -77.306
  -1   -2      4.582     -1.567    -69.276
  -1   -2     -3.217      8.036    -77.155
  -1   -2    -15.058     -2.705    -72.999
  -1   -2     -0.178     -1.938    -84.432
  -1   -2     -8.545     11.375    -71.966
  -1   -2    -11.996     -2.428    -63.499
  -1   -2     17.497     11.979    -67.391
 819  693      7.307    -11.496    -70.045
  -1   -2    -12.796      8.073    -72.200
 357   -2      9.060      3.145    -73.653
  -1  407     -4.637     -0.143    -68.314
  -1   -2     12.033     11.537    -78.263
  -1   -2    -14.166    -11.178    -66.074
  -1   -2    -14.426     -0.445    -79.031
  -1   -2     14.074      0.699    -61.934
  -1   -2      1.204      6.487    -59.222
  -1   -2      2.415     -2.574    -65.443
  -1   -2     -4.396     10.609    -60.215
  -1   -2     12.721     11.255    -65.772
  -1   -2     -2.511     -9.169    -70.740
 767   -2      4.695      1.227    -56.599
  -1   -2      4.940    -11.045    -74.427
  -1   -2      8.831     -8.320    -81.803
  49   -2    -12.463     -2.849    -71.146
 432   -2     -4.081      5.554    -70.755
  10   36     -1.910      9.278    -72.573
 255   76      4.323      1.156    -65.551
 151   -2     -0.099    -11.174    -65.450
 512  834     -6.478     -6.818    -68.522
 789   -2     -4.321     -7.709    -71.756
 241   -2     -4.575     -3.996    -68.371
 453  863      7.115     13.328    -67.772
 810   -2      5.414      2.168    -76.499
 233  826    -13.659     -1.189    -67.476
 599  840     -5.952      8.177    -65.518
 802   -2      6.396      2.597    -62.487
 308  514      5.763     -7.659    -64.366
 670   -2      6.365      9.493    -61.478
 501  659     -8.468     -4.065    -73.670
 326   -2     11.443     -2.961    -68.969
 325   -2      5.505      4.562    -61.626
 378  770     -3.860     -0.405    -71.123
 311  864     10.520     -9.490    -72.237
 805  850      5.626      3.075    -72.803
 588  839     10.139      8.512    -71.215
 587   -2     -4.660     -4.049    -58.612
 120   -2      4.250      0.448    -66.334
 180   -2    -10.094      8.118    -76.109
 479   -2     -9.785     -4.687    -57.960
 577   -2     18.376     -7.983    -70.048
 600   -2    -15.612     -9.714    -70.154
 507  237    -11.970     -8.520    -64.922
 559  230      3.603    -11.885    -73.301
 792  699     -7.257     -5.955    -72.235
 380   -2     -0.975      8.211    -71.416
 586  602     -4.143     -7.748    -65.034
 680   -2     -2.534    -10.267    -63.072
  -1  289      0.357    -12.774    -68.564
 804   -2     -8.962      8.468    -76.620
 628  843     18.094    -11.257    -70.621
 806   -2      5.891     -1.801    -64.473
 766  849    -16.168      1.942    -70.614
  -1   -2    -10.765     -0.626    -60.017
 825  505      4.036      7.238    -77.628
 541  570     13.268      0.919    -73.322
 826  851     11.985      0.843    -74.589
 177  333     10.506      0.865    -65.233
 227   -2     12.695     12.124    -70.065
  36   63     -8.960      8.469    -72.602
 162   -2    -12.145     -8.710    -72.359
 306   -2      8.253      7.597    -74.242
 328   -2      6.841     -4.508    -69.084
 581   -2     14.100      7.575    -64.679
 619  865     -2.304     -7.908    -63.124
 822  866    -10.423     -2.991    -69.280
 832  867     -0.046     13.188    -72.505
 833   -2      7.777     13.414    -69.337
