832
  21   12      5.748      8.928    -71.442
   5    2      6.133      5.615    -71.633
   1    7      1.986      4.254    -70.426
  73    0      2.677      5.142    -68.012
   4    4     -7.604     -2.233    -70.988
   2   13      9.052      1.656    -70.484
  41    9     -2.465     -2.421    -73.931
  -1   -2      3.307     11.762    -65.149
   7   20      3.556      4.941    -70.798
  56   17    -15.597      7.817    -74.470
  -1  229    -12.285      7.598    -72.572
   0  395     -5.136     -0.514    -69.917
  27   80     10.149      2.766    -72.263
  83  421     -0.130      9.284    -73.765
  25    6      7.609      2.177    -68.488
  10    1      2.843      7.310    -70.228
  40   16     -3.026      6.298    -69.695
 185   43      5.944      1.720    -68.324
  34   94     -9.947     -3.956    -70.197
 382  402      0.034     12.422    -65.215
  -1   41     -3.321      3.741    -68.777
  -1   -2     -7.579     -8.229    -63.505
  16   36     -1.777      1.232    -75.148
  84   52     -7.045      2.846    -65.094
  28  401     -6.474      1.134    -66.913
 376  801      2.082      8.202    -71.629
  -1   72     -1.399     -7.963    -74.998
  35  394    -10.509     -0.778    -75.810
  22    3      0.535      6.757    -66.411
  11   38     -1.648      6.118    -71.850
  -1   27      4.408     10.401    -68.208
  12   24      9.432      2.157    -70.749
  23    8     -7.959     -6.870    -70.792
  30   39      4.489      4.523    -68.437
  33   45      7.831     10.780    -67.897
  37   31     10.362      5.280    -66.690
  26   15      2.387     -3.002    -74.076
 425  199      8.490      8.104    -66.793
  17  409      1.938      6.577    -70.622
  81   21     -2.424      6.274    -66.909
 121   11      5.106      1.027    -67.831
   6    5      5.111     -1.408    -68.985
  13   53     -1.703      1.280    -69.907
 401  803      1.910     10.439    -69.170
 560  161     15.049     10.320    -74.001
  86   30     -4.995     -1.600    -67.893
  -1   35     -7.624     -3.287    -77.861
  14   18      6.040      5.072    -71.826
  98   57     11.010     -2.668    -72.946
 368   -2      1.979     -5.224    -64.329
 373   44      5.163      9.554    -65.677
 209   46      1.772      4.933    -74.574
  72   67    -10.625     -2.871    -69.737
  51   48      5.360     -6.946    -67.986
  43   74      0.133      0.568    -65.220
 219   70      4.031      9.624    -66.873
  18  782      4.923      3.477    -70.849
  53   58     -7.431      5.047    -67.374
  69   71     -0.589     -0.983    -70.684
 170  787     -6.282     -8.039    -75.053
 114   14     -7.142     -0.540    -64.505
 488  183      9.208     12.496    -70.339
 369  155      3.516     -0.980    -69.360
 418   -2      0.205    -10.977    -73.162
 164  556     -5.151     -1.543    -74.566
  63   82      6.746      6.722    -66.764
 796  415     -0.310      7.326    -60.478
  67   66     -8.217      9.481    -64.228
 227  306     -1.740     -7.237    -68.944
  79   90     -2.827      7.353    -67.315
  92   98     -2.140     -0.148    -64.735
  45   49     -1.242      5.121    -64.446
 809   65     -9.220      2.727    -68.035
 158   85     -8.406     -0.228    -66.341
 131  121      2.836     -9.161    -63.510
 148  144     13.405      3.082    -68.922
  48   59      7.082      9.235    -64.004
  76   78      5.006    -12.100    -68.816
 111   25     -3.679      0.432    -71.667
  87  185     -1.437     -3.117    -73.212
 392  802     -4.431      8.206    -63.935
 140   60      1.889     -8.865    -69.053
 119   32     -5.587      0.826    -67.564
 123   84     -0.582     10.876    -63.931
 203  211     10.119      1.497    -71.148
 224  214     10.161      4.021    -69.429
  -1   -2     -6.373      9.451    -57.663
  57  216      2.025      2.125    -65.980
 374  152     -2.837      6.289    -65.908
  82   10     -8.619      7.409    -66.957
  49  114     -1.954    -11.497    -70.980
 492   -2     -6.591      9.451    -75.246
 110   95     -4.746      3.319    -62.897
 431   -2    -11.979     -8.441    -71.687
 165  101      6.580     -6.247    -67.805
  -1   -2     -9.104      2.394    -77.681
  80   88     13.917      4.615    -65.910
  97   62     -9.218     12.067    -68.800
  -1  111     -1.867      1.206    -67.752
  75   79      2.351      7.395    -61.728
 138  120     -1.850     -7.081    -70.435
  -1   61      0.297      5.339    -75.564
 135   63      9.660     -0.530    -67.386
 817   77      4.554      2.365    -68.360
  20   89      6.891      1.282    -68.327
 147  165    -13.844      0.393    -67.325
 134  108      6.599     -3.135    -66.543
 127  399      2.823     12.748    -66.769
 217   19     14.263     -1.207    -72.376
  91  112     -9.729     10.543    -65.780
 191  335     12.433     -2.502    -72.195
 267   23     -4.785     -8.878    -71.593
  78  230      8.208     -4.813    -68.616
 526  768      1.877      8.625    -77.420
 106  115    -10.939      0.784    -63.760
  94  251     -3.958     10.395    -63.469
 238  209    -11.158      2.637    -72.081
 149  440    -11.704     -6.787    -68.855
 270  413     -8.810     11.062    -63.954
 120  116      9.176      7.858    -68.084
 521  166     -1.560      5.662    -69.250
  68  129     -3.964      2.803    -73.738
  46   51      3.475      7.182    -65.858
  61  172    -14.085      0.933    -69.612
  90  103     -7.390     -4.713    -67.754
 190  151      8.587    -11.493    -68.910
 151  133     11.135     -3.368    -65.247
 101   83      1.379     -8.098    -65.027
  -1   -2      2.044     -5.911    -62.201
 159  193      2.777    -12.701    -70.009
 390   68      7.393     -7.392    -67.010
  59  784      5.760     -1.687    -71.960
  -1  472     10.412      9.400    -67.558
  93  574      8.946     -0.486    -71.772
 118  113     -6.168     -0.911    -62.430
 199  143     -8.623     -4.416    -64.310
 104  107      9.736     -3.373    -67.094
 146  147      6.323      8.319    -66.659
 143   55      0.597     -4.879    -63.988
  89   81     -2.455      5.524    -63.408
 133  136     -0.687     -4.982    -63.969
 236   96     -1.408    -11.168    -65.240
 430   97     -6.943      3.568    -65.942
  85  142     -4.696      1.965    -61.813
 113  196     -6.722      1.115    -63.410
 525   34     -4.353      4.839    -73.367
 212  139      5.572      7.036    -76.032
 444  240    -13.989    -11.974    -70.879
 213  248     -1.857      1.170    -64.303
 588  516      4.879     -6.383    -76.246
 247   33     -0.560      2.529    -71.824
 163  356     12.312      4.616    -73.981
 423   69     -6.839      6.487    -72.391
 150  117    -10.182     -2.952    -63.215
 187  180     -2.770     -0.420    -64.639
 116  491     -5.982      2.572    -62.007
 443  126    -10.118    -11.544    -67.990
 154  179     -5.061     10.089    -64.095
 136  349      7.771      7.313    -73.102
 175  448     -7.699     -9.868    -64.238
 141  156      0.088     -5.787    -64.759
 132   -2      9.907    -11.570    -68.296
 194  125     -4.055      5.393    -66.370
  -1   -2      0.837      2.247    -59.496
 551  105     -6.921      7.187    -61.777
  54  160    -15.436      5.987    -70.549
 293   86    -12.801      0.549    -70.802
 264   26     -8.548      7.828    -73.705
 139  217     -8.555      1.290    -62.299
  -1   -2      6.370      9.824    -74.523
 420  233     10.971     -5.815    -70.436
 179  127    -10.637      7.533    -65.913
   8   87     -0.224      4.494    -67.368
 244  530      8.423      9.540    -71.905
  47   42     -2.448      6.043    -74.531
 117   99      5.710    -11.379    -72.150
 232  342     -5.987     -0.883    -75.273
 137  169     10.770     -1.213    -65.576
  -1  486      1.646     -8.593    -64.825
  55  215     -2.715      0.179    -69.351
 124  231     12.204     -1.706    -69.131
 477   29      5.770     -7.756    -64.155
 260  146      0.521     -1.445    -73.006
 460   -2     10.461      1.021    -62.654
 300  186    -12.731      7.650    -66.505
 417  244     -4.334     -2.338    -64.198
 228  174     -9.237      3.638    -75.413
 200  369    -12.231     -1.206    -74.474
 198   -2    -12.590     12.162    -73.234
 229  189     -2.383      9.721    -66.120
 479  502     -8.252     11.410    -70.312
 249  259      5.066      4.046    -63.735
 451  195     -4.136     -2.918    -62.844
 426  263     -4.259      1.683    -74.997
  32   -2     -2.915     11.503    -71.443
 183  247     11.081     -1.964    -67.654
 145  514     -4.046      7.582    -71.471
 195  170     -8.284      9.009    -66.617
 160  203     -0.048     -8.903    -66.074
  -1  457      4.001     -6.261    -76.245
 226  158     -3.512     -7.350    -68.053
  -1  465     12.880     -1.915    -75.373
  99  236      5.731    -10.491    -66.894
 466  321      4.214      1.132    -74.665
 205   22     -3.089     -0.665    -70.735
 424  178     -7.029     -3.808    -66.018
 274  225    -13.998     -9.194    -74.726
 128  227      5.510     -4.134    -67.136
 112  826     -5.510     -7.810    -71.455
 188  162    -10.602     -4.180    -66.178
 334  525    -12.497      2.822    -77.418
  -1  337      9.859     -6.942    -66.073
 356   -2     11.743     10.539    -70.849
 405  104    -10.444      7.781    -68.943
 115  273     -7.680     11.103    -71.047
  66  319     -6.768     11.961    -73.531
 399  600      9.755      8.042    -63.450
 142  188     -3.756     -3.454    -61.894
 125  132     -7.436      8.357    -67.190
 107  320    -15.099     -0.941    -73.715
 174  181      6.574     -6.324    -64.593
  -1   -2      1.808      7.367    -71.414
 824  407     16.129      8.527    -64.993
 182   56    -11.760     10.461    -71.015
  42   76      0.766    -10.731    -69.950
 237  100      3.632     -2.876    -65.482
 178  531      5.720      0.406    -62.990
 144   -2      1.969    -11.574    -68.366
 271  827      4.067     -7.856    -66.877
 152  544     -3.128    -12.111    -67.360
 341  338     -3.902     -8.394    -74.494
  29  223     -4.575      7.657    -73.041
 186  205     -7.234      2.910    -71.295
 288  500      5.970      1.385    -65.672
 225  463     -1.674      9.614    -74.152
 257  468    -13.269    -11.593    -71.245
 130  140     -0.654      2.931    -75.079
 253  130      7.911     -0.815    -73.287
 105  191     12.148      6.847    -68.020
 305  307     12.296     10.726    -68.402
 297   54      1.571      2.228    -63.716
 259  167    -13.940     10.369    -67.709
  71  287     -1.343     -5.641    -68.923
 173  238     -4.726      7.726    -69.993
 263  123      2.035      2.484    -69.285
 351  208      1.190      2.914    -71.070
  77   -2     -2.266     10.558    -68.063
 404  313      0.929     11.409    -71.400
 311   -2     -4.777      3.936    -62.030
 261  245    -14.519      4.484    -69.457
 196  422     13.624      5.208    -75.062
 210  789    -14.197     10.809    -76.906
 679   37     -2.969      6.263    -71.830
 230  330    -11.841     -2.516    -65.555
 157  786     -0.893     -3.437    -67.047
 514  119    -15.662     -2.982    -72.429
 184  788    -11.668     11.002    -65.614
 795   -2     -2.115     -4.035    -67.512
  -1   -2      2.026      9.048    -66.997
 214  471     15.911      7.031    -68.530
 231  309     11.796     -5.869    -70.885
 166   -2      6.925     -8.522    -68.921
 344  305      1.172     -8.522    -64.910
 589  145      7.199     -7.904    -65.738
 181  177      6.072      8.805    -63.460
 484  249      0.735     -2.021    -62.910
 168   64     15.017      0.011    -71.756
 438  262      4.809     -2.960    -70.378
  64  296    -14.266      9.031    -72.437
  -1  242     -9.636      8.430    -63.365
 668  288     -7.384     -3.364    -68.221
 585  672    -13.855     -9.729    -69.048
 531  332      6.075      1.841    -65.126
 243  137      1.172     -4.416    -71.527
 269  567     -3.485     -7.662    -62.135
 242  246      6.934     -7.306    -64.507
 804  433     -6.013     10.163    -63.954
 618  187    -12.103     -5.412    -64.121
  -1  234    -10.332     -1.865    -62.163
 284  793     -4.616     -4.721    -75.274
 317  241     12.214      7.230    -67.338
 555  164      6.352      5.243    -64.829
 325  364     15.715     -2.496    -73.757
 463  267     10.723    -11.348    -71.922
 332  298    -13.500      6.144    -67.741
 322  258     14.098     10.986    -69.446
  -1   -2     -6.221      5.359    -75.874
  -1   -2     -3.789      6.235    -77.287
 240  228    -13.054     12.783    -66.715
  -1   -2     -6.797     11.444    -75.486
 358  257     -5.600     -4.269    -72.579
 346  608     12.531      0.169    -71.858
  88  745     -2.281     -2.219    -70.055
  -1  280     13.726      2.051    -74.172
 255  269     15.827      9.813    -70.543
  -1   -2     -6.789     -6.685    -57.106
  -1  149    -13.235     -1.848    -67.727
 272  256     15.239      0.358    -65.177
 324   -2      8.750     -5.852    -65.660
 258  469     -7.441     -0.720    -61.708
 208  276      7.195      8.800    -73.738
 557  598     13.867     -4.022    -64.939
  -1   -2    -11.982      2.806    -64.024
 598  814     10.049     -2.153    -62.978
 310   -2      8.406     10.206    -66.656
 313  283     12.047     10.159    -66.520
 220  348    -12.297     -3.122    -65.247
 497  260      8.423      7.813    -65.137
 558  310    -14.852    -11.447    -71.090
 702  380      7.447    -11.838    -70.150
 153  371      1.010      6.116    -73.150
  -1  362     -4.596    -10.738    -68.117
 292  583     14.007     -6.029    -68.704
 381  304    -11.663      0.472    -64.530
 176  286     -6.278     -6.521    -75.693
  -1  347      1.448      9.778    -63.130
 329  341     16.027     -8.797    -70.928
 652   -2      5.864     -1.259    -76.552
  -1   -2     -1.977     10.380    -66.238
  -1   -2     -5.302     -5.817    -64.962
 277  392      6.792     -0.974    -72.342
 294  270      8.124     10.889    -74.286
  -1   -2      6.112      5.612    -63.647
 216  201     -3.858      3.580    -67.123
 635  534     -3.994     -1.078    -67.086
  -1  232     15.476     -3.339    -73.978
 283  294    -10.190     -4.611    -74.415
 315  798     -4.752      7.112    -66.971
 275  792     -7.859     10.139    -63.572
 302   -2     -1.356     -3.708    -68.591
  -1  540    -11.667     -7.846    -71.196
 839  352     -2.315     10.553    -75.245
 218  202     11.547      1.671    -63.477
 301  254    -14.401      2.199    -67.791
 602  828     -7.879      0.471    -72.111
  -1  122      3.821      4.818    -62.964
 246  281      8.141     -8.126    -64.510
 612  219    -13.103     -7.064    -72.545
 316   -2     14.416     -3.934    -73.225
 673  300     -1.381     -9.968    -67.971
 314  797     11.826    -11.941    -68.879
 295  334     11.554      8.744    -66.384
 279  206     15.399     11.475    -73.328
 708  664     12.370      8.209    -64.358
  -1  329    -10.078     11.172    -63.793
  -1  634     13.902     -0.004    -63.392
 354  800      8.054     -4.464    -75.044
  -1  289    -11.865     -4.443    -75.440
 365  388      2.319     -1.552    -72.843
 722  756      1.509    -11.809    -75.269
  -1  284     -7.342     -3.826    -68.668
 655  308     -4.932     -3.954    -65.939
 330  314     13.187      6.977    -64.312
  -1  285    -12.179     -5.137    -77.747
 327  558     -4.927      9.775    -62.700
  -1   -2      4.310      1.608    -59.272
 251  345     -5.525    -12.242    -66.305
 234  485      2.727      0.645    -68.937
 691  818     12.986     -4.273    -66.128
  -1   -2     18.133     -3.495    -71.798
 303  375     -5.668      6.460    -69.331
 299  795    -12.767    -11.161    -75.297
  -1  650      1.020      0.423    -65.643
 331  255    -11.754      5.332    -68.510
  -1  379     17.249     -0.999    -72.760
 339  373      1.954     -6.470    -67.168
  -1   -2     -9.589     -3.211    -76.330
 832  829      3.428      8.350    -64.373
  -1  355      3.502     -1.491    -66.690
 683  360     -5.130      3.875    -65.689
 268  538     11.557      2.067    -67.637
  -1  620    -14.043      7.887    -75.495
 605  616    -15.772      1.043    -73.566
 265   -2     10.294      4.140    -70.855
  -1   -2     -7.579      1.701    -76.950
 345  357      9.710      3.158    -62.193
  -1  365    -13.475     11.965    -67.610
  15  386     -8.345      3.079    -73.878
  -1   -2     -8.228     -7.033    -63.271
  -1   -2     -9.088      9.879    -59.291
 377  190      8.902      8.136    -70.521
  -1  424     -1.834     12.790    -61.999
  -1   -2     -6.472    -11.542    -60.097
  -1   28     -9.312      3.210    -72.310
  -1   -2     -2.328     -6.863    -59.701
 291  408     -5.110      0.068    -70.188
  36  210     -2.093     10.803    -70.586
  -1   91     -6.932      5.880    -66.128
 454  390      1.356      7.411    -74.985
  95  785      2.912    -11.599    -69.116
 375  110      0.066    -11.380    -70.988
  -1   -2    -11.174      2.101    -66.305
 370  118     -5.766      7.480    -68.971
 498  808      3.068     -5.994    -75.590
  19   50      4.435      5.710    -67.874
  -1   -2     -5.223     -9.806    -55.042
  -1   -2    -12.896      6.639    -63.360
 395  419     14.249     -5.966    -66.870
  -1  393     -5.227      5.415    -69.662
  -1   73    -15.118      8.193    -69.798
 811  420      8.863    -10.673    -60.410
 402  804      8.478     -5.597    -73.097
  -1   -2    -14.672      8.696    -77.072
 206  154      4.143     -5.479    -73.178
  -1   -2      3.705    -10.638    -69.794
 437   -2      9.989    -10.683    -64.862
 396  261      2.065      4.854    -65.809
 387  131     -4.926     -8.579    -68.617
 542  418      2.019    -10.408    -72.898
  -1  520     13.205     -1.565    -73.117
 458  194     -2.883     -1.256    -63.787
  -1   -2     -0.684      8.880    -62.496
 278  428     11.548      1.215    -66.518
  -1   -2     -5.801    -11.542    -61.816
  -1   -2      1.853     10.771    -62.330
 549   92      3.009     -4.738    -67.242
 366   -2     -3.265     -1.567    -61.732
  44  467      8.561     -6.376    -71.103
  -1   -2      4.635     -6.192    -60.223
 411  391      0.436     -3.087    -60.933
 286  224     14.756      2.717    -66.602
  -1   -2    -12.806     -9.456    -72.638
  -1  641     -8.042      5.359    -60.036
   3  213      9.462     -0.884    -71.202
 406  138     -1.203     -8.691    -65.069
 422  435     -9.586     -9.689    -63.005
 510   -2      3.837    -10.692    -77.217
 413  806     -7.223    -11.079    -71.528
 197  461     -6.024     -7.004    -60.308
  -1   -2    -12.751     -9.365    -81.549
 815   -2      5.083     -9.651    -61.619
  -1  462      7.990     -8.402    -72.207
 523  810     -4.380     11.611    -72.486
  -1   -2     -9.634     -9.034    -74.330
 481  445     -1.379    -11.706    -70.920
  -1   -2      4.678    -11.068    -63.019
  96  447     -7.831      0.890    -65.941
  -1   -2     -9.745     -6.123    -66.651
  -1   -2     -7.799    -10.625    -62.964
  -1   -2      2.879     10.882    -77.909
 543  446      3.573     -2.784    -60.586
 480  204    -15.596      2.460    -73.750
  -1  443      4.833      4.168    -60.930
  -1   -2    -14.693    -10.778    -68.977
 189  572      5.230      8.878    -61.507
  -1   -2     17.404     11.045    -67.864
  -1   -2     -5.493     10.294    -60.494
  -1  455      3.023     -3.362    -59.584
 627  816      4.352     -4.126    -70.420
  -1   -2      5.280     -8.541    -60.812
 414  235      2.139     -1.422    -65.993
  -1   -2     -7.874    -11.105    -87.346
  -1   -2     11.671     -8.132    -58.073
 416  477     -3.438     -1.687    -66.271
 221   -2     -4.922     -9.755    -69.060
 440  527    -13.938     -0.685    -65.951
  -1   -2     -2.829     -9.439    -61.065
 447  173      7.103    -11.142    -64.992
 644   -2     12.691     -5.082    -67.909
  -1   -2     -5.758     -7.786    -66.893
  -1   -2      1.987     -2.367    -79.480
  -1  430     14.248    -10.007    -64.465
 233  148      2.756    -11.837    -71.845
 453  271     -6.640      6.226    -70.616
  -1  547     14.966     -5.158    -73.025
 482   -2     -0.133      4.303    -63.799
  -1   -2     17.089      9.334    -72.744
 619  449      2.238      2.565    -76.756
 797  717    -15.362     -6.348    -75.865
  -1   -2     -5.329      1.037    -63.890
  -1  252     -1.557     -6.691    -62.058
 470  265     16.448     -1.009    -66.861
  -1  425     -1.514      0.120    -69.600
  -1   -2     10.444    -10.183    -60.479
   9  781      4.613     13.321    -65.449
 407  494     -4.526     -4.655    -69.785
 436  492    -13.406     11.733    -65.730
 507  809    -13.075     -8.278    -64.037
 108  184     -9.874      3.599    -71.936
 469  299      8.082     10.322    -63.664
 410  805     -8.729      3.772    -69.430
  -1   -2     -9.908     -4.164    -59.706
  -1   -2      6.073     10.046    -57.728
 412  266      1.315      5.322    -61.586
  -1   -2     -4.027     -9.368    -59.106
  -1   -2     -0.841     -2.669    -60.586
 378  464    -11.629      5.109    -62.051
 572  243     -5.249     -0.560    -75.431
  -1   -2     -1.339     13.290    -64.051
  -1  704     -4.453     -0.789    -64.145
  -1  487      5.231     -5.052    -82.260
  -1   -2    -15.099     -6.664    -73.820
  -1   -2      9.874      4.176    -65.299
  -1  549     -1.233      0.079    -58.774
  -1   -2    -12.570     -7.416    -85.852
 308  317      1.264     -1.960    -73.360
 537  811     -0.707     -0.807    -70.672
  -1   -2      3.736     11.065    -59.823
 538  128     10.138      0.676    -63.294
 487  482     10.642     10.803    -63.956
 569  328     -0.781     -4.931    -60.247
  -1  495     -5.643     -2.577    -75.405
  -1   -2     -5.084      6.651    -61.146
  -1   -2      8.252     -1.147    -60.131
  -1   -2     -2.781      9.985    -55.945
  -1   -2      3.111    -12.001    -62.965
  -1   -2      4.349     10.671    -64.490
 697  237    -13.201      6.315    -69.501
  -1   -2     12.982     -4.936    -60.431
 409  106      1.445     -3.924    -62.886
  -1   -2      1.338     10.162    -65.072
 610  561     17.238     -2.955    -66.683
  -1   -2     17.587      4.786    -71.924
  -1   -2     16.473    -12.615    -74.566
 501  479     13.497     -1.718    -63.082
 304   -2     14.978      4.925    -62.541
  -1   -2    -15.422    -10.979    -74.528
  -1   -2      0.751    -12.416    -71.325
  -1   -2     -6.597     10.193    -54.438
  -1  176     -9.238     12.236    -63.855
 201  212     -6.122      7.689    -68.668
 254  791    -10.991      3.727    -75.246
  -1   -2      0.045     -6.523    -56.683
 534  512     -6.086      0.915    -62.351
  -1  548     14.859    -10.119    -74.516
 559  473     14.857      9.748    -65.466
  -1   -2     -5.126     13.286    -62.664
 554  524     12.919     -2.283    -62.328
 799  200      8.769     -8.122    -65.570
  -1   -2      6.021     -9.047    -81.002
 285  537      9.428    -11.692    -66.447
  -1   -2      5.013    -12.066    -73.230
  -1  489      8.411     -1.000    -73.700
  -1   -2      7.790    -10.722    -63.341
  -1   -2     14.116    -11.628    -64.283
 494   -2     13.626     -7.254    -65.740
 319   -2    -13.638    -12.261    -66.129
  -1   -2     -8.962      1.057    -59.782
  -1   -2     -1.047    -10.453    -72.645
  -1   -2     10.281     10.048    -63.450
  -1   -2     10.109     12.639    -63.984
  -1   -2      1.963     -1.068    -65.229
  -1   -2      9.883     -5.415    -69.284
 320  592      6.775     -9.599    -65.467
  -1  483     13.679    -11.775    -65.004
 667   -2     -7.795     -1.829    -60.471
  -1   -2     -0.455      9.259    -56.203
  -1   -2     -9.696      2.862    -59.132
  -1  460     -8.868    -12.801    -65.470
  -1   -2    -12.161      1.165    -72.441
  -1   -2      5.497      1.824    -62.669
 391  596      3.318     10.587    -73.327
  -1   -2     -8.462     -4.667    -60.058
  -1   -2     -4.922     -5.433    -70.870
  -1   -2    -13.024      3.802    -66.871
 515  274    -13.806     10.884    -74.517
  -1   -2     14.536     -3.703    -74.973
  -1   -2     16.075     -1.861    -83.191
  -1   -2     -5.254     -6.624    -64.963
  -1  322      7.360      5.314    -60.016
  -1   -2     -4.837      0.256    -55.901
  -1   -2      0.132     -9.076    -69.051
  -1   -2     10.919     -3.246    -62.506
  -1   -2     -5.829      2.252    -59.307
 207   -2      0.371    -10.360    -73.500
  -1  361    -11.500     -7.183    -63.819
 801  536    -13.863      8.462    -74.617
 621  543     16.466     -6.489    -63.343
  -1  630     17.268    -12.722    -68.131
  -1   -2     -9.362      5.701    -76.205
  -1  277      7.768     11.608    -61.943
  -1   -2      3.769     12.142    -73.426
  -1   -2      1.946      8.870    -68.618
  -1   -2     10.937      9.194    -53.950
  -1   -2     -2.050     11.720    -60.389
  -1   -2     -1.995     10.048    -58.310
 570  546     17.679    -11.611    -68.594
  -1  510      0.102      5.558    -59.167
  -1   -2      9.825     -9.241    -59.447
  -1   -2      5.530     -9.248    -56.601
 290  794    -12.977      3.800    -74.966
  -1   -2     -8.513      8.599    -55.825
  -1   -2      7.280      1.683    -57.885
  -1  613     15.025     -0.554    -64.927
 729  665     18.399     10.774    -72.050
  -1   -2      9.841     11.600    -69.208
  -1   -2     11.809     -9.006    -68.694
 603  651     16.820    -11.385    -68.235
  -1   -2      2.527    -11.278    -75.942
 202   -2     10.302      5.245    -63.209
  -1   -2     -0.157      2.001    -67.397
 372  368     -5.985      1.131    -71.482
 361  748     -6.114     11.307    -69.588
  -1   -2      5.019     -7.344    -74.879
 262  282     10.392      6.383    -68.217
 831  427     -3.307      0.586    -74.129
  -1   -2     -3.157     11.701    -60.178
  -1   -2    -10.790    -12.377    -63.339
 611  579     17.339     -8.118    -66.326
 393  290     11.671     -0.229    -73.673
  -1   -2    -13.914      3.717    -80.318
  -1   -2     14.309     11.919    -73.290
  -1   -2     -1.401     11.204    -59.241
  -1   -2      0.811     -9.718    -62.124
  -1  635     -7.755     13.241    -61.360
 281   -2     -8.939     -8.063    -75.868
  -1   -2     -8.559    -12.066    -67.591
 834  830    -10.172     10.728    -76.555
  -1  437      9.134     -4.222    -62.066
 608   -2    -14.304      0.054    -66.976
  -1   -2      6.903     -6.612    -85.794
  -1   -2    -10.867      7.397    -60.161
  -1   -2    -10.655     10.405    -69.370
 594  585     -9.412     10.364    -75.102
  -1   -2      9.593     -5.400    -65.917
  -1   -2     14.165     10.919    -58.832
  -1   -2     10.156      1.323    -59.750
  -1   -2    -14.857    -11.109    -76.888
 614  815     16.212     -8.584    -65.339
  -1   -2     17.619     11.572    -69.302
 256  346      1.710     -4.466    -71.223
 312  350     -9.370      4.604    -63.030
  -1   -2      8.497    -10.944    -60.960
  -1   -2     -7.556    -11.258    -62.797
  -1   -2     -8.736      9.288    -59.504
 747  639      7.423      9.664    -64.417
 649  817     -9.159      6.439    -73.343
  -1   -2     -1.454     11.010    -69.047
  -1  584     -0.384      3.369    -59.665
  -1   -2      4.214     11.467    -60.068
  -1  344     14.600      3.741    -73.672
 651  253    -13.647     -3.398    -65.433
  -1   -2    -13.965    -10.802    -65.033
  -1   -2    -13.600    -12.207    -67.305
  -1   -2     17.719    -10.128    -67.409
  -1   -2     -3.781    -12.015    -77.221
  -1   -2     13.675     -4.131    -59.312
  -1  301      6.167      1.105    -71.609
 342  612     10.208      5.314    -64.554
 656  541     18.088      3.874    -71.212
  -1   -2    -10.698     -1.010    -57.914
  -1   -2     -9.227    -11.454    -61.619
 100   -2     -1.737      1.048    -68.376
 475   -2     -3.484      7.352    -73.292
 348   -2    -11.619     12.681    -66.283
  -1   -2     -6.307      8.531    -62.197
 718  363    -15.491     -1.669    -73.080
  -1   -2      9.172      1.922    -62.315
  -1   -2      8.891     10.448    -75.394
  -1   -2     -4.343      9.845    -55.760
 633  671    -15.760      8.904    -76.406
  -1   -2    -10.290     -7.879    -74.294
 822   -2     15.776     -5.199    -66.526
 349  831     -6.259     -7.330    -65.440
  -1   -2     14.986      7.129    -62.859
  -1  374      5.032     -3.258    -67.283
 235   -2     16.616     -6.138    -76.136
  -1   -2     10.328     13.328    -64.171
  -1   -2      6.921      3.492    -59.156
 595  656     18.404    -12.881    -69.660
  -1   -2     -1.722      6.026    -87.182
  -1  295     14.890      1.389    -71.804
  -1   -2      1.244      4.755    -53.629
  -1   -2     11.849     -9.814    -70.787
  -1   -2    -12.477    -11.388    -67.280
  -1   -2      5.666     -4.668    -75.745
  -1   -2    -10.853     -8.255    -58.845
 459  621     -9.276    -12.549    -65.812
  -1   -2     -7.002      0.002    -56.153
  -1   -2      0.309     -6.052    -55.975
  -1   -2     -6.885     -9.039    -77.385
  -1   -2     16.072    -12.954    -70.117
  -1  291     13.991     -1.441    -65.712
  -1   -2     -6.466     -0.644    -59.054
  -1   -2      7.792    -11.442    -75.698
  -1   -2      7.100      7.762    -54.955
  -1   -2    -11.149      2.233    -69.535
  -1   -2     10.855     -8.567    -87.161
  -1   -2      7.212      4.341    -71.551
  -1   -2      9.386     -7.121    -65.591
  -1  735     -9.749      0.782    -67.392
 435   -2     -0.392     11.281    -73.322
  -1   -2     10.486     -6.712    -62.576
  -1   -2      1.047     -0.502    -75.146
  -1   -2     16.789     -9.417    -75.647
 357  644     12.518      8.959    -72.909
  -1   -2    -12.038     -8.870    -64.664
  -1   -2     -1.427     -5.951    -84.059
  -1   -2      6.323    -11.420    -81.228
 364   -2     14.890     10.199    -65.630
  -1  157    -15.987    -10.564    -72.814
  -1   -2      5.746      8.698    -58.252
 754  823     -2.741     -1.420    -68.528
  -1  683      1.622     -0.655    -70.100
  -1   -2     10.027    -12.551    -77.448
 680  832     -9.437     -2.075    -70.561
  -1   -2     -6.036     -4.960    -60.435
  -1   -2      1.960      4.379    -67.129
 352  799    -11.405     -8.883    -72.313
 445  315     11.059      8.111    -62.833
  -1   -2      2.681     10.955    -63.601
 338  571      8.272     -1.393    -63.769
  -1   -2     18.514     -3.123    -74.900
  -1  688      9.125     -5.534    -62.871
  -1   -2      1.448     -7.093    -55.828
 529  518     -4.286     -8.563    -60.009
  -1   -2      6.899    -13.088    -65.748
  -1   -2     -1.042     -9.895    -62.111
  -1   -2    -12.116     -7.495    -87.171
  -1  659      1.498     -5.062    -60.612
 359   -2     12.082      6.199    -66.143
  -1   -2     -6.378     10.800    -72.635
  -1   -2     -5.674      7.244    -66.320
  -1   -2      3.784      9.179    -70.112
  -1   -2     -4.926     -4.886    -63.740
 587  813    -11.813     12.165    -66.853
  -1   -2    -11.265     -4.234    -76.211
  -1   -2     -1.683      9.995    -57.152
  -1   -2     -0.835      0.211    -52.737
 648   -2      1.514      1.340    -77.496
  -1   -2    -11.315     -7.311    -62.891
  -1   -2     14.397     10.128    -79.132
  -1   -2     11.480     10.429    -55.661
  -1   -2     -6.149     -8.553    -64.014
  -1   -2     -6.462      6.928    -65.027
  -1   -2    -11.668     11.395    -72.684
  -1   -2     -2.619      3.929    -73.073
  -1   -2     18.615     -8.642    -75.922
 394  451     -9.443      9.682    -75.135
  -1   -2     -4.714      1.487    -75.232
  -1   -2      8.243     -5.600    -57.852
  -1   -2      7.610     -4.084    -53.997
 807   -2     -5.956     10.424    -70.319
  -1   -2     -5.457     -8.234    -62.601
  -1   -2    -12.474     -1.225    -82.678
  -1   -2     -2.546      9.040    -66.652
  -1   -2     13.861     -3.833    -76.890
  -1  746     16.425      2.467    -72.456
  -1   -2     -5.283     -4.473    -59.191
  -1   -2     13.057      3.408    -61.401
  -1   -2      9.957     -6.289    -56.074
  -1   -2      0.792    -10.240    -57.578
  -1   -2      4.056      0.619    -81.090
  -1   -2    -12.726      9.706    -70.964
 741  821      4.311     -1.485    -69.023
  -1   -2     -4.399     -9.463    -82.162
  -1   -2     13.110     -6.196    -67.846
  -1   -2     -1.873      7.939    -75.975
 328  654      5.832     -2.332    -64.305
 734  820      3.379     -2.392    -65.813
  -1  648     12.747      9.939    -64.455
  -1   -2      8.502      3.157    -64.220
  -1   -2     15.141     12.258    -64.976
  -1   -2    -10.878      1.526    -69.303
  -1   -2     -5.683     12.090    -71.047
  -1   -2      3.474     -6.998    -62.578
  -1   -2     -9.666     -4.709    -66.400
  -1   -2     -9.162      8.126    -62.741
  -1   -2      6.819    -12.955    -65.287
  -1   -2     -8.725      6.029    -52.953
  -1   -2     -3.701     -8.996    -78.877
  -1   -2     -4.207     11.485    -75.846
  -1   -2     -1.524    -12.980    -64.738
  -1   -2     -7.070     -1.874    -69.890
  -1  637     -4.424     -9.156    -58.965
  -1   -2     12.861      6.821    -59.448
  -1   -2     -7.796      6.833    -73.947
  -1   -2    -10.803     -7.252    -61.404
  -1   -2     16.188     -9.420    -66.858
  -1   -2    -10.252     -3.748    -65.390
  -1   -2     10.537      8.916    -57.762
  -1   -2     14.849     -9.761    -77.312
  -1   -2     -7.757     -9.520    -86.899
  -1   -2     -6.139     -1.804    -54.585
  -1   -2      3.784     -4.163    -65.388
  -1   -2     -4.067     -8.979    -55.175
  -1   -2    -11.052      4.031    -58.612
  -1   -2     -4.335     -8.416    -67.918
  -1   -2    -13.692      6.466    -80.167
  52   -2     -4.782     12.483    -73.118
  24  783    -10.799      1.666    -73.363
 400   40     -9.492     -8.292    -67.155
 397  163      5.656     10.988    -72.289
 367  503      3.134     10.043    -73.208
 446  411      9.049     -7.590    -64.276
 215  423     11.328     -9.141    -67.074
 321  323      9.206     -3.095    -71.103
  65  268      1.037     12.040    -73.936
 333  316     -4.584     -4.111    -66.692
 685   -2      8.658    -10.809    -62.756
 427  403     11.352     11.139    -65.402
  -1   -2     -9.173      3.532    -75.355
 441  175    -13.991     -2.856    -68.746
 309  833      0.365     -5.831    -63.363
 193   -2    -12.873      8.212    -70.580
 408   -2     -2.111     12.605    -69.932
  -1   -2     14.818     10.140    -65.673
 768   -2    -10.846      3.838    -58.678
 756  834     13.908      0.337    -59.432
 671   -2     -1.420     -6.206    -77.214
  -1  441      1.777    -11.343    -72.253
 380   -2    -11.201     11.480    -65.614
 476   -2     -6.809    -11.462    -65.756
 593  444      2.317     -8.003    -62.113
 298   -2     10.492     -7.488    -64.898
 129  318     -9.093     -7.729    -67.863
 528  302     -2.587    -12.503    -67.634
 820   -2     -9.854      0.864    -73.526
 508   -2      3.459    -10.338    -74.508
 752  822    -13.849      5.157    -71.326
 296  331      6.100      1.660    -66.870
 821   -2      6.811    -10.408    -66.136
 524   -2     -1.028      3.782    -69.196
 544  812    -13.392      7.051    -64.324
 716  819      0.929    -11.101    -64.777
 653   -2    -10.807      0.391    -77.593
 784  481     14.712      4.519    -64.856
 222  192      3.811    -10.906    -68.152
 800  824     -6.738     -2.551    -68.089
 830  825      6.232     10.934    -74.398
 103  835    -10.029     -3.397    -72.306
 161   -2      1.072     -3.862    -64.750
 318   -2    -11.944    -11.380    -62.080
 336  836     14.543      7.420    -74.530
 353  776     -7.348      6.453    -67.924
 506  837    -14.017     -7.463    -73.229
 794   -2     -5.745      6.964    -71.471
 803  838     -7.102     -8.097    -61.505
 806  839     -3.228     -6.935    -74.771
 833  840      5.535      6.831    -61.503
 835   -2     -8.751      6.781    -58.428
 836   -2     10.306     -7.353    -75.650
