807
   2    0      5.980      4.877    -70.754
   3  137      1.698      5.943    -70.284
  -1  223      3.041      9.353    -73.787
  16   82      6.210      0.448    -72.776
 347   21     -1.504    -10.050    -71.718
  10    9      3.438      2.497    -73.187
  37   58      7.230     -1.920    -70.659
 348    5      2.480      5.505    -69.922
  13    6    -10.453      3.605    -69.489
  -1  281      3.411     10.734    -75.022
  15   49      3.280      4.753    -68.561
  24   33      3.459     -5.455    -66.902
 367   57     -9.060      4.493    -72.265
   5  147     13.203      2.368    -72.226
 385  346      4.347     10.508    -67.584
  44   23      1.944     -3.880    -66.540
 419   -2     -2.001    -11.259    -67.470
 346  355     -6.528      3.457    -72.007
  89   97      7.322      3.809    -69.186
 142  138      9.761      2.738    -72.521
   9   14      7.254     -0.616    -69.615
  -1   -2     -2.375      5.967    -72.204
  43   32     -5.906      4.146    -66.545
  14  120     10.773      6.278    -71.621
  30   24      3.187      4.313    -67.117
   6    2      4.270      2.377    -68.669
  31   46     11.118     -6.990    -66.669
   0    1     -0.171      1.442    -72.651
  17  148      0.244      4.007    -68.103
 360   12     -3.214      9.717    -68.016
  54   25      1.573     -5.019    -69.269
 112   38     -3.706     11.290    -71.398
  -1   -2    -11.754     -8.978    -71.070
  25   92      5.566     -7.019    -67.674
  50   37      9.400     -0.671    -68.647
   4  116     11.514     -0.206    -69.767
  40   34      1.707      0.687    -69.911
  35   19     -7.660      5.596    -69.650
  81   79      3.888      6.876    -69.163
 389   -2      0.911     -2.185    -67.072
  88   45     -4.583      3.077    -63.805
 403   -2      3.847     -0.479    -70.236
  22   81     -3.589      2.619    -64.038
  38  224      3.615      7.833    -68.563
 116   48      5.118     -1.495    -65.018
 107  134     -0.665     10.987    -72.484
 163  163      0.348     -1.492    -74.174
   8   -2      1.760      3.482    -69.423
  18    4     -8.474      2.758    -71.719
  36  616     -2.168      4.661    -72.636
 421  175     -4.708      6.188    -65.451
  61  364     -5.139      6.412    -65.454
 101   84     -3.213      2.385    -66.900
  95  117     -5.027      4.217    -66.566
  -1   53      9.893      8.177    -69.194
 176    7      3.848      7.853    -70.245
 386   96     -7.989      7.523    -62.954
  91  442      0.987      1.956    -71.786
  73  395     -3.615      5.551    -70.098
  -1   -2     -8.949      6.605    -65.081
 152   61      8.446    -12.137    -69.250
  79   47     -0.817      6.250    -63.170
 183  345      0.389     -5.519    -66.225
 784  329     -5.574     -0.036    -67.154
  55  404     -8.554      8.086    -73.449
 103   30     10.936      3.117    -68.148
  97   83     15.526      8.719    -67.726
 157  150     -8.049     -2.201    -64.660
  77   71    -11.159     -2.928    -66.903
 195   -2      4.721      6.647    -73.142
 773   27      0.966      8.926    -70.103
 126   85      2.557    -11.177    -67.826
 159  211      4.992      6.315    -68.259
 162   -2     11.940     -5.873    -71.276
  84  124     -2.983     -3.002    -62.865
  -1   -2    -14.180      5.301    -69.802
 245  141      6.532     -6.475    -69.448
 133  105      1.772     -4.517    -64.891
 229  780     -1.906     11.656    -71.364
 267  781      8.156     -7.798    -71.563
  85  100      8.027      1.393    -63.424
 102   59      6.647    -10.117    -74.020
  51  199    -12.189      3.701    -68.961
  98   -2     -0.673     -7.809    -67.788
 109   11      9.370     10.655    -70.218
  -1   -2     -1.569     -8.065    -68.264
 135  143     -5.313     10.370    -66.349
 586  234     11.482      3.045    -70.222
 132  119     -7.094     -2.826    -63.923
  66   78      6.964     12.381    -68.351
  -1  221      4.479     -1.708    -72.506
  -1   -2    -10.609      2.590    -71.393
 212   54     -1.424     -3.208    -60.977
 488  113     -2.215    -10.453    -66.835
  92  131      2.895      9.521    -65.294
 155  190      3.384     -0.974    -64.877
  -1   -2     -7.023      5.630    -62.447
 302   76      0.878      6.472    -71.260
  32   10     -7.287      6.693    -69.891
  72  494      5.301     -6.533    -62.174
 121  121     -7.321     -2.074    -64.020
 366  254     17.620     -2.816    -69.100
 542   35     13.650      4.969    -70.216
  -1   -2     -0.058      6.108    -60.369
 246  130    -11.269      8.296    -69.812
 409   73      5.780     -8.900    -62.731
  11  347     -2.610      8.853    -72.403
  41  752      2.088      7.374    -69.000
 108  125    -12.885     -7.320    -69.245
 169  194      2.439     11.006    -67.562
  12  468     -0.781     -9.251    -70.686
 384  225     -1.471     -9.376    -69.876
 165  165    -11.129     -8.264    -66.728
  86  406     -8.962      1.805    -62.252
  -1  160      1.312     -8.944    -70.036
 166  106     -6.424      6.849    -73.148
  64  109      1.613     -8.700    -65.164
 145  129     -1.359     -0.063    -61.872
  87  271      2.990     -7.162    -68.561
  78  197    -13.350     -7.669    -68.706
 214   -2      3.530      4.804    -73.519
  99  110     11.995    -10.723    -72.593
 223  759      0.474      6.455    -65.567
 160  228      8.988      9.734    -69.796
 197  140      1.409      0.051    -62.202
 417   26      0.180     -4.397    -66.648
 177   -2    -12.214      0.170    -62.778
 173   18      1.715      6.776    -68.634
  34  136     11.489      1.504    -70.144
  -1   -2     -9.758     -4.821    -67.773
 225  432      4.012     -9.480    -68.434
 467  132      7.238      2.442    -63.016
 140  542      7.811      7.114    -64.499
 412  441      0.670      3.366    -57.256
 117  122     -6.301     -2.803    -62.689
  94  422     11.968      3.554    -68.349
 247  184      7.642     11.188    -67.805
 188  756    -13.610     -1.213    -70.508
  52  425      2.869     -2.533    -73.879
 187   91     -3.653      2.041    -63.359
  23   66      6.111      0.758    -69.026
 146   70      4.622     -9.499    -65.006
  68   -2     10.843      9.041    -69.846
 355   22     -7.764      6.837    -69.137
  93  251     -1.323      5.792    -67.630
 185  146      6.104    -12.253    -65.949
 127  115      3.104      5.929    -64.363
 202  757      9.907     -7.116    -74.441
 131  552      2.509     -5.508    -71.463
  -1   -2    -11.664      4.170    -65.859
  -1  192     -4.198    -11.331    -72.220
 207   56      5.454     -3.385    -67.448
  42  204      4.239      3.158    -66.801
 491  208      9.481     -2.945    -71.877
 113  421     -1.947     11.473    -65.875
  80  283     11.454     -4.883    -66.461
 286  545      7.429      0.585    -72.450
  65  517     14.369      1.686    -69.833
 178  426     -7.480    -10.253    -67.035
 238  466     -9.746     -9.998    -66.014
 325  782     -4.620     -0.369    -74.168
 204  174    -10.732     11.469    -71.318
 164  755      7.344    -12.851    -68.943
 254  173     -9.517     11.542    -70.244
 171  558     13.400    -12.630    -73.756
 182  388     11.913    -10.278    -68.881
 120   -2     -1.718      7.093    -65.097
 428  189     12.029     10.491    -66.086
 436  493     12.001      9.960    -63.888
 349  239     -1.997      7.275    -71.176
 282  188      1.313     -0.419    -61.209
 148  219     11.320      4.806    -66.389
 179  236     15.066      8.555    -69.181
  -1   -2    -12.221      3.612    -66.650
  -1  371     -7.100      8.983    -69.472
 621   75      0.526      7.786    -74.630
  76  263     -2.789      6.352    -64.417
 487  151    -11.027     -8.855    -65.884
  -1   -2     -6.572      0.368    -65.497
 180  650     14.097      5.004    -63.234
 667  245    -13.272      2.771    -69.745
  -1   -2     -4.659     -2.939    -70.662
 262   -2      6.492     10.861    -65.650
  -1   -2     -5.581    -10.005    -68.749
 462  495     -4.817     -7.145    -68.042
 288  114     -6.494     -5.665    -65.444
 156  202     15.213     -4.356    -68.543
  -1  571      8.052     -4.324    -70.838
  -1  241    -12.781     11.444    -75.651
 236  460     -0.505      8.909    -70.341
  -1  361     -3.894     -8.057    -69.938
 253  277      8.838     -0.455    -69.293
 455  434      3.730      0.281    -60.643
 259  579      5.324     12.255    -67.592
 237  492     -3.077    -10.128    -64.962
  -1  101     14.611     -8.954    -70.430
 581  142    -14.746     -6.782    -68.955
 776  111      5.281      4.953    -63.605
 301   67      3.880     -7.052    -70.878
  29  450     -0.748      2.619    -65.853
 622  626      5.313     -0.991    -67.555
 181  155      6.829      4.925    -63.752
 407   -2    -11.150     10.493    -69.207
  -1   -2     -5.397      1.051    -75.721
 234  183    -12.927      8.923    -68.707
 216  162     -8.176     -6.899    -66.222
 271    8      4.184     -7.758    -69.562
 512  195      7.513      2.160    -62.935
  -1   -2    -12.439      2.156    -68.974
 128  453     17.343      8.718    -70.941
  -1   -2    -15.390     -2.228    -74.361
  -1   -2    -14.393    -11.287    -72.372
  -1   -2    -10.312     -0.872    -64.844
 283  226      8.547    -10.061    -69.744
  -1   -2      7.448     -2.788    -57.092
 266  590     -5.126     10.793    -74.067
 592  196    -13.526     -6.912    -76.173
 306  710      3.613      5.754    -77.467
 316  238      9.270     11.752    -65.567
 459  578     12.866     10.297    -71.420
 240  200      5.321     12.354    -62.068
 105  191     -1.334     -1.210    -73.218
  -1  177      5.645      7.164    -62.605
 587  305     -4.755     -7.570    -70.241
 781  288      9.024      7.365    -72.724
  -1  170     -4.293    -10.663    -69.492
  49   -2     -1.604      1.365    -72.875
 158  217     -6.184     -8.126    -73.605
 324  242    -10.459     11.353    -65.494
  83  265      4.423     -3.195    -71.229
 248  262      4.317      2.591    -62.044
 203  282     -7.795      9.515    -63.557
 530  766     13.078     -2.578    -59.527
 616  179    -12.778     -2.820    -63.212
 200  486     14.451      7.965    -69.324
  -1  598     -0.478      1.721    -64.127
  -1   -2     -5.757    -12.339    -68.859
 536  227      5.743     -0.790    -63.101
  -1  397     -5.490    -11.794    -71.166
 215  157     14.823     -2.496    -72.673
  -1  152     -2.566      2.970    -61.557
  -1   -2     -4.644     -4.969    -71.206
  -1  168     -1.856     -1.300    -63.637
 451  567     11.836     12.027    -61.722
  -1   -2      2.755      5.291    -62.432
 118  483     12.280     -3.978    -71.963
  -1  185     -7.858    -10.979    -73.894
 563  320    -12.444     10.330    -73.322
 537  261     -4.056     -9.575    -63.613
 264  533     -7.524     -2.185    -76.306
  67  278      8.061      8.289    -70.924
  53   43      3.250     -5.553    -69.948
 249  178     10.913    -10.621    -72.854
 554  220      7.562      7.649    -67.253
 556  416     -5.573    -12.228    -65.028
  -1  171      0.663      6.332    -69.089
  -1   -2    -10.716     -2.315    -68.354
 289  315     12.986      7.821    -67.484
  -1   -2      4.998     -7.648    -75.884
 599   -2     12.881      9.126    -71.129
  -1  409     -2.832     -9.861    -68.693
 681  205     -4.313     -9.141    -68.186
 309  336     12.320      8.865    -66.252
 205  294    -11.670     12.474    -68.437
  -1  496    -12.530    -12.237    -65.435
 196  252      2.886     -5.493    -76.060
  -1   -2      3.384     -7.862    -71.922
 285  465      8.038     -9.325    -63.563
 692  776      7.160     -6.121    -68.722
 211   -2     -2.574     10.610    -70.011
  -1  471      7.529      5.151    -71.695
 577  769    -11.719      7.467    -67.727
 538  215    -10.837     12.235    -67.991
 620  772      4.183     -1.235    -60.943
 258   -2      3.420     -8.802    -63.759
 532  783      5.431     11.003    -64.348
  -1   -2     13.170     -9.688    -59.427
 503  203     12.403      2.592    -66.280
 580   28     -8.527     -0.957    -75.163
 312  240     15.947      8.168    -68.827
  -1  244     14.449     -7.812    -70.485
  -1   -2     -5.883    -10.856    -86.224
 310  198     -9.059     12.555    -67.693
  -1   -2     -5.615     -2.662    -77.828
 224  760      8.043      4.165    -62.670
 296  257      5.079     -0.745    -62.492
 330  280     12.152     -8.688    -70.523
 250  273      6.859     -1.834    -70.761
 252  222      7.070     -8.935    -71.403
  -1  249    -12.246      1.577    -69.713
  -1   -2     17.022     -1.616    -68.533
  -1   -2    -15.031      8.646    -69.584
 284   -2     12.694      6.233    -64.348
 280   -2      4.733     10.105    -65.173
 614  433     -0.178      5.007    -59.863
  -1   -2     -0.512      1.480    -60.140
 233  597      5.537      1.935    -62.761
  -1   -2      3.051      8.306    -61.895
 632  632      8.596     11.066    -65.964
  -1   -2     16.918      4.128    -73.675
  -1   -2      3.260      0.838    -64.312
 314  312     12.355      3.945    -64.584
 797   -2      4.973     -3.109    -74.408
 268   -2      4.086     10.996    -64.623
 198   -2      0.940     -8.810    -69.562
  -1   -2    -13.968      7.828    -69.955
  -1   -2     -1.144      2.761    -70.564
 649  526     12.682     -6.669    -71.605
 329   -2     -6.857      2.148    -75.091
 322  253      2.228     -5.878    -69.697
  -1  515      6.704      3.166    -73.631
  -1   -2     -6.982     -0.234    -74.808
 522  506     -6.309      0.978    -64.381
  -1   -2    -12.889    -11.433    -64.575
  -1   -2     -7.705    -11.157    -64.336
  -1   -2     -6.635     -4.272    -69.639
  -1   -2     -4.619     13.276    -65.356
 685  775      9.603    -11.572    -69.652
  -1  218     -5.683    -10.453    -70.589
 239   -2    -13.759      9.223    -73.621
 297  334      8.919      2.184    -71.529
 774  269      5.197      1.679    -73.466
  -1   -2     10.216     -5.073    -60.288
 230   -2    -15.219     11.999    -73.984
  -1   -2     -2.427    -11.120    -86.986
  -1   -2      8.383      2.016    -74.240
 343  338      5.964     -4.244    -65.331
 684  774     13.920      0.891    -59.250
  -1   -2     -4.118    -10.131    -67.226
  -1   -2    -10.223      2.482    -70.963
 341  301     10.358     10.596    -69.744
 219  235     -0.435      0.177    -70.771
  -1  726     -0.091      4.014    -65.425
  -1   -2     -3.320     -1.933    -62.031
 810  668     -9.907     -1.217    -65.122
 481   -2      0.856    -11.395    -68.855
  -1   -2     17.367     -6.647    -74.382
  -1   -2      3.056     12.004    -65.446
  -1   -2     -2.272     -8.751    -66.335
  -1   -2     10.416      8.948    -76.324
 629   -2     12.134      2.103    -75.096
  -1  340     -5.092      2.532    -64.384
  -1   -2     -4.692      0.424    -55.773
   7   16      1.101      6.703    -68.676
  -1   -2     -0.520     -8.604    -63.183
  -1   13     -2.462     -0.901    -70.219
 573  784     -2.500     -4.770    -71.480
  -1   -2     -9.709     -7.536    -67.866
  -1   -2     -9.686     -5.203    -54.202
  20   -2      6.778      1.506    -68.478
 351  342     15.220      9.787    -72.712
  96  602     -2.675     -2.292    -73.044
 504  458      5.696     -6.401    -65.353
  -1   -2      1.271     -9.661    -60.876
  -1   -2     -6.693     -3.797    -59.455
 206  521     -8.057     -3.009    -75.540
 119   -2      2.418     -7.002    -68.256
 361  128     11.918     -9.457    -64.659
  21   -2     -6.148      5.884    -67.381
  -1   -2     15.362      5.281    -70.443
 371  356     11.947     -5.002    -70.937
  -1   17    -12.839      4.220    -73.247
  -1   -2     16.623      4.998    -69.353
  -1   -2      0.536      3.211    -61.069
  56   -2      0.275     -0.350    -69.968
  -1   -2      4.001     -0.767    -55.257
  -1  103      8.684      9.588    -66.955
  -1   -2    -14.212     12.187    -73.706
  -1   -2     -0.869     -9.060    -77.138
 370  367     17.567     -9.407    -69.391
 350  344     -6.188      9.744    -71.612
  -1   -2     11.155    -10.598    -62.491
 354   94     11.404     -3.529    -65.676
  -1   -2     15.330     -3.748    -80.784
  -1   72     -5.021     -2.211    -62.810
 144  343     13.965      4.660    -71.051
 443   -2      5.215      9.258    -62.171
  -1  439     10.550     -8.391    -61.387
  48  447     16.365      6.918    -73.551
  28   -2     -6.274      5.656    -75.291
 295  762    -11.859      2.279    -76.192
  -1   -2      7.280     11.784    -72.316
 364  112     -7.294     -4.304    -65.417
  -1   -2      0.023     -5.133    -55.263
  -1   -2     -9.633    -11.258    -72.545
 785   -2      3.460     -5.145    -61.875
 450  430      7.491     11.697    -69.957
  -1   -2     -6.840     -4.283    -69.457
 438   -2     -1.449      2.978    -61.724
  46  368      3.610      3.003    -69.671
 506  785     10.954      1.675    -56.741
 100  360    -12.266     -4.959    -64.161
  75   -2     -8.375     -4.055    -65.220
  -1  374      6.177     -7.180    -62.286
  -1  297      4.964     -9.902    -72.996
  -1   -2      7.522     -3.983    -59.561
 499  169     11.194      0.319    -62.437
  -1   -2     -4.794      4.828    -73.626
 398  149     14.137     -5.649    -68.045
  90   -2      2.832      6.803    -76.563
  -1   -2      1.675      0.398    -64.409
  -1   -2     -3.483     -8.011    -67.109
  62   44     -5.313     -8.740    -69.322
 201  383      8.463     10.965    -76.612
  -1   -2     -8.697     -6.784    -63.885
  -1  363      1.188    -12.927    -63.172
  74   -2     -1.546      5.764    -69.545
  47  107      5.963      5.909    -69.656
  -1   -2      9.251     -1.991    -62.869
 151   -2     -5.726     -9.720    -63.085
  -1   -2      2.381     -8.948    -60.181
 147   50     -9.559      1.138    -76.361
  39   68      6.570     -6.156    -67.713
  59   -2      9.431     10.017    -68.701
 807  786     -4.263     12.124    -73.134
 420  387    -11.979     10.714    -63.393
  -1   -2      6.194     -6.305    -77.521
 454  394      7.189     -4.329    -62.551
  -1  370     -1.706      4.846    -60.688
 111   -2      4.653      5.239    -65.601
  -1   -2     13.299    -12.567    -63.478
 411  382     16.465    -11.759    -69.430
 227  206     -4.371      4.310    -62.961
 114   42      1.017     -4.744    -75.290
 775   15      2.529      2.839    -66.827
 494  523     16.965     -4.261    -73.660
  19  389     -0.056     -9.642    -71.378
  -1   -2      1.881     12.787    -69.275
 226  164      6.174      8.589    -65.656
 777   77     -8.946     10.388    -72.754
  -1   -2    -11.257     -9.635    -77.769
 137  463     -9.515      9.209    -67.229
 375  429      1.694     -5.635    -64.322
 381  375      0.006     -7.278    -63.871
  -1  348     -2.218      3.141    -75.471
  -1   -2     -3.085     -0.570    -62.623
  -1   -2    -15.059      2.946    -76.820
 365  145      5.127     -1.602    -62.346
 471   -2      0.363      0.747    -61.167
  -1   -2    -11.161      0.064    -60.172
  -1   -2     -7.231     -1.925    -66.687
  -1   -2    -10.683      0.445    -61.965
  -1   -2      3.123    -12.620    -66.278
 662  554      5.380     -7.581    -70.766
  -1   95      6.953      6.264    -68.931
  -1   -2     12.934     -6.520    -61.271
  -1  473     -0.347     -3.368    -64.440
 294  290      2.637      9.770    -71.483
  -1   -2     -0.191     -3.612    -80.239
  -1   -2    -12.293     -8.291    -61.584
  -1   -2      8.312      0.690    -75.231
 434  399      8.043    -10.466    -63.362
  -1   -2     -4.656     -9.445    -71.816
  58  180     -1.949      1.139    -68.313
  60   -2     -8.891      6.827    -68.320
  -1   -2     -2.706     11.082    -58.594
 172   -2     14.219      0.658    -67.098
  -1   -2     11.621      1.995    -61.687
  -1   -2    -11.674      4.659    -64.720
  -1   -2     13.877    -12.433    -70.463
  -1   -2     -7.166      2.375    -60.094
 174  549     -6.559     10.135    -76.749
  -1   -2     -7.969      1.132    -60.292
  -1   -2    -13.167     -5.123    -79.441
  -1   -2     -9.275     -8.805    -83.709
  -1   -2     -2.153     -6.646    -57.739
  -1   -2     -0.806     12.442    -72.718
  -1   -2     -9.259      8.558    -54.492
 138  362      3.717    -12.866    -66.598
  -1  161      1.802      6.251    -67.204
 550  768     -9.075      7.690    -73.870
  -1   -2     -9.048     -7.884    -65.310
  -1   -2     -3.745     -7.082    -75.677
 153  625     13.853      1.108    -73.543
 453  555      5.679     -3.830    -73.785
 555  461     -9.772      2.453    -72.875
 217   74     -9.236      1.018    -66.780
  -1   60      0.684     -6.911    -69.431
 508  193      0.314     -2.629    -62.943
 492  139      7.844      5.843    -75.145
  -1   -2     11.720      6.292    -61.776
  -1   -2     16.754     -7.274    -73.217
 149  459      0.335      8.859    -76.886
 406  401     -9.956     -8.576    -61.371
 490  764     -0.016     13.283    -62.730
 199  153      2.009     -3.347    -71.283
 106  428      1.458    -10.820    -69.078
  -1  213     -9.041     -0.471    -63.531
 525  126     -1.789     -5.563    -70.538
 141  300      0.241     -7.985    -69.646
  -1   -2     -6.458      5.569    -58.869
 394  264    -12.676      4.430    -70.916
  -1   -2      3.154    -10.217    -59.452
 379   -2    -11.474      9.707    -66.388
  -1   -2      0.500     11.342    -76.096
  -1  649     -5.758      2.786    -58.703
  -1   -2     -3.713      8.448    -66.309
 380  272      2.249     -2.174    -72.497
  -1  511      9.489      8.979    -59.413
 495  498     11.783     -0.560    -62.265
  -1   -2     -6.931     10.789    -71.156
 456  502      1.635     -1.230    -63.871
  -1  243     -0.291      2.768    -66.373
  -1  259    -12.589    -12.152    -74.707
  -1   -2     -9.802      1.222    -56.042
  -1   -2     -5.230      1.908    -54.307
 265  384     16.948     -8.030    -67.962
 561  414    -11.039      3.525    -62.316
 447   -2    -11.962    -11.098    -67.644
  -1  319      4.899      7.436    -74.812
 437   -2     -2.901     -4.967    -68.469
  -1   -2     15.419      5.126    -62.826
 433  763      2.776     -0.721    -77.508
  -1   -2    -15.206     12.432    -71.500
  -1   -2     -2.312    -12.419    -68.428
 184   93     14.884      6.980    -71.373
 231  366     16.444     -3.617    -71.725
  -1   -2    -14.182     -9.736    -83.280
 175   -2     -0.505     -4.494    -62.749
  -1   -2      8.430     -8.327    -56.250
  -1   -2     -7.553      2.328    -59.621
  -1   -2     -5.662      1.864    -53.563
 251  333      9.058    -11.766    -69.797
 514  680      5.752     11.758    -60.544
  -1   -2     -8.987      4.461    -53.698
 222   -2     -8.256     -8.365    -67.953
 531   40      1.254     -8.640    -65.808
  -1   -2     12.807     -3.897    -64.758
 520  621     -2.740     10.525    -61.345
  -1   -2      3.225     -4.276    -55.231
  -1   -2     -9.824    -12.099    -70.400
  -1   -2      1.843     -1.315    -68.574
 497  593      8.220     -5.870    -58.999
  -1   -2      4.831     -3.367    -57.634
  -1   -2     -4.395     -8.786    -52.734
 585  770     -8.297     -6.295    -75.905
  -1   -2    -11.187     -2.155    -77.123
  -1   -2     15.378     -8.032    -64.970
  -1   -2     -7.478      4.235    -60.794
  -1   -2     13.879      4.058    -57.219
 192  156      5.780     -2.346    -62.860
  -1   -2    -12.364      5.896    -62.035
  -1   -2      7.263     -1.248    -64.122
  -1   -2     -8.793     -8.513    -69.793
  -1  527     15.093      5.743    -69.767
 161  754      1.489     -5.099    -70.758
  -1   -2    -15.283      6.414    -76.458
 457   -2      9.233     -3.355    -63.761
  -1   -2     -5.320     -7.925    -70.456
  -1   -2     11.084     -5.532    -61.105
  -1   -2     12.661      7.963    -62.862
 483   -2      8.187     -3.981    -75.055
  -1   -2     12.879     -3.446    -75.364
  -1   -2     13.943      6.249    -61.990
  -1   -2     -7.481    -11.015    -62.435
  -1   -2     -2.325      6.829    -57.092
 435  787      2.068      1.609    -63.730
  -1  449    -12.382    -10.307    -61.868
 318   -2     10.337      6.588    -62.530
  -1  689     11.724      3.854    -75.208
 167  330      6.442     -5.774    -71.054
  -1   -2     -5.621     -6.717    -59.108
 594   -2     -1.904    -11.409    -65.831
  -1   -2     -7.062     -5.784    -70.652
  -1   -2     13.847     -0.108    -61.124
  -1   -2     -7.246      7.547    -52.650
  -1   -2      9.389      9.677    -59.365
  -1   -2     -7.001     -0.550    -56.806
  -1   -2      2.355     -7.106    -57.057
  -1   -2     10.492     -8.773    -62.205
 150  464     -8.551      3.762    -68.693
  -1   -2     13.710      2.158    -68.433
 533  564      6.325     -5.984    -64.600
  -1   -2      2.808     -9.030    -63.485
 328  628    -12.637      7.382    -72.007
  -1   -2     17.263     10.859    -75.223
  -1   -2      8.950     10.050    -57.605
  -1   -2      3.662     10.322    -55.311
  -1  267     -8.824      3.442    -61.302
  -1   -2     -4.619      9.955    -80.864
  -1  412      6.109     12.434    -63.516
  -1  304     13.840     10.398    -69.395
 642  773     -4.202     -4.470    -77.127
  -1  256      9.022      7.787    -62.540
  -1   -2     -8.457     -7.508    -59.150
  -1   -2      6.492    -12.149    -76.286
  -1   -2     10.379      7.588    -55.614
  -1   -2     -7.495     -7.305    -72.458
  -1   -2      2.383     -0.322    -56.629
  -1   -2     11.983     -6.321    -68.924
  -1   -2     -5.740     10.463    -73.606
  -1   -2     -4.605     -0.098    -60.989
 480  491      0.375     10.421    -75.299
  -1   -2      7.500    -12.905    -70.595
 338  633    -10.372      7.496    -71.470
  -1   -2      6.701     -5.301    -59.711
 608   -2     -0.506     12.073    -62.356
 311  585     16.229      0.996    -65.439
  -1   -2     -7.556      6.174    -62.968
  -1   -2    -10.613      8.423    -58.273
  -1  470      1.235     -4.144    -71.528
 590  232     13.626     -0.648    -70.636
  -1   -2     -2.641      6.865    -78.503
  -1   -2    -10.333     -9.860    -61.953
  -1   -2     11.822     -0.579    -70.381
 633  635     13.774    -12.875    -65.782
  -1  475     -0.517      7.524    -63.763
  -1   -2    -15.588     -1.638    -69.236
  -1   -2     -0.578    -11.344    -61.961
 335  135     -9.095     -5.627    -74.312
  -1   -2     -3.049    -10.452    -59.974
 186  327     -1.103    -10.897    -69.206
  -1   -2      9.253     -4.111    -55.684
 220  186     15.001      4.423    -67.351
  -1   -2     17.695     -4.925    -72.784
 287   -2     -7.202     -5.842    -76.134
  -1   -2     15.854     -3.894    -67.249
 221  758     -6.363      6.071    -65.172
  -1   -2     10.180     11.581    -58.606
 660  528     -2.089      4.899    -76.500
  -1   -2     11.619      9.363    -78.578
  -1   -2     14.887     -6.187    -60.537
  -1   -2     17.678    -12.047    -76.280
 486   -2     14.097      9.380    -67.042
  -1   -2      3.725      0.038    -57.863
 570  638     14.774      0.087    -64.809
  -1  561      9.435    -12.611    -66.152
  -1   -2     -4.578     -1.974    -76.575
  -1   -2      9.128     -2.835    -59.852
  -1  298      3.523     -2.296    -75.050
  -1   -2      6.840     10.323    -76.196
  -1   -2     17.459     11.666    -73.879
  -1   -2      2.183     12.017    -60.539
  -1   -2     -4.708     11.619    -59.022
  -1   -2    -15.478    -10.679    -76.075
  -1   -2     -5.152     12.746    -62.314
  -1   -2    -15.384     -0.715    -69.176
  -1   -2     11.379     -6.940    -57.723
  -1   -2      2.061      5.314    -69.369
  -1   -2      9.178    -11.229    -67.819
  -1   -2    -10.007      6.842    -57.944
  -1   -2    -14.159     -2.013    -74.624
  -1   -2     18.478     -0.563    -80.547
 518  531      2.757     -4.005    -62.184
  -1   -2     12.248      4.453    -68.437
  -1   -2     -1.106     -7.510    -64.213
  -1   -2     12.569     -0.231    -57.713
 808   -2      8.146     10.417    -58.497
  -1   -2     -4.341     -5.832    -58.060
  -1  654     -8.530     -1.599    -58.835
  -1   -2      6.317     -8.269    -86.727
 799  321     -2.964      6.887    -67.320
  -1   -2     11.180     -5.260    -65.490
 597  771    -10.355      3.985    -61.664
  -1   -2     -9.899      7.438    -68.479
  -1   -2     15.988     -7.552    -70.766
 780   -2    -15.163     -7.665    -75.139
  -1   -2      9.715    -12.621    -70.246
 279  295     -9.646      8.421    -64.866
  -1  694      8.529     -6.824    -59.464
 609   -2     -2.096    -12.804    -69.396
  -1   -2     17.020     -7.701    -77.654
  -1   -2     15.057    -12.650    -67.761
 623  671     14.764     11.906    -71.979
  -1   -2     13.970     10.832    -59.291
  -1   -2     12.364     -5.096    -69.012
  -1   -2     -4.612      0.403    -61.513
 654  332    -11.582      4.344    -77.015
 369  293      0.680    -10.124    -75.205
  -1   -2     17.905     -1.986    -74.516
  -1   -2     16.035     -7.955    -68.052
  -1   -2      4.478     12.164    -74.746
  -1   -2     -5.604     -6.020    -69.299
 331  309    -10.770     -7.201    -74.209
  -1   -2    -11.168     -5.340    -62.307
  -1   -2      9.775     -5.326    -63.797
  -1  539     11.204    -12.999    -64.149
  -1   -2    -12.130     -3.101    -65.814
  -1   -2     -3.658     -2.423    -65.829
  -1   -2      9.220      9.444    -54.377
  -1   -2      0.886      7.812    -70.468
  -1   -2      5.101     11.689    -61.132
  -1   -2      6.708     12.283    -63.920
  -1   -2     12.044    -10.108    -64.279
  -1   -2     -3.019    -10.308    -83.362
  -1   -2      6.956     11.651    -58.926
 634  673     13.031     -3.427    -67.268
  -1   -2    -11.893     -2.285    -71.205
  -1   -2     13.871    -11.628    -64.306
  -1   -2    -11.809     -6.371    -71.036
 742  718      9.531      2.103    -70.095
  -1   -2      4.936      2.691    -72.335
  -1   -2     -9.504     -5.380    -56.587
 304   -2     13.536    -10.055    -70.733
 568  268     15.929     12.988    -65.957
  -1   -2      8.514     11.835    -60.962
  -1   -2     -3.396     -9.196    -70.386
  -1   -2      0.043     -1.137    -64.918
  -1   -2     -8.353      2.319    -65.822
  -1   -2     14.931     -2.548    -64.502
  -1   -2     -2.738     -2.933    -74.042
  -1   -2     13.548     10.751    -63.851
  -1   -2      2.465    -10.788    -77.344
  -1   -2     -3.831     -4.359    -55.756
  -1  696     15.765      3.102    -64.412
  -1   -2      9.498     11.951    -73.441
  -1   -2    -11.544     -7.949    -73.009
  -1   -2     12.073    -10.384    -63.921
  -1   -2     -8.596      1.446    -67.821
 519  765     -9.701      0.350    -56.927
  -1   -2     10.750    -12.010    -73.285
  -1   -2     14.630      9.854    -69.637
  -1   -2     -3.797    -11.018    -66.564
  -1   -2      0.091      0.314    -58.520
  -1   -2     15.618      3.678    -68.704
  -1  248     -8.697      1.146    -75.709
  -1   -2      9.216      3.692    -60.571
 566   -2      9.454    -11.650    -63.743
  -1   -2     -6.791      1.887    -57.984
  -1   -2      3.145     10.180    -80.852
  -1   -2     16.197     -3.594    -62.058
  -1   -2     -5.768    -10.442    -76.070
  -1   -2      0.678      1.197    -56.011
  -1   -2      2.835      0.858    -76.995
 345   -2      8.546      8.002    -67.863
  -1   -2     -1.269     -9.827    -63.616
  -1   -2     -9.847     -6.662    -66.955
  -1   -2    -15.447     11.462    -72.532
  -1   -2     -6.533      3.291    -53.803
 291  573     10.133      7.522    -70.987
  -1   -2     -8.206     -0.921    -76.871
  -1   -2      3.410    -10.818    -76.647
  -1   -2      3.750     -4.119    -67.382
  -1   -2    -16.044      5.689    -75.306
  -1   -2      3.763      0.861    -66.876
  -1   -2     -3.287      4.078    -53.203
  -1   -2     12.302      7.908    -68.344
  -1   -2     17.956     -8.342    -72.163
  -1   -2     10.633    -12.128    -66.141
  -1   -2     -4.456     -6.397    -66.370
 706  292      4.537      9.075    -66.458
  -1   -2     -1.410      9.169    -61.952
  -1   -2    -15.757      8.970    -74.251
  -1   -2      4.692      0.295    -64.838
  -1   -2    -13.771     -9.856    -64.860
  -1   -2    -14.493      5.770    -85.910
  -1  487     -7.845      5.908    -66.981
  -1   -2     12.626     -1.401    -66.369
  -1  610     13.011    -13.233    -64.298
  -1   -2     13.759     11.313    -76.064
  -1   -2      0.759      0.582    -54.420
  -1   -2     -3.179      2.425    -56.282
  -1   -2      5.396      9.707    -68.500
 298  386      0.278      3.445    -74.331
  -1   -2     12.605      1.686    -75.043
  -1   -2     -2.408     -3.667    -62.392
  -1   -2     13.375     -7.997    -61.703
  -1   -2      9.465     -3.721    -76.564
  -1   -2     -2.425     -4.344    -63.840
  -1   -2      5.751     -7.549    -76.335
  -1   -2      2.763     -1.214    -52.117
  -1   -2     -4.219     -7.601    -63.413
  27   -2     -5.081      2.000    -72.626
 110   -2     -2.153     11.304    -70.533
 228  400     -2.052     -6.303    -69.949
 115  572     -1.766    -10.194    -68.241
  69  753      6.741      5.781    -68.776
 129   -2      0.102     -4.112    -72.080
 154  606     -3.464      1.842    -62.975
 255   -2     -0.883      0.853    -61.912
 257  788    -11.048     10.864    -75.133
 143   63     -4.294     -4.164    -65.999
 232  789    -10.199     13.204    -64.206
 382  445     15.588      8.335    -74.612
 300  518     13.184      1.291    -72.530
 683   -2    -12.365     -5.601    -74.408
 190  250    -10.695     -9.501    -70.506
 292   -2     -0.040     -2.968    -66.972
 260  761    -11.294    -11.609    -64.306
 472   -2     14.718     -0.964    -74.421
 134   -2      4.126    -10.336    -71.844
 544  767     -6.128     11.340    -64.988
 736   -2    -12.386      5.359    -76.993
 305  721    -12.402     -4.330    -76.812
 261   -2    -13.381    -11.325    -69.622
 396   -2     17.338     -8.867    -70.027
 410   -2    -10.692     -4.220    -61.645
 524  790      8.392      7.429    -65.875
  26   -2      0.717     -5.439    -66.421
 646  791     -4.308      4.729    -69.383
 441   -2     -3.428    -11.718    -66.081
 791   -2     -6.241     -7.019    -63.676
 582  398     11.418     -7.510    -70.331
 795  778     -0.228     -7.221    -74.618
 534  543     16.526     -7.639    -70.519
 716  777     15.054    -12.345    -66.216
 800  779      6.262      6.205    -70.585
 353   -2     -0.526      0.097    -73.704
 783  357    -12.158     11.727    -73.423
 798   -2     14.410     -1.453    -74.265
 334   -2      7.366      9.869    -69.235
 782   62     -1.566      4.181    -70.159
 276   -2     -8.758      3.427    -61.615
 359   -2      7.459      5.667    -76.950
 368   -2      8.137     -4.015    -61.403
 793   -2     15.227      6.910    -74.756
 803   -2      8.358    -10.792    -72.183
