800
   0   19      1.154      6.912    -70.959
 184    1      3.221      6.231    -71.187
  10    5     -4.253      8.773    -67.683
   1    7      0.237      6.355    -72.970
   9   82    -10.509     -3.393    -73.256
 338    6     -7.432     -1.621    -74.013
   6   73      2.030     -0.420    -70.234
  25   57      4.504     -7.312    -68.621
  92   24      1.178      9.371    -72.195
  64   14      4.123      3.019    -71.401
   4    4      6.456      6.168    -71.751
   7   30      4.425      5.307    -71.158
  21   68     -4.285     -0.214    -70.146
 374   77     -6.798     -1.652    -66.004
  12   16    -11.960     -4.894    -71.880
  11   12     -1.930      9.241    -69.677
  16   10      5.835      0.015    -68.379
   3  162      2.537      4.392    -71.185
  34   34      0.863      7.827    -66.631
 334   75     -0.129      6.258    -71.191
  68   11     -4.594     -3.866    -69.186
 115   39      7.529      4.158    -73.029
  43  367      1.860     -2.811    -67.839
  28   35      0.754      5.210    -69.883
  -1   -2     -8.741      5.567    -74.798
  30  352      1.451     -6.985    -72.049
  33   37     -6.572      6.366    -66.844
  24  248      4.403     -5.058    -71.507
  -1   -2    -13.607     -1.784    -69.192
  48   61      0.002     -9.178    -72.625
  51   60     -8.752      5.324    -69.274
  26   36     -6.721     10.815    -68.870
 121  354     -9.225     -7.872    -70.036
  19   40     -0.813     -1.184    -66.923
   8  382    -10.792      0.529    -71.696
  38   26     -7.052     -1.688    -68.412
  90   29      3.684      9.663    -66.657
  47  201      5.053     -1.527    -73.763
  54   47     -0.321     -2.514    -66.230
  20  437      9.235      1.675    -64.842
  36  759      3.406     -9.964    -71.811
  -1   -2      1.285     11.264    -63.069
 233   25      7.290     -0.274    -68.546
  42   41      4.926      3.982    -68.030
   2    9      4.263      3.817    -72.213
  49   43      2.911     -4.481    -69.201
  59   18     -1.788     -7.480    -70.253
   5    0      2.377     -1.170    -68.172
  60   46      7.932     -1.228    -67.055
  91   94     -9.608      8.233    -67.914
  -1  350      9.309     -9.783    -63.651
  76  353     -2.763      9.730    -64.540
 135  365     -5.232     -9.317    -64.112
 145  120      5.551    -12.436    -66.717
  32   52     -6.818     11.972    -63.388
 178   28      0.972      6.281    -71.904
  -1   -2     -0.311      5.242    -64.739
  71  384    -11.659      8.581    -67.308
 370   64     -9.048     -8.837    -70.407
 119  763      1.583      3.536    -68.206
 104   13     12.454      3.835    -67.759
  88   48     -3.282      5.764    -63.971
 168   74    -12.136      8.019    -68.172
 443  368     -9.877     -0.307    -74.161
  97   54      0.118      9.551    -65.292
 466   81      3.758     -0.878    -64.366
  70   65    -10.484     -2.576    -67.307
 434  776     10.241     -6.606    -74.019
 100  141     -3.750      1.812    -67.257
  37   88      7.662     -2.209    -73.646
 377   69     -3.882      8.407    -64.114
  81   84      6.850      4.188    -64.885
 186   23     -6.090      7.843    -71.815
 405   76      3.492     -8.413    -67.466
 456  356      1.479     -7.431    -65.444
  46   56     -7.492     -2.849    -70.904
 207   87     11.607      0.944    -67.051
  17    2     -1.730     -6.225    -70.393
  -1   -2      2.350     12.109    -67.813
  67   93      9.503      0.458    -63.705
 196  537     -3.057     -8.648    -72.253
 108  762     -0.407      9.538    -75.790
  -1   -2     -3.822      5.482    -73.665
 369  378     -5.431     -6.993    -65.018
 192   32      0.835     -0.366    -71.440
 147  432     -9.293    -11.740    -70.719
  80   66     -7.708     -8.447    -63.975
 350  797      2.380      2.651    -68.913
 158   86     -8.913      8.772    -66.526
  13  758     10.550      3.712    -71.045
  87   72      1.081      1.859    -66.017
  -1  208     -7.996    -11.308    -62.441
  86  134    -11.861    -11.354    -72.216
 149  100     -7.326     -7.267    -67.481
 199   -2     -5.544     -7.684    -62.922
 165  262     12.600     -7.576    -72.474
 143   55     13.429      7.476    -64.354
  -1  104     -0.586      2.631    -61.968
 176   96     -4.797      0.890    -67.320
 166  128     -1.873      3.797    -65.019
  35   -2      8.253     -0.523    -73.888
 106  127      3.817     10.366    -67.165
  99  133     -7.188     -6.110    -65.250
  55   53      4.906     -3.568    -67.100
  -1   -2     -0.585      5.937    -62.284
  72   58    -11.508      9.476    -68.717
  -1  121     -1.793     -6.045    -68.048
 152  420     -7.332      0.657    -74.314
  -1   -2     -4.197     -5.234    -60.786
  74  116      8.048     -5.725    -67.376
 333   38     -0.676     -9.845    -63.415
 153   92      6.363      4.917    -64.612
 107  109      3.016      5.050    -64.212
 136  130      7.199     -8.613    -63.182
  -1  110     -4.958     -6.830    -63.103
 114  135      5.332    -12.731    -65.615
 185  235     -8.095      9.638    -73.730
  -1   -2     -0.071    -10.744    -59.029
 215  132     -9.798     -0.491    -64.072
 367   -2     -2.950     -9.375    -65.034
 361   -2     -3.672      6.185    -73.654
 429  775      1.231     -1.412    -66.884
  -1   -2     -8.960      0.635    -68.790
 105   99     -0.400      9.710    -64.402
 481  471     -2.652     -1.580    -60.103
  -1  377    -12.113     -1.912    -66.967
 772  119     -3.262     -5.113    -65.529
 368  239     -7.171     -6.769    -61.029
 445  149     -2.825      4.042    -63.958
 261  493      1.829    -10.355    -68.662
 113  106      3.425     12.152    -69.435
  -1   -2     -6.117     -0.624    -62.428
 125  176      6.551      2.698    -67.202
 140  145     -4.373     -6.042    -63.138
 194  115     -8.400     -6.191    -63.817
  -1  182      4.680      0.902    -60.145
 258   91     11.259      4.076    -67.562
  -1   59      3.685     -6.406    -69.202
 260  157     -0.100      4.735    -64.010
 191   -2     -6.066     -4.963    -65.807
  -1   -2     -0.512     -9.167    -61.668
  -1   -2      5.561      9.776    -70.976
 245  317     10.647      3.134    -73.466
  31   15     10.715      4.475    -70.931
 362  562      0.377     12.032    -73.402
 302  164    -10.664      0.205    -66.125
 240  158    -11.935      3.041    -65.235
 138  764      3.170      6.947    -63.385
  94  142      6.163     -1.613    -65.491
 228  125     14.397      2.534    -67.295
 189  290      1.825     -6.668    -67.560
  -1  428      2.425     -6.696    -72.457
  -1  392    -11.052     -4.489    -62.516
 349  534    -12.525    -12.242    -70.639
 183  151      5.958     -1.579    -63.296
 167  206     12.208      0.750    -67.758
 122   62      3.902    -10.647    -68.512
 137  202    -10.369     -7.580    -71.026
  -1  220    -10.343      2.862    -61.339
  22   80     10.143      4.740    -73.763
 239  452      1.557      7.425    -65.137
 110  466     13.898     -5.037    -72.299
 212  233     -8.068     -7.535    -70.316
  23   51     -0.075      0.399    -69.749
 175  312      6.821     -3.658    -63.572
  69  105      1.114     -3.280    -72.059
  63  760     -1.329      5.055    -68.562
 144  242     12.322     11.684    -69.800
 150  252     -8.282      3.019    -64.148
 217  187     -3.308      1.258    -63.130
 801   -2      4.132     11.860    -63.559
 127  140     -6.220     -3.576    -64.199
 698  264     -7.964    -12.071    -72.181
 513  129     -6.966     -6.273    -63.650
  -1   -2     -7.156      8.449    -60.450
 180  113      3.293     -7.409    -67.004
 399  169     -2.103     -0.512    -66.329
  -1  361      5.129     11.464    -74.115
 290  255      8.836     -1.581    -70.389
 188  293     10.779     -2.976    -67.698
  -1  455     -7.258     -0.614    -77.489
 111   -2    -14.743      0.595    -75.899
  -1  454     14.076     10.605    -64.323
  -1   -2     13.112      4.330    -70.558
 146   -2      3.707     -6.481    -73.126
 453  283    -11.592     11.639    -71.400
 235  185      8.505     -1.320    -64.844
 109  530    -14.593     -5.532    -69.075
 242  440     -1.195     -8.078    -66.713
  -1  189     -0.208     -3.770    -71.788
 171  180      8.090      7.699    -65.043
 421  174     -7.152     12.578    -64.111
 216  768     -8.444      8.974    -63.172
 156  163      9.340      6.770    -65.561
 499  503      4.808      1.242    -60.174
  -1   -2    -12.163      5.724    -73.346
 262  148      2.436     -2.846    -62.675
 201  256     -2.374      7.034    -65.977
 400  774      3.656     -8.597    -62.150
  -1   -2     -2.860      0.979    -69.722
 142  411      1.795    -11.620    -70.018
  -1  194     -4.682     -4.608    -60.869
  -1  111     -0.219     -0.747    -62.947
 790  366     -5.715     12.361    -67.620
  15   78      5.813      0.092    -73.783
 428  144      0.855      3.466    -63.541
 211  295      4.937     10.513    -66.277
 129  272      0.053     13.071    -66.432
 463  223      8.782     -4.263    -66.846
 259  190      4.860      0.004    -61.319
 339  209     -7.393      8.371    -70.783
  -1  122      6.056      1.958    -67.447
 134  364    -11.444      7.714    -74.933
 213  767     -6.350     -2.803    -66.629
  -1   -2      4.124      9.733    -61.955
  -1  475      5.202    -10.762    -59.998
  -1  426    -11.408      5.639    -61.376
  -1   -2      6.203      9.787    -72.975
 208  150     -8.432     -9.558    -65.793
 160  245    -13.386     -3.571    -66.862
  -1  172      4.109      7.459    -66.053
 193  472      1.762      1.109    -65.956
  -1  136      0.102     -2.618    -60.785
 594  786     -9.877     -6.080    -73.664
  -1  289     -5.587    -11.692    -71.873
 256   89     -1.591    -11.830    -69.689
 243   33      3.946      9.274    -71.825
 345   -2     10.656      8.433    -71.413
 622  143      9.354     -7.165    -63.682
 251  230      9.857      8.397    -66.635
  96   42    -12.133      1.724    -67.495
 214  533     -3.875      3.527    -62.869
 133  280      9.761     -2.870    -65.771
  -1   -2    -15.079     10.195    -72.385
 198  279      8.964     -3.511    -64.372
  61  160     -5.289     -2.429    -70.563
 221  271    -11.684      3.767    -64.184
  -1  286      1.129     -7.007    -61.226
  -1   -2      1.409     -7.112    -64.013
 321  302     -0.743    -10.586    -71.893
 155  348      3.311     10.015    -73.906
  -1   -2     10.851    -11.539    -74.382
  -1   -2    -11.665     12.829    -65.794
 266  226      0.830      9.222    -65.250
 223  159    -13.899     -4.923    -71.074
 424  520     -9.539      8.675    -61.903
 487  237      5.346      8.272    -62.869
 224  216      7.886      1.577    -66.556
 230  240      8.349     -4.647    -71.301
 132  101      9.615      3.481    -68.370
  -1  198      0.420      5.326    -64.908
 468  218      6.698      3.193    -62.056
  -1   -2      5.841      4.279    -60.552
  -1   -2     14.548     -3.603    -71.008
 783  173     -6.020     -3.050    -62.480
  -1   -2     14.477      1.179    -68.306
 226  307     11.030     -2.550    -67.539
  -1   -2     -3.168     -1.737    -63.912
 493   -2     -5.985     -1.002    -61.380
  -1   -2     -2.828     -7.181    -63.340
 159  154      6.299     -5.600    -64.397
  -1  263     -1.767    -10.838    -70.563
  -1  600     11.891     -6.197    -65.662
 128  540     -6.663      8.657    -73.624
  -1   -2    -12.576      5.778    -72.715
 596   -2     11.977     -9.523    -75.636
 218  219      7.401     -7.085    -66.513
 553  785    -12.967     -1.651    -66.483
 721  794     -8.916     -5.652    -60.116
  -1   -2      5.753    -10.706    -70.852
 131  112      8.715     -3.362    -70.769
  50   -2     12.986     -5.361    -74.632
 241  609    -14.883    -11.123    -70.648
 267   98     -4.721     -3.367    -62.448
 163  287      4.459     -5.708    -70.500
 124  124      3.126     -7.101    -72.558
 294  683      4.691    -10.659    -74.416
  -1   -2     -1.424      4.202    -59.683
  -1   -2      4.468      9.357    -64.554
  -1  294     13.039     -4.570    -70.455
 778  268    -12.350      7.190    -66.434
  -1   -2     13.219     -6.484    -63.146
 634  332      6.678     -2.421    -63.503
 237   21      5.780     -5.754    -72.798
 285  146      8.850      5.139    -67.576
  -1   -2     13.900     12.037    -73.842
  -1   -2    -13.710      7.905    -71.236
  -1  221     11.539      8.033    -64.648
 298  723      7.944     -9.336    -70.937
  -1   -2      6.993     -9.278    -70.324
 681  570     12.816      9.773    -71.723
  56  193    -10.748     -4.534    -71.900
 283  253     -9.434      6.843    -62.714
  -1  247     12.738      1.771    -64.247
  -1   -2     10.005     -2.774    -61.587
 162  261     -6.346     -6.050    -69.621
  -1   -2     -7.426     -6.619    -68.024
 802  308      0.469     -9.558    -73.127
 534  211    -10.319      1.988    -65.023
  -1   -2     -7.948      7.050    -64.823
 608  284    -11.423    -10.467    -70.953
  -1   -2     10.249     -2.422    -75.425
 635   -2     -8.769      6.339    -68.940
  -1   -2    -11.800     12.723    -63.414
 735  483     -7.555      8.994    -62.670
 500  273     -9.967      9.797    -70.680
 314  288     13.416     -8.731    -71.944
  -1   -2      8.090     -6.588    -75.312
 733  305      2.570     -4.769    -65.986
 269  318     -0.891      7.366    -74.775
  -1   -2    -15.114     -2.662    -76.658
  -1  430      5.337      9.724    -72.732
 313  304      0.066     -0.125    -66.080
  -1   -2    -14.070     -1.165    -73.990
 533  592      8.601      5.083    -62.400
  -1  300     -1.210      4.025    -65.576
 287  335      9.579     -8.978    -69.704
  -1   -2     -9.089      2.409    -73.498
  -1   -2    -15.369     -8.576    -75.939
  -1  601     -0.612    -12.073    -68.384
 337  798     14.128     10.811    -66.381
  -1   -2      0.946     -0.271    -77.772
  -1   -2     14.094    -11.327    -70.297
  -1   -2     13.489      9.064    -67.079
 232   -2      9.866     11.702    -71.479
  -1  429      2.330      5.021    -62.230
  -1   -2      1.971      1.940    -70.837
 296   -2     -1.966     -7.261    -64.470
  -1   -2     14.946      5.336    -66.345
 543   -2    -10.721     -7.850    -63.461
 281  251    -13.336      8.975    -69.401
  -1  340     -1.411      6.078    -66.227
  -1   -2     10.698     11.446    -72.775
  -1  330     -9.741    -11.139    -69.797
  -1   -2    -13.298      7.672    -75.391
  -1  249     -9.237      6.648    -65.906
  -1   -2      8.314      8.352    -68.944
 236  184      4.516     -2.802    -64.648
  -1   -2      1.094     12.370    -72.322
 726  314     -7.802     -0.345    -56.432
  -1   -2     -9.047     -7.200    -75.785
  -1   -2     14.258      1.124    -66.364
  -1   -2     -3.218      7.172    -65.651
 759  719     -7.345     -9.149    -67.404
 323  771     -3.932     -8.280    -65.709
 729  334    -10.534     -0.429    -67.252
 182  582      6.909      3.016    -69.618
 574  244     10.629      0.009    -68.897
  -1   -2      1.597      9.240    -68.724
  -1   -2     -2.928     -0.417    -73.129
 317   -2      0.868     -0.028    -64.439
  -1   -2      7.013     -6.298    -73.544
 542  373      2.461      6.211    -71.046
  -1  390    -14.701    -12.467    -70.143
 210  117     -4.514      3.607    -73.766
  -1   -2     -2.626     -6.999    -59.696
  -1   -2     -6.239    -11.234    -70.720
  -1   71     -9.116    -12.524    -70.255
  -1   -2     -9.311      2.131    -62.887
 117   20     -2.193     -4.234    -68.666
  18  347     -3.350      1.107    -69.002
 154    8     -0.061     -3.418    -70.365
 148  123     -5.752     10.033    -74.898
 284   -2     -4.770     -6.409    -71.964
  -1  349     -4.167      9.149    -72.502
  -1   -2      6.494     11.541    -69.402
  77   -2     -5.687      4.972    -74.655
 247   -2     -5.006      3.057    -65.823
 343  168     14.386     -4.297    -71.247
 354  402     11.799     10.048    -70.016
 179  379    -11.593      7.785    -67.968
  27  370      3.261     -3.331    -75.003
  -1   -2      3.004    -11.063    -56.516
 490  371     -4.114    -10.904    -62.810
 358  355      0.490    -11.974    -69.837
 372  357     -5.651     -3.833    -60.022
  -1   -2     16.818     -2.686    -81.787
 344  459     -6.946    -10.916    -66.914
 380   44      2.987      2.310    -69.398
  -1   -2     12.818     12.073    -63.400
 308   -2    -10.607      8.206    -65.657
  -1   -2     -4.959      9.404    -66.203
  -1   -2     13.949     -6.422    -73.330
 720  645    -10.237     -2.819    -56.929
 488  346     -4.038    -11.866    -71.496
  -1   -2     -0.881     -3.230    -53.529
 379  363      6.058      9.302    -67.770
  89  446      0.560     10.663    -70.694
  -1   -2     -5.148      3.781    -62.293
  -1   -2     -5.083     -6.836    -70.548
  -1   -2     -3.752      4.136    -64.845
 392   -2     -5.671    -11.686    -61.894
 238  569      0.214     -1.442    -73.726
 341  451      1.831     -0.093    -58.418
 103  241      8.197      1.420    -68.076
 441   -2      5.551      7.184    -70.925
 353  445      7.462     -0.147    -63.226
 774  795      5.947      1.656    -63.653
  -1   -2     -6.196      2.980    -60.838
  -1   -2      1.097    -10.598    -60.212
 780   -2      0.902     -1.335    -63.720
  -1   -2     -6.921      1.389    -75.233
 161   -2     -4.856     -8.718    -69.381
  -1   -2      2.071     -3.708    -58.164
  -1   79     -0.587     -6.936    -69.607
  45  165    -12.983     -0.228    -77.180
  14   83      1.035     -6.583    -69.767
  -1   -2    -14.369     10.017    -77.983
 202  422     -9.418      2.014    -61.491
 250  306      6.297      6.132    -65.896
 231  506     10.632      8.570    -73.604
 624  507    -15.527     -8.236    -72.130
  73  761      7.528    -10.130    -72.617
  -1   -2     -5.378    -10.983    -60.084
 401  138      7.477      0.750    -59.350
 309  463     16.889     11.310    -68.047
 452  465      7.470      8.695    -60.410
 141   -2      7.879     -7.702    -64.141
 391  490     10.496     -8.536    -70.227
 386  469     -7.046    -12.295    -62.094
  -1  246    -14.746     -8.966    -75.609
 282   -2     -6.536      1.714    -59.825
 410  270      0.093      3.854    -57.590
  -1   -2     17.835     -3.173    -67.718
  -1   -2     -4.437     12.144    -72.286
  -1   -2     13.749     -6.441    -63.586
 474  494     -4.899      0.267    -59.135
  -1   -2     14.706     -1.644    -64.253
 504  522     13.985    -10.048    -67.977
  -1   -2     -4.393     10.166    -60.998
 346  613      6.694     -3.491    -74.342
  -1   -2     -5.216      8.115    -67.373
 411   -2      5.977     -7.958    -65.038
 381  529    -11.662    -10.956    -69.881
 449  427     12.703     -4.919    -65.545
  -1   -2     -8.716     -8.550    -61.238
  44   67      3.701      6.302    -68.941
 390  215     13.010      3.732    -65.758
 415  179     -8.505     -1.356    -69.582
  -1  431    -10.235     -6.880    -59.255
  -1   -2     11.128     12.296    -63.620
  -1  551      3.541      4.849    -74.496
  -1   -2     14.418      1.404    -68.661
  -1   -2      7.529     -9.191    -61.808
 512  782      9.091     -8.480    -73.457
 430  398     -3.747     -6.727    -61.454
  -1   -2    -10.698      6.817    -74.227
  -1   -2     12.135    -10.089    -64.720
 130  107      8.657     -5.147    -68.626
  62  424      8.472      0.693    -68.708
  -1   -2    -10.314     -9.381    -59.157
 773  396     -8.720     11.337    -67.580
 475  103      5.576     -7.066    -71.586
  -1   -2    -10.644      4.067    -74.101
  -1  421     -8.317      8.368    -61.744
  -1   -2     -4.176     -0.914    -60.559
 427  462    -13.102     -3.711    -66.914
  -1   -2     -5.822      1.868    -66.632
 139  108      3.899     -1.052    -60.072
 439  414     11.514      1.540    -62.959
 355  611      7.018      1.099    -70.834
  40  214      3.212      1.988    -71.885
  -1  191    -13.824      6.902    -76.049
 172   -2    -12.153     -7.479    -64.216
 406  175     -4.938     -5.491    -77.370
 126  196      4.655     -9.454    -68.052
 268  511    -15.561     11.899    -74.702
 222  359     -0.694      1.963    -62.086
 418  131     -9.878     -6.574    -66.576
  -1   -2    -14.143     12.717    -69.628
 387  485    -15.257     -8.787    -72.099
  -1  204     -6.485      4.874    -65.236
 455  433      7.528      0.148    -61.389
  -1   -2     16.832     -7.686    -76.061
 438   -2     13.972     -6.368    -64.807
 691  793    -11.383     -3.644    -72.300
 457   -2     -7.215     -0.901    -60.827
  -1   -2     17.422      5.428    -71.739
 275   -2      0.603      6.474    -61.098
  -1   70      1.012     13.049    -67.216
  -1   -2     17.219     -4.142    -76.993
  -1   -2      4.883      9.141    -66.550
 395   -2     -3.729    -11.317    -62.088
  -1   -2     -5.289      8.889    -64.091
  -1   -2     -5.643     13.047    -60.488
  -1  257     11.636      4.174    -63.888
  -1   -2     -8.254      0.651    -60.172
 246   -2      9.979     -5.117    -62.565
  -1   -2     12.901     -7.024    -67.945
  -1   -2     -4.002     -3.489    -59.322
  -1   -2     -3.350      7.715    -59.765
  -1   -2    -11.385     12.636    -70.566
  -1   -2     12.486     -6.727    -63.928
 348  222     -5.380      7.840    -63.908
  -1   -2     12.107      6.950    -73.360
  -1   -2      4.045    -10.975    -75.529
  66   -2     -0.751     -7.871    -67.509
  -1   -2     10.978    -10.833    -76.903
  -1   -2     16.863      5.247    -77.361
 492  380     14.851     -1.184    -73.058
 598  788     10.871    -12.774    -73.023
 234   -2    -11.602     10.651    -65.331
  -1   -2      2.008     -3.342    -76.639
 253  408     -0.760    -10.628    -70.467
  -1  410     13.877     -7.416    -66.333
  -1  199      1.322    -12.060    -62.669
  98  501     -9.882     -7.054    -64.593
  -1   -2     14.605     -8.229    -69.604
  -1   -2     -3.272      7.673    -59.259
 437  425    -11.836     12.194    -63.704
  -1   -2     -3.969      3.556    -56.159
 270  403      1.049     -4.227    -74.048
  -1   -2      2.961    -10.074    -69.089
 477  778     -5.002      7.620    -59.221
  -1   -2     -4.842      5.336    -56.140
 425   -2    -15.520    -10.497    -76.567
  -1   -2      5.243      7.511    -59.711
  -1   -2      7.733    -10.686    -63.002
 277  473     -6.562     -3.571    -76.499
 491  779     -8.625     10.819    -61.971
 501  780      4.268     -9.152    -61.126
  83  153     -1.058      3.050    -64.258
  -1   -2      4.463     -3.439    -60.085
  -1   -2     -0.913     -3.140    -58.143
  -1  229     10.132      1.571    -69.592
 340  383     -0.536     10.958    -74.712
 423  171     -8.343     -4.430    -61.879
 507  484     12.737     -3.718    -66.809
 502  781      9.721    -12.296    -73.956
 683  587      2.859     -2.585    -57.813
 116  517     -7.398     12.339    -70.192
 255   -2     -5.702     -5.955    -70.107
  -1  254      4.497     -1.950    -57.594
  -1   -2     -4.003    -12.308    -68.112
  -1   -2     14.166     -7.440    -63.080
 540  212     -0.360    -12.469    -72.832
  -1   -2    -13.976    -11.475    -69.573
  -1   -2    -15.659     -4.622    -72.696
  -1  467      8.188     -9.518    -74.746
 407  635    -11.711    -11.503    -67.110
  52   -2      0.457      0.483    -71.977
  -1   -2     -6.687      6.437    -59.451
 397  479    -11.534     10.582    -74.702
  -1  541      4.197      4.142    -61.945
  -1   -2      6.938      8.414    -71.929
  -1   -2     12.378      3.601    -77.550
  -1   -2     -8.638     -7.052    -66.794
  -1   -2     -4.493     -5.242    -62.137
 650  166    -10.738     -0.751    -62.533
  -1   -2     16.557      8.936    -74.191
  -1   -2      9.803      4.915    -55.923
  -1  518     12.174     -1.440    -62.337
 219  538      9.979    -10.374    -68.776
  -1   -2    -11.824    -12.500    -69.681
 494  491     15.070     -6.183    -68.605
 276  234     -5.574    -10.275    -70.420
  -1   -2    -14.623     -4.764    -73.501
  -1   -2     -4.463      4.646    -77.695
  -1   -2    -12.947      8.963    -70.580
 717  554     15.931      0.293    -65.400
  -1   -2      2.851      2.533    -73.257
  -1  631     -2.230      1.890    -74.867
  -1   -2    -11.403     10.492    -60.554
 280  126      5.618     -9.771    -64.664
  -1   -2     10.537     10.640    -55.789
  -1   -2     -0.928     -9.829    -69.718
 526  186      8.730      8.837    -65.357
  -1   -2     11.240    -12.049    -58.679
 555  799     -1.149     -1.500    -67.791
 628  231    -13.817      7.483    -65.560
 157  303     -3.133      0.654    -61.282
  -1   -2      5.252      9.937    -74.920
  -1   -2     10.443      8.614    -62.283
  -1   -2     12.780     -9.381    -72.884
  -1   -2      8.702      9.907    -61.094
 601  668     -7.240     11.852    -71.969
  -1   -2     -9.846     -3.387    -61.066
  -1   -2     -6.794     10.079    -80.741
  -1   -2     -0.227     10.867    -68.046
  -1   -2      5.906     -6.387    -58.739
  -1   -2      5.279      2.917    -62.785
  -1   -2      8.001      9.568    -52.929
  -1   -2     13.874     12.149    -76.175
 606  790    -11.616      1.587    -61.047
 332  773     -2.596     -9.942    -72.721
  -1   -2    -14.704     -0.868    -74.977
  -1   -2    -11.135      4.530    -72.956
  -1   -2      4.818     -4.718    -58.363
  -1  311     15.050      8.819    -67.738
  -1   -2     17.324     -2.801    -68.977
 639  320     12.623     -5.407    -64.320
  -1   -2     13.729     -1.358    -63.559
  -1   -2    -10.695    -10.447    -65.846
 520  652     13.557      9.358    -69.650
  -1   -2      1.282     11.770    -73.636
  -1   -2     14.481     10.183    -61.876
  -1   -2    -13.502     11.408    -68.547
  -1   -2    -12.331      0.521    -75.905
  -1   -2      7.843      7.377    -52.156
 279   -2      7.006     -0.041    -76.515
 524  296    -11.146      8.248    -69.318
  -1  449      3.513    -12.878    -65.853
  -1   -2      4.548     -6.435    -52.836
  -1   -2    -13.402     -0.029    -69.552
  -1   -2     10.266     -9.759    -70.526
  -1   -2      1.074      1.065    -71.680
  -1  647     11.594    -12.276    -63.932
 749  265      5.753     -5.856    -67.605
  -1   -2     11.463      1.552    -79.147
  -1   -2     15.119     -6.595    -84.539
 288  710      1.360      3.563    -73.943
 476  170    -14.569     -2.683    -70.588
 602  789    -16.320     -8.029    -71.204
 206   -2      9.013      8.855    -64.051
  -1   -2     12.438    -13.317    -71.189
  -1   -2      8.350     12.250    -65.154
  -1   -2    -15.759     -3.770    -72.319
  -1   -2     18.036    -11.984    -66.857
  -1  316    -10.720      8.930    -77.890
  -1   -2      2.931    -13.273    -63.931
  -1   -2      2.666      8.470    -76.323
  -1   -2     13.040      0.869    -76.361
  -1   -2     -1.882    -12.661    -67.876
  -1   -2     15.948     11.988    -68.839
  -1   -2     12.027    -10.574    -60.685
  -1   -2    -10.908     -8.359    -68.885
  -1   -2    -12.655    -10.561    -75.858
  -1  608      3.476      3.668    -64.619
  -1   -2     -3.358     -3.905    -52.445
 591  676     13.438    -12.479    -62.727
  -1   -2     -6.879      2.207    -63.060
 529  784     12.264     12.576    -70.634
  -1   -2    -13.306     10.977    -64.371
  -1  315      0.412      7.874    -71.735
  -1  616     14.481      2.195    -65.211
  -1   -2     -5.669     -1.386    -61.866
  -1   -2      3.805     -9.270    -60.860
 310   -2     10.404      7.562    -71.210
  -1   -2     -7.548     -9.998    -63.068
  -1   -2    -14.644      8.874    -78.191
  -1   -2     16.789    -11.941    -66.705
  -1   -2     -8.066      1.857    -57.734
  -1   -2     -1.213    -11.444    -63.786
  -1   -2     10.897     -2.707    -52.551
  -1  528     17.322      1.298    -66.158
  -1   -2     -5.854      6.525    -66.122
 272  572     14.377      9.772    -70.932
  -1   -2     11.141    -11.239    -67.011
 595  787    -11.650      0.459    -61.597
  -1  711      4.998      0.706    -67.612
 229  228     12.256     -1.300    -67.977
 322  630     15.654     -6.209    -67.829
  -1   -2     10.104      0.073    -60.275
  -1   -2     10.569     -2.851    -67.827
  -1   -2    -14.069      8.889    -67.789
  -1   -2     16.303      4.091    -71.733
  -1   -2     -5.078     -5.329    -57.982
 611   -2      5.348      9.186    -61.532
  -1   -2      1.761      2.228    -59.003
  -1   -2     -0.275     10.692    -61.069
 690   -2     10.540     -0.908    -61.381
 631  513      7.420      0.011    -71.591
  -1   -2     -7.428     12.513    -68.513
  -1   -2      1.373     13.244    -63.843
  -1   -2      6.463     11.544    -74.353
  -1   -2     -3.369     -6.225    -58.306
  -1   -2     -4.105     -0.956    -59.219
  -1   -2     17.144     -5.845    -69.025
  -1   -2     -5.671      3.635    -78.503
  -1   -2     10.905     -7.896    -55.672
  -1   -2     10.494      9.339    -57.652
  -1   -2     15.516      7.693    -80.950
  -1   -2     11.526      8.693    -52.858
 204  766     -5.066     -5.044    -71.849
 328  772      6.974      7.258    -65.814
  -1   -2      3.987     -1.640    -72.481
  -1   -2     15.423     -9.176    -65.402
  -1   -2    -14.200      5.252    -72.271
  -1   -2     15.885      9.690    -64.553
  -1   -2     13.255      0.410    -71.046
  -1   -2     -5.732     11.618    -78.688
  -1   90      3.134      1.474    -71.114
  -1   -2      8.680      6.038    -60.203
  -1   -2    -15.616      0.745    -71.630
  -1   -2     10.639      5.995    -55.840
 151  765      8.945    -11.837    -68.463
  -1   -2      3.183     -1.643    -62.694
  -1   -2      2.131     -3.514    -67.482
  -1   -2     -5.946      6.621    -66.878
  -1   -2      6.944     -9.273    -68.294
  -1   -2     -1.575    -12.193    -74.798
  -1   -2     -9.264     -8.512    -57.390
  -1   -2      7.997      6.772    -59.953
  -1   -2     -4.547     12.557    -69.546
  -1   -2     12.681      5.624    -64.495
 315  770     -0.659     -1.543    -74.129
  -1  327    -11.821      4.945    -71.015
  -1   -2      2.266     -1.272    -60.785
  -1   -2     14.384    -12.532    -78.033
  -1   -2     -8.373     -5.591    -76.906
 637   -2     -6.073     -0.417    -77.623
  -1   -2     -5.356      2.220    -54.545
  -1   -2     -1.462      1.989    -60.747
  -1   -2     -7.341     -1.764    -71.492
 784   -2      2.320      7.506    -68.865
  -1   -2      4.290     12.010    -60.736
  -1   -2      4.970    -12.484    -71.655
  -1   -2    -11.536      7.611    -59.837
  -1   -2     12.756     -5.695    -58.988
  -1   -2    -14.722     -3.177    -85.594
  -1  542     -0.432     -5.325    -58.273
  -1   -2     -2.141     -4.549    -64.589
  -1   -2      9.610      4.438    -77.734
  -1   -2      5.325      4.670    -55.481
  -1   -2     13.268    -10.128    -66.441
  -1   -2     -5.949      8.598    -70.887
  -1   -2      9.916      0.479    -75.324
  -1   -2     -3.254      2.710    -72.017
  -1   -2     12.906     -5.289    -59.502
 426  705     -2.551      8.287    -77.053
  -1  260     -0.168     -8.944    -62.864
  -1   -2      0.816     -1.225    -67.451
  -1   -2      4.031      1.474    -69.662
  -1   -2     -7.868      2.935    -76.096
  -1   -2     -9.619     11.661    -63.041
  -1   -2      2.527      4.125    -61.141
  -1   -2     -8.005      7.065    -61.630
  -1   -2    -13.766      2.910    -71.346
  -1   -2    -14.142      2.008    -75.194
  -1   -2     18.176     -7.758    -71.517
  -1   -2      3.355      7.253    -86.828
  -1   -2    -11.844      2.416    -62.136
  -1   -2     13.322     -0.051    -64.438
  -1   -2     16.107    -11.275    -72.849
  -1   -2     10.757      7.493    -67.012
  -1   -2      9.082     -4.914    -57.501
  -1   -2     -0.685     -7.685    -55.691
  -1   -2     -1.351      4.555    -71.221
  -1   -2    -12.766      3.346    -77.193
  -1   -2     -6.436     -5.467    -80.574
  -1   -2     -5.733      5.940    -74.444
  -1   -2      4.988      0.253    -81.838
  -1   -2     -8.090     -8.271    -71.554
  -1   -2     13.610      1.031    -62.516
  -1   -2     17.521     -0.934    -67.873
  -1   -2      1.638     -0.071    -57.299
  -1   -2      6.246     12.822    -64.682
  -1   -2     -9.778    -12.196    -72.953
 799  333      6.909      5.571    -72.720
  -1   -2    -10.720      5.196    -71.705
  -1   -2     12.542     -8.974    -65.256
  -1   -2      4.366     -6.471    -83.995
  -1   -2     -2.402      4.217    -57.598
  -1   -2     15.297     10.241    -60.382
  -1   -2     -5.979    -11.935    -67.329
  -1  580      9.764      7.702    -71.968
  -1   -2      8.292     -7.999    -57.853
  -1   -2     17.535      7.611    -68.993
  -1   -2     -9.698     -2.250    -67.624
  -1   -2     15.584      7.032    -63.903
  -1   -2    -13.450     -3.971    -65.787
  -1   -2     13.823      8.288    -73.464
  -1   -2     -4.759     -3.732    -65.550
  -1   -2     17.048     -8.833    -66.198
  -1   -2      9.067     -6.114    -67.063
 398  393      4.310      8.558    -70.513
  53  400     -2.097      6.771    -66.546
 519  783     -1.492      9.061    -60.946
  85   95      3.607      0.397    -61.841
 385   -2     13.366      8.854    -74.183
 273   -2     -7.213     -1.924    -63.641
 777   -2     -5.623    -10.496    -68.598
 220  526      8.448    -11.366    -68.996
 181   -2     -3.030    -10.110    -77.269
  -1  709     -8.798     10.762    -68.345
 535   -2     -9.627     -3.973    -63.147
 304  210     -9.101     -1.608    -65.745
 331   -2      2.108      5.260    -74.402
  29  453     -2.239      6.925    -72.799
  82  258      1.398      0.009    -68.660
 787   -2      6.737     11.931    -67.025
 436  777      4.962     -7.370    -74.637
 420  203     -3.301     -5.793    -62.411
 271  769      9.146     -1.433    -67.288
 656  791    -13.845     -1.206    -65.414
 592  642      6.300      1.515    -59.425
 682   -2      3.463     -5.396    -59.112
 794   -2     -6.736    -10.687    -76.646
 791  796      8.744     -2.244    -74.945
 686  792     -9.864     -9.115    -61.959
 549   -2     -4.438     -7.551    -77.332
 590  641      5.831     -9.158    -67.714
 792   -2     11.692      8.590    -73.855
 633   -2      8.624      5.455    -70.977
 286  800     12.493     -5.246    -68.764
 376   -2     -5.768      5.391    -74.389
 459   22      5.676      9.512    -70.046
 528   -2     -8.669     -4.447    -72.849
 696   -2    -15.308     12.587    -74.246
 798  717     -7.454     -0.118    -67.528
