790
 347   26     -1.957     -4.882    -67.875
   1   13      1.574      5.271    -71.108
   5    4      2.173      0.760    -70.903
  91   91      3.614     -5.621    -72.036
  27  134      8.669      2.096    -71.472
  12  332     -5.825     -0.278    -73.643
  -1   -2     -2.255      4.795    -71.212
  70    1     -1.562      4.455    -70.671
  56   25     -5.882      0.001    -71.570
  22   56     -2.974     11.954    -70.009
  34   22     -0.729      0.435    -68.504
  11  329     -1.836     -2.396    -70.464
  -1  337     -7.004      0.243    -67.744
  -1   -2    -12.638      2.302    -70.246
  57    6      5.981     -0.320    -69.961
 369   12      1.848     -3.401    -69.776
  26   28     -7.228      4.990    -70.190
  24  172      4.531      4.019    -69.253
   9   19     -1.958     10.699    -69.551
 100  340     -8.124      0.535    -68.888
  28  123      3.121      9.903    -69.726
  13   39     -8.181      3.531    -68.657
   8  756      3.063      0.642    -72.619
 271   60      4.809     11.732    -70.703
  -1   -2     -7.697     10.315    -66.971
  63   30     -6.780     -7.415    -69.259
  51  213     12.642      6.498    -68.261
  60   89      2.950      0.670    -69.777
  17   58     -2.871      3.000    -68.671
 443  174     -2.548    -11.224    -71.872
  44  426      3.296     -7.016    -67.213
  19    2      4.033      0.265    -70.278
   7   27      2.535     -5.699    -73.069
  -1   -2     -6.974      8.094    -75.719
 264  125      0.477     -0.875    -68.502
  66  345      3.387      2.759    -72.386
  10   -2      4.235      7.361    -71.190
  74    0      4.841      8.471    -71.835
  48   55      9.605     -5.196    -67.177
  83   42     -9.045      9.195    -75.910
  42   53      2.484      0.612    -66.399
 118  434     -5.926      6.020    -66.790
  53   41     -0.058    -10.254    -63.819
 453  350     -7.348    -10.645    -71.695
 243  212      0.526     -5.702    -70.725
  90   38      9.537      2.394    -65.685
  37  758      2.932      2.264    -68.397
  45   20     -1.639      5.986    -62.437
  65   63      5.637     -4.776    -66.069
  -1   -2    -11.134      3.433    -68.339
  -1   -2      6.606      2.411    -67.679
  41   62      0.698      9.151    -66.086
 140   52     10.409     -3.151    -68.546
 176  171     -6.233     -1.077    -68.249
  58   57     -9.227     -1.684    -67.991
  29   21     -6.581      3.189    -73.329
 398  231     12.425     -3.920    -70.779
 255   14    -10.149     11.567    -72.739
 540  346      1.782      9.299    -67.498
 379   36      0.155    -11.864    -69.554
 377   74     -5.492     -1.873    -62.834
 351  793      8.032     -0.332    -71.700
  -1   54     12.019      1.094    -67.316
  88  116      5.046     -1.727    -68.040
 378   99      9.446     -6.059    -68.806
 400  543     -4.460      9.460    -62.691
 183   24     -0.068     -7.950    -72.741
  96  387      8.904    -10.995    -68.765
  49  348     -3.594     -5.421    -68.726
 330   95      2.266     -0.529    -67.711
 251   65     -5.164      1.325    -62.649
 122  374     -3.720     -2.751    -65.429
 138  761     -0.006      9.787    -66.794
  62   93     -4.094      8.290    -62.560
  -1   -2     -9.696      3.198    -73.179
 148   47     -0.881      2.881    -64.138
  23   17    -13.042     -5.684    -74.910
 235   86      7.218     -2.201    -65.738
  -1   -2     -5.910      1.999    -63.740
 794  157     -4.001     -1.424    -65.571
 145  109     11.174     -9.769    -68.255
  32  163     -6.341     -0.505    -65.412
  67   70      3.385    -11.994    -68.407
  75   32      5.080      5.041    -65.932
 184  764      0.102     -7.021    -70.971
 135  376     -0.672     -9.831    -60.776
  87   37      5.662      2.651    -74.262
 550   -2     -3.902      4.574    -65.296
 110   85     -4.618     -7.135    -64.629
 108  416     -7.404     -4.987    -66.253
  86  175      1.490      1.249    -71.323
  77   81     -8.094      5.114    -65.828
  -1  218      8.754     -4.766    -67.892
 102   -2     10.885     -1.891    -67.681
 393   51      0.443      9.080    -73.659
 188  103     -2.369      7.993    -74.331
 387  126     -3.185      2.474    -63.577
 484   71     -5.791      8.298    -72.500
 208  421     -9.814     -5.543    -73.847
 194  150      3.276      7.998    -62.359
 455  195     -9.516     10.980    -65.016
 116  245    -12.435     -4.047    -69.694
  80  180     -5.375     -5.059    -63.172
 195  766     -9.941    -10.690    -70.223
 119   82    -11.427     11.088    -66.870
 372  354    -10.407      1.449    -68.209
  95  433     -3.193      4.673    -63.692
 416  183     -2.749     -3.289    -63.697
 515   -2     -1.131     -7.202    -65.424
  99  102     -6.220     -7.337    -66.306
  -1   -2      5.918     -7.140    -62.827
 256  359      5.339      8.093    -67.049
  -1   59      0.182      6.785    -65.832
  -1  378      4.315      0.620    -61.861
 357  177      0.009      5.389    -68.200
 106  144    -10.393      9.020    -67.774
 789  104      3.599     -7.580    -66.511
 212  128      2.872     -6.839    -67.521
 218  428     -7.039     10.618    -69.985
 437  147      3.903      5.735    -65.876
 430  241      8.662      1.997    -67.958
  -1  545      7.866      1.965    -61.619
  39   88      0.025     -2.050    -65.129
 346  130      7.265     -6.720    -63.589
 201  154      6.940     -5.377    -74.823
 223   67    -10.741     -7.662    -69.188
 113   90      3.031      4.416    -61.672
 169   -2     -4.289     -8.748    -65.258
 143  160      7.424    -10.858    -66.086
 172  108     -1.781     -3.598    -70.243
  16   -2      0.129     -4.153    -69.833
 151  101     -4.052      0.235    -63.976
  76  156      1.035      5.572    -63.543
 157  397    -10.740    -11.086    -68.251
 124  120     11.064      8.485    -63.822
 406  295      0.089     -7.598    -65.356
 123  105     11.740      3.030    -65.978
 421  178     -0.101     -3.106    -63.040
  -1   98     -7.959      8.511    -70.657
  40  372      6.408     11.050    -72.736
  -1   -2      3.409     -5.125    -61.681
 198  279      2.474      2.447    -63.677
  55   64     -8.942    -11.557    -68.752
  79   50     -1.532     11.666    -67.401
 227  113     -3.444      3.472    -62.594
  -1   -2      3.095      7.500    -74.112
 120  137     13.446      5.273    -65.253
 114  603      7.197    -10.099    -69.141
 397  164      7.774      0.143    -65.210
  93  210      1.261     12.420    -65.158
 136  135    -10.932     -4.397    -64.009
  38   -2      1.934      9.402    -69.824
 167  167    -12.626     -6.846    -65.455
 707  170      5.002     10.292    -71.842
 191  493     -1.321      2.348    -64.195
 189  402     -5.383     11.712    -70.019
 147  142     -7.821     -6.687    -65.324
 304  143      4.402     -9.068    -72.584
  -1   -2    -10.871    -10.448    -65.887
 200  169     -9.347     -3.600    -63.913
 117   -2      0.453    -10.419    -70.764
 132  106     -6.034     -0.940    -64.821
 168  153     -1.632     -8.626    -76.955
 192  196      4.231      0.076    -73.818
 156  280     -9.942      8.927    -70.312
 220  367     -9.177      7.246    -61.650
  -1   -2     -3.377     11.139    -77.262
  -1  182      5.504      3.024    -61.766
  -1   -2      1.497      5.309    -72.310
 424  349     -1.716      0.663    -60.889
 216  651    -12.693     12.684    -68.900
  -1   -2      8.878     10.033    -69.734
 158  186     -6.353      8.149    -66.074
 288   -2      6.536     12.289    -67.157
 454  235     -8.597      0.144    -63.238
 224  211      4.956     10.216    -65.274
 111  124      5.406     -5.806    -74.409
 432  114      3.577     -0.920    -61.740
 128  203     -3.635      1.480    -64.041
 388   44      6.808     -0.117    -68.522
 144  112      2.007     -7.839    -69.024
  -1   -2    -12.049      0.196    -61.272
  97  158     -9.899     10.322    -67.302
  33  238     -4.903     -0.960    -71.700
 368  511     11.504      4.905    -73.936
 769  479     -1.104      6.690    -62.009
  -1   -2     -8.588     -7.852    -72.479
 452  413    -11.128      1.953    -66.936
 479  207     -3.739    -11.286    -68.442
 152  567      0.235      3.550    -63.764
  73  168    -10.361     -6.960    -66.189
 217  395      1.433      5.520    -65.428
 177  138    -12.071     10.468    -66.057
  -1  448     -1.239     -0.258    -64.161
 493  778     -0.929     -3.649    -76.485
  -1   -2    -15.589     -8.082    -71.366
 640  794     -3.531    -11.713    -75.576
 777  155     -7.881      3.969    -61.902
  94  110     -9.470      7.098    -73.680
  -1   -2      9.557     -0.960    -71.335
 252  209     11.543     12.250    -69.365
 233  277      7.991     12.645    -66.526
 322  240     10.019      6.830    -65.353
  -1   -2      2.700     -0.603    -59.384
 131  221     -7.414      8.325    -67.244
 161  152     -3.488     -1.222    -62.855
  -1  392      3.821      0.471    -65.273
  -1   -2    -10.903      0.660    -71.829
 162   -2     -6.788     -1.422    -63.619
 150  202      7.284     -6.929    -66.606
 171  383      7.702     -7.839    -69.451
 425   79    -11.598     10.111    -66.589
 536   -2     -4.809      4.621    -62.488
 175   -2      0.709     -0.292    -67.273
 259   15      1.777      5.661    -71.709
 354   43      5.297      4.762    -72.912
  -1  259     11.911      9.231    -72.152
  -1  225      1.761      5.620    -65.124
  -1   -2     -4.911     10.534    -66.137
 163  151      2.178     11.748    -62.813
 438  388      9.696     -0.400    -70.196
 608   -2      4.799      3.607    -62.207
 521  795      4.708     -7.927    -69.765
 279  475      3.554      3.808    -68.174
 153  364     10.919      5.687    -68.145
 178   61      4.716    -10.338    -69.197
 204  162    -10.449      2.761    -65.178
  82  501     -6.098     10.723    -72.872
  71  127     -5.772    -10.256    -69.331
  -1   -2     -1.271      0.390    -61.060
 173  220      8.851     -2.571    -66.428
  -1  246    -15.463     -9.069    -71.810
 284  407      8.836      7.316    -64.919
 229  140     -4.184     -7.126    -62.724
 267   -2     11.011     10.501    -72.526
  -1   -2      1.754    -11.061    -68.464
  -1   -2      9.049     -8.725    -63.175
 294  309     12.010     -3.889    -70.848
  -1  122     -5.823     -1.971    -66.654
 298  773     -9.724     -7.405    -73.323
 352  197      5.431      7.526    -70.576
  -1  193     -6.723      2.540    -73.778
 409  237    -12.188      6.667    -62.275
 241  417      0.279     10.466    -63.967
  -1   -2    -13.466     -4.395    -73.379
 275   -2      8.527      4.228    -68.092
 265  344      0.981     11.983    -73.949
  -1   -2     12.232     -5.468    -59.806
  -1   -2     -1.225      9.812    -68.302
 589  132    -13.337      0.462    -67.638
  -1   -2    -10.686     -1.332    -74.323
 160  763      8.113     -7.520    -70.038
 268  271     -7.774     -3.282    -64.621
 126  192    -11.300    -11.892    -72.477
  -1  244     -7.834      9.561    -63.121
  -1   -2     -3.677     -9.962    -63.365
  -1   -2     11.330     -4.939    -62.047
  -1   -2     -3.433     11.015    -68.969
 206  247     -1.867      9.198    -64.746
 774   -2    -14.345      1.165    -67.137
  -1  266    -13.766    -12.027    -71.474
 765  206     -6.372      6.563    -72.071
  -1  188     -3.690     -9.807    -69.804
 757  191     -8.525     -9.816    -70.590
 431  312     12.106      0.720    -67.685
 244  190     10.976     -1.636    -69.119
  -1   -2     16.793     11.116    -72.747
 105  437      3.601      8.052    -70.610
  -1   -2     -7.769     -5.730    -69.462
 236  282      4.784      0.507    -63.150
 317  264     12.659      3.261    -65.062
 273  255    -10.861      7.409    -72.882
 205   -2      5.754      4.621    -65.201
  -1  166    -11.870     11.842    -68.975
 570  304    -14.910     -5.827    -69.113
  -1  591     -6.075     -5.021    -75.745
 567  219     10.796      7.834    -64.314
 514  781      6.891     11.465    -67.822
  -1   -2     -1.040     -4.410    -58.774
 137  597     -6.136      7.003    -63.525
  -1   -2    -13.943      5.866    -67.538
  -1   -2    -12.773      1.618    -72.862
  -1   -2    -11.116      2.985    -71.284
 519  291     14.759     12.618    -68.952
  -1   -2    -14.896     10.498    -71.001
 261   -2     12.825      8.085    -71.214
  -1   -2     -2.568    -12.492    -73.482
  -1   -2    -10.815      5.383    -72.683
  -1   -2    -14.061     11.816    -76.369
 277  411     -4.105      8.963    -76.677
  -1   -2     13.545      3.048    -62.283
 276  691      9.402     -8.374    -71.711
 280  258      9.164    -11.589    -68.220
 760  287     11.057      1.201    -62.954
 180   -2      0.288     -8.742    -73.443
  -1   -2      2.057      3.837    -84.636
 312  297    -10.985      3.411    -66.444
 390   -2     -5.122      8.200    -67.756
 753  369     -3.763      4.008    -75.329
  -1   -2     -2.530     -5.607    -72.761
 196  454      8.141      9.709    -69.635
 653  786      2.785     -1.466    -64.639
 427  286      1.406     -7.847    -66.515
  -1   -2      1.796     -8.917    -57.559
  -1   -2     10.022     11.592    -65.994
  -1   -2      0.077      8.122    -72.087
  -1   -2     13.477      8.050    -64.329
  -1   -2    -11.752      8.495    -77.584
 289  772    -12.928      4.474    -65.731
 552   -2    -14.388     -3.919    -67.928
  -1   -2     -1.427     -1.895    -62.984
 291  224     -3.800     -7.200    -64.327
  20  318      9.098     -3.483    -72.622
  -1  485    -14.365     -9.919    -71.207
  -1   -2     -6.593     -8.740    -67.305
 211   -2      1.210      3.045    -74.357
 720  315     13.265    -12.041    -69.265
 644  558     -5.797     -1.026    -76.322
  -1  654     -7.535     -6.573    -70.330
 325  656      5.992      1.636    -64.006
 308  676     11.817     12.830    -68.631
 338  682     11.675      7.919    -73.882
 314  267     -8.113      6.676    -67.264
  -1   -2    -11.939      3.336    -85.783
 333  313     12.467      2.764    -64.663
  -1   -2      6.318     -2.783    -76.469
 326  314      2.818      9.376    -66.452
 286  771      0.314      0.944    -67.401
  -1   -2     11.590      0.701    -57.989
 587   -2     10.806      0.277    -73.038
 331  713     10.949     -8.589    -74.945
  -1   -2     15.788     -3.137    -67.347
 569   -2     -0.459      6.920    -72.903
 353   -2      8.439     -9.318    -74.517
  -1   -2      2.022     -1.997    -62.904
  -1  269      6.136      4.197    -64.352
  -1   -2    -15.401     -0.135    -76.555
  -1   -2     10.081      2.493    -72.946
  -1   -2    -13.721    -10.628    -85.714
  -1   -2     -0.161     -9.022    -68.043
  -1   -2      9.725     -1.905    -73.880
  -1   -2     17.822     -8.811    -72.311
  -1   -2     -9.319     -8.419    -60.515
  -1   -2      0.845     -4.803    -61.435
  -1  321      4.692     13.136    -66.978
  -1   -2     12.875      2.678    -61.411
 287  341     -0.359     -9.474    -73.605
 345    7      4.153      6.135    -68.351
 359   23     -2.023     -5.559    -69.676
   6  331      1.261     -5.261    -70.968
  -1  536     -0.250     11.965    -71.370
 139  342     -5.060      8.861    -73.731
  14  757     -0.215      7.296    -71.949
 749    5     -0.701     -1.430    -68.797
  78   -2     -9.424     -6.254    -65.531
  -1  328      0.798     -1.925    -71.248
   4   -2    -11.446     -3.836    -73.510
 505  253      2.812     -4.912    -61.112
 166  537      5.498    -10.809    -77.042
  30   11     -3.726     -1.918    -70.373
 451   -2     -7.563     -1.007    -69.876
  -1   -2      3.497      6.882    -72.004
 263  377     -3.857      6.962    -73.843
 343   46     11.602      2.445    -69.989
 791  642     12.900     -6.282    -76.164
   3    3     -6.796     -0.118    -69.730
 367   92      3.945      6.891    -70.463
  -1  358      2.138    -12.259    -69.607
  -1   -2      9.998      1.857    -65.655
 439   80      0.171      2.945    -72.120
   2    9      8.448      2.666    -70.443
  -1  250      4.072     -2.873    -62.884
 214   33    -15.455     -3.701    -72.770
 374  371      2.392      4.382    -62.823
  -1   45      1.042     -2.951    -65.054
  -1   -2     16.739      6.538    -71.380
  -1   -2      5.518     -5.065    -61.584
 363  343     -8.355     -9.580    -65.261
  46  366     -3.159     12.966    -64.503
 793  107      4.247     -5.468    -73.814
 364  129      7.565      1.009    -61.127
 207  159     -0.457     -7.936    -64.325
  -1   -2    -15.868     -6.685    -77.853
 141   75     -1.364     11.981    -64.563
  -1  529     -8.789     -9.952    -63.455
  -1   -2     11.330      6.480    -86.204
  -1   -2     15.191      6.613    -72.208
  -1   -2     -2.287      4.950    -56.366
  -1   -2    -13.055      2.724    -73.462
 375  173     -7.888     -5.577    -59.321
 225  139     -5.006     -5.210    -60.515
 396  386     -5.189    -11.253    -61.233
 366  466     -2.417      2.311    -71.561
 107  759     -2.911      6.856    -61.359
 380  406     -9.780     -6.568    -62.210
  -1   -2     16.905      0.686    -75.699
 382  390      4.335     -9.743    -60.891
 399  522     14.507     -8.351    -67.070
  -1   -2      0.594     -6.485    -62.963
  -1   -2     -5.616     -4.924    -55.994
 411   94     10.276     -7.556    -69.024
 478  456      1.536     -2.216    -73.863
  -1  179     -1.598     -8.244    -68.748
  -1   -2    -14.502     -7.197    -76.412
 500  514     -9.597     -9.152    -59.537
  -1   -2    -10.276     -9.493    -59.756
  -1   -2     17.070      8.065    -70.446
  92   -2     -5.048     -0.623    -65.460
 408  503     -8.584     12.980    -62.640
 239  769      5.775     -7.084    -73.559
  -1   -2    -10.209      2.075    -57.141
  -1   -2    -12.887      6.595    -88.009
  -1   -2     -6.974      3.924    -59.121
 403  204      3.268      0.055    -59.826
  -1   -2    -15.113     -8.827    -85.502
 356  408     -7.466     -0.813    -66.086
 448  681      5.542     -6.193    -60.974
  -1   -2     -6.320     -5.242    -62.023
 418  429      7.732     -8.103    -73.324
 130   -2     -0.545      4.774    -76.628
 146  412     -8.331    -11.194    -69.312
  -1   -2     -5.885      9.262    -56.191
 440  384      6.650    -12.019    -64.856
 405  410      9.601     12.453    -65.466
 250  441      3.857     -3.361    -59.431
 155  419      3.069     10.076    -62.682
 125   -2     -4.434     -5.448    -63.244
  15   -2     -0.075      5.947    -75.508
  -1   -2     -2.457      5.747    -64.314
  -1   -2      6.184     -7.255    -55.618
 754   78      6.011     -4.853    -69.684
 202  436      9.132      0.779    -70.835
  -1  440    -11.853     -7.202    -62.019
  -1   -2     -5.930     -7.149    -64.185
  -1   -2     -2.617     11.660    -66.935
  59  382     -8.180      3.870    -62.903
  -1   -2      0.593    -11.422    -61.196
  -1  420     11.581     -8.220    -70.799
  -1   -2     -4.285     -8.417    -62.726
  89   69     -6.971     -4.184    -64.622
  -1   -2     16.736     -5.714    -70.719
 389  435      4.890      9.431    -74.470
 104   -2      3.339    -11.318    -68.487
  -1   -2     -2.276     -7.531    -57.269
 181  133     -5.987     -0.529    -60.682
  -1  375     -1.220     -5.556    -60.582
  -1   -2      3.908    -10.407    -68.568
 407   -2     -4.772      7.440    -62.664
 429  217    -12.237     -0.195    -66.285
  -1   -2     -1.514    -12.112    -63.489
 487  776     -2.373     -6.547    -72.448
  -1  379     -4.073      4.291    -63.691
  -1   -2     -7.763      2.049    -63.844
  -1   -2    -11.705      3.670    -61.489
  -1   -2    -10.149     -3.813    -74.057
  -1   -2     -4.070     -1.539    -64.791
  -1   -2     13.764      5.099    -76.893
  -1  519     14.177     11.516    -67.140
 295   -2     -5.316     -3.721    -64.049
 456  423      2.164     -6.637    -60.306
  -1   -2     -7.510     -5.249    -61.959
  -1   -2     -3.121      6.779    -67.988
  -1  189    -13.919     10.323    -75.868
  -1   -2    -12.152      7.881    -68.995
  35   77     -6.940      1.222    -70.263
  -1   -2      8.297    -11.617    -70.494
  -1   -2     -8.076      3.018    -62.689
  -1  121      4.673     -1.574    -60.684
 179  486      3.220     -3.372    -60.042
  -1   -2     -0.785     -0.224    -69.777
  -1   -2     -4.694    -10.195    -74.552
  -1   -2     -5.907     -7.360    -79.431
  -1   -2     -5.212    -11.831    -76.180
  -1   -2    -14.247     -1.210    -74.178
 575  249    -15.600      0.641    -70.329
 771  334      6.566      5.031    -72.522
  -1   -2     12.930     -7.618    -61.736
  -1  146     -5.902     -9.480    -63.474
  -1   -2     12.219     -6.104    -64.069
  -1   -2     -5.115    -12.141    -62.412
  -1   -2     -3.004     -4.022    -69.820
  81  149     -1.704     -7.642    -67.113
  -1   -2     -1.763      4.689    -68.259
  -1   -2      4.490      1.922    -60.699
 199  767     -7.567     -7.199    -68.850
 269  425     15.376     -8.950    -66.566
  -1   -2     13.269     -6.380    -66.620
  -1   -2     -5.452      6.593    -60.580
 360  774     -3.011      3.159    -58.622
 586  458      5.390    -12.695    -74.044
 423   -2      0.467      5.668    -63.149
 767  790     10.107      8.538    -73.492
  -1   -2    -10.765     10.484    -60.213
  -1   31     -4.668      6.105    -76.756
 548  557      1.656     -1.313    -61.649
  -1   -2    -12.163     -2.166    -76.418
  -1   -2    -15.669     -9.085    -78.368
 719  555     12.531     -1.306    -64.930
  -1  496      2.250      7.589    -65.373
 247   -2      6.375     -6.802    -67.297
  -1   -2    -12.435      4.239    -74.708
  -1   -2      5.614     -9.111    -66.059
 164   73     -1.170    -12.414    -67.916
 307  679      6.192     -0.111    -73.673
  -1   -2     -5.209     10.151    -56.218
 527  439    -14.627    -10.714    -69.723
 248  215    -11.680    -10.249    -74.089
 460  131     10.309     -5.641    -67.796
  -1   -2    -12.604     10.704    -75.237
 476  148    -10.887     10.248    -64.135
 412  694     -8.890     -1.500    -76.021
  -1   -2     15.306     -7.608    -68.726
  -1   -2     -8.327      1.411    -60.119
  -1  176      0.482     -1.235    -73.180
 560  782     11.527    -12.082    -65.552
 435  484      5.008     -0.989    -71.046
 385  248    -12.841    -10.020    -65.123
  -1   -2     -8.245     -2.819    -74.475
 103  165      9.341      3.326    -61.655
  -1   -2      7.864     -0.036    -58.433
  -1   -2      5.179    -10.878    -60.401
  -1   -2     -4.099     -6.156    -60.674
  -1   -2     14.055      0.153    -62.469
 775  550      2.307     -8.442    -62.604
  -1   -2     -2.526     -8.093    -64.154
  -1   -2     15.209      9.330    -67.071
  -1   -2      6.483      8.066    -63.092
  -1   -2     10.709    -11.620    -81.086
  -1   -2      4.047      6.230    -57.186
  -1   -2      2.379      4.163    -62.852
  31  270     14.551     -5.908    -70.740
 245  770    -11.916      5.296    -69.050
  -1   -2     10.538     -6.550    -59.900
  -1  254      6.990      5.152    -63.032
  -1   -2     -8.836      3.323    -63.148
 562  513      7.837     10.607    -62.907
  -1   -2     -0.591      1.799    -60.275
 159  347     12.176      2.924    -70.857
  -1   -2     14.598      3.280    -78.073
 186  521     -0.791      2.608    -63.878
  -1   -2     -6.160      0.413    -59.963
 274  634     10.734     -8.473    -70.057
 541   -2      4.403      7.027    -63.210
 228  768     -8.667    -11.956    -66.123
  -1   -2      8.044     10.143    -72.437
 508  467    -14.070     -6.430    -74.624
  -1   -2      1.427    -10.786    -72.438
 257  568     -5.071    -10.935    -60.126
  -1   -2      7.361     -8.532    -62.079
 242   -2    -10.370     -1.309    -59.961
  -1  515    -11.576     10.130    -68.752
  -1   -2      9.489     -9.684    -75.601
  -1   -2     13.038     -8.649    -63.414
  -1   -2     12.934      0.746    -70.993
  -1   -2     -4.172     -6.829    -55.771
 283  673      9.662     -1.821    -72.632
 464   -2     13.865     -6.716    -65.162
  -1   -2     16.428    -10.485    -86.309
  -1   -2    -12.205     10.864    -84.045
 434  775     15.092     11.858    -71.087
  -1  389      9.454     12.055    -71.080
  -1   -2     -8.354     -6.850    -77.721
  -1   -2     -9.087      9.189    -66.676
  -1   -2     -3.582    -12.363    -74.843
  -1   -2      3.434     12.995    -68.178
 219   -2     -8.145     -7.632    -60.603
  -1   -2      1.422      9.691    -60.991
  -1  298     12.183    -11.158    -69.408
 461  201      1.562      4.347    -64.993
  -1  622     -6.834      3.472    -77.045
  -1   -2     14.576     -7.617    -66.645
 565  783     -3.663      0.399    -58.696
  -1   -2    -11.922    -10.456    -66.315
 577  784     -5.126     -2.087    -65.611
 523  263     -2.084     -3.472    -62.459
  -1   -2     -1.087      4.467    -58.139
 474  502     12.892     -9.074    -67.948
  -1  289      3.301      1.455    -71.798
 491   -2    -10.750     -6.734    -59.108
 238  308      9.894      7.716    -67.101
  -1   -2    -12.247     -3.929    -60.992
 182   -2      8.493      6.825    -63.748
  -1   -2     -4.574     -1.761    -60.863
 226  510      9.819      2.647    -71.001
  -1   -2      9.316      5.631    -85.310
 496  779     11.950     -9.832    -61.222
  -1   -2      7.981     -9.674    -60.132
  -1   -2    -11.596     12.406    -72.092
  -1   -2     -4.833     -4.559    -57.769
  -1   -2    -13.010     -3.108    -68.697
  -1   -2     -1.022     -7.969    -68.159
  -1   -2     16.718     12.502    -69.955
  -1   -2     10.710     -0.350    -51.998
  -1   -2    -14.034      7.643    -75.486
 554   -2      4.820    -10.806    -60.369
  -1   -2      4.715      6.198    -61.398
  -1   -2     12.265     -2.363    -61.576
  -1   -2     10.375     12.648    -70.225
  -1   -2     16.117      0.388    -63.736
 401   -2     11.240     -2.217    -64.803
  -1  559     13.964      0.287    -65.159
  -1   -2      0.116      5.736    -65.433
  -1   -2     -3.461    -13.059    -63.405
 459  636    -13.143    -12.617    -66.425
 506   -2    -13.995     -8.019    -74.849
  -1  532     12.897     -6.032    -60.100
  -1   -2     17.796     -5.901    -77.628
  -1   -2     10.554     -9.534    -81.285
  -1   -2    -14.463     -4.707    -83.950
  -1   -2     -5.267     -7.927    -52.250
 313   -2      2.337     10.098    -75.511
 607  464      9.702      9.158    -62.358
  -1   -2     -4.314      5.437    -55.041
  -1   -2     17.896     11.756    -72.672
  -1   -2     12.691     -2.139    -60.704
  -1   -2     16.321      1.592    -74.211
 501  285      4.596     11.668    -65.984
  -1   -2      9.221     -4.038    -71.449
  -1   -2     -7.102     11.374    -79.339
  -1   -2    -11.314     12.034    -64.510
  -1   -2      4.882     -0.071    -72.412
 305  281     -3.629     11.048    -68.933
  -1   -2     15.177      9.559    -70.817
  -1   -2    -13.453    -11.451    -70.456
 253   -2    -13.036      5.973    -66.273
  -1   -2     -8.472     12.234    -72.821
  -1   -2    -11.651     -5.486    -58.976
  -1   -2    -10.807     12.454    -63.073
  -1   -2    -11.098     11.625    -62.965
  -1  535      1.650    -11.014    -73.656
 706  787     -8.163     12.320    -73.485
  -1  230     13.332      8.054    -74.306
  -1   -2     -4.007    -12.513    -64.397
  -1   -2     -3.581     -4.340    -72.255
  -1   -2     -8.991      5.404    -59.469
 790   -2      5.943     -7.399    -71.369
  -1   -2      8.774     -4.137    -57.824
  -1   -2     -9.975      9.482    -82.643
  -1   -2      0.286     -1.834    -73.550
  -1   -2      9.432      8.106    -60.909
  -1   -2    -15.323      8.201    -76.711
  -1   -2      6.123     11.429    -58.814
  -1   -2     -7.894     10.664    -59.571
  -1   -2     -7.941      1.370    -52.921
  -1   -2     15.788      0.459    -64.630
  -1   -2    -14.122     -9.279    -76.969
  -1   -2     -1.855    -12.263    -66.957
  -1   -2      6.601      9.257    -65.666
 433  581     12.176     -6.964    -65.908
  -1   -2     14.225      1.655    -76.800
  -1   -2     13.994     -9.626    -74.805
  -1   -2     14.481     -6.832    -70.336
  -1   -2     -0.698      5.420    -57.926
  -1   -2     13.159     -7.613    -75.291
  -1   -2     14.762     -6.166    -65.568
  -1   -2     -8.191    -10.628    -71.647
  -1  228      6.578      3.142    -68.396
  -1   -2     16.777     -1.565    -65.748
  -1  302     -9.939      1.363    -64.151
 272  185     12.700     -3.680    -70.236
  -1   -2     17.453    -11.208    -67.916
  -1   -2      2.024     11.403    -58.107
  -1   -2      7.831      7.054    -56.050
  -1   -2     12.800      4.434    -79.077
  -1   -2     17.813     -1.313    -67.515
  -1   -2    -11.452     -1.125    -60.556
 315  629     -8.660    -10.449    -64.641
  -1   -2      5.040      7.699    -72.226
 426  272      7.613     -1.080    -67.664
  -1   -2      2.314      6.544    -75.946
  -1   -2     12.270    -12.555    -73.101
  -1   -2      5.661     12.806    -69.013
  -1  641    -13.022     -2.566    -77.154
 680   -2     14.953      8.927    -71.944
 661  580     -0.448      2.670    -68.115
  -1   -2     12.080     12.068    -73.095
  -1   -2      8.982     10.359    -64.603
  -1  721      2.602      3.107    -70.249
 602   -2     18.483      3.166    -73.521
  -1   -2    -12.115      6.857    -73.960
  -1   -2     -4.845      6.190    -53.520
  -1   -2     16.372      2.080    -66.513
  -1   -2      2.788      1.984    -56.155
  -1   -2     10.597     -3.374    -61.255
  -1   -2      2.862      0.776    -61.325
  -1   -2      8.764      8.420    -55.859
  -1   -2     -0.472     10.832    -56.544
  -1   -2     13.796     -5.531    -66.782
  -1   -2     -0.729      9.406    -78.535
  -1   -2    -14.508      2.762    -78.351
  -1   -2     14.101      2.689    -74.211
  -1   -2     -9.253     10.123    -67.470
  -1   -2     -2.141     -1.555    -64.287
  -1  683     -0.266     -0.424    -63.819
  -1   -2     -3.655      7.471    -72.726
  -1   -2     -7.177     10.959    -66.430
  -1   -2     -5.862    -12.204    -65.686
  -1   -2     10.086      6.520    -55.383
 708  327     -1.233      7.650    -68.891
  -1   -2     -7.223     10.167    -57.046
  -1   -2     -4.520     -8.291    -58.690
  -1   -2    -13.345    -10.059    -71.920
  -1   -2     13.781     13.033    -67.846
  -1   -2     -5.476     -3.668    -67.767
  -1   -2     -1.427      9.667    -61.705
  -1   -2     15.395    -12.525    -68.102
  -1   -2     10.823     -5.595    -59.167
  -1   -2      8.250      3.727    -58.776
  -1   -2      1.848      3.171    -84.774
  -1   -2     14.359      9.476    -68.105
  -1  495     -8.402      6.249    -55.698
 190  549     -0.857     -6.856    -72.834
  -1   -2     15.042      0.013    -68.030
  -1   -2     -6.530     -9.749    -54.815
  -1   -2      4.247     -5.284    -53.269
 787  792      2.487      1.305    -70.839
  -1   -2    -12.986     -5.933    -64.671
 730   -2     -8.042    -12.443    -70.453
  -1   -2     -5.683     -7.577    -69.199
  -1   -2     -0.781     12.235    -59.979
  -1  716     -0.438     -9.507    -66.562
  -1   -2     -8.675      3.207    -71.051
  -1   -2     -6.073     -6.923    -59.244
  -1   -2      8.226     -0.428    -52.593
  -1   -2     12.319     -6.779    -56.410
  -1   -2      5.098      8.684    -67.255
  -1   -2     -0.893    -11.013    -63.254
  -1   -2      0.820     11.062    -79.887
  -1   -2     10.035     11.818    -61.834
  -1   -2     -9.258     10.187    -54.797
  -1   -2     -9.530     -7.677    -78.150
  -1   -2    -15.293     -4.219    -79.778
  -1   -2     13.486    -13.079    -61.342
  -1   -2      2.610    -12.644    -66.633
  -1   -2     -7.203     12.376    -66.341
  -1   -2     -3.814     -0.249    -65.534
  -1   -2     10.928     -6.718    -60.108
  -1   -2     -9.856      6.139    -84.622
  -1   -2     14.371      0.320    -63.679
  -1   -2     -9.717     -4.184    -62.832
  -1  311     -7.452     -2.091    -76.157
  -1  512      5.196     -8.453    -67.989
  -1   -2     -6.399     -8.058    -60.988
  -1   -2      5.818     -9.174    -68.443
  -1   -2      2.809      9.480    -77.170
  -1   -2     -0.275     -3.238    -57.132
  -1   -2    -12.671     -1.495    -62.376
 781   -2     -3.240     -1.258    -66.381
  -1   -2      4.874      0.569    -67.196
  -1   -2     -7.171     12.670    -64.886
  -1   -2     11.793     -9.022    -55.826
 585   29      4.427      1.719    -72.627
  18   48      8.320     -0.592    -70.407
  50   -2     -0.220     11.432    -69.951
  43  368     -1.957    -11.205    -65.035
  25   10      1.158      8.521    -66.470
 121  760    -11.343      2.505    -64.384
 187  765      7.827      0.639    -63.575
 592   -2     -8.362     -6.527    -71.938
 666   -2     -7.356     11.496    -76.487
 266  283     10.006     -5.531    -71.883
 302   -2    -12.495      4.612    -70.646
 134  446    -12.544      3.240    -63.919
 626  785     10.702     -9.101    -77.832
 170  141     -4.178     -7.422    -71.091
 504  305     -4.811     -9.301    -72.087
 292  592      3.626     -4.180    -69.399
 780   -2      2.131     -1.907    -63.559
  52   -2     -4.362    -12.007    -73.459
 667   -2     14.352     12.719    -68.364
 316  319     10.251     11.016    -64.437
 737  788     -4.806     -9.189    -66.178
 210   -2      5.497     -2.344    -58.991
 534   -2      8.527     -9.534    -61.426
 539   -2      3.181    -11.204    -62.918
 773  791     11.000     12.442    -71.954
 499  780     15.682    -10.337    -76.142
 755  789     -1.166     12.167    -63.725
 282   -2    -11.026     12.521    -72.177
 281  274     -9.380     -2.352    -73.077
 591   -2    -14.653     -3.554    -72.605
 532  796     15.698     -2.600    -66.171
  -1   -2      9.449      9.543    -62.175
 632  637     -8.153     -1.405    -58.758
 571   -2    -11.803     -5.415    -72.081
  -1   -2     -7.158     10.246    -60.199
 237  690    -10.594      6.133    -67.057
 490  777      2.727    -12.162    -71.212
 785   -2      6.536     -0.865    -66.909
 340  404     -4.606      1.584    -59.179
