845
   4    0     -0.517      1.012    -71.558
   0    5      1.962      6.888    -70.606
  20   11     -1.841     10.666    -69.867
  39   55     -8.340     10.255    -74.144
  23   53      5.754     -3.335    -71.233
   3    3      1.578      3.974    -71.575
  84   68      1.472     12.103    -70.731
   6    2      1.516     -4.260    -70.843
 110    4     -4.546     -4.109    -69.291
 387    6      1.781      5.670    -69.656
  22   25     -2.814      5.873    -70.342
  10   75      1.501      3.715    -69.419
  -1  170     -4.372     -9.924    -76.557
  38   20     -5.549      8.939    -73.091
   9   28      0.393      3.771    -68.689
  52  131     -5.206    -10.422    -69.224
  26   17     -3.306      6.183    -69.562
   1    7      0.670      4.948    -70.781
 388  135      5.498     -7.564    -76.455
 236   46      5.211      8.152    -70.097
  33   27     -1.472      4.741    -73.005
  35   15      5.228      2.417    -68.617
  11   16      3.977     10.416    -69.823
   7   23      5.011     -3.099    -70.694
  18   45      1.198     10.326    -68.836
  15   35      2.984     -0.741    -75.239
  32   19      7.702      7.967    -72.275
  16  442      0.571     -4.286    -70.234
  47  253     -7.241      9.941    -66.832
  88   22      8.172      2.623    -68.651
  13  385      6.843     -1.804    -70.693
  24   21     -2.416     -4.395    -69.920
 252   44      6.777      4.891    -66.750
  37   39     -6.276     -0.676    -67.148
  74   49     -8.095      4.975    -68.920
  17   97      5.881      8.635    -70.383
 343  326     -6.177      6.051    -73.637
  -1  212     -7.699     -1.304    -60.077
  19   14     -3.299     -0.217    -71.547
 536   66      8.203      3.690    -73.825
  -1   79     -4.818     -0.027    -70.507
 399   43      4.955      4.296    -67.777
 496  205     -9.178     -0.406    -70.871
  -1   -2     -1.297     -5.444    -64.536
 444   41      7.530      7.582    -69.981
  12   51     -3.395      3.714    -68.589
  55   56     -0.551     -4.521    -69.146
  67   42     -6.680     -0.013    -68.083
  28   93      7.194      2.933    -72.287
 122   -2     -2.756     -6.430    -73.458
  31   76     -5.726      1.788    -68.693
  -1  244     -8.315      2.276    -73.025
 209  810     11.149     11.750    -66.884
  -1   80     -4.088     -1.919    -74.724
 126   84     -2.948     -2.431    -73.883
  81   52      3.074     11.466    -68.312
  -1  416      3.717      9.652    -70.131
 277   87     13.146      8.970    -71.116
 413   -2      1.851      2.098    -64.712
  48   31     -5.112     -3.377    -67.833
 142  143      7.806     -4.150    -74.965
 307   64      3.220     10.752    -68.067
 247   10     -2.172     -1.334    -71.233
 437  119    -11.566     -4.302    -75.689
  51   40     -8.287     -8.772    -66.239
 121   65      1.565     -5.917    -65.334
  41  411     -7.809     -5.673    -67.046
 112   69      9.183     11.699    -67.762
 168   82     -9.039     12.263    -69.636
 133   57    -14.947     12.080    -72.997
 488  479      1.155    -11.807    -72.552
  -1   -2      0.033      0.623    -67.134
   8    9    -11.101      5.436    -72.132
 458  169    -11.039     -4.920    -65.784
   2   -2      3.713      3.136    -69.228
 116  308     -0.966     -6.903    -67.808
  29  389    -13.308     -1.050    -73.983
  43  242     -3.235      1.955    -71.874
  54  388     -8.198     -2.816    -69.638
  58  178     14.692     -4.003    -72.431
 417   81     -8.105      1.879    -69.179
  -1   74     -7.951     11.298    -72.631
  82  100     -6.124     -4.034    -67.745
  79  102     -9.677      2.111    -67.129
 108  236      0.102    -10.768    -70.665
 409   92      0.732      0.708    -68.964
  65   59     -0.815      2.943    -69.002
 226  114    -12.261      5.153    -68.781
 456   86     -9.198    -12.342    -69.118
 498   13     -0.318      1.785    -72.680
 137   83      3.238     -6.395    -63.177
 106   71      7.891      9.480    -65.535
 186   98     -8.180      6.700    -64.986
  69   99     12.502     -3.657    -71.577
 131  138    -12.733      1.741    -70.544
  78   94    -12.171     -0.100    -68.904
  14   60     -0.396      8.640    -68.169
 830  402     -1.333      4.782    -64.002
  94   89     -6.419     11.344    -61.992
 130  265    -10.403      3.539    -67.274
 176   34      7.120      9.233    -68.415
  60  298      1.728      5.490    -71.510
 183  406      6.069     -2.839    -64.988
  59  128      1.544     -9.966    -73.213
 533   47      7.282     12.079    -69.871
 127  109    -13.119      7.283    -71.088
  57  273      6.292     12.004    -71.182
  -1   -2     -4.856     -5.290    -72.004
  66   26      4.087      7.492    -74.113
 128  490     11.494     10.781    -70.637
 107  122    -11.409     -5.530    -69.076
 264   63      3.900     -4.499    -66.229
 173  166      3.795    -10.816    -65.471
  87   95      5.532     -4.927    -65.765
 438  155     -5.468      5.874    -62.561
 459  121     -8.314    -10.376    -67.023
 188  132     -2.669      7.831    -66.435
 199   48      6.815      2.183    -71.919
 429  123    -13.361      5.320    -73.935
 467  441    -10.175     -2.993    -68.495
 159  807     -6.274      8.025    -63.656
 234  631     -7.934     -3.240    -68.218
 386  384     -3.624     -5.251    -72.235
 814  188     -9.439      6.151    -70.106
  62  431     -5.300      1.437    -65.126
  91  152    -11.798      2.059    -63.444
 169  130     12.553      8.220    -64.333
 103  153    -10.821      1.657    -69.895
 157  255      8.792     -4.383    -69.781
 270   88     -1.534      0.700    -71.846
 115  120      1.533     -2.089    -63.703
 102  116    -13.338      2.032    -70.599
  96  407      9.505      8.413    -63.879
  -1  142     -5.609     -7.448    -64.866
 117   32     -5.895      4.161    -74.212
  40  286      7.143      6.618    -70.167
 113  127    -10.797     12.903    -67.613
  83  118    -10.534      9.492    -63.836
 828  181     10.905     -5.688    -66.951
 150   -2    -11.038      6.600    -63.948
 269  146    -14.484     -8.180    -69.165
  73  199     -7.346      0.018    -62.221
 187  653     -4.800     10.456    -74.838
 494  133     -6.346      4.376    -69.493
 178  457     -7.476      5.491    -61.712
 170  161    -11.906      9.687    -65.519
  85  400     -3.353      3.745    -66.962
 400  117      0.052     -9.792    -71.449
 109  439     -6.280      2.084    -63.767
 512  462    -14.501     -2.252    -67.949
  -1   -2     -4.559      0.517    -63.353
 145  220      1.891      5.368    -64.409
 161  233      8.553    -12.382    -67.657
  72   61     -7.180     -9.454    -66.624
 404  822     -6.376      6.724    -60.166
 155   85      2.575      7.226    -63.617
 184   -2     -3.588     -4.639    -70.348
  34  234      1.655     10.466    -64.757
 165  167    -13.019     10.461    -65.333
 286  328     14.528      8.371    -71.053
 191  455     -6.782     12.482    -65.067
  92  474    -11.844      8.170    -75.670
 811   -2      8.328     11.187    -71.104
 104   78     11.634     -0.529    -69.901
 139  180     -5.213     -8.744    -64.539
 123  111     -3.114     12.064    -71.729
 190  229     -7.576      0.298    -68.517
 207  144     13.638     -5.276    -65.750
 158   90     -5.193     12.076    -65.423
 220  444     -1.528     10.381    -62.344
 100  185     -1.054      6.575    -71.091
 153  141     14.136      1.038    -65.801
  99  148      8.092      3.587    -68.374
  -1   -2     -6.882    -11.899    -68.747
  -1   33     -1.771     12.168    -72.165
 151  105     -0.411     -6.013    -66.476
 166  485      6.390    -13.047    -66.590
  -1   70     -5.305      7.338    -72.513
  71   50      6.182      8.946    -72.242
 490  281      0.301    -10.283    -72.269
 538  531     -4.762      3.481    -61.842
 210  163    -10.934     -6.820    -68.605
 271  399     12.705      5.438    -74.392
 163  129     12.945     -4.356    -69.913
 237  165     -0.416     10.586    -61.456
  -1  156      7.678      6.038    -63.516
 415  112     -2.229     11.978    -72.993
 535  126     12.668     -1.350    -70.862
 148  168    -12.067      3.335    -69.091
 838  422     11.580      7.002    -69.933
 262  164      9.093    -12.001    -68.342
 189  246      3.092     -9.860    -68.194
  -1  189      0.761      0.662    -61.556
 462  606     -8.840     -0.395    -61.356
 101  207      7.439     -4.399    -70.940
 205  215      9.642    -12.251    -67.147
  -1  204     -0.369     11.704    -62.383
 807  393     -1.943      6.483    -68.101
 171  304      2.858    -10.019    -75.714
 291  567      7.207    -11.413    -64.997
  -1   -2     11.982     -4.382    -70.304
 311  182     16.750      8.868    -66.019
 263  561    -15.134    -10.067    -74.002
 105  179      9.501      4.334    -66.605
 217  203     10.753      6.493    -72.637
  50  443      5.567      1.112    -65.617
  -1  145      9.489     -3.665    -74.421
 439  826     -8.911    -10.389    -67.080
  -1   -2     -0.798     -9.746    -63.995
 276   -2     -6.234     -1.918    -70.539
  -1  134      7.507     -6.122    -74.742
 202  103     -6.154      3.184    -76.174
 181   36     -4.967     -8.058    -73.038
 310  210     13.011     10.488    -67.448
 435   -2     -7.396     -4.168    -67.373
 138  486     11.028     -0.577    -65.590
 281  191     10.188     -9.379    -71.013
 162  237      2.718      9.713    -63.789
  98  514     12.411      0.474    -69.380
 174  216    -14.154     -1.300    -70.603
 251   18      7.569     -5.816    -72.634
 244  200     14.839      8.737    -73.087
 453  425    -12.484    -12.320    -69.096
 282  154      0.590     -6.109    -64.203
 231  209     -3.247    -12.118    -65.884
 215  269     14.134      2.032    -70.169
  49  243      0.339      8.262    -72.272
 398  211     -5.001      6.390    -73.815
  -1  206     -3.773    -12.302    -74.241
 221  811     -5.579     -8.501    -69.953
  44  149     -4.621     -5.047    -66.560
 235  228      9.292      3.153    -63.349
 293  552     14.690      9.628    -73.971
  30  104     -4.368     11.856    -66.584
 225  570     -0.253      6.900    -76.023
  77  390     16.785     10.396    -72.698
 250  147     -0.710      1.686    -68.949
 317  295     14.247     -4.410    -69.105
 208  277      7.050     -0.299    -62.749
  -1   -2     -5.028      1.227    -68.993
 154  245      7.970     11.305    -65.822
  -1  324    -13.484      7.970    -69.155
 179   -2     -1.975     -1.607    -62.311
 342  219     11.931     -1.727    -69.560
 708  158    -12.852     -7.863    -68.018
 249  432     -0.839      9.075    -60.336
 125  157     -8.875     -6.022    -65.383
 273  261      5.034     -0.839    -62.123
 254  270     11.678      6.272    -64.556
  -1   -2      9.447     -3.789    -73.083
 214  137     -7.392      6.856    -72.965
 265  226     -2.646      0.482    -72.708
 359  319     -3.356     -9.336    -70.370
  -1  600     -4.171      1.116    -69.365
 255   -2    -11.180     10.916    -64.485
 324  320     10.515      0.694    -62.518
 566  194      1.116     -0.597    -63.354
 847  239     -9.724      3.388    -64.881
  -1   -2     14.416      3.588    -72.743
 510  547      0.091     10.492    -61.111
 120  291     -2.337      2.901    -65.899
  -1  264      4.036     12.055    -72.786
  -1   -2      5.238     -9.454    -56.762
 200  808     -7.501     -8.065    -64.938
 192   91      7.083      0.260    -69.709
 134  278     12.247     -5.084    -69.059
  -1   -2    -11.572      6.789    -74.727
 212  640     11.195     -4.126    -69.959
  -1  658     12.322    -10.611    -61.802
 260  248    -11.772      1.296    -67.270
 753  840      8.186     -8.336    -73.635
 450  484     -9.799    -11.702    -65.012
 284  470      8.490     -3.640    -63.997
 224  266     17.801     -6.982    -71.648
 261  107     10.095     -7.586    -71.246
 167  322      6.605      2.461    -63.861
  -1  574    -14.777     -8.465    -69.086
 835  372     -4.207      1.741    -67.976
 279  303     14.622     -4.030    -66.042
  -1   -2     -0.799      7.695    -62.147
 766  151     14.887     -7.059    -71.454
  97  196      7.625      9.514    -70.736
 275   -2    -11.110     -2.985    -64.616
 201  292     -4.389     -8.907    -64.316
  -1   -2     -5.502     -8.595    -60.846
 548  831     -0.956     -6.343    -57.066
 833   -2     -2.208      5.103    -59.896
 495  497     -5.156      3.457    -64.698
 406  823      2.387      9.105    -75.201
  -1   -2      0.557     -6.482    -76.762
 804  288     13.286      4.503    -63.542
 172  306      9.684     10.640    -67.361
 316  254      3.944     -9.146    -64.866
  -1   -2      4.701     -0.710    -71.285
 339  275     10.429     -0.206    -65.753
 518  159      6.513      9.557    -73.748
  -1  683    -10.879     -2.843    -76.147
  -1   -2      0.782     -8.612    -76.881
 233  232     -2.275      8.871    -63.228
 345  816     16.486     -4.651    -72.264
  -1  317      7.400     -7.590    -69.698
 461  493    -10.028     11.409    -74.929
 160  214     -3.869     -4.680    -64.608
  -1  488     -4.731      0.335    -65.686
 287  359     15.849      2.646    -63.884
  -1   -2     -8.081     -8.440    -60.434
 228  240     13.518     -6.155    -71.109
 340  290     16.562      6.231    -69.705
  70  279      9.593     -7.898    -71.472
 531  610     14.005     -5.936    -70.138
  -1   -2      2.696     -7.652    -61.550
  -1   -2     11.385      4.455    -62.669
 344  282     10.977     -1.935    -68.414
 331  815     11.365      2.578    -62.064
  -1   -2      5.538    -12.281    -65.046
 663  368     13.389      4.759    -73.239
 118   -2     10.605     -3.652    -69.859
 288  813     15.015      5.033    -71.269
 693  837     16.510      3.829    -74.596
 361   -2      9.669      8.272    -68.482
  -1   -2    -12.884      1.456    -76.511
  -1  598    -13.168     -4.489    -74.330
 377  590     13.644     -3.196    -68.493
 330  814      7.571      3.075    -62.912
  -1   -2     -1.947      1.113    -75.843
  -1   -2      3.859     10.604    -62.834
 124  106     -9.191     -6.728    -67.988
  -1  468    -10.375     -2.787    -73.850
  -1   -2     -5.762     -4.923    -74.704
 302  347     10.188     -8.247    -66.409
  -1   -2    -12.314    -10.715    -75.800
 280  386     -7.125      9.499    -76.644
 622   -2     -8.379     11.647    -75.965
 613  342     13.095     11.721    -70.660
  -1   -2     -7.338     -1.366    -72.823
  -1   -2     -6.274      6.032    -66.783
  -1   -2     -1.983     -0.425    -84.940
 314  357     -8.193      8.107    -63.949
  -1  331    -10.009      3.776    -74.155
 328  125    -14.429     -1.927    -69.298
 332  274      9.081      0.174    -71.788
  -1   -2     -5.440      6.214    -64.987
 363  238     -8.775      7.861    -63.438
 318  172      9.925      8.003    -70.294
  -1  343     -6.080     -3.014    -76.711
  -1   -2      5.566    -12.178    -82.402
  -1  747      4.969     11.323    -70.165
 470  329    -11.413      9.625    -69.353
 334  297      9.666     10.739    -69.403
  -1   -2     -7.888     -5.993    -57.290
 319  466      5.270      0.864    -66.105
 684  294    -13.018     -3.679    -72.169
  -1   -2      6.422    -11.907    -66.618
 306  299     15.685     -9.753    -71.711
 313   -2      1.142     -0.555    -64.735
 278  355    -10.833      5.086    -65.381
 258  351      6.678      0.327    -63.329
 561  335     14.800     -9.497    -68.334
 367  346      7.973      1.675    -65.130
  -1   -2     -5.481     -4.452    -75.591
 540  580      9.387     -2.337    -62.620
 333  361     10.844      2.183    -62.803
  -1   -2     -0.093     -2.167    -55.623
  -1   -2    -11.574      7.410    -76.136
 698   -2    -11.284      0.219    -76.018
  -1   -2      0.731     -9.747    -68.601
 357  360     15.340    -12.294    -68.818
 558  622    -11.716    -10.784    -66.731
 259  593     13.205     -0.511    -67.863
 588   -2     11.472      8.556    -62.605
 375  309    -13.430     12.178    -66.735
  -1  330    -14.979     -5.981    -74.614
 384  362     -3.841     -6.554    -65.098
 589  365     11.736      0.249    -63.173
 501  348     17.108     -9.038    -70.556
 849  344      2.375    -11.311    -70.420
 352  817      4.384      1.851    -69.341
 843  753     -0.143     11.358    -68.419
  -1  202     -2.945    -10.414    -72.278
  -1   -2      7.614    -12.661    -76.029
  -1   -2     -9.057     -3.904    -77.704
  -1   -2    -14.962     -1.958    -76.553
  -1   -2     -4.538    -10.169    -82.876
 725  367     -0.032     -9.178    -62.658
  -1   -2      8.833     -1.059    -72.733
  -1   -2    -12.070      0.018    -67.377
  -1  375    -11.310     11.146    -66.954
 347  358     12.780      1.886    -71.631
 360  371     -6.165     -9.332    -66.020
 194   -2     -7.474     -0.915    -75.951
 320   -2     -6.269    -11.479    -68.637
 389  197     15.670      3.209    -70.524
  -1  272     -2.482      6.941    -74.046
 141  387    -14.662    -10.689    -76.805
 460  845    -10.494     -4.615    -68.035
  -1   -2    -15.084     -7.432    -72.149
 248  284     -7.169      5.145    -76.280
  21  101      8.762      3.896    -69.100
  -1  440     -1.998     -0.970    -64.518
  -1  398     -3.624      5.003    -60.306
  -1  418     -9.307      1.446    -66.448
  -1   -2     -4.474     -0.734    -60.217
  53   30     -3.816     -5.463    -67.054
 639  520    -16.338     -9.162    -75.697
 321   62     -1.931      7.516    -71.909
 185  480      9.235      7.026    -66.936
  45  230     -7.261      7.261    -71.051
  27   -2    -10.314      2.139    -71.341
  56    8     -1.131     -0.560    -71.712
  -1   -2     17.504     -7.091    -74.346
  -1   -2     -5.140      5.785    -60.555
 394  414      8.692     10.572    -69.241
 420  140     -4.258      7.694    -60.876
  -1  450     -6.238      9.203    -62.716
  -1   -2      5.190     10.766    -54.998
 418  540     -7.285     -0.778    -65.721
  -1   -2     -6.571     -4.162    -72.792
 396  821      2.599      4.988    -74.292
 812  410      0.528      5.471    -62.826
  -1   -2      5.053    -10.984    -64.074
 468  395     17.836      1.192    -67.992
  -1   77     -2.379      2.675    -60.937
  -1   -2      8.425     -6.680    -63.036
 132  428     -9.956     -8.870    -69.265
 591  426     14.006     -5.188    -74.937
  93  300     12.131     -3.912    -69.107
  -1   -2     16.532     -1.986    -65.995
  -1   -2      8.262      0.927    -87.496
  75  310      0.009     -4.276    -65.760
 660  836     -5.364      0.628    -72.150
 523  828     -9.055     -2.390    -67.468
 144   72     -5.878     -0.397    -67.502
 827  392      1.617     -3.889    -75.263
  -1   -2      6.758     -8.871    -63.702
  -1   -2     -5.668     -5.685    -63.011
  -1   -2     -9.972      0.821    -68.355
  -1   -2      8.130    -11.906    -68.809
  -1   -2     11.578     -4.709    -63.373
  -1   -2      1.763    -12.563    -65.783
 111  276     12.349      9.004    -74.106
  76  113     -8.910     -3.454    -66.925
  -1   -2     -9.494    -10.333    -68.978
  -1   -2     -4.423     -2.430    -73.380
  -1  424     -6.203      8.283    -65.272
  -1   -2      3.397      4.938    -75.931
 180  421      7.010     12.980    -63.421
 473   -2      3.317    -10.461    -67.057
 390  754      4.327     -4.462    -73.272
 146  806     13.334     -1.123    -63.479
 266  502      2.833     11.490    -63.510
  -1   -2     -3.404     -6.547    -77.222
  -1   -2      3.769     13.206    -63.981
 408   -2     -1.765      4.346    -61.940
 140  509     -6.684      9.238    -66.537
  -1  412     12.611    -12.530    -66.046
 597   37    -11.515      8.637    -74.877
  -1   -2     -8.686    -10.921    -77.833
 810  532     -6.720     -6.729    -68.205
  -1   -2      6.701     -9.506    -67.557
 610  171     -8.806     10.324    -62.844
  -1   -2     -6.063     -3.289    -61.073
 427  506    -11.697     -8.474    -66.117
  -1   -2     -5.786      6.621    -68.016
 431  472     -5.509     -2.490    -72.912
 443  263     -7.378      9.027    -62.605
  -1   -2     -2.828     13.085    -67.624
 551  186      0.073     10.106    -66.675
  25  108    -15.120     10.632    -72.929
 304  463    -11.397     -8.068    -60.897
 129  413      2.610     -4.901    -76.595
  -1   -2      1.621      0.817    -62.968
 806   -2      3.363      9.255    -68.003
  -1  447      2.863     -4.620    -66.795
 481  249     -5.896     11.103    -71.010
 436  564      4.934    -11.913    -73.715
  -1   67      8.986      6.218    -71.617
  -1   -2      1.294    -12.942    -62.725
 485  417     -1.447     -7.725    -61.757
  -1  252      1.053      3.998    -61.534
 246  535      1.486      4.878    -73.156
 703  583     16.302     -7.756    -70.454
 135  805      8.686     -4.708    -73.038
 253   -2      2.134    -11.907    -66.222
 299  436     -9.730     -4.748    -63.569
  -1   -2    -10.391     -3.353    -68.606
 489  192     -3.597     -9.559    -60.856
 464   -2     12.510      4.197    -65.167
  42  617     -4.716     10.653    -68.980
  -1  597    -14.061    -11.681    -71.737
  -1   -2     -8.448     -2.732    -62.800
  -1   -2      6.047     -7.512    -65.900
  -1   -2     -7.549     -1.157    -71.082
  -1   -2      2.025      0.102    -62.198
 845  846     15.626     -7.509    -71.715
 817  847     14.633      9.536    -70.330
 268  437     12.374    -11.347    -65.890
  -1   -2     16.259      7.544    -64.696
 507  293      7.952      3.757    -70.966
 808  494      5.347     -8.912    -62.523
 203   -2      5.682      4.688    -62.491
  -1   -2     -5.494    -10.211    -76.606
  -1   -2    -10.772     12.562    -61.880
  -1  586    -11.252      7.035    -62.008
  -1   -2     16.088      4.345    -70.423
 654  461    -10.885     -2.473    -68.159
 593  517      0.324     -3.567    -62.653
 358  325      1.863     -6.751    -72.145
 648  314     12.214      0.500    -73.504
  -1   -2    -11.321     -8.236    -69.163
  -1   -2     14.156     -0.160    -81.079
  -1  193     13.989     10.262    -68.805
  -1   -2     -3.423      2.425    -72.621
 502  551     12.164      4.109    -64.591
 493  184    -10.369     -2.764    -67.235
  -1   -2     -8.236     -7.334    -70.031
  -1   -2     10.576      3.328    -80.214
  -1  537      7.705    -11.322    -69.962
  -1  473     -1.876      9.436    -73.805
   5  584      4.518     -5.544    -73.206
 479   -2     13.316     -8.086    -65.939
 557  637     -2.765     -8.657    -60.951
 433  449     -8.873      2.233    -63.528
  -1  227      0.331      7.620    -61.426
  -1   -2     13.768     -2.441    -73.650
  61   -2      3.861     10.075    -67.489
  -1   -2     -0.253      0.629    -57.940
 674  625     11.797     -8.837    -65.755
 513  478      5.900     -0.125    -62.438
  -1   -2    -10.876    -10.462    -71.076
 362  183     12.573     -1.984    -69.196
 177  498     11.005      4.296    -64.273
  -1   -2      8.084     -2.630    -62.224
  -1  448     11.807     -7.888    -65.630
 143  572    -15.554      3.891    -70.524
 410  824     12.017      1.176    -74.341
 582  332     -3.193    -11.374    -63.983
  -1   -2     17.464     -1.968    -74.707
 289  644    -13.424      5.451    -71.007
 216  340      8.422     -2.549    -72.425
 655  544     11.707    -11.025    -62.324
 303  268     13.907     -0.455    -63.261
 329   -2    -14.670      5.182    -68.505
  -1   -2     -9.893     -9.431    -64.100
  -1   -2      7.553     -7.968    -59.446
  -1   -2     -6.255      1.609    -73.064
  -1   -2     -9.408     -7.925    -56.641
 824  467     -5.040      9.786    -74.615
 730  646     15.344     10.111    -63.678
  -1   -2     -4.392      0.174    -66.744
  -1   -2    -13.750      8.777    -70.929
 337  260     -1.501    -12.845    -68.199
  -1  609    -12.198     -1.788    -60.966
  -1  345    -13.200      7.153    -75.054
 529   -2     -4.762     -6.328    -59.137
  -1   -2     -4.425     -3.923    -64.405
 487   -2      3.197    -10.830    -62.927
  -1   -2      4.291    -12.359    -72.102
  -1   -2    -16.410      4.101    -73.757
 559  477    -10.591    -12.127    -62.232
 575  516      6.822      7.554    -58.410
  -1   -2     -3.104      7.116    -60.276
 545  213     15.890    -11.675    -71.161
 423  556      3.450     10.537    -76.149
  -1   -2     12.738      4.050    -76.591
  -1   -2     -1.187      6.876    -60.064
  -1  630     15.122      1.946    -73.431
 136  177     11.212      8.848    -70.249
  -1  512     -3.684      8.806    -73.894
  -1  327     -2.182      9.255    -61.344
  -1   -2     -2.144     -5.280    -76.882
  -1   -2     -8.513      4.984    -60.793
 312  195     -6.614     -7.569    -70.494
 720  673      3.629     11.808    -77.040
  -1   -2     -9.083      9.308    -74.438
 218   -2      7.647     -7.770    -71.688
  -1   -2     16.573     11.691    -69.964
  -1   -2      7.678      5.458    -63.387
 656  835     16.461     -1.734    -65.816
  -1   -2     13.490     10.984    -65.079
 295   -2     16.213      3.526    -64.643
 598  316     11.375     11.991    -68.266
  -1   -2    -12.321    -11.651    -84.637
  -1   -2     -2.547     10.531    -67.001
 152  562     -3.330      1.933    -66.358
  -1  616    -14.181     -7.693    -71.573
 267  555    -13.739      9.888    -76.135
  -1   -2      5.084      5.718    -52.536
  -1   -2      1.993    -11.546    -69.397
  -1   -2     -2.997      6.630    -52.105
  -1   -2     10.425     -8.528    -73.282
 309  848     -7.607     12.506    -71.085
 335  218     10.179     -9.599    -72.595
 442   -2      5.034     -4.455    -59.609
 452  581     15.976     11.288    -66.966
  -1  660      2.227     -9.353    -70.601
  -1  483     -3.607     11.886    -61.336
  -1   -2      7.249     12.412    -62.351
 301  698     10.609      5.473    -66.490
  -1   -2     -3.533     11.299    -58.392
 616   -2     16.711      6.502    -65.059
  -1   -2     10.270     -9.687    -59.403
 842  366      8.867     -0.224    -76.595
  -1   -2      8.621      6.164    -77.447
  -1   -2     -7.035      4.527    -59.271
 617  629      8.290     10.463    -68.222
 580  588     13.299     -7.303    -60.099
  -1  575     -5.850      8.986    -62.487
  89   -2      0.412      0.205    -65.787
  -1  446    -14.013     -4.269    -69.902
  -1   -2     -2.349    -11.020    -60.764
  -1  523      5.834      9.263    -60.035
  -1   -2     -6.437     11.969    -68.701
 285  176     -7.414      7.192    -70.060
  -1   -2     10.972     -7.875    -66.890
  -1   -2     -9.095      0.854    -70.565
  -1  624     -6.615     -3.100    -77.330
  -1   -2     18.592      7.280    -72.951
 238  657      2.325      3.021    -60.196
  -1   -2    -10.817      6.165    -65.921
  -1   -2      3.654     11.063    -61.547
 448  676      5.479      2.483    -59.144
  -1  208     -6.089    -11.085    -65.570
  -1   -2     -5.927      7.000    -53.662
  -1   -2      6.765      1.727    -56.655
  -1  283      5.270     -3.596    -61.937
  -1   -2     -2.197      2.695    -67.845
  -1   -2     10.845      5.728    -63.936
  -1   -2      8.068     -6.726    -62.489
  -1  491      4.792      8.197    -61.037
 223   -2      9.651      2.357    -72.018
  -1   -2     12.443     -6.709    -70.511
  -1   -2      7.448     11.492    -65.865
  -1   -2      1.852     11.473    -58.320
  -1  262      6.913      5.292    -64.768
  -1  458     13.997    -13.204    -67.043
 147  160     -7.829      1.956    -64.066
  -1   -2     -7.319     -7.525    -64.736
  -1   -2     14.477      8.675    -60.738
  -1   -2     -9.227     -0.865    -60.544
  -1   -2     -6.182     11.041    -70.724
 471   -2    -14.592    -11.664    -72.350
 372  573     -3.503     11.585    -75.230
  -1   -2    -10.012     -2.508    -56.410
 571  618     11.770     -7.211    -64.206
  -1  665     -1.103     -3.943    -65.224
  -1   -2    -10.385     -2.595    -58.013
 290  476    -14.744    -10.540    -72.174
  -1   -2      4.421     -2.034    -55.279
  -1   -2      4.116      1.669    -74.939
  -1  643     -7.494     -3.446    -74.658
  -1   -2     -8.266     -7.478    -80.015
  -1   -2     -8.671     -0.153    -63.228
  -1   -2     -8.611    -10.888    -73.557
 516   -2      6.614      9.762    -77.258
 326   -2     13.066     -5.497    -65.843
  -1   -2      5.570     -4.228    -56.227
  -1   -2     12.277     -1.733    -59.923
 484   -2    -16.152      5.094    -75.895
  -1   -2      6.240     -2.886    -75.549
  -1   -2    -12.833     -1.390    -62.704
  -1   -2      8.103     -2.926    -52.851
 383  819      8.960    -11.069    -72.175
 478   -2      2.607     11.553    -60.128
  -1   -2     14.894      1.943    -73.107
  -1   -2     -7.066    -11.457    -63.180
  -1   -2     10.335    -12.358    -81.000
  -1   -2      9.853      3.896    -55.876
  -1   -2    -10.908      1.534    -77.420
  -1   -2     -0.986      3.105    -61.753
  -1  201      1.541     -2.891    -61.511
  -1   -2     10.716     10.485    -55.440
  -1  713     -5.119      6.873    -65.954
  -1   -2      3.351     11.079    -63.409
  -1   -2     14.734      5.273    -59.946
 668  661    -12.485      7.930    -76.090
  -1  830      1.410     -9.378    -64.661
  -1   -2     11.942     11.687    -75.628
  -1   -2    -10.176     -3.401    -59.475
 714  785     -3.771      8.058    -61.790
 364  741      1.792      4.769    -67.773
 338  746     17.009     -0.097    -68.214
  -1   -2    -13.917     -4.860    -76.154
 629  833     -2.353     10.847    -71.444
  -1   -2     -1.780      4.156    -59.849
  -1   -2     -1.974     -7.656    -65.654
 272   -2     -8.531     -1.301    -63.382
  -1   -2     -7.561      9.397    -78.121
  -1   -2      9.640      4.941    -62.373
  -1   -2     -9.717      3.982    -62.772
 325   -2      7.443      5.150    -60.954
 646  720     -4.877    -11.586    -62.604
  -1   -2      7.407      6.759    -59.743
  -1   -2    -12.297     -6.825    -71.959
  -1   -2      7.074     -7.457    -70.881
  -1   -2     -8.437      4.392    -62.163
  -1   -2      5.648     -5.790    -73.095
  -1   -2    -14.713      1.354    -70.474
  -1   -2      1.095    -12.441    -65.728
 798  628     10.141     -5.289    -67.563
  -1   -2     -3.429    -12.311    -76.641
  -1   -2     -9.678     -0.431    -84.745
  -1   -2      0.465     -7.021    -77.761
  -1   -2     -0.126     12.800    -69.823
  -1   -2     -3.501     -9.880    -61.743
 283  702    -10.834     -4.348    -67.263
  -1  370     -2.031     -0.738    -66.776
  -1   -2     -7.428      6.215    -65.712
 743  752     16.232    -11.270    -66.887
  -1   -2    -14.313     -0.447    -77.019
  -1   -2     11.899      4.922    -54.282
  -1   -2      6.075     -7.175    -65.272
 679  241     15.543      8.232    -67.208
 465  827      8.318     -7.788    -73.783
  -1   -2     -7.451      8.074    -75.759
  -1  350     10.592     -7.229    -73.823
 499   -2    -14.278     -1.737    -68.291
  -1   -2     -9.189     -8.251    -77.379
  -1   -2     -4.460     -2.447    -68.474
  -1  627     -1.559      4.358    -58.256
 366  849    -10.539      3.571    -64.171
 710  839     11.648      9.130    -59.686
  -1   -2     12.337     -4.653    -62.331
  -1   -2      6.365    -11.334    -75.483
  -1  571    -11.201     -6.427    -60.708
  -1   -2     16.263     11.513    -68.665
 778  763     10.644     11.708    -62.882
 645  834     -7.790     -4.764    -59.717
  -1   -2     12.393     -6.914    -78.978
  -1   -2     14.228      5.630    -73.011
  -1   -2     -5.292      4.955    -67.516
  -1   -2      7.445     -7.639    -63.232
  -1   -2     16.809     -6.472    -79.386
  -1   -2    -15.424      6.529    -72.585
  -1   -2     -2.403      8.806    -61.030
  -1   -2      2.260     11.021    -73.616
  -1   -2     -9.665     -9.164    -59.101
 664   -2     -4.379     -1.354    -67.934
  -1   -2     -1.375    -10.866    -57.255
 829   -2     15.529     -6.608    -74.519
  -1   -2     -6.852      7.753    -62.483
 213   -2     -0.451     -9.538    -68.043
  -1   -2     11.787    -13.500    -62.615
  -1   -2      5.481     10.284    -61.321
  -1  287    -11.113      3.403    -67.172
  -1   -2     -8.683      8.502    -57.341
  -1   -2     -5.760      5.908    -58.721
  -1   -2      1.478     11.355    -72.055
  -1   -2      8.129     -8.852    -61.693
  -1   -2     -1.589      5.152    -59.184
  -1   -2     -2.696     -2.823    -74.727
  -1   -2     11.625     -1.818    -59.444
  -1  376      4.859      6.877    -64.901
  -1   -2     11.250     -9.662    -76.588
  -1   -2    -12.645      0.512    -86.114
  -1   -2     13.591     -4.264    -75.182
  -1  611     16.286      9.266    -68.997
  -1   -2     13.914     11.448    -60.537
  -1   -2     15.074     12.265    -75.358
 748   -2    -13.106     -0.094    -63.174
 777  671      5.423     11.473    -65.438
  -1   -2     -0.864      2.103    -57.354
  -1   -2     11.901     11.675    -60.518
  -1  315     -7.900     -6.009    -58.848
  -1   -2    -10.234     -4.658    -55.154
 747   -2      0.108      7.749    -64.829
  -1   -2      2.819     11.123    -67.725
  -1   -2     -3.816     -5.145    -78.267
  -1   -2      8.407     -7.643    -68.225
  -1   -2     -3.800     -4.159    -55.228
  -1   -2      2.091     -6.727    -84.164
  -1   -2     11.353      9.684    -57.445
  -1   -2     -0.156      0.734    -69.450
  -1   -2     11.648    -11.052    -66.840
 841   -2     15.528     13.263    -65.151
  -1   -2     -2.917    -10.116    -72.820
  -1   -2    -13.541     -4.202    -65.892
  -1   -2     -7.126    -12.548    -64.921
  -1   -2    -15.241     -9.771    -76.614
  -1   -2     -9.711      9.744    -66.554
  -1   -2     10.858      8.134    -53.895
  -1   -2     -7.466    -11.520    -81.216
  -1   -2     -1.350     10.159    -54.243
  -1   -2      9.450      7.367    -75.770
 767   -2     -2.212     -9.593    -76.646
 670   -2     -0.266     -9.990    -76.371
  -1   -2      4.387     -1.155    -54.657
  -1  364      8.975     -2.381    -69.452
  -1   -2     -6.335      5.705    -66.848
  -1   -2     10.852      1.860    -78.989
 796  842      5.048    -10.980    -72.315
  -1   -2     -6.345      6.456    -79.542
  -1   -2     -6.461      7.229    -68.434
  -1   -2     -9.094     12.989    -62.865
  -1   -2     -7.441      6.650    -54.117
  -1   -2     10.604      0.394    -63.543
  -1   -2     -0.820    -12.358    -64.892
  -1   -2      6.462     -1.297    -57.224
  -1   -2    -10.965     10.392    -75.451
  -1   -2     -2.380     -3.712    -63.908
  -1   -2     -1.370    -10.342    -73.810
  36  553      3.092     -5.766    -70.405
 182   -2      4.085     -1.740    -70.929
 573  257      7.211     -5.804    -68.913
 476   -2     -7.610     -5.989    -64.808
 297  518     -9.607     -6.548    -63.714
  -1   -2      3.397     -9.290    -62.607
 818  333     14.362      1.710    -68.439
 469   -2     -5.689     -3.048    -69.305
 351   -2    -11.474    -10.836    -72.824
 355  510      5.625    -10.017    -74.338
 371  559      1.061     -8.919    -65.607
 637   -2      7.760     -5.216    -70.781
  -1   -2    -10.925      5.142    -65.414
 370   -2     -8.209      6.034    -66.160
 742   -2    -12.793     12.109    -69.057
 825   -2    -14.456     11.050    -70.696
 647   -2     -5.136     -5.666    -76.909
 405   -2      0.170     13.497    -64.497
 393  820      8.735      8.710    -74.638
 809  110      2.168    -10.250    -71.008
 193  569    -13.810     -8.705    -66.495
 601   -2      4.399      3.146    -70.322
 242   -2      3.631     12.682    -62.227
 517  318    -12.768    -11.118    -66.431
 673  305      2.563    -12.772    -64.978
  -1  175     -4.883     -2.942    -75.536
 638  601      4.653     10.046    -71.992
 822  843     15.177    -12.543    -74.551
 525  235     13.434      2.909    -72.283
 832  844     15.755     -7.826    -74.442
 382   -2    -10.982     -7.403    -66.511
 836  599      4.579    -12.203    -63.433
 381  850     16.244     -9.227    -68.819
 620  832     12.548      4.802    -72.609
 397   -2     -7.097    -11.489    -62.885
 734   -2     12.682      6.626    -62.653
 783  841    -15.933     -5.405    -77.723
 831  190     15.707     -4.152    -75.317
 274  139     -0.915     -7.278    -71.983
 528  829    -14.977    -10.129    -70.166
 322  605     16.132      4.167    -71.045
 556  495     12.322     -9.229    -64.604
 565  851     -6.021      8.982    -75.321
 691  852     13.438    -12.277    -68.292
 851  621     10.575      4.267    -70.176
