836
  80    1     10.329      3.013    -72.755
 397    6     -5.681      7.191    -71.517
   5    2      5.283     -0.782    -69.273
   4    0     -7.488     -1.919    -70.812
  16   13     -2.754      6.616    -69.735
   0   54      2.553      5.677    -68.171
  20  176      3.473      5.525    -71.069
 393   19     -4.775      5.696    -69.652
   2  365      6.082      5.920    -71.704
   1   28      3.049      7.933    -70.310
  53   12     -1.559      1.805    -69.651
  22  189     -2.799     -0.218    -70.931
  14   -2     -6.998     -0.046    -64.715
   3    3      0.629      7.487    -66.523
   6   45      7.657      2.627    -68.885
 386    5     -8.172      3.186    -73.954
  40  373     -9.696     -7.543    -67.333
  18  353      6.032      5.402    -72.176
  15   11      2.310     -2.628    -74.028
 130   74      7.885     -0.412    -73.460
 395   18     -5.135      0.035    -69.944
  28  358     -9.073      3.293    -72.147
  72   -2     -1.098     -7.939    -75.087
  10   38     -8.139      7.878    -66.942
   8   26     -7.856     -6.294    -70.893
  86   44    -12.746      0.780    -70.837
  49   35     -0.924      5.787    -64.089
  51  357      3.679      7.758    -66.080
 445   96     -1.275    -11.417    -71.165
  44   37      5.392     10.059    -65.667
 137   46      1.203     -3.919    -71.746
  21  387     -2.351      6.688    -66.718
 126   23    -10.266    -10.937    -68.138
 123  784      2.075      3.338    -69.330
  -1   -2    -11.035      3.126    -66.337
  70   61      4.062     10.068    -67.031
  47  780    -12.460     12.139    -73.308
  58   33     -7.121      5.460    -67.352
  29  103      5.510     -7.233    -64.409
 402   42      0.094     12.836    -65.231
  23  369     -4.714     -8.364    -71.488
 190  378      8.922      8.325    -70.869
 494   89     -4.078     -4.225    -69.804
  56  208    -11.473     10.683    -71.000
  81   31     -2.173      6.117    -63.064
 574  311      8.979      0.083    -71.917
  50  363      4.645      6.238    -67.851
  74   29      0.373      1.190    -65.512
  27   21      4.335     10.855    -68.248
  65   53     -8.815      2.903    -67.729
  59   52      7.214      9.886    -64.023
 201  141     -3.633      4.001    -66.896
  -1  384     -0.379      9.451    -62.461
  32  145     -5.379      1.411    -67.434
 118    8     -5.741      7.863    -69.011
  69  354     -6.536      6.481    -72.630
 243  614     -5.211     -0.257    -75.539
   7  360      1.974      4.889    -70.679
  -1   78     -7.039      4.237    -66.965
  39   16      4.585      5.099    -68.528
  71   94     -0.504     -0.574    -70.323
  66   69     -8.166     10.002    -64.262
  84   71     -0.338     11.275    -64.072
  99   25      6.309    -11.137    -72.747
  79  380      2.620      7.967    -61.675
 390  795      1.107      7.521    -75.212
 107   65      9.872     -3.215    -67.214
  95  166     -4.712      3.643    -62.631
 198  131      7.205      1.140    -69.141
 484  148      2.557      6.342    -73.022
  67  392    -10.590     -2.641    -69.547
 100   99      4.031     -2.353    -65.848
  85   80     -8.179      0.179    -66.364
  98  121     -1.879      0.287    -64.845
 124   66      2.153     -4.983    -64.965
  63  156      9.898     -0.169    -67.894
  96  408     -1.113    -10.815    -65.667
  -1   -2    -11.480     -6.236    -69.131
 168   58     -3.633     10.934    -67.872
 115   86    -11.066      1.113    -64.174
  88   87     14.352      4.878    -65.996
 516  801      4.975     -6.125    -76.613
  -1   -2    -12.565      8.202    -70.571
 206  217     15.276     11.677    -73.624
 151   17      8.805    -11.246    -68.627
 786   -2     -0.698     -2.913    -67.287
  89  417      6.862      1.850    -68.728
  48  252      5.785     -6.687    -68.259
 236   73      6.065     -9.918    -67.189
 110  783      0.456    -11.235    -71.267
 119  265    -15.862     -2.730    -72.662
 156  115      0.409     -5.400    -65.012
 112  423     -9.716     10.766    -65.867
 401  796     -6.278      1.826    -66.701
  55   76      0.880     -4.585    -64.406
 211  165     10.609      2.038    -71.548
 540   -2    -11.468     -7.349    -71.468
 525   -2    -12.263      2.921    -77.373
  92   49      3.384     -4.291    -67.894
 144  111     13.690      3.133    -69.021
 428   93     11.616      1.633    -66.747
  46  129      1.977      5.227    -74.795
 209   30    -11.043      2.795    -72.237
 117   88     -9.922     -2.669    -63.685
 835   64     -9.964     -2.856    -72.129
 169  152     11.027     -0.634    -66.082
 113  160     -6.151     -0.649    -62.634
  -1   -2      2.458    -11.289    -68.808
 491  487     -5.943      2.858    -61.748
 143  137     -8.417     -3.975    -64.644
 127  112    -10.394      7.989    -65.796
 444  215      2.612     -7.696    -62.827
 114  213     -1.959    -11.154    -71.187
 248   95     -1.452      1.478    -64.256
 216   36      2.617      2.739    -65.658
 120   77     -1.500     -6.677    -70.827
  -1   -2     -1.195      9.350    -60.444
  36   27     -1.596      1.437    -75.220
 138  126     -0.956     -8.364    -65.299
 191  102     12.243      6.975    -68.079
 101  164      7.013     -5.998    -68.189
 409   34      2.160      7.251    -70.505
 155   47      3.555     -0.436    -69.573
 233   -2     11.215     -5.889    -70.454
 387   22     -3.973     -1.461    -74.414
  33  290     -0.317      2.917    -71.829
 109  140     -1.772     -3.617    -67.688
 121   82      2.943     -8.753    -64.166
 104  147    -10.124      7.811    -68.938
 185  288     -1.348     -2.677    -73.272
  -1   -2      2.224     -5.539    -62.579
 131   91     -4.895     -8.099    -68.366
 189  108     -2.222     10.437    -66.140
 199  117      8.631      8.515    -66.818
 219  261    -12.913     -6.699    -72.742
 122  106      4.115      5.278    -63.499
 116  125      9.363      8.130    -68.115
 181  446      6.897     -6.088    -64.684
 223  239     -4.588      7.836    -73.206
  -1   63     -8.106     -6.465    -63.692
 589  107     -8.720     -7.681    -70.336
 471  159     15.939      7.284    -68.611
 259  116      5.423      4.700    -63.954
 227   -2      5.783     -3.724    -67.790
  17   83    -15.581      8.041    -74.502
  12  361      5.688      9.103    -71.754
  83   98      1.544     -7.650    -65.524
  68  399      7.933     -7.395    -67.073
 125   68     -3.946      5.803    -66.331
 149  200    -13.284     -1.122    -67.562
 548   -2     14.820    -10.170    -74.532
  82   90      6.813      7.042    -67.078
  -1   -2     -0.426     -9.269    -60.527
  42  155     -2.417      6.292    -74.684
 108   56      6.958     -2.714    -67.188
 103  210     -7.044     -4.550    -67.821
 106  143      1.714     -3.416    -63.283
  -1   -2     -0.012      7.953    -60.364
 335  359     12.472     -2.345    -72.271
 146  216      0.546     -1.151    -72.850
 179  105     -4.949     10.541    -64.240
 261   84      2.236      5.438    -65.748
 208   51      1.108      3.364    -70.886
 158  641     -3.188     -6.955    -68.370
 105  782     -6.811      7.646    -61.696
 176   67     -9.336     12.740    -64.066
 162  118    -10.326     -3.842    -66.621
 413  371     -8.793     11.582    -64.013
 133  193     11.234     -3.113    -65.285
 170  163     -8.057      9.358    -66.689
 394   -2    -10.385     -0.862    -75.720
  57   -2     10.977     -2.592    -73.098
  64  279     15.174      0.024    -71.911
 433  409     -6.038     10.575    -63.999
 477  124     -3.249     -1.202    -66.071
  -1  291     -2.233      9.042    -73.613
  76  781      1.174    -10.546    -70.231
  54  157      1.683      2.729    -63.695
 186  113    -12.674      7.816    -66.471
 166   10     -1.408      6.027    -69.103
 230  104      8.349     -4.575    -69.024
  -1   -2      3.464     -9.116    -63.816
  -1   43     -4.947     -1.148    -74.400
 472  181     10.299      9.642    -67.682
 422  173     13.638      5.330    -75.395
 318   62     -9.128     -7.217    -67.890
 238   59     -4.698      8.113    -70.061
 203  211      0.233     -8.616    -66.504
 147  114      6.503      8.813    -66.709
 175  197    -13.919     -2.293    -68.725
  26  206     -8.492      8.041    -73.745
 423  149     11.671     -8.789    -67.038
 161  158     15.020     10.498    -74.389
 224  507     14.821      3.017    -66.615
 167  185    -13.834     10.519    -67.732
 111   32     -1.694      1.690    -67.627
  -1   20     -6.173      5.370    -75.837
 405  476     -2.849     11.797    -61.657
 188  144     -3.538     -3.239    -62.202
 160  401    -15.311      5.989    -70.506
 326  161    -15.749      4.082    -72.161
 306  223     -1.447     -6.804    -69.270
 192  467      4.261    -10.913    -68.636
 139  490      5.444      7.031    -76.266
 826  341     -5.431     -7.257    -71.293
 218  212     -3.931     -6.834    -70.127
 193   41      3.159    -12.499    -70.519
 282  153     10.729      6.461    -68.255
 430  518     14.631     -9.873    -64.904
 329  178     -9.899     11.458    -63.866
 240  110    -14.046    -11.448    -70.826
 228  191    -12.913     12.852    -66.678
 145  224      7.261     -8.036    -66.002
 425  266     -1.310      0.463    -69.517
  -1  169     -2.622     -4.553    -60.837
  -1   -2     -5.001     -9.263    -68.694
 271  154     -6.100      6.479    -70.708
 345  462     -5.071    -12.093    -66.615
 183   -2      8.733     12.330    -70.584
 286  170     -6.222     -6.316    -75.940
 290   14     11.547     -0.210    -73.720
 352  654     -2.568     10.729    -75.502
  75  576      1.332      0.029    -75.911
 184   97     -9.634      3.757    -71.988
  25   -2     -3.388      1.028    -71.598
 498  194      4.434     -2.441    -63.499
 367  566     -1.434     -5.998    -77.544
 136  138     -0.401     -4.508    -63.990
 266  251      1.755      5.831    -61.826
  -1  375     -0.662     11.422    -73.579
  -1  151      8.096     -5.903    -63.455
 274   50    -13.714     11.121    -74.564
 389  128     -4.541     -4.957    -71.117
  -1   -2     -7.051      0.119    -77.722
 180  233     -2.586      0.114    -64.707
  -1   -2     14.524     -3.926    -73.410
 575  615      6.698      3.244    -63.363
  -1   -2     14.377     -6.808    -72.836
 690  199    -16.083     -1.244    -72.399
  -1   -2    -11.592    -10.806    -77.225
 234  162    -10.301     -1.610    -62.385
 296  209    -14.145      9.244    -72.462
 510   -2      0.371      6.101    -59.550
 273  188     -7.600     11.434    -71.350
  73  122    -14.726      8.267    -69.801
 368  794     -5.770      1.291    -71.498
  -1  195      5.187     11.087    -72.637
 305  323      1.304     -8.107    -65.393
 213  539      9.460     -0.364    -71.235
 485   -2      2.915      1.353    -69.127
 204  174    -15.576      2.686    -74.093
 338  327     -3.545     -7.993    -74.641
 327  622    -13.796    -12.134    -66.518
 251   -2     -3.878     10.980    -63.821
 392  356      6.825     -0.508    -72.477
 288  335     -7.292     -3.020    -68.162
 246  168      6.984     -7.174    -64.664
 247  139     11.159     -1.763    -67.735
 210   -2     -2.266     11.177    -70.833
 361  232    -11.518     -6.792    -64.165
 482  241     10.542     11.105    -63.936
  -1  240      2.473     -0.520    -65.234
 276   60      7.016      9.071    -74.201
 340  558    -14.194      0.833    -66.908
 267  244     10.765    -11.475    -71.999
  -1   -2     -7.934     10.594    -63.445
 244  303     -4.262     -1.763    -64.355
 140  521     -0.500      3.260    -75.243
  -1   -2    -10.305     -9.943    -75.533
 253  127    -13.595     -3.056    -65.648
 257  187     -5.214     -3.902    -72.552
  37  134     -2.914      6.496    -71.759
 278  474     -5.735     -1.221    -62.304
 214  275     10.442      4.322    -69.778
 174  119     -9.058      3.748    -75.460
 252   -2     -1.472     -6.458    -62.475
 164  255      6.991      5.712    -64.824
 241  324     12.205      7.421    -67.441
 200  814      9.010     -7.873    -65.383
  -1  245     13.911     -5.941    -68.620
 225  433    -14.025     -8.661    -74.907
 250  445     17.205     -3.485    -68.637
 600  441      9.805      8.403    -63.118
 640  322      7.160      1.446    -61.112
 269  326     15.847     10.028    -70.784
 245   -2    -14.496      4.521    -69.493
  19  536     14.325     -1.092    -72.576
  -1   -2     15.066      4.746    -64.818
 231  547     12.475     -1.285    -69.021
 526  802     -3.107     -5.973    -59.734
  91  177     -6.493      6.488    -65.941
 313  234      0.876     11.825    -71.515
 212  226     -6.035      8.219    -68.737
  -1  299     14.882      9.953    -65.475
 319   -2     -6.991     12.177    -73.847
  -1  289      9.516      2.452    -62.565
 205   75     -6.996      3.070    -71.166
 258  281     14.077     11.203    -69.670
 347  627      1.806     10.416    -63.064
 242   -2     -9.292      8.843    -63.050
 284  284     -7.366     -3.626    -68.610
  -1   -2    -13.883      8.708    -74.671
  -1   -2      3.511     12.440    -65.731
 232  267     15.475     -3.221    -74.279
 295  286     15.121      1.468    -72.053
 289   -2    -12.054     -4.328    -75.510
  -1   -2      5.227     -2.301    -70.729
 339  246    -11.082     11.659    -65.441
 159  419     -2.123     11.040    -67.948
 254  231    -14.353      2.796    -67.963
 331  791      6.231      2.070    -67.234
  -1  182      0.323      5.163    -63.634
 263  264     -4.041      1.923    -75.049
 616  319    -15.349      1.338    -74.150
 480  207     -6.587    -11.119    -65.756
  -1   -2      9.020      5.719    -61.481
 304  192    -11.788      1.060    -65.051
  -1   -2      5.224     -8.952    -55.345
 566  315    -10.703     -2.326    -62.440
 287   -2     -1.041     -5.027    -69.018
 280  545     13.758      2.081    -74.410
 531  815      6.159      0.798    -63.133
 294  262    -10.346     -4.252    -74.447
 585  805     -9.553     10.661    -75.226
 427  410     -3.245      0.971    -74.237
 463  816     -1.919      9.799    -74.388
  -1   -2      5.136      4.114    -70.896
  -1   -2      7.804    -11.485    -75.886
  -1   -2     -7.468    -12.281    -73.053
 237  330    -13.049      6.293    -69.496
 614  638    -10.800    -11.194    -60.947
 239  282      8.754     -5.765    -65.791
 283  254     11.881     10.445    -66.581
 357  317      9.997      3.643    -62.597
 298  606    -13.376      6.212    -67.639
 157  692    -15.963    -10.049    -73.227
  -1  572      0.117      2.471    -66.958
 195  556     -4.102     -2.519    -62.987
  -1  328     -4.191     -2.985    -66.306
 336  297     -2.334     -4.652    -66.920
 621  534     -9.264    -12.369    -66.276
 520   -2     13.129     -1.580    -73.297
  -1   -2      6.750     -5.825    -73.551
 449  203      2.338      2.631    -76.925
  -1   -2      4.792    -11.503    -74.355
 672  581    -13.529     -9.208    -69.174
  -1   -2     10.701     -5.953    -58.698
 320   -2    -14.623     -0.369    -73.796
 291  256     14.072     -1.251    -65.729
  -1   -2      1.203    -10.833    -65.238
  -1   -2     14.036     11.940    -73.820
  -1   -2     -5.054     -7.519    -70.851
  -1  263    -11.479     11.077    -65.700
 323  280      9.593     -2.812    -71.185
 796  650     -5.368      6.689    -69.262
  -1   -2      3.639    -11.819    -81.775
  -1   -2     14.070     -8.517    -74.624
 365  385    -13.368     12.077    -67.535
 364   -2     15.712     -2.348    -73.930
 360  321     -4.982      4.193    -65.431
  -1   -2     -5.917    -11.842    -64.569
  -1   -2     -4.240     -6.711    -64.025
  -1   -2      6.079      9.185    -57.673
  -1   -2     -9.070      5.863    -75.900
  -1  348     10.048     -1.641    -66.256
  -1   -2      8.627     -4.856    -66.247
 623  807      1.652     10.468    -65.204
 330  703    -11.697     -2.139    -65.891
  -1   -2     -2.661      2.194    -77.230
  -1   -2     11.777     10.619    -71.086
 371  682      0.984      6.398    -73.314
  -1   -2     -4.826     10.249    -70.107
  -1   -2     -7.919      5.503    -68.419
  -1   -2    -13.439     -8.019    -67.197
 803  817      1.832     10.911    -69.375
  13    4      9.340      2.207    -70.859
  61  269      0.372      5.470    -75.876
  93  362     -6.793     -6.964    -70.508
  -1   -2     -5.682     -9.557    -67.597
 805  368     -8.406      3.867    -69.198
  -1    9     -6.783      9.590    -75.408
  87  364     -0.134      5.011    -67.072
 806   48     -6.994    -10.730    -71.459
  -1   -2      9.536    -10.452    -61.767
  45  396      7.612     10.896    -67.824
  -1   -2     -5.211     -8.529    -57.140
 424  374     -1.841     13.122    -62.129
  -1   -2      5.467      9.390    -61.707
  30  388     -4.926     -1.217    -68.030
  -1  228     -4.938     10.163    -63.073
 134    7      1.532      8.119    -71.447
 129  785     -3.755      3.107    -73.787
 154   72      4.042     -5.064    -72.975
  41  243     -3.151      4.011    -68.623
 229   24    -12.213      7.784    -72.584
  -1  405      4.064    -10.558    -70.287
  -1   -2     -5.411    -12.773    -64.106
 414  386    -12.804     -5.345    -71.834
 441  376      2.200    -10.705    -72.611
 785   79      3.429    -11.294    -69.626
 419  394     14.493     -5.779    -66.607
  31  400     10.464      5.570    -67.055
 279  242     -6.156     11.102    -76.418
 489  183      8.322     -0.773    -73.788
 420  389      9.264    -10.606    -60.368
  38  424     -1.577      6.536    -71.708
 153  236      2.972     10.414    -75.935
 435  422     -9.482     -9.702    -63.365
  77   81      4.668      2.904    -68.624
  -1   -2      7.543     -5.726    -59.103
 202  787     11.731      2.083    -63.459
  -1   -2    -15.474    -12.402    -72.768
  -1   -2     -1.850     -6.373    -59.645
  -1  420      4.891     -5.758    -60.596
 831   -2     -5.807     -7.092    -65.291
  35   -2     -7.690     -3.122    -77.812
  -1   -2     -1.722     -9.566    -59.441
  -1   -2     -5.147    -11.513    -62.253
 443  415      5.212      4.798    -61.159
  -1   -2     -1.117      0.588    -57.476
  -1   -2     -8.878    -11.415    -72.611
 534  803     -3.584     -0.689    -66.946
 275  549      0.665     -9.826    -73.255
  -1   -2    -11.948    -12.263    -63.110
  62  136     -9.007     12.226    -69.185
 408   70     -5.048      0.637    -70.255
  -1  537     -4.082      6.193    -77.541
  94  416     -9.943     -3.659    -70.453
 521  412      6.534      6.181    -63.562
  -1  431    -13.131     -7.978    -64.510
 447  404     -7.691      1.291    -65.764
 407  818     16.476      8.818    -65.170
  -1  382     -3.560     -9.187    -59.546
  -1  465     -3.502    -10.965    -61.102
  -1   -2     -8.759     -8.673    -58.236
  -1   -2     -8.720     -9.296    -68.437
 469  421     -7.403     -0.517    -61.919
 465  819     12.846     -1.858    -75.543
 411  146      9.051     -7.308    -63.970
  78   -2      5.572    -12.043    -69.213
  -1   -2     -4.574    -12.547    -68.490
 177  505      6.210      9.450    -63.318
 400  278      7.094     -8.330    -68.587
 142  101     -4.565      2.370    -61.732
 519  458     15.914     -9.750    -67.922
 325  790     11.875      7.897    -76.094
 152  786     -2.821      6.797    -65.942
 369  307    -12.256     -1.089    -74.748
 814  509     10.431     -1.711    -63.537
 783   -2    -10.508      1.813    -73.719
 256   -2     15.418      0.537    -65.067
  -1   -2    -12.878    -12.765    -68.255
 605  565    -10.488      4.017    -74.336
 527  460    -14.047     -0.117    -65.755
  -1   -2      5.910      2.387    -62.795
 541  601     18.274      4.078    -71.231
  -1  436     -4.689      4.457    -61.603
  -1   40     -6.978      3.450    -65.054
  -1  457     10.338     10.323    -63.342
  -1   -2     -7.029     10.963    -52.052
  -1  477     -0.551     -4.601    -58.691
  -1   -2    -12.866     -4.898    -61.680
  -1   -2     -8.906     -5.197    -57.955
  -1  459     -2.168     11.925    -60.659
  -1   -2     -7.871      9.596    -61.881
  -1   -2      0.426      5.054    -67.348
 434  798     -2.715     10.701    -55.885
  -1  221     -4.443      0.241    -67.492
 178   -2     -6.420     -3.581    -66.254
 561  530     17.276     -2.704    -66.697
  -1   -2     10.847     -9.997    -60.621
  -1  406    -12.907      4.727    -66.998
 468  142    -13.343    -11.078    -71.286
  -1  196     -7.839     -1.698    -60.699
 437  486      9.297     -3.600    -62.726
 317  479      1.256     -1.610    -73.340
  -1   -2     15.166      5.305    -62.538
  -1   -2      3.488     12.188    -61.011
 483  491     14.010    -11.653    -65.117
 344  659     14.618      4.026    -73.969
 549  370     -1.049      0.457    -59.102
 479   -2     13.601     -1.458    -62.957
  -1   -2      3.047     12.647    -65.838
  -1  468      1.036     -7.010    -76.754
  -1   -2     10.261    -11.313    -68.031
  -1  260    -11.737     -8.024    -72.063
  -1   -2     -4.515     -6.558    -54.887
  -1   -2      8.241     10.769    -63.437
  -1   -2     -6.250      9.623    -71.145
  -1   -2      6.173     -2.145    -59.601
  -1  100     10.838      1.541    -63.202
  -1  438     14.008     -7.236    -65.900
  -1  472    -10.636    -12.152    -62.233
 314   -2     13.586      7.594    -64.360
 810  450     -4.612     11.963    -72.648
  -1   -2     11.047     -2.846    -62.620
 512  463     -6.047      1.071    -62.144
 309  249     11.910     -5.708    -70.753
 328  632     -0.420     -4.487    -60.717
 637  809     -4.137     -8.828    -58.956
 648  525     12.580     10.344    -64.646
 492  511    -13.183     11.878    -65.550
  -1   -2     -5.048      8.197    -56.220
 462   15      8.340     -8.247    -72.183
 495  533     -5.303     -2.073    -75.491
  -1  336     12.704     -4.873    -67.806
  -1   -2    -11.868    -11.218    -62.041
  -1   -2      5.117     -8.723    -74.569
  -1   -2     12.349     -0.944    -62.598
  -1   -2    -15.306      9.313    -74.548
 446   -2      3.777     -2.304    -60.793
  -1  403      3.811      7.646    -61.711
 226  788      5.271     -9.270    -62.065
 537   -2      9.784    -11.339    -66.313
 562  442    -15.268     -6.416    -74.846
 277  237      7.714     12.013    -61.904
 502  272     -8.194     11.686    -70.625
  -1   -2     -4.829     -8.647    -65.178
  -1   -2     -7.259    -10.186    -59.184
 172  524    -14.009      1.367    -69.867
 265  517     16.569     -0.713    -66.896
  -1   -2      1.144      2.712    -59.600
  -1  617     -6.057      2.593    -59.699
 285   -2    -12.268     -5.228    -78.111
  -1   -2     -7.339    -12.811    -67.231
  -1   -2      4.621    -10.621    -63.333
  -1  652      8.522    -10.682    -61.530
  -1   -2      7.549    -10.457    -61.256
  -1  123      5.697      7.459    -61.195
 571  820      8.630     -0.872    -64.093
  -1   -2    -14.165     -7.690    -74.534
 187  540    -12.044     -5.111    -64.840
 255  247    -11.327      5.563    -68.561
 530  205      8.244      9.764    -72.291
  -1  499      7.609     10.278    -64.310
  -1  204      2.956     -4.820    -60.793
 455  821      3.234     -2.905    -59.964
  -1   -2     15.651     10.776    -72.379
 547   -2     14.774     -5.258    -73.432
 524  589     13.076     -1.851    -62.408
  -1   -2      9.989     -4.449    -53.490
  -1   -2     -1.025     -2.109    -61.027
  -1   -2     10.958      9.779    -60.314
 307   -2     12.088     10.702    -68.580
  -1  314      5.379    -12.017    -73.506
 794  287    -12.687      4.001    -75.158
  -1  506      7.095    -10.306    -66.157
  -1  393      2.872    -11.187    -76.154
 249  789      1.112     -1.716    -63.082
  -1   -2    -12.294     -4.611    -74.225
  -1   -2     -3.242     -5.814    -70.848
  -1   -2    -13.748    -10.225    -75.089
 464  448    -11.408      5.625    -61.964
  -1   -2      9.630     11.404    -69.263
  -1   -2     -8.795      9.082    -64.386
 421  470     -0.328      9.415    -74.044
  -1   -2     -7.896    -11.288    -59.456
 635  643     -7.852     13.625    -61.552
 260  535      8.404      8.461    -65.078
  -1   -2     -9.708     -8.216    -87.781
  34  779     -4.136      5.017    -73.388
  -1   -2     -6.922      8.182    -59.025
  -1   -2     -2.545      4.991    -58.719
  -1  301    -14.877     -6.510    -75.196
  -1   -2    -11.669      2.871    -63.589
  -1  557      2.690     -1.439    -76.849
  -1   -2      8.031    -10.580    -63.672
  -1   -2      6.872      9.050    -58.003
  -1   -2      4.095    -10.706    -77.311
 559  561      9.404     -9.878    -63.242
  -1   -2      8.561     -5.333    -62.571
  -1   -2     -5.807     11.646    -62.227
 308  250     -4.615     -3.374    -65.963
 500  430      6.209      1.810    -65.832
  -1  453     10.048      0.857    -61.723
  -1   -2      9.783    -11.697    -66.290
 730  493     -9.947      6.216    -64.076
  -1   -2      4.806     10.762    -59.500
 546   -2     17.981    -11.412    -68.576
  -1   -2    -12.314    -11.997    -76.661
 553  180      0.302    -10.414    -67.491
  -1   -2    -13.188    -10.864    -76.397
  -1   -2     10.211     11.830    -77.577
 592   -2      7.105     -9.356    -65.561
  -1   -2     17.230     -9.223    -69.079
 384  478     -9.639     -3.230    -76.355
 370  639     15.478     -7.734    -69.633
 613   -2     15.229     -0.479    -64.830
  -1   -2    -13.387     -2.075    -73.804
 823   -2     -2.761     -1.025    -68.459
 215  222     -2.534      0.488    -69.291
 141  133    -10.418     10.490    -69.374
 608  672     12.616      0.473    -72.046
  -1   -2     -1.681      7.070    -84.379
 784  310      5.852     -1.232    -72.339
  -1   -2      8.437    -11.305    -60.038
  -1   -2     -6.658      4.287    -65.657
  -1   -2     18.498     -8.959    -75.164
 268   -2      0.666     12.195    -74.101
 612  806     10.511      5.685    -64.718
 789  383    -14.331     10.940    -77.069
  -1   -2     -6.768     -5.408    -67.739
 824  526     -6.618     -2.137    -68.117
  -1   -2      2.247      7.882    -55.729
  -1   -2     -7.338     11.465    -75.788
  -1   -2      9.948      4.000    -56.794
 579  662     17.457     -8.000    -66.470
  -1   -2     -3.621     -5.689    -55.953
  -1   -2     11.838     12.631    -67.472
  -1   -2     10.742      5.928    -63.269
  -1  733      7.490      4.963    -71.876
  -1   -2     -3.614      7.504    -73.401
 654  320      6.326     -2.068    -64.653
  -1  619     14.778     10.312    -65.652
  -1   -2     -2.623    -11.817    -67.593
 827  822      4.401     -7.424    -67.279
  -1   -2     11.932     -2.515    -77.865
 800  812      7.967     -4.271    -75.283
 315  697     11.270      8.598    -62.707
  -1   -2      7.965     -7.814    -57.297
  -1  276      1.502     -3.270    -65.007
  -1   -2     -6.238     -3.632    -56.400
  -1   -2      1.039     -9.998    -57.988
  -1   -2     -0.126     -7.060    -57.370
  -1   -2     -1.637      7.979    -74.107
  -1   -2    -10.341      0.254    -76.296
  -1   -2     -0.856      6.548    -65.666
 665  553     18.502     11.121    -72.321
 705  274     -2.127      7.984    -76.425
  -1   -2    -13.214     -9.439    -72.895
  -1  300      2.509     11.787    -72.974
 346  296      1.836     -3.987    -71.540
 688   -2      9.199     -5.232    -62.855
  -1   -2     11.828     -7.627    -58.314
 580  804      6.192      0.608    -73.602
  -1   -2     13.256     -4.325    -60.872
 634  519     14.247      0.276    -63.405
  -1  541      8.979     -8.421    -70.462
  -1   -2     13.340      7.096    -60.282
 630  808     17.654    -12.540    -67.946
  -1   -2      4.722     -3.764    -70.938
  -1   -2     16.096     -5.116    -66.478
  -1   -2     -2.626      3.907    -56.487
  -1   -2      8.056     -9.940    -61.860
  -1  693     -4.740      1.860    -64.594
  -1   -2     12.897     -6.723    -64.327
  -1  676     16.430      9.762    -75.927
 829  585      3.792      8.725    -64.387
 359  295      8.308     -9.738    -70.350
 720  338     16.713      6.626    -65.899
  -1   -2    -11.309      2.528    -74.002
  -1   -2     16.921      0.303    -73.117
  -1   -2      2.210      1.201    -60.558
  -1   -2    -13.677     11.452    -74.757
  -1   -2     -2.079     -1.769    -54.488
  -1   -2     14.573     -1.580    -62.544
 499  273      2.981      3.912    -77.403
 818   -2     13.244     -4.303    -66.605
  -1   -2    -12.306      7.330    -87.819
 674  810     -8.984    -12.073    -61.548
  -1   -2     -3.790      9.165    -58.975
  -1   -2      8.481     10.507    -66.531
 641  823     -7.937      5.958    -59.863
 322   -2      7.660      5.938    -60.507
  -1   -2      7.898     10.966    -74.737
  -1   -2      6.979    -13.081    -65.452
  -1   -2     -8.748     -7.959    -54.639
  -1   -2    -14.233      6.002    -67.547
  -1   -2      3.979     10.542    -61.732
  -1   -2     -8.515      9.242    -57.785
  -1   -2     16.029     -5.021    -65.622
  -1   -2     -9.393      5.774    -79.409
  -1   -2     -7.597    -12.102    -75.171
  -1   -2    -12.169      5.738    -74.313
  -1   -2     13.476     -5.229    -64.480
  -1   -2    -12.606      9.570    -79.539
 727  636     18.033     -6.291    -67.028
  -1  578     10.161     -7.054    -75.989
  -1   -2     11.520    -12.283    -63.022
 598   -2     14.193     -3.756    -65.203
  -1   -2      8.033     -3.995    -76.877
 342   -2     -5.947     -0.593    -75.397
  -1   -2     13.733      5.873    -85.488
  -1   -2     -5.101     -6.229    -85.443
  -1   -2     -2.362     11.590    -68.045
 341  678     16.085     -8.627    -70.878
  -1  184    -10.581    -10.249    -77.213
 334   -2     11.529      9.029    -66.548
  -1   -2      5.130    -13.114    -68.026
  -1   -2      2.146      9.370    -66.446
 355  792      3.887     -1.043    -66.888
 651  552     17.106    -11.193    -68.179
 300   -2     -1.034     -9.539    -68.360
 689  708    -12.958      9.070    -68.128
 590  325     17.670      7.694    -73.397
 293  653    -11.311     -4.110    -76.059
 704   -2     -4.379     -0.275    -64.070
  -1  198     -6.705     -8.702    -67.317
  -1   -2     17.104      8.335    -66.472
 380  202      7.838    -11.438    -70.101
  -1   -2    -10.193     -9.792    -58.778
  -1   -2     13.701     10.648    -63.748
  -1   -2     15.623     10.109    -82.613
  -1   -2     14.224    -11.196    -63.324
 695  710     13.342      3.500    -65.301
  -1   -2     -4.991      7.302    -61.114
 374  567      5.507     -2.634    -67.902
 543   -2     16.839     -5.854    -63.717
 515  800      5.303    -11.233    -74.303
  -1   -2      3.864      8.750    -53.021
  -1   -2      0.165     11.016    -59.962
  -1  624     16.121    -12.019    -69.892
 746  811     16.564      2.632    -72.555
  -1   -2     -2.123      5.690    -57.386
  -1   -2     14.099     11.349    -75.719
  -1   -2     15.672     -8.465    -85.663
  -1   -2      8.160      1.124    -57.114
  -1   -2     -8.199     -1.487    -52.546
 745  440     -2.353     -1.764    -69.768
  -1   -2      4.613      2.147    -59.439
  -1   -2     -6.072     10.855    -68.807
  -1   -2     -0.518      3.763    -66.510
  -1   -2     17.111     -6.511    -70.683
  -1   -2     13.835      9.958    -64.482
  -1   -2      5.742    -12.313    -68.787
 363  665    -15.184     -1.105    -73.288
  -1   -2    -13.652      5.513    -65.451
  -1   -2     -0.232      8.975    -79.050
  -1   -2      4.715    -13.042    -67.299
  -1   -2     15.114     -2.230    -63.259
  -1   -2     -8.209      5.562    -57.372
  -1   -2     -9.748      1.840    -77.746
  -1   -2     17.692      1.830    -75.944
  -1   -2      0.278     -1.875    -56.002
  -1   -2    -10.199      4.712    -79.343
  -1   -2     -6.177      7.085    -52.834
  -1   -2     12.284     -7.136    -86.903
  -1   -2    -11.862    -11.510    -83.543
  -1   -2     -8.461     -4.847    -63.608
  -1   -2     10.769      4.375    -71.021
  -1   -2     -7.289      1.737    -73.334
  -1   -2    -11.539     12.971    -66.101
  -1   -2     -6.423    -12.667    -64.036
  -1   -2     -6.021      9.191    -52.152
  -1   -2     -5.905     -7.014    -54.460
  -1   -2     -8.621     11.310    -71.302
  -1   -2     13.277     -3.782    -61.429
  -1   -2    -13.594    -11.015    -86.288
 650   -2      1.351      1.045    -65.634
  -1   -2      1.103     -6.663    -58.247
  -1   -2     -6.141      8.636    -62.163
  -1   -2     10.838     -2.255    -53.959
  -1   -2     -0.971      7.911    -54.055
  -1  737     10.013      4.463    -65.852
  -1   -2     -7.047      6.977    -58.884
  -1   -2    -13.128      9.370    -67.111
  -1   -2     14.400     -7.041    -59.228
  -1   -2     14.425    -11.761    -76.247
  -1   -2    -10.000     -5.412    -71.457
  -1   -2     -4.221     12.264    -63.243
  -1   -2     -5.587     -8.417    -64.178
  -1   -2     16.462     -8.191    -67.222
  -1   -2      2.906     -9.885    -68.348
  -1  340      9.343     -3.390    -68.213
  -1   -2     -8.271      1.583    -72.383
  -1   -2     13.492      3.048    -61.836
  -1   -2      2.212     11.489    -73.012
  -1   -2    -15.088      3.094    -81.898
  -1   -2     -4.306     -8.769    -61.233
  -1   -2     -2.664     -4.528    -62.671
  -1   -2     -2.436     -4.024    -74.996
  -1   -2      8.743    -12.672    -70.752
  -1  768     -9.875     -1.457    -72.084
  -1   -2    -11.776     12.500    -68.572
  -1   -2      1.857     -8.899    -57.348
   9   85     -2.392     -2.075    -73.961
  43  548      5.933      2.279    -68.866
 801  120      1.932      8.563    -71.693
  24  778      9.694      2.597    -71.007
  11  425      5.168      1.509    -68.186
  90   92     -2.715      7.898    -67.261
  60   -2      2.108     -8.600    -69.498
 165  429    -13.676      1.185    -67.474
 356   -2     12.282      4.892    -74.270
 349  824      7.666      7.403    -73.338
 217  306     -8.790      1.645    -62.658
 486   -2      1.822     -8.104    -65.508
 457  799      4.180     -5.792    -76.475
 337   -2      9.944     -6.456    -65.949
 348  218    -12.111     -2.780    -65.572
 310   -2    -14.742    -10.970    -71.120
 362  793     -4.426    -10.445    -68.089
 281   -2      8.205     -7.732    -64.608
 388   -2      2.503     -1.130    -72.941
  -1   -2     13.241     -4.110    -66.521
 379   -2     17.442     -0.971    -73.060
 373  285      2.253     -6.086    -67.621
 538   -2     11.784      2.192    -67.815
 620   -2    -14.056      8.133    -75.640
 808   -2      3.272     -5.513    -75.610
 194  171     -2.781     -0.858    -63.768
 391  434      0.622     -2.793    -61.124
 461  504     -5.992     -6.582    -60.445
 572   -2      5.467      9.459    -61.219
 173  402      7.481    -10.949    -65.019
 148  308      3.115    -11.430    -72.169
 487   -2      5.321     -4.665    -81.612
 811   -2     -0.563     -0.376    -70.397
 460   -2     -8.770    -12.700    -65.993
 748   -2     -6.022     11.453    -69.529
 817  664     -9.193      6.604    -73.127
 584   -2     -0.183      3.873    -60.012
 301  473      6.263      1.735    -71.885
 735  658     -9.758      1.371    -67.003
 683   -2      1.875     -0.296    -70.246
  -1   -2      9.305     -5.319    -62.839
 659   -2      1.972     -4.504    -61.014
 813   -2    -11.759     12.161    -66.537
  -1   -2     -2.466      9.738    -66.691
 403  797     11.118     11.448    -65.360
 812  426    -13.265      7.465    -63.954
 825  813      5.711     11.003    -74.976
 128   -2     10.474      1.154    -63.641
 451  742     -9.508      9.908    -75.184
 518   -2     -4.014     -8.037    -60.123
 567  825     -3.374     -7.296    -62.243
 644  826     12.306      8.847    -73.091
 656  827     18.766    -12.629    -69.691
 664   -2     12.706      8.847    -64.529
 756  828      1.892    -11.438    -75.248
 776  829     -6.983      6.713    -68.002
 787   -2     -6.130     -7.939    -75.270
 802  830     -4.382      8.698    -64.037
 828  349     -7.786      0.494    -72.059
 833  831      0.620     -5.602    -63.835
 834   -2     14.168      0.612    -59.617
