847
 375    3     -5.230     -8.017    -73.426
  10   49      1.652      2.936    -70.091
   0    6     -1.138      3.521    -71.377
  52    1      0.637      3.693    -69.656
   2   58      6.954      8.354    -72.128
  20   12     -5.347      1.252    -72.298
 461    2      8.539      5.768    -69.125
 379   40     -5.100      6.253    -71.669
  12    8     -0.943      6.317    -70.591
  11    7     -1.213      9.417    -72.465
   8   10      1.617      4.652    -68.758
 382   68     -1.011     -0.687    -70.347
   6    4      3.068      5.929    -69.711
   1   79     -0.696      0.663    -70.886
 373  106      2.090     11.742    -69.989
  45  795     -4.055      8.175    -68.543
  49   54     -1.530    -10.080    -66.226
  62   16      2.194      9.597    -68.190
 376   39     -6.790     -2.428    -70.842
  14   15      3.900      1.875    -67.939
 183  257      9.926     11.545    -69.553
  23   51      5.070     11.207    -69.757
 281  397     -6.244      1.008    -72.957
  31   11     -6.766      6.109    -69.184
  16   24     -2.149     -6.376    -69.558
   3   23     -4.653     -5.509    -70.220
  17   22      5.219      1.894    -68.029
  81    0     -4.688     11.600    -72.636
 184  270     -2.611     -3.106    -73.944
 154  799    -10.619      6.751    -74.661
 206  398      6.471      8.404    -69.078
 174   20      4.346     -0.207    -71.769
  30   99      4.638      3.180    -66.969
 275  209     -3.511      9.467    -72.984
 119  443     -7.264     -5.943    -73.364
  15  210      1.817     -5.926    -70.980
  73   45      6.296     -3.009    -69.003
 106  152      5.804      8.394    -68.743
 108  402     -5.549     -1.195    -69.940
  34   27      0.422      1.904    -67.446
  -1   28      2.105      8.280    -63.829
  -1   19     -8.449     10.193    -73.516
  68  114     -6.288     -8.921    -66.475
  76  155      3.678      8.856    -67.485
 284  805      4.781     -6.350    -72.007
  28   43     -5.726      8.654    -64.752
  32   62      4.000     10.257    -67.508
  58   -2     -6.534     -1.058    -65.516
  71   35     -4.890      7.647    -72.347
  69  107      5.938      9.939    -71.143
  24  399     -5.922     -4.585    -70.231
  56   70    -11.342      5.715    -68.145
  44   84      7.579      1.332    -67.790
   5   26     -4.403     -1.794    -71.497
  33   -2      7.599      1.789    -70.583
 430  124     -7.138     11.110    -70.810
  61  132      3.498     -7.606    -69.664
  -1  150     -3.184     12.471    -71.984
 852   55    -10.262     -1.284    -67.222
  67   77     -7.534      6.169    -68.227
 403  153      2.274    -10.072    -70.179
  47  125     -9.345     -1.486    -70.159
  36  102     -6.419     -5.285    -69.291
  79   48      5.927      4.207    -66.252
  74   91     -6.006      5.826    -64.246
 101  400      9.092     10.278    -66.824
 377  240     -4.128      0.157    -71.377
  37  143     -3.195     11.309    -70.946
 305  456    -11.313     -4.266    -69.248
 396  253      8.446      2.341    -68.349
  -1  445      0.217      8.327    -61.215
 103   67     -5.003     -7.660    -68.707
  84  151     -8.117     12.053    -69.284
  -1   -2     -1.111     -5.851    -63.422
 111  405      1.808      2.349    -68.494
 104  133    -12.546     -6.050    -69.908
  35  264     11.554     -1.638    -69.291
  77  111      2.256      4.510    -62.282
  53  134     -9.238     -3.557    -68.677
 390   -2     -9.416     -4.611    -68.382
 116  179    -10.790      1.805    -69.412
  65   33     -2.253    -11.535    -72.496
 142  139     -1.456     -2.768    -64.584
 135  338     15.113      9.074    -71.916
 136   93      7.553     -7.384    -69.452
  63   69     11.926     10.799    -69.374
  -1   -2    -11.321     -3.523    -75.640
 344  292     -6.492      5.223    -73.155
  95  131      0.132     -8.562    -63.954
 121  105    -13.548      1.822    -70.172
  -1   96     -7.791     -5.950    -69.680
 147   73      9.251      6.502    -68.587
 397  115      2.352      4.597    -70.318
  88  225     -7.971     -5.559    -65.426
  -1  502      1.727     11.318    -73.126
 234   30      2.500      8.741    -71.319
 404  255     10.003      8.046    -73.161
 148  160      5.402     -8.653    -75.653
 231  235     13.196     -5.315    -74.082
 287  172     -5.092      7.050    -71.943
  78   -2      3.692      7.973    -74.248
 226   -2     12.748     -4.205    -71.554
 401   53      4.250      1.761    -73.216
  -1  461     -4.862     -1.022    -72.570
 113  252    -14.992      4.092    -69.574
 384   14     -4.130     -6.565    -72.398
  99  248     -1.269      7.133    -63.062
  93  410     -4.683      9.205    -65.611
  -1   -2      0.835     -1.261    -63.746
 138  314     -5.454     -4.229    -69.744
 100  112    -10.826      8.099    -63.095
 178  128     -7.695     -4.207    -69.569
 306   32      8.507      2.599    -70.673
 294  163    -14.193     -4.931    -69.836
  51  489     -7.610     -9.838    -70.043
 149  247    -11.603     -8.575    -69.122
 200   -2     -7.550     12.942    -68.250
  25  223      8.228     10.159    -69.654
  54   57     -1.052      6.255    -72.472
 122   76      7.926      2.334    -67.415
  46   61     11.495     -5.301    -68.785
 239  242     10.280     10.986    -66.521
 332  170     12.069      6.222    -63.054
 114  404     -5.104      5.749    -73.101
 140   63     -6.786     -2.902    -67.284
  48  129    -11.005    -10.209    -69.404
 127  279     10.795      2.599    -62.610
  -1   -2     -0.779    -11.946    -73.583
  -1   92      2.157     -8.408    -61.415
 487  166      0.951    -11.754    -64.913
  -1  147      4.330     -8.526    -65.340
 458   66    -14.265     -9.999    -69.756
 144  194      7.410     12.497    -69.040
 528  515      7.978      8.558    -72.668
 279   90     11.407     -2.945    -68.678
 181  182    -13.923     -1.852    -70.714
  97  302      8.077     -6.579    -72.532
 433  213      4.095     -9.619    -64.085
 655  747     12.793     -6.999    -72.441
 112  310    -14.003     12.143    -73.012
  -1  156    -10.778     -4.007    -69.210
 117  154     -7.888     10.305    -63.884
 105  329     -0.102     -7.779    -71.846
 447   -2     14.962    -10.292    -68.472
 172  234      9.854     -8.209    -70.264
 187  366      2.655      8.095    -77.107
 543   -2     -6.454     -3.948    -66.760
 472  193    -10.283      2.132    -63.801
 203  265    -11.358     -1.683    -72.337
 169  327     -7.149      7.262    -64.656
 386   -2     -5.392      3.825    -73.135
 603   95      1.221      1.290    -74.961
  86   86      7.859     -5.109    -68.865
 450  117     -5.904      0.618    -64.122
  -1   -2     -6.161      7.295    -67.945
 139  174      5.668     -4.641    -63.485
 245  378     12.216      6.524    -67.869
 130  204    -12.839     10.135    -65.530
 158  429    -11.312      5.588    -63.535
 482  311     -3.745      8.968    -61.130
 442  116     -5.022      4.087    -61.824
 350  732     -3.661     10.681    -72.034
  66  122      3.119      9.947    -73.787
 188  800    -11.010      2.064    -72.220
 157  305     -3.589      1.246    -72.022
 330  287    -10.175      3.180    -74.311
 425  168     14.839      5.346    -71.447
 102   94     -7.480     -7.800    -69.851
 212  444     -9.341    -10.283    -70.017
 167  220     -2.990     -2.896    -70.910
 217  216    -10.998      1.479    -62.825
 151  830     -4.935      3.490    -60.250
 220  202     13.580      2.872    -74.575
  -1  190     -4.374      1.281    -61.758
 211  176      4.159      2.294    -62.216
  38  498     -9.812      5.204    -62.658
  94  298     -4.096     -5.547    -72.944
 258  297      8.369    -12.076    -67.597
 256  173     12.126     -5.629    -69.463
 163  195     10.762     -6.989    -66.676
 182  499      8.859      8.717    -64.923
 455  309     -7.179     -2.676    -59.815
 213  802      7.753     -5.285    -70.191
 176  294    -12.666      4.759    -70.960
 325   82      0.332      5.905    -73.705
 233   -2      7.282      0.860    -61.636
 398  178      5.851     -2.287    -77.401
 156  350      5.907     -1.221    -68.429
   4   21      9.295      7.926    -70.588
  -1   -2      0.711     -3.513    -61.606
 471  505     -7.651     -1.030    -68.512
 153  462     -8.529      5.013    -64.380
 510   31     -0.845     -5.482    -70.890
 419  165    -12.107      3.819    -68.670
  -1   -2     -2.892     -9.892    -60.958
   9   75     -5.958      7.513    -73.895
  -1   -2      0.039      2.958    -57.699
  89   74      9.412      2.849    -65.938
 109  162    -12.539      2.143    -69.740
 133  798     -8.701     -7.513    -65.256
 701  315     -2.093     -8.179    -71.855
 173  186      7.276    -12.086    -67.086
  -1  203    -12.642      0.519    -63.489
 820   -2     -8.857     -7.056    -68.726
 120  127      9.873     -2.853    -67.650
 636  146     12.025     -1.060    -68.491
 214  196     13.733      1.527    -70.838
 517  312      5.082    -12.167    -66.496
 335  217      8.720    -12.505    -66.746
  -1  212     10.959     12.499    -66.883
  70   47      4.292    -12.362    -73.850
  -1   34     -1.381      0.870    -68.031
  -1   -2     -8.817     -2.507    -61.461
 308   60     -7.703     10.478    -72.942
 190  344     14.770      2.709    -71.127
 263  148     -6.486     11.691    -65.886
 462  324     -9.224      1.466    -68.872
 408  503      0.622     -6.141    -76.541
  -1   -2    -10.594      0.653    -57.976
 186  458    -11.669     -7.278    -69.161
 260  634    -13.325     -9.666    -68.644
 409   83      4.807     -5.063    -72.307
 257  120    -12.598      5.277    -73.785
 269   -2     14.169      8.677    -69.169
 276  376      8.977     11.539    -68.329
 310  258     15.271    -11.723    -71.458
 196  275     14.891     -7.962    -70.785
 610  191     11.936     -3.772    -68.305
  26   -2      3.510      4.446    -73.118
  92  157     -3.234     -0.697    -72.234
 541  208      9.525    -11.580    -71.336
 222  284     -4.960      4.327    -64.731
 454  300      7.702     -5.205    -64.032
 770  221    -10.235     -2.537    -75.703
 197  529      0.711     10.508    -68.319
 205  801     -1.026      5.376    -69.539
 193  387      7.976     -1.662    -70.621
 168  263     -5.093     -3.091    -66.848
 348  278     10.210     12.002    -69.693
 229   80     11.449     -4.649    -69.681
 846  474     -0.545      6.997    -60.091
 210  518    -12.578     -4.898    -68.853
 227  233     13.524      0.102    -67.511
 267  359    -14.864     -8.402    -70.521
 841  628      8.102     -3.130    -74.885
 160  215     -6.865      9.183    -75.747
 204  355     -9.346      7.843    -61.242
 295  181     -7.025    -11.993    -66.357
  -1  118     -2.451      7.482    -71.965
  50  796      9.370      4.063    -69.703
  -1  451     -2.236     -5.635    -76.679
 366  377      3.784     -1.316    -65.379
 314  259     12.481      4.719    -64.199
  -1   -2     -7.032      4.990    -63.297
 171  493      1.276      7.082    -76.267
 248   29      8.913     -5.258    -72.385
 259  304      3.213     -1.537    -69.595
 150  288     -9.032     11.883    -73.864
 317   -2      9.301     -0.661    -73.657
 513  272      7.048      4.548    -62.975
 601   -2      0.254      1.245    -61.343
  -1   -2     -2.228     -6.968    -66.434
  -1   -2     -1.659      6.906    -60.902
 129  126     -7.416      0.775    -64.453
 250  224     13.542      5.082    -73.327
 495   -2    -11.830     10.660    -64.330
 337  427      4.167     -0.978    -65.121
  -1  244    -14.299     -1.335    -69.388
  -1   -2      0.773      5.121    -60.751
  -1   -2    -13.191     12.944    -66.925
  -1   -2    -12.595     -4.511    -74.384
 847  364     -9.414      6.451    -68.919
  -1  303     -9.390     -3.355    -66.074
 278  251    -14.153     11.383    -67.378
  -1  541    -11.540      5.661    -64.757
 511  219    -14.872      7.485    -69.647
 311  271     12.108     11.866    -67.119
 125  187     12.073      8.724    -68.297
 631  316     10.663     -8.004    -73.164
  -1   -2     11.794      0.461    -74.212
 300  365      1.263      6.117    -68.377
 198  141     -1.095      1.438    -75.074
  -1  542      2.850      9.610    -59.367
 302  380     13.776      1.216    -68.618
 483  831     12.863     -4.941    -67.623
 324  453     16.393     -6.230    -70.621
  -1  283    -13.262    -11.723    -68.179
 249   -2     15.325      8.913    -68.179
 107   -2    -12.293      7.189    -71.010
  -1   87     -5.652     -0.290    -72.344
 141  222      9.885    -10.555    -70.712
 550  290     16.624      2.733    -69.685
 293  313     12.948      0.745    -70.539
 271  527      4.521     11.365    -61.949
 664  299      8.564      0.687    -63.227
 587  597     14.778     10.079    -67.423
 299  211     -6.428     -3.167    -67.366
 274  371    -10.160     10.918    -62.122
 312  466     -5.946     -5.885    -72.992
 255  237      3.966     -3.791    -69.172
 268  145     -1.527     -0.301    -67.133
  -1   -2     13.763     -8.618    -74.623
 491   18      2.513     -5.056    -76.028
 240  333     12.866     -1.776    -70.142
  -1   -2     -5.360     -3.033    -68.592
 585  328      7.425    -11.016    -69.704
 110  280     -6.385    -10.096    -69.817
 283  804      2.544     12.873    -65.764
 159  281     -1.588      3.804    -76.879
 319   -2      9.420     -4.568    -72.191
 254  229     10.820     -3.916    -69.479
  -1   -2      0.776      8.585    -60.607
  -1   -2     16.840      4.427    -73.742
 225   -2     17.264      3.741    -68.693
 230  787     -6.251     -1.342    -68.518
 704  825     -1.309      8.533    -74.127
  -1   -2    -14.158     -1.949    -76.392
 346  289      6.155      9.146    -70.978
 630  824     12.867     12.466    -63.389
 333  832      4.833      1.523    -73.655
 383  238     -3.569     10.508    -73.869
 572  232     16.976      9.724    -73.708
 285  267     11.915      7.198    -70.944
 321  239      5.924     -6.758    -67.373
  -1   -2     -7.883      2.662    -60.781
 561  306     13.843     11.044    -68.786
 261  339    -13.996      5.517    -68.406
 355  714      7.267     -4.917    -69.978
 291  653     10.811    -10.472    -72.208
  -1  136    -14.290    -11.955    -71.881
  -1   -2    -10.516      7.780    -76.366
 340  262     13.334     -5.917    -68.108
 303  469     10.653      3.534    -65.758
 774  638     -0.802      3.239    -71.287
 680  556     11.737      3.044    -64.181
 338  833     -9.882     -2.795    -73.305
 768  123     11.614     -6.428    -68.470
  -1   -2      6.805     10.006    -63.846
  -1   -2      1.332    -11.137    -77.106
 277  317     15.172      7.475    -68.497
 722  612     16.260     -1.878    -67.264
  -1  347    -11.873     12.730    -69.202
  -1   -2     -8.618      1.937    -73.159
 345  286      7.917     11.824    -70.255
  -1  635     11.398     10.710    -59.795
 351  363      2.182    -11.854    -70.388
 313  354     12.538    -11.881    -68.966
 353  340      9.813     -9.417    -66.618
  -1   -2      6.044     -1.836    -62.449
 342  567     -5.834      5.509    -61.891
 341  760    -15.775      2.758    -73.397
  -1  660      1.670     12.729    -66.901
 406   81     11.773      1.922    -73.458
 721  205      5.873     -2.617    -73.860
  -1  357    -11.023      9.775    -69.089
 361  382     -5.559     -8.897    -67.048
 282  834    -15.317      2.929    -76.060
  -1   -2      9.582     -2.629    -65.025
 289  260      4.549    -12.151    -72.316
  -1   -2      9.975     -0.713    -62.715
 744  447     -1.066    -11.891    -68.714
  -1   -2    -10.389     -5.589    -60.171
 606  544    -13.531     -7.628    -73.482
  -1  336      7.208     -6.593    -61.483
  -1  434     -4.323      1.785    -61.568
  -1  699      8.102     -8.767    -73.869
  -1   -2     -3.427      5.921    -76.784
 320  479    -11.863      0.560    -72.475
  -1  662      4.963    -10.642    -73.707
 364  372     -2.283     -1.075    -68.051
  -1   -2     -5.450      0.617    -68.838
  -1   -2     10.360      6.925    -66.475
  -1  644     -5.431      5.589    -63.951
  -1   -2    -11.018     -6.094    -69.776
  -1   -2      9.159     -3.547    -76.897
  -1   -2     15.973    -10.319    -69.509
  -1   78      5.455      8.783    -75.232
 627  331      8.012     -3.171    -67.956
 304  356      7.125     -4.440    -74.083
  -1   -2     -3.982     -3.269    -66.301
  -1  673      4.323      1.059    -68.081
 359  369    -15.114     -5.672    -75.960
  -1  705     13.025     10.494    -64.568
  -1   -2     -7.649      5.377    -75.657
  41  393     -2.253     -1.911    -71.123
  -1   -2     -6.037    -10.311    -59.384
  -1   -2     -1.181     10.649    -69.615
  72  140      0.883     -9.094    -73.158
  21  412     -2.396      2.203    -61.390
  43    9    -10.431      5.156    -71.899
  80  401      1.406    -11.215    -73.259
 410  488     16.427     -2.800    -73.549
 473  426    -10.379    -12.579    -68.653
  -1  406      0.174     11.665    -64.720
  -1   -2     -7.609     -1.872    -72.719
  13   36      2.884     -1.537    -72.807
 421   13     -7.463     -0.951    -74.983
  -1   -2      0.085      4.143    -85.024
  -1   -2     -5.660     -6.826    -63.939
 124   -2     -9.498      0.972    -64.113
  -1   -2     -4.262     -0.986    -66.345
  90  464    -13.288     -1.551    -73.179
  22   50      3.560      7.115    -67.217
  -1   -2     -5.759    -10.255    -61.064
 399  416     -2.022     -7.440    -68.769
  -1   -2      1.332     -6.096    -64.604
  91  149    -14.183     10.289    -73.224
 476   -2      5.813     -8.023    -62.666
  75  797      2.585      4.345    -71.634
  -1   -2     -6.684     -7.612    -58.359
 501   52     -2.104     10.669    -70.810
  -1   89     12.297     -0.046    -73.483
 191   88      5.206     -6.209    -63.980
 118   59      0.326     -6.198    -70.643
  -1   -2     -0.306      2.167    -62.457
  -1   -2     -4.551     -2.184    -74.312
  40  422     -6.002      1.163    -69.321
  82   -2      1.797    -12.096    -64.546
  -1   -2    -11.126      4.326    -62.546
 418  436      8.123     11.126    -62.403
  -1   -2     -9.505     -8.407    -71.095
 177   -2     -6.490      5.566    -75.106
 162  113    -10.668     -9.128    -68.176
 137  161     -0.526     -3.904    -62.998
  -1   -2     -3.614     -3.693    -62.883
 816  600     14.439     -4.695    -71.956
  -1   -2      1.661      0.780    -60.315
 428  183      8.213      7.405    -67.084
 412  813     -5.478      4.473    -66.953
  96   42    -10.875     -7.164    -69.492
  -1   -2      8.662     -3.899    -73.731
  -1   -2     12.534      2.903    -64.392
 819   44      1.583    -10.816    -70.647
 192  441      3.624      7.766    -63.452
  -1   -2    -13.445      8.495    -70.818
  55  420     -2.435     12.263    -67.375
  -1   -2     -3.836     -9.223    -56.125
 297  806     -1.461    -10.568    -76.714
 826  829     -4.635     -0.335    -68.270
 123   -2      9.763      5.561    -70.972
 429  450      7.062     -8.464    -61.719
 427  430      6.151     -8.822    -63.518
  -1  201    -11.667      0.312    -67.338
 414  351     -8.002     -1.926    -62.883
  -1   -2     -8.911     -0.322    -61.145
  -1   -2     13.784     -4.717    -66.538
  85  440     -6.693      8.477    -61.947
 833  423      3.998      9.397    -59.959
 475  816     -5.829     -5.617    -56.490
  59   41      1.387      2.601    -66.754
 643   -2     -9.368     -8.382    -63.617
  -1   -2     -6.723      5.422    -59.560
 446  815     16.073      0.672    -64.350
 642  433     -9.971    -10.808    -68.271
 264   25      3.793      7.536    -66.436
  -1   -2     11.444     -7.748    -63.419
 134  104     -5.975     -7.225    -67.066
 453   -2    -10.900      9.861    -61.904
  -1  564     10.515     -6.206    -62.845
 236  334      9.924      1.279    -70.602
  -1   -2     -0.258     -0.704    -62.040
  -1   -2     -0.743     10.419    -69.230
 445  814    -11.144     -9.450    -65.460
 490  517      4.249    -12.770    -63.930
 161   97      5.233     -4.153    -69.578
  -1   -2     14.166      3.656    -63.872
  -1   -2      6.981      4.498    -59.968
  -1  395     -7.905     -8.261    -76.041
  -1  189      6.276     -1.327    -63.144
 331  810    -10.494      1.377    -67.456
  -1   -2    -10.150     -5.201    -64.016
  -1   -2    -15.086     -9.001    -84.999
 411   -2     -5.965     -8.365    -72.976
  -1   -2    -13.503      8.138    -69.454
 194  301     -5.694     -3.810    -73.217
  -1  137     -6.942      3.522    -68.292
 441  135     -8.765      4.365    -67.721
  -1   -2     -8.167      4.860    -62.691
 456  472    -10.772     -5.966    -65.822
 582  360      9.052      6.690    -71.940
  -1   -2      3.592     -8.237    -54.047
 531   -2     -1.077     -4.817    -62.533
  -1   -2     -4.720     -5.931    -60.456
 237  293    -14.700     -2.068    -69.541
  -1   -2      8.575     -8.282    -77.340
 629  442      8.497     -6.561    -56.718
 534  459     -4.834    -12.179    -68.449
 228  206    -15.875    -11.497    -72.815
 519  492     12.100     -9.966    -65.711
 155  341      2.285     -7.582    -72.192
  -1   -2     -6.034     -5.277    -66.893
  -1  481    -12.794     -8.878    -67.389
 484  448     -3.587    -10.165    -60.532
 653  621    -12.606     -6.332    -72.085
  -1   -2      1.734      7.703    -69.074
  -1   -2     -5.369     -0.412    -60.380
 509  663      3.702     -2.684    -76.123
 583  325      2.966     -3.582    -69.053
  -1   -2     14.331     -5.448    -65.536
 219  167      2.429    -10.597    -75.993
 497   -2    -10.678      8.318    -74.101
 502  818     -7.042      3.672    -64.315
 280  256      4.680    -10.860    -64.111
  -1  540      5.448      2.329    -63.580
 243  803     -0.813     -8.823    -62.827
 316  386      6.661    -11.708    -75.372
 309  198    -11.615      8.889    -71.726
 825   -2      8.642     -0.095    -74.803
  -1   -2      0.119     -5.697    -60.999
  -1   -2    -14.648     -0.914    -78.867
  -1   -2     -0.301      9.019    -71.250
 563  490     13.312     -2.255    -63.012
 465   -2     -6.531      6.883    -65.478
  -1  428    -11.361      2.140    -67.039
  -1   -2    -12.711      7.087    -84.393
 498  516      6.054     -7.824    -76.539
  -1  560      0.323      5.234    -58.594
  -1  501    -11.896     -4.825    -68.637
 246   -2      1.708     11.648    -62.593
 558  822    -13.465      7.504    -67.321
 522  504      9.666      3.436    -63.085
  -1   -2      6.314      7.315    -59.344
  -1   -2     -6.402     -1.238    -65.971
 485  345      8.343    -12.609    -74.268
  -1   -2     -0.725      2.574    -62.488
 415  561      8.106     -8.189    -71.623
  39  250    -12.534      1.201    -76.167
 622  185      9.563      9.774    -68.270
  -1   -2     10.642      0.089    -61.900
  -1   -2     11.469     -5.483    -59.838
 265  226      4.835    -10.533    -67.968
  -1   -2    -10.935    -12.207    -65.670
 474  318      4.544      1.961    -69.308
 290  308      7.239    -12.401    -72.972
 349  598     -2.330     -2.052    -74.630
 539  835      8.048      6.260    -76.682
  -1   -2     -3.142     -2.702    -59.870
  -1   -2     -5.206     -2.362    -77.298
  87   -2      4.881      0.354    -63.306
  -1  485      4.686     11.880    -63.157
  60  246     -3.476     -8.880    -68.580
  -1  557      0.578     -2.414    -60.597
  -1   -2      3.939     10.802    -75.022
 521  418     -3.070      3.878    -68.725
 374    5     -2.214     -6.960    -73.531
 565  576     17.683     -0.230    -66.827
  -1   -2      1.934     -4.222    -74.737
  -1   -2     12.989     -1.624    -67.678
  -1   -2     -6.480      2.638    -75.994
  -1   -2      5.702     -8.905    -67.835
 749  826     -7.882      3.160    -66.467
 385  473     -1.729      4.436    -66.741
 292   -2      4.167     -7.367    -66.261
 436  475     -2.095      3.326    -59.276
 329  809     10.172    -11.313    -63.601
  -1   -2      1.661     -3.758    -62.885
 526  109     -4.085      9.942    -60.302
  -1   -2     16.475     -3.940    -63.206
  -1   -2      5.282     -5.930    -73.892
  -1   -2      7.683     -5.147    -61.439
  -1   -2     -0.525      5.695    -58.448
  -1   -2     12.916      9.070    -56.249
 440  661     10.945    -13.006    -65.474
  -1   -2      9.210     12.392    -64.675
  -1   -2     17.309     -2.766    -68.181
 486  465     17.919    -12.496    -67.956
  -1  650     16.168     -8.121    -70.334
  -1   -2     15.697      0.596    -63.828
 266  199     -9.473      8.432    -62.741
  -1   -2      5.226      8.521    -61.153
 615  549      5.366    -10.112    -62.198
 564  531     16.832     11.475    -65.986
 166  142     -2.401    -11.648    -67.739
  -1   -2     10.499      6.406    -61.718
 388   -2     -3.807     -4.878    -77.661
  -1   -2     -7.849     -3.403    -59.466
  -1  411      3.131     -6.553    -57.791
  -1   -2     13.892      2.929    -72.174
  -1   -2     -7.561      8.329    -71.208
 514   -2    -12.662     -5.556    -65.786
  -1   -2      4.430      9.733    -61.874
  -1   -2      2.794     -0.120    -77.687
  -1  641     10.516    -10.151    -65.276
  29  164      7.342      8.870    -70.406
  -1   -2      2.367      6.849    -60.019
 286  321     13.397     10.100    -65.580
 579  103     16.344      1.764    -69.279
  -1   -2      1.031      2.624    -64.068
 323  599     14.812     -3.246    -74.624
  -1   -2     -5.146     12.465    -58.707
  -1   -2     -2.082     10.026    -53.267
  -1   -2     -4.423      2.150    -60.719
  -1  214     -6.086     -3.319    -76.607
  -1   -2    -15.432      6.274    -75.967
  -1   -2      7.903      2.974    -76.583
  -1   -2     -1.396      8.550    -52.081
  -1   -2     10.771      7.694    -55.262
  -1  491    -10.555     -8.202    -60.741
  -1   -2    -10.842      3.286    -60.564
 175  231      9.338      5.365    -66.135
 632  645     11.925      0.154    -60.014
  -1   -2     -0.233      8.762    -65.989
 201  323      5.837    -12.155    -69.132
 253  361      7.927     -3.198    -70.719
  -1   -2     -1.077      6.403    -86.424
 288  342      1.206     -7.889    -65.516
 298   -2      8.937     -2.902    -62.717
  -1   -2     -2.717     -6.427    -60.013
  -1   -2      2.424     -3.576    -56.379
  -1   -2     -5.494      8.635    -69.786
  -1   -2    -12.688     -3.387    -61.704
 520  820     16.106     -7.458    -72.990
  -1   -2     15.705      5.161    -70.115
 199  602     13.056     -7.704    -65.292
  -1   -2     12.025      3.854    -66.072
 616  525    -14.144     12.972    -68.017
 209  615     -7.627      8.063    -66.088
  -1   -2     -0.075     -9.886    -77.326
  -1   -2     -3.863      3.567    -78.698
  -1   -2     -7.386     12.825    -58.706
 661  506     -7.731      3.861    -60.812
  -1  269     15.804     -3.801    -67.161
 609  511     10.821    -12.488    -64.997
  -1   -2    -13.852    -12.490    -69.186
 272   -2     -9.048      8.880    -73.656
  -1   -2      9.310      8.466    -53.680
  -1   -2     14.039     -4.992    -63.432
  -1   -2     -5.003    -10.477    -57.421
  -1  606     12.475      0.937    -64.135
 389  812    -10.806      7.893    -75.200
  -1   -2     -6.604     -9.180    -52.914
 654  530      2.893    -11.397    -62.247
  -1   -2    -12.124      9.275    -64.133
  -1   -2     -6.232     -5.763    -75.320
 700   -2     15.707     13.010    -64.621
 686  625     -2.094      6.022    -66.043
  -1   -2     -5.197     -2.980    -66.410
  -1   -2     16.476      7.047    -65.071
 189  526    -15.971      3.843    -71.394
  -1   -2     15.587     12.435    -75.106
  -1  710    -13.090     -5.205    -67.298
  -1   -2      2.614     -5.969    -75.766
  -1  291    -12.078     -0.246    -68.773
  -1   -2    -11.900      9.641    -75.022
  -1  521     -1.637    -10.285    -60.867
  -1  384    -11.401     11.103    -67.227
  -1   -2     -5.337    -12.742    -65.300
  -1   -2     -5.526      0.480    -68.665
 232  266     12.625     -6.920    -70.876
  -1   -2     -5.555      8.653    -70.334
  -1   -2      2.965     10.773    -53.745
  -1   -2     -1.026      9.952    -69.124
  -1   -2     14.085      9.172    -66.307
 322  808      3.824      5.298    -74.601
  -1   -2    -10.225    -12.578    -63.104
  -1   -2     -5.908     -5.318    -75.052
  -1   -2    -12.142     12.674    -62.768
 824  753      5.887     11.397    -72.384
  -1   -2     13.720     -2.686    -73.461
  -1   -2      3.545    -12.434    -77.229
  -1  702      9.854      0.107    -54.760
 301  807    -10.116      0.218    -61.731
  -1  654     12.100    -11.945    -69.312
  -1   -2     -3.683    -11.648    -61.412
  -1   -2     15.882     11.268    -68.984
  -1   -2     -0.043      2.457    -63.876
 247   -2      3.797     10.410    -72.596
 766  827      8.078      0.066    -70.579
  -1   -2     12.028    -10.197    -75.658
  -1   -2    -11.770    -11.467    -68.961
  -1   -2     -6.022      2.974    -61.953
 360  550     13.837     -7.815    -73.263
  -1   -2      8.152     11.452    -60.099
  -1   -2     -5.400     -0.939    -64.324
  -1   -2      5.541     12.866    -66.018
  -1   -2     -7.811     10.840    -61.190
  -1   -2      5.132     -0.948    -56.862
  -1   -2     -8.700     -3.355    -52.264
 706  425     -8.331     -0.077    -64.889
  -1   -2     10.803     -2.353    -75.302
 682  586     15.561      2.166    -64.140
  -1   -2    -15.569      2.043    -75.192
  -1   -2      7.816     -9.279    -71.980
 710  728     -9.836      9.434    -72.498
  -1   -2     -0.491     10.147    -65.801
 776  828     17.234     -3.171    -75.232
  -1   -2    -15.595      1.146    -78.043
  -1   -2      8.937      6.554    -51.899
  -1   -2      7.334      1.707    -53.503
 515  819     16.870      9.701    -66.958
  -1   -2    -12.356     -1.108    -60.021
  -1   -2    -14.294     10.242    -70.915
  -1   -2     -8.581     -0.242    -70.168
  -1   -2     -0.519    -12.704    -70.139
  -1   -2      0.727      8.808    -64.793
  -1   -2     11.161     -9.465    -72.779
  -1   -2     -8.273     10.529    -58.114
  -1   -2     -7.495      2.846    -60.468
  -1   -2     -2.282      6.646    -57.035
  -1   -2    -11.807    -10.678    -61.793
  -1   -2     11.227      9.983    -54.177
  -1   -2     -8.887     11.932    -71.621
 296  470     13.315      8.902    -72.396
  -1   -2     -5.996    -10.046    -63.736
  -1   -2     17.753      9.464    -72.190
  -1   -2     -1.221      7.977    -63.866
  -1  781     16.899     -9.926    -65.334
  -1   -2      6.567      3.646    -66.108
  -1   -2    -14.364    -10.853    -68.520
  -1   -2      0.284      6.349    -64.510
  -1   -2     10.724     -3.343    -66.469
  -1   -2      9.307     -9.880    -72.271
  -1   -2      9.984     -2.317    -62.315
  -1   -2     17.005      5.636    -68.116
  -1   -2     18.502    -10.181    -67.651
  -1   -2     15.496      0.482    -72.067
  -1   -2      0.005      5.540    -62.793
  -1   -2    -10.652      0.330    -76.250
  -1   -2     13.512      5.020    -60.945
  -1   -2      4.183     -8.842    -72.044
 840   -2     12.186     -2.594    -66.402
 822  648     11.164      7.946    -68.472
  -1   -2      6.894      2.960    -81.696
  -1   -2      5.483     -7.725    -57.993
  -1   -2     12.787      7.888    -68.089
  -1   -2     14.166     -1.398    -57.116
  -1   -2    -10.776      9.033    -82.901
  -1   -2     -4.062      5.560    -74.957
  -1   -2     13.398     -7.971    -65.126
  -1   -2     -2.093      0.948    -70.142
  -1  674      7.118      0.362    -64.971
  -1   -2     -1.736      1.469    -60.247
 372   -2     -3.711     -4.858    -68.746
  -1   -2     10.150      1.398    -75.098
  -1   -2     12.036      2.146    -57.055
  -1   -2      9.374     -1.595    -73.332
  -1   -2     13.430     -9.079    -87.498
  -1   -2      5.876     -9.119    -71.378
  -1   -2     -9.951     -5.013    -58.229
  -1   -2      6.483      1.228    -62.903
  -1   -2      3.917      5.123    -72.720
 849  836     14.201      3.600    -58.799
  -1   -2     14.654     -9.443    -62.533
  -1   -2      6.227    -12.301    -77.453
 688  373     -9.910     -3.623    -67.274
  -1   -2      4.645      8.007    -67.960
  -1   -2     -0.576     -7.365    -74.456
  -1   -2     -0.647      8.547    -74.360
 687  668    -14.094      2.020    -77.934
  -1   -2     -1.369    -12.815    -62.240
  -1   -2     -3.520     12.970    -65.761
  -1   -2     -7.056      8.449    -68.248
 334  788    -13.757     -3.665    -72.270
 612   -2     14.090    -12.442    -77.009
  -1   -2     11.343     -2.980    -58.536
  -1   -2     11.017     -7.391    -76.085
  -1   -2     14.503     -7.592    -63.592
 365  811    -13.299     -0.820    -76.855
  -1   -2     -9.755     -6.134    -64.615
 358  368      5.643     -0.461    -64.173
  -1   -2    -14.311     -9.326    -77.187
  -1   -2     -3.559     10.824    -59.331
  -1   -2      5.285      8.630    -76.901
 665  694      4.395     -6.089    -77.799
  -1   -2     -6.872      8.958    -77.693
  -1   -2     -9.225     -4.166    -79.426
  -1   -2      5.435     -8.620    -77.613
  -1   -2     13.093     -1.042    -60.104
  -1   -2     -0.506      9.864    -62.446
  -1   -2     -1.552      0.552    -68.868
  -1   -2     17.830     -9.969    -73.525
  -1   -2      5.631     -5.284    -69.048
  -1   -2      4.169      4.451    -63.946
  -1   -2      6.113      9.284    -71.235
  -1   -2     -1.290      9.813    -54.147
  -1   -2      7.162      4.696    -55.010
  -1   -2     -5.870     -6.485    -67.715
  -1   -2      5.529    -12.038    -80.126
  -1   -2     -8.915     -3.842    -79.163
  -1   -2    -12.642      0.855    -71.189
  -1   -2     13.749     10.816    -58.781
  -1   -2      1.101     -6.520    -60.782
  -1   -2      9.111     -9.704    -52.545
  -1   -2     15.554     10.046    -71.373
  -1   -2     -0.857    -11.183    -61.925
  -1   -2     -1.836     10.530    -58.600
  -1   -2    -13.807     -5.458    -75.763
  -1   -2     12.676     -3.882    -67.388
  -1   -2      1.007     10.474    -77.849
  -1   -2    -10.520     12.424    -62.289
  -1   -2     -0.674     -0.667    -59.563
  -1   -2     17.406     -8.679    -76.958
  -1   -2      9.737      8.634    -57.771
  19   98    -10.254      2.781    -70.505
 152   -2     -8.299    -11.759    -66.733
 252   -2     12.160     -4.775    -69.901
 815  230      9.345      3.121    -72.161
 452   -2      4.163      7.508    -73.626
 459  684     13.532     -7.186    -68.848
 242  708      0.537      9.225    -64.559
 488   56     -7.724     -3.810    -70.634
 669   -2     17.644      9.823    -70.322
 318  837      9.496     -8.488    -70.659
  -1  254     -7.358      6.984    -71.933
 518  268     15.097     -5.526    -74.038
  -1   -2     -4.547     -0.511    -64.799
 367   -2     -1.159    -11.197    -73.236
 435  838     17.756     -3.223    -69.467
 530  821     13.954      4.253    -71.330
 525  337     13.317      4.902    -70.108
 207  159     -8.429      0.568    -64.476
 357  457     15.839     12.920    -68.616
 817  396     16.995      2.977    -72.390
 470   -2     -7.450    -11.904    -63.902
 477  343     -3.930     -5.877    -71.051
 500  817      3.705     10.033    -63.103
 699  282     -9.985     -0.427    -67.705
 562   -2     15.342      8.172    -72.472
 580  524      8.671     -0.765    -70.424
 821   -2     10.646      2.674    -64.120
 830   -2     16.475     -8.226    -72.860
  -1   -2     15.653     12.985    -64.367
 512   -2      3.546     -6.158    -58.757
 595  823     11.905     -9.348    -60.650
 733  839     15.671      0.515    -72.281
 844  385    -12.495     -1.066    -67.586
 843   -2    -14.194      4.542    -65.626
 327  348      3.755     -3.705    -61.622
 553   -2     -7.502      7.237    -72.416
  42   17      1.019      7.418    -68.308
  98  101     -1.142      8.592    -62.099
 712  624     15.970      3.173    -69.920
 750   -2      7.770    -13.117    -69.087
 131  144     13.189     -0.954    -65.143
 143   -2     -5.772      4.072    -74.692
 235   -2     -8.476     -7.374    -67.773
 244   -2      0.449      6.650    -75.524
 315  749     -5.570    -10.308    -59.650
 438   71     -1.379     -1.780    -66.593
 463   -2      8.625     10.541    -65.290
 611  725     -8.825      4.387    -65.105
 635   -2    -13.271    -11.802    -67.096
 813   -2     -2.854     -1.042    -70.626
 827  840      5.686     12.118    -69.803
 834   -2     16.921     -8.946    -65.609
 848   -2     -8.105     -5.228    -61.869
 853  841    -14.865     12.335    -67.509
