840
 131   38      1.688      6.574    -70.534
   4   84     -0.242      0.632    -72.615
   6   37     -3.534      7.332    -71.571
   2   19     -5.668      8.349    -73.320
   3    4      1.042      4.855    -70.357
  11    6      8.462      3.993    -69.556
  88    0      3.570      4.369    -70.382
   5   54      1.776      1.921    -70.720
   1   11     -3.955     -7.502    -72.926
   9   69     -2.347      8.073    -69.496
  43   67     -7.731      7.963    -71.881
 428  221      6.541      8.039    -73.544
  15   16      5.405      5.119    -68.517
  27   15      8.043      4.722    -69.065
  20    7     -5.327      2.382    -68.304
  24  108     -0.250     -0.167    -70.968
  33  663     -0.167      2.201    -72.774
 195  202     -1.209      8.138    -73.038
  86   96      0.558     -4.314    -68.728
  32   41     -7.566      5.358    -69.928
 409    8      0.226     -1.701    -69.821
 380   17     -4.861     -1.759    -67.247
 184   18      5.596      7.262    -70.877
  26   21    -12.754      2.292    -71.011
 146  293     11.725      0.493    -70.722
  29   13      3.257     11.073    -68.676
  40   57     -1.414      9.792    -68.118
   7  107      8.780      5.541    -69.823
 399  200     -9.591     -6.318    -69.448
 140   73      1.922      6.433    -68.747
 185  114      9.720     -1.687    -70.561
 361   61     -8.109     -6.413    -73.939
  25  358     -0.185     11.111    -69.656
   0    1     -2.463      3.527    -72.748
  83   31      9.463     11.803    -68.808
  49   60     -8.940      3.681    -65.654
 551   76     -3.934      1.526    -73.062
  42  167      2.911     -3.277    -66.759
 360   40     -4.067      3.875    -64.927
  53   24      7.482      5.469    -67.364
  58  821    -14.795    -10.118    -75.973
  61   58     -6.432     10.126    -66.074
 212  370     -9.543      4.229    -66.937
  71  190     -6.302      1.673    -67.609
  74   44     -8.268     -8.431    -67.569
  -1  571      1.859      2.886    -66.685
  65   23     -2.166      1.239    -72.003
  67   20      8.835     10.686    -68.593
 178   51      2.537     12.242    -68.990
  63   14      8.694      8.232    -68.055
  50   52     -1.731      5.172    -67.647
 837   30     -4.630      3.730    -72.306
 838  384      2.462     -3.951    -70.763
 377  798      4.448      4.070    -71.371
  14   78      5.360      9.219    -71.215
 832   62     -3.212     -3.978    -72.110
  -1   -2     -2.338     -2.617    -69.793
  59   63      1.972     -8.421    -72.963
 216   46     -8.441    -10.197    -68.839
  64  231     -4.866     -1.034    -68.186
 125   -2     -8.256      2.308    -72.475
  44   48      7.092     -0.994    -67.057
  55   68     -0.311      1.712    -65.803
  38   22     -1.883     11.452    -73.011
  35  445      3.784     12.058    -68.102
  23   71      9.461      5.634    -67.426
  51   74      2.804     10.023    -64.421
  70  156      7.521     -4.540    -69.077
  94   47     12.778      1.844    -70.453
  81   75    -10.313     -3.168    -66.139
  19   28      5.415      3.040    -69.325
  12  153      1.493     -2.291    -70.851
 103  176      1.812     -3.731    -65.269
 686  116      3.602      0.103    -64.997
  91   56    -12.287      4.517    -69.225
  90  182     -5.017      1.638    -68.026
  -1   -2     -3.754     -1.661    -75.019
  79   99    -12.568      1.723    -71.076
 559  809    -10.969      2.250    -74.330
  -1  488      2.433      4.929    -65.095
 100  502      1.247      3.236    -62.768
  -1   -2     -8.206     -9.061    -66.902
 194   85     14.213     -5.380    -71.578
 107  449     14.356     -8.700    -68.243
 368   87      0.936     -2.255    -70.187
  31  197      6.210     10.701    -69.784
 253  789      8.295     -3.732    -75.443
 616  330      8.775      8.564    -71.969
  52  105      8.204      6.635    -72.572
 457  113     -2.853      2.131    -61.420
  95   92     -4.665     -5.973    -65.662
 444  434     -8.962      1.529    -61.028
 234  127     -1.244      7.552    -72.350
 261  297    -14.939      4.949    -68.728
  98   32     -4.849     -7.172    -66.499
 144  529      3.581     10.245    -74.478
 130  429     13.149      9.347    -65.341
 239   -2    -13.775      7.491    -71.244
 113  130      1.708    -11.550    -65.301
  99   50    -12.685      8.270    -76.215
 128  125      2.901     -9.021    -65.540
  28  355     -8.304     10.931    -74.397
  -1   -2     -0.247      9.587    -62.292
 102  144    -11.757      0.226    -68.791
  60  110    -11.734     -9.635    -69.441
 224   29     12.542      3.537    -73.530
  -1  504     11.069     -3.746    -70.355
  45   59      5.115     -2.778    -67.230
 106  379    -11.700      9.963    -65.891
 156  104      1.651     11.891    -63.969
 364  613    -14.261     -0.598    -67.468
 117   -2      7.269     -3.912    -71.742
 414   83     -8.057     10.847    -65.140
  96  215      6.114      8.220    -70.764
 121  417    -10.680     -4.148    -68.495
 105   55     -9.758     12.747    -69.589
 111  100     -6.352      2.386    -61.718
 139  397     11.600      1.892    -66.410
 112   -2     -0.406      0.793    -63.498
  72  195     -4.007     -6.818    -72.711
  -1  572      9.275      1.069    -73.100
 134   -2    -13.000     10.959    -65.173
  77  362      1.077     12.308    -65.482
  17   66      3.148    -11.360    -71.976
 783  822      8.035      6.246    -61.144
  68  119     -5.569     -1.476    -68.067
 369   -2     -8.551     12.256    -72.338
 193   -2     -0.729    -12.341    -69.595
 129  111     -8.316     -2.421    -65.516
 802  823     15.016      5.342    -72.648
 819  374      5.760     -2.740    -72.420
 200   -2      9.048     10.129    -64.138
 487  141     12.064     10.771    -69.087
  -1   -2     -8.872      0.157    -67.722
 208  387      9.756    -12.346    -69.362
  69  124    -10.078     -5.218    -67.761
 173  593    -13.170      1.463    -76.472
 202  192     13.092     -0.517    -70.088
 126   -2     -4.029     -9.422    -76.608
  -1  483      4.445     -1.875    -67.765
 141  121      7.277      3.752    -63.394
  39    3      4.919      8.384    -70.864
 114  262     -3.221     10.580    -63.426
 171  219     -7.284      1.660    -68.804
 305  101     -4.955      5.314    -65.843
 169  406     -6.799     -2.735    -65.680
 460   -2     -1.579      6.528    -64.173
  56  433      6.051     -3.677    -67.062
  -1   -2     -6.915      5.614    -62.215
  66  399     -6.779     -5.457    -65.470
 189  163    -10.383      4.816    -64.961
 192  177      9.771      5.333    -63.623
  54   64    -10.316      0.972    -76.994
  -1   -2     -3.553      5.862    -66.376
 191  128     12.816     -3.884    -69.679
  62   45      4.527     -4.759    -64.918
  -1   -2     -6.112     -5.868    -67.524
 382  159     -4.160     -4.494    -71.097
 164  514      3.244     -6.973    -64.238
 223  356     10.437      8.876    -72.056
   8   86      7.135     -0.897    -72.430
 172  386     -9.742     -1.678    -63.625
 159  458     -7.218      3.509    -63.708
 174  154      5.854     -6.780    -64.310
 240  214      7.601     11.689    -65.763
 183  149     10.003     -6.193    -64.906
 133   -2      2.710    -12.230    -65.723
  -1  319      1.378      4.789    -72.963
 160  150    -10.427      8.123    -65.283
 347  329      5.312    -12.394    -66.511
 525  604     -3.715      6.515    -58.383
 502  525     -1.076     -9.731    -59.737
  21  638      6.625      3.723    -71.817
  80   -2     -6.477    -12.156    -71.162
 272  459    -11.504      2.365    -67.338
 229  264     12.236      5.549    -76.493
  57  244     12.024     -4.004    -70.644
  46   10     -4.221      0.986    -70.794
 470  191     -4.859     -6.716    -70.158
 825   34     -7.084     -4.070    -65.711
 284  198     14.285     -1.673    -69.445
  -1  494     -6.648     -1.612    -73.871
 132  279    -12.944     -2.803    -71.997
 264  275     11.403      7.648    -64.088
 794   -2     -1.401    -10.846    -75.722
 137  122     -2.322    -11.093    -67.607
 550  496    -14.298      5.483    -67.019
  48  109      9.074     -3.927    -70.802
  -1  578     -9.097      0.470    -76.756
 209  588     11.250      5.732    -64.325
 109  218      6.902      9.773    -71.739
 157  420     16.860      7.506    -66.652
 199  513      3.299     -9.615    -71.153
  -1  407     -3.675    -12.734    -68.305
  93  289      2.547      7.905    -64.693
 222  152     12.974     10.264    -70.501
 170  342      7.463      1.559    -62.485
 226  115      9.267      9.909    -69.988
 254  185    -13.446     -1.391    -69.515
 330  290     -7.760      7.396    -67.161
  -1  212      9.741     -3.606    -65.418
  -1   -2    -11.194     -3.251    -76.593
 104  423      0.999     -3.404    -65.368
  -1   -2     -6.104     10.101    -73.967
 301  134      5.295     -9.647    -65.373
  -1  146    -10.698      1.822    -69.934
  -1   -2     -6.505     -7.459    -58.446
 238  241     14.798     -6.295    -72.139
 784  193      1.047      3.390    -68.170
 187  287      5.109      9.181    -73.830
 188  173     -6.487     10.092    -76.788
 221  785     15.451     10.555    -68.028
  18  365      2.999     10.002    -70.108
 152  306     11.307     -4.809    -67.104
 243  320     15.614     -6.283    -72.164
 313  151      0.126     -7.277    -65.512
 231  470     -9.769     -3.004    -65.857
 270  166      0.598     -1.987    -57.732
 166  579     12.338     -0.777    -70.468
  -1   -2     11.463      6.024    -62.044
 241  112    -12.967     -0.744    -74.739
  -1   -2     -6.036      1.931    -65.159
  -1   -2      4.366    -11.359    -67.752
 400  800     -1.820      5.903    -77.315
 245  788     11.329      2.064    -75.612
  -1   -2      5.799      1.982    -63.174
 308  473      6.189     -9.558    -75.055
 155  242     12.453     -1.030    -71.488
 337   98      9.571     -8.905    -72.998
  -1  685     -8.361     -9.356    -74.650
 840  251      8.246      4.775    -62.960
 108   77      2.399      4.554    -65.700
 205  256     12.863     -8.933    -68.728
 120  135     16.985      9.199    -68.520
 499  559     -6.389     -5.919    -71.401
  -1   -2      2.610     -7.215    -66.605
 233  531    -12.142      8.963    -75.627
  -1   -2      1.580     -0.683    -63.269
 190  106     17.439      9.270    -72.607
  -1   -2     -7.335     -0.992    -77.070
 306   -2      5.009    -12.342    -72.512
 350  161     -9.014      9.842    -75.078
 167  184    -10.581      8.839    -64.869
 220   26     -2.806      9.887    -75.121
 841  554     -1.235     10.890    -60.384
 807   88     -1.467     11.196    -67.186
  -1  248      6.600      1.460    -63.318
 456   -2      9.090     -2.484    -64.398
  -1  461     -7.422      0.351    -60.047
 352  304     16.127     -8.273    -68.793
  -1  295     -7.343     -7.893    -76.078
  -1  164     -5.620     -8.263    -63.717
 299  312      7.911      1.441    -71.097
  -1   -2      1.311      1.632    -70.762
  -1  298     17.396      7.506    -70.156
  -1   -2     -3.819      2.874    -73.763
 653  815     -0.215     -6.207    -61.065
 292  267    -10.883      4.396    -68.113
 422  402      2.693      9.800    -70.794
  -1  168     -5.174     -6.636    -61.890
 294  205     -6.704      8.136    -65.176
  -1   -2    -13.945      8.833    -70.884
 281   91    -13.867     -0.839    -70.706
 498  209     -0.011      2.879    -70.309
  -1   -2      0.537     -3.047    -75.570
 343  526      0.355     -4.683    -62.984
 145  162    -10.312      5.214    -68.048
 204   -2     -0.708     12.212    -61.492
 217   -2    -15.490     -9.405    -72.310
 278  228     10.572     -3.388    -70.428
  -1  183      0.882    -11.431    -63.948
  -1   -2      7.992     -7.220    -63.164
 260  189    -12.211     -6.772    -67.405
 295  465    -13.762     13.058    -67.539
 627  757     13.609      9.103    -73.470
 320  469    -13.331     11.677    -66.592
 528  194      0.748     -9.773    -76.486
 297  672      4.563      9.597    -60.747
 546   -2      3.921      1.537    -76.272
 433  243     15.187      3.089    -69.578
 250  618    -13.768      0.474    -67.990
 787  281     14.033     10.760    -69.691
 274  303     14.632     -4.971    -71.140
  10   -2     -0.689      1.994    -73.331
  -1  325      9.042     -1.460    -64.065
 153   -2    -11.532     -3.499    -64.651
  -1   -2     -0.506     12.827    -65.034
 481  136     -5.280     -9.694    -66.337
  -1  485      8.571     -2.106    -74.281
 500  278     14.106      1.293    -68.882
 767  280     -9.828     -4.402    -58.280
 828  266     -1.711     -9.824    -65.409
 265  318     -2.233      4.482    -68.839
 124  103      8.323     -4.091    -73.719
 246  238     14.315      1.357    -63.470
 269  139    -13.349      0.125    -67.632
  -1   -2      8.015    -11.834    -70.117
 533   -2    -10.756      7.469    -61.913
 180  292     10.763     10.923    -66.962
 296  324      6.432     -3.698    -70.188
 287  259     13.815      4.100    -64.339
 303  301      0.657     -8.156    -63.908
 491  824     13.809      1.279    -64.025
 259  790     -9.969     -0.878    -59.700
 177  131     -7.415     -4.840    -67.373
 331  294    -11.082     11.655    -66.783
  -1  432     -7.733      7.025    -73.316
 575  574     -0.882     -9.143    -76.198
 583  309      4.452    -10.706    -66.431
  -1   -2     -9.394     -9.338    -66.174
 151  206     18.011      2.295    -69.316
  -1   -2     -8.554      0.323    -71.339
  -1  180      0.842     11.430    -74.692
  -1   -2     16.286      5.103    -71.706
 235  323      8.320      7.345    -63.832
 318  562     13.794     -1.421    -75.856
 335  179     -2.251      3.308    -66.646
 467  188     -1.262     -3.509    -66.489
 290  286     11.031     -0.072    -63.456
  -1   -2     13.108     11.757    -63.384
 397  260     -6.086      7.030    -74.214
 612  283     -8.445     12.176    -63.088
  -1   -2    -10.665     11.140    -75.599
 135  178      6.813      2.842    -65.654
 154  463     15.079     -3.188    -70.059
  -1  302      4.339     12.599    -65.730
  -1   -2    -13.389      7.763    -75.785
  -1   -2      5.762      1.292    -75.004
 339  796      9.101      3.309    -74.093
 342  656     15.546    -10.782    -68.934
 249  335     -3.292     -7.382    -65.819
 492   -2     -7.684     -4.668    -58.810
  -1  361     -3.709     -3.708    -71.821
  -1  422    -11.809    -11.371    -73.635
 257   -2      6.347      2.791    -73.835
 227  538      9.462     -7.180    -72.289
 644  269     10.881     10.698    -71.993
 289  791    -14.743     -5.187    -75.991
  -1   -2     12.674     -5.349    -78.290
  -1  347     -2.028     -5.794    -72.349
  -1  321     -6.268    -12.439    -65.217
  -1   -2      2.853     -8.173    -63.052
 312  793     14.534     -2.568    -66.492
  -1   -2    -10.915     12.788    -64.253
 642  654      2.105     -7.527    -71.499
 321  794      7.774     -6.926    -74.211
  -1  317      9.020      0.694    -62.204
  -1   -2     11.849      4.793    -61.998
  -1   -2    -14.320     -2.223    -68.971
 302  665      0.868     11.052    -75.092
  -1   -2     -5.080    -11.409    -70.293
  -1   -2      5.283      8.736    -65.573
 262  277     -7.366     -6.833    -66.546
  -1   -2     -2.379     -1.153    -67.492
 708  733    -15.034     10.603    -71.076
 691  780      8.711      2.865    -65.271
 353  673      7.341     -7.338    -71.896
  -1   -2    -11.264      1.984    -68.346
  -1   -2     -5.613      5.920    -60.559
 596  203      7.187      4.361    -75.707
  13  781     -3.104     -3.557    -69.351
 356    9      0.916      7.912    -71.678
  -1   -2     -0.967      6.441    -64.334
 182  313     13.938      2.975    -71.621
  -1   39     -0.633      4.616    -70.125
  -1   -2     -8.505     -1.513    -66.304
  -1   -2     -2.847     -1.450    -73.912
  -1   -2     -1.209      7.779    -59.457
 393  364     14.854      4.290    -71.814
 357   42      7.099     12.067    -71.015
  -1  415     -9.008    -11.040    -73.719
 370  350      1.749    -12.756    -66.531
 285  376      3.384     11.491    -63.170
 363   70     -6.170      8.307    -68.991
  -1   -2    -15.258    -10.441    -71.383
 421  147     11.954     -1.102    -69.161
 413  354     -3.613      2.611    -71.305
 122   36     -2.501     12.347    -72.189
 432  117      6.039     -6.407    -75.647
  -1   53     -6.233      1.347    -68.649
 147   27      8.465     11.355    -70.277
 213   -2     -7.703      9.861    -77.546
 371  395    -10.295     10.611    -64.586
 115  377     -3.186      5.880    -69.493
  -1  371     -3.828      7.906    -70.474
  -1   -2     13.071     -4.084    -65.788
 323   -2     -0.083      2.485    -74.423
  -1   -2    -11.764      5.795    -72.773
  -1   -2     -1.708     -4.342    -54.050
  -1   -2     13.220     -6.812    -86.167
  -1   33      0.552      5.974    -71.788
  -1   -2     -1.009     -7.730    -63.504
 477  398     17.380      5.707    -67.073
  -1   -2      6.752    -10.285    -64.391
  -1  352      3.201     -9.563    -75.245
 218   -2      3.448      1.827    -65.840
 161   -2     -6.612     12.461    -70.855
 780  368     -6.602     -0.321    -61.829
  -1   -2     -6.671      8.696    -60.322
 833  820     10.482     -3.122    -75.622
  97   82     -8.265      8.324    -65.361
  -1   -2     -4.405      9.414    -61.432
  87  169     -5.691     -2.686    -72.417
 376  172      6.933     10.566    -66.005
 118  357     -5.334     -8.000    -70.386
  -1  475      9.648      6.042    -74.125
 447  801    -10.203     -4.528    -59.041
 158  783      6.522      5.802    -61.050
  -1   -2     -6.538     12.436    -66.235
  -1   -2    -10.821      9.877    -62.667
 440   -2     -4.668     -0.824    -61.448
 163  369     -3.001     -8.718    -60.313
  -1   -2      6.684     10.145    -65.182
 501  388     -0.062     -5.696    -62.147
 203  382      5.074     -4.634    -61.186
 486  255     15.217      8.539    -69.396
 404  474     17.547      3.215    -67.563
  -1   -2     -3.086     -7.462    -61.748
 617  812    -15.755     12.006    -73.095
 392  389      8.113     -8.202    -66.261
  75  411     -8.492     -6.121    -65.705
  -1   -2     -7.238     -2.250    -74.431
  85   -2    -11.390      4.217    -63.203
  47  385     -4.017     -2.927    -68.247
 429  440      5.572     -7.717    -62.408
  -1   -2      7.608     -0.808    -61.701
  -1   -2     -8.317     -3.543    -77.846
  73   -2      1.937     12.399    -69.486
  -1   -2     -2.191     -7.163    -84.901
  -1  455      9.784     -6.370    -63.372
 615  583     13.720    -10.672    -66.643
  -1   -2     -6.327     -8.343    -60.125
 411  366     -2.616     -2.944    -66.131
 405   -2     -5.179      4.360    -63.114
 801  515     -3.786    -10.061    -63.329
 394  425     -2.091     11.946    -62.428
 410  155     -0.930      7.398    -64.285
 430  120     -9.947      6.955    -67.237
  -1  446      2.102     12.783    -64.040
  -1   -2     -7.656     -4.872    -62.014
  -1  140     -8.273     -2.077    -68.571
  -1   -2     -5.496     -4.604    -74.734
 162  145    -13.176      7.906    -69.071
 175  597     -7.806     -2.240    -66.711
 452  126     -7.249      1.515    -62.095
  -1  235     -9.416    -12.766    -66.879
  -1  427      1.139      8.129    -63.128
  -1   -2     -2.247      4.653    -61.857
 472  409      8.714     -0.596    -63.062
 387  609      2.004      2.229    -65.269
  78    5     -3.347     11.217    -69.949
 176   -2      5.904    -10.739    -64.475
 373   -2     -3.073     -2.918    -74.533
  -1   -2     -7.857      3.530    -64.519
 424  444     -6.672     -6.312    -65.778
  -1  471    -14.133      5.506    -74.047
  -1   -2     16.869      0.035    -66.535
  -1   -2     -8.872    -10.716    -73.409
  -1   -2     -2.451      4.031    -63.853
 454   -2     -4.177      6.398    -62.786
 573  210      3.135     -8.324    -69.886
  -1   -2    -11.086     -8.630    -74.894
 207  784     -9.077      4.735    -64.946
 476  443     -7.894     10.434    -64.274
 395  232     -8.299      7.297    -62.835
  -1   -2     -4.093      9.064    -53.763
  -1   -2     12.283      5.426    -65.753
  -1   -2     12.757     -2.741    -58.427
 665  825      4.778     11.913    -72.356
  -1   -2     -0.260      6.955    -58.864
 427  480     -1.896     -8.851    -61.483
  -1   -2     -7.905     -5.423    -64.566
  -1  392     11.013    -10.641    -64.735
  -1   -2      2.558     -0.240    -61.977
  -1   97     -7.043      2.579    -69.334
  -1  236      9.672     -0.924    -63.037
  -1   -2      1.174     -5.892    -63.989
 367  462     -7.121     11.905    -66.741
  -1   -2     -0.881     -6.709    -52.807
 434   -2      6.819     -2.310    -61.054
 328  795      4.914     -0.563    -72.963
  -1  619     -4.597      1.394    -72.082
  -1  170     13.946     -7.572    -65.507
  -1   -2     -8.746    -12.531    -68.091
  -1   -2     -2.567      0.646    -76.209
 466  623     17.623     -7.501    -70.732
 608  450      3.033     12.351    -61.923
 488  102     -5.998      7.633    -63.742
 809   -2      9.044     -0.358    -61.449
  -1   -2      2.350      8.359    -76.219
 804  491     14.249     -6.391    -66.239
 437  410    -11.425     -6.719    -63.149
  -1   -2     -4.041     -3.048    -60.252
  -1   -2      7.361     -5.803    -58.774
 471  802     -7.012     -6.742    -76.829
  -1   -2    -11.564     -0.671    -61.237
 420  533      7.478     -9.405    -64.122
 448  123     -1.372     -1.552    -61.534
  -1   -2    -16.343     -7.589    -71.158
  -1   -2    -13.656    -11.648    -81.731
  -1   -2    -11.132    -10.424    -68.647
  -1   -2    -14.688     -2.731    -68.718
 806  826     -6.823      5.190    -75.922
 458   -2      0.926      6.118    -72.916
  -1  132     10.830      7.567    -69.881
 388  799     -6.482     11.374    -62.440
  -1   -2    -10.446      6.365    -66.047
  -1   -2     -4.028     -8.601    -52.645
  -1   -2    -10.711     12.699    -62.418
 798   -2    -14.747     -6.091    -68.642
 201  186      2.399     -0.952    -76.966
 554  464      5.594      1.758    -62.040
 483  827      4.006     10.696    -70.629
  -1   -2      0.777      0.832    -58.066
  -1   -2     12.768      0.245    -61.630
 329  499     10.104     -6.936    -72.019
  -1   -2      8.017     -6.973    -52.885
  -1  497     -8.844     -3.461    -70.247
  -1   -2     11.741    -13.218    -64.018
 237  157    -11.111     -3.483    -68.623
  -1   -2      2.747     -4.770    -77.114
 293  174    -13.822     -6.737    -71.853
 445  573     10.346    -12.167    -67.272
  -1   -2     -5.131     -8.595    -61.711
 531  484      8.538    -10.927    -73.158
  -1   -2      6.438    -13.265    -63.369
 675  627      7.577     -7.506    -74.083
  -1  511      7.418     -7.274    -65.590
 266   -2     10.405     -7.623    -66.196
  -1  424     -5.213      8.863    -65.447
 509  457     -1.609     -7.007    -61.005
  -1   -2     12.365      0.883    -62.987
  -1   -2     10.801     11.449    -76.838
  -1   -2     15.099    -11.312    -81.056
  -1   -2      2.552      3.259    -62.868
 526  517     17.563     11.156    -68.342
 110  679     -9.587      4.522    -74.057
 435  257     16.717     -6.780    -73.062
  30  274     -5.989      2.362    -73.086
  -1   -2     -1.427      6.439    -58.124
 384  220     12.692     -2.660    -69.556
 521  608     14.306    -10.245    -65.967
 645  814      9.572     -2.959    -74.178
  -1   -2      1.641     -2.139    -65.514
 101  339      6.669     10.980    -72.600
  -1   -2      9.664    -12.915    -67.961
  -1   -2     -1.642     10.465    -60.512
  -1  466      8.742    -12.812    -64.951
 593  207     12.264      9.198    -72.811
 496   -2     -0.660     13.503    -62.587
 252  534     13.277    -11.537    -74.708
 168  478     -8.098     -0.639    -66.238
 317  520     -2.737     11.380    -61.222
  -1   -2      6.196     -7.576    -62.334
 271   -2      7.239     -7.178    -61.977
  -1  541     -2.634     -2.565    -65.216
 539  175      7.498     -7.359    -69.870
 582  810     15.436      8.768    -71.116
  -1  566     -7.172    -11.042    -65.111
 503   -2     15.929     -2.972    -76.231
 461   -2     -6.177     -7.605    -67.031
 280  258     12.981     10.865    -68.593
  -1   -2     12.443     -5.532    -64.194
  -1   -2     16.831     -9.588    -74.920
  -1   -2      6.056      3.722    -58.762
 495  451     15.038    -12.235    -68.722
 275  272     11.210      1.584    -66.176
 785  548    -15.041     -9.088    -72.112
  -1   -2     -2.553     -6.959    -57.202
 622  646     16.544      0.402    -63.847
 588  199      7.519      0.877    -61.384
 545  645      8.762    -10.274    -63.579
  -1   -2      7.338     -5.022    -62.963
  -1  549    -14.277     -0.905    -65.858
  -1   -2      5.480    -10.605    -60.787
  -1   -2      6.374      5.167    -58.334
 777  229     -1.395      0.114    -71.885
  -1   -2    -16.201      3.393    -74.038
 508  481     12.330    -12.627    -63.553
  -1  222     -9.464     -2.589    -68.056
  -1  334    -13.941    -12.459    -67.390
  -1   -2      1.653      9.938    -61.694
  -1   -2    -10.734     -3.799    -72.264
 442  419    -11.316      3.176    -69.595
  -1   -2     11.168     -6.142    -60.892
 543  577     10.584     11.872    -69.417
  -1   -2     16.318     -1.498    -75.052
  -1   -2    -10.633    -11.473    -60.016
  -1  270      5.687     -8.683    -68.478
 493  545      6.775     12.391    -63.670
  -1   -2     -5.914    -13.083    -64.794
  -1   -2     -3.640    -11.075    -60.751
 568  240     -6.453     -9.023    -64.807
  -1   -2     -8.858     10.057    -57.038
 255  521    -13.354     -4.069    -69.862
  -1   -2     13.923      4.356    -74.259
 580   -2    -11.499     -7.634    -65.004
  -1  670    -12.635     -3.973    -74.437
  -1  560    -15.059    -11.539    -70.499
 506  225      2.661     -6.342    -62.113
  -1   -2     -6.626      8.477    -54.753
  -1   -2      8.877     11.783    -64.330
  -1   -2      7.517     -5.067    -71.073
 530  307    -13.930      4.640    -65.947
 736  311      3.520     -0.224    -65.276
 808   -2    -14.330    -10.869    -73.331
  -1   -2     -1.323     -6.819    -72.346
  -1   -2      2.671    -11.083    -69.168
  -1   -2    -13.481     -0.839    -81.041
  -1   -2     -7.672     11.583    -58.220
 304   -2     16.103      6.343    -68.047
 418  439     15.289    -12.529    -67.510
 523  805     -5.465      8.711    -66.737
 815  563     -9.492     11.033    -76.382
 474  487     14.121     -4.744    -75.974
  -1   -2      8.261      9.612    -72.286
  -1   -2      4.799     12.003    -62.020
 555  204    -14.261      7.022    -74.895
  -1   -2     -5.746      7.818    -62.264
 577   -2     14.855      9.951    -64.902
  -1   -2    -13.087      9.060    -73.072
 436   -2     -6.130      1.527    -61.484
  -1   -2      3.655     -8.323    -56.902
  -1  594    -16.114     -6.276    -70.406
 143   94     16.901     -0.037    -68.909
  -1   -2    -10.953     -9.268    -87.684
  -1   -2      7.649     11.574    -68.654
  -1  315    -12.464      7.275    -75.936
  -1   -2     -8.134      2.767    -82.255
  -1   -2     -9.154      5.544    -63.762
  -1   -2     10.465      7.260    -62.254
  -1   -2      3.027      3.499    -60.322
 378  271      1.715     -5.816    -72.534
  -1   -2     -0.013      6.470    -81.917
  -1   -2    -14.045     -3.990    -80.542
 542  807     15.337     13.088    -65.880
  -1  276     17.429      1.255    -69.196
 628  813      8.740    -11.523    -67.322
  -1   -2     -6.266     -4.138    -65.331
  -1   -2      7.031     -5.029    -72.792
  -1   -2     -1.702      0.664    -58.203
  -1   -2    -12.006    -11.106    -64.321
  -1   -2      8.563      7.164    -60.949
  -1   -2     -2.285     -7.747    -66.500
  -1   -2      8.910    -12.239    -60.733
  -1   -2     -9.931     -9.433    -56.546
  -1   -2     -0.504    -11.027    -65.615
  -1   -2     -5.907     11.227    -76.397
  -1   -2     16.131      9.773    -66.920
 836   -2     -8.597     -4.608    -62.965
 613  678     17.331      8.976    -66.124
 314   -2     -3.870      5.805    -60.122
  -1   -2    -13.590     -7.092    -76.397
  -1   -2    -12.510    -11.346    -68.619
  -1   -2      5.370     10.529    -74.862
  -1   -2      9.558     -7.789    -52.893
 325  713     12.228     10.498    -63.300
  -1   -2     11.798     -9.466    -59.074
  -1   -2      0.500      5.171    -74.244
 300   -2     11.344      8.164    -64.980
  -1   -2     14.980      9.237    -74.448
  -1   -2     11.055     -4.735    -67.790
  -1   -2     -8.090     10.945    -59.842
  -1   -2     11.194     -1.025    -56.779
  -1   -2      2.474     -7.281    -62.017
  -1   -2     -4.993      7.040    -74.821
 473  803     -8.808     -9.112    -59.935
  -1  284     -3.323      0.884    -66.999
 592  811      3.103    -10.768    -70.240
 579   -2      1.205     -5.160    -74.480
  -1   -2     11.549      2.569    -58.744
  -1   -2      3.865      7.868    -58.719
  -1   -2      9.960      4.930    -84.594
 572  263     12.546      5.378    -65.102
 712  817      7.740     11.352    -68.887
  -1   -2      6.870     10.548    -58.150
  -1   -2      3.549     -9.950    -63.555
  -1   -2      6.829      7.339    -73.140
  -1   -2     -6.901      6.453    -59.558
  -1   -2    -14.090      5.635    -69.337
  -1   -2      6.338     -7.788    -68.344
 242  786     -6.278      7.430    -67.605
 333  707     16.455      5.058    -65.071
 738   -2      9.608     -6.630    -61.716
 657   -2      0.198     10.449    -67.080
  -1   -2     -4.709     10.495    -75.882
  -1  694     12.242      2.598    -63.275
  -1   -2     17.114      8.181    -65.260
  -1   -2      9.336     10.133    -53.951
  -1   -2     -3.149      9.109    -76.579
  -1   -2     -9.301     -9.686    -72.969
  -1   -2     14.460     -5.546    -60.272
  -1   -2     -5.721     -8.439    -69.127
  -1   -2     -4.811     -0.762    -52.295
 298  792     10.405     -8.482    -70.993
  -1   -2     13.021    -10.343    -79.120
  -1   -2    -11.468     -2.416    -73.188
  -1   -2      3.819     -0.306    -63.129
  -1   -2     14.936    -10.853    -82.979
  -1   -2      5.060     -6.596    -61.582
  -1   -2      1.449     -6.046    -58.215
 611   -2     16.641      6.789    -66.567
  -1   -2     -4.287     -0.032    -64.796
  -1   -2     15.073     11.400    -73.017
  -1   -2      1.459     -5.194    -60.218
  -1   -2     -4.617     -5.775    -75.303
  -1   -2    -14.140      8.555    -68.040
  -1  661      7.478     -0.373    -68.533
 345  797     11.294      3.032    -64.587
  -1   -2      0.910      9.600    -58.996
  -1   -2     -3.428      0.885    -60.081
  -1   -2     -9.497     10.449    -63.324
 625   -2    -12.131      1.127    -73.461
  -1   -2     -9.825     -0.619    -57.600
  -1   -2     -0.456    -11.969    -80.592
 354  345    -14.312      3.571    -70.096
  -1   -2      9.979     -4.309    -57.888
 814  718    -15.479     -2.314    -77.273
  -1   -2     -7.776      9.331    -59.897
  -1   -2     -1.089     -9.522    -73.871
  -1   -2    -14.756      9.770    -82.587
  -1   -2     -4.112     -4.337    -61.153
  -1   -2     15.320    -13.243    -72.854
  -1   -2    -11.779     12.387    -63.992
  -1   -2     -3.510     11.144    -71.900
  -1   -2     -0.861      9.567    -52.062
  -1   -2     -1.145     12.426    -68.382
  -1  716     12.112     -8.646    -64.826
  -1   -2      3.567      7.907    -52.842
  -1   -2    -12.296    -11.633    -64.342
  -1   -2     12.825    -11.915    -68.938
  -1   -2    -12.368      3.346    -84.710
  -1   -2      0.117      7.500    -77.486
  -1   -2     14.274     -8.144    -62.452
  -1   -2      9.709    -10.792    -79.534
 326  726     -4.403      2.010    -69.157
  -1   -2      4.377     -4.633    -66.016
  -1   -2      4.023    -11.260    -56.847
  -1  254     -7.575      7.312    -73.352
 721  737     17.059     -9.452    -67.357
  -1   -2      2.189     -0.199    -58.450
  -1   -2      7.045     -1.348    -55.863
  -1   -2      9.553     -9.277    -64.948
  -1   -2     -6.000      5.397    -53.637
  -1   -2     12.034     12.273    -62.907
  -1   -2      0.115     -0.816    -56.059
  -1   -2     -8.706      1.326    -85.777
  -1   -2    -10.602     -4.070    -87.954
  -1   -2      1.001     13.209    -61.226
  -1   -2    -15.222     11.780    -71.445
  -1   -2    -11.132      7.661    -65.506
  -1   -2    -12.284      5.291    -63.825
  -1  761      7.075     12.684    -68.137
  -1   -2     -5.632     -1.295    -72.547
  -1   -2     -0.387     -2.653    -67.317
  -1   -2     -3.814      3.338    -72.926
  -1   -2    -13.601     -9.741    -70.372
  -1   -2     -3.836     -1.063    -55.898
  -1   -2     13.887      0.333    -58.539
  -1  775    -10.285      0.358    -71.073
 610  348     -7.654      5.974    -74.971
 349   -2    -11.963      5.383    -68.412
  -1   -2     -9.198     10.343    -66.811
  -1   -2     10.845     -7.075    -66.701
  -1   -2     -0.529     -9.030    -55.607
  -1   -2      0.584     -6.155    -83.747
 702   -2     -1.500     10.878    -65.359
  -1   -2      9.744     -8.350    -56.444
  -1   -2     14.583      3.894    -65.243
  -1   -2     -6.582     10.336    -67.931
  -1   -2    -12.601     12.278    -66.668
  -1   -2     11.111     -4.720    -65.088
  -1   -2      4.218     12.593    -65.210
  -1   -2      9.414      3.646    -68.573
  -1   -2     16.710     -5.089    -71.334
  -1   -2      7.057     11.164    -55.758
  -1   -2    -12.683      5.348    -67.683
  -1   -2      1.111    -12.385    -74.617
 750   -2      6.446      2.624    -66.485
  -1   -2     -8.895     -7.415    -59.347
  -1   -2     10.091    -11.606    -66.149
  -1   -2     -5.029      3.746    -59.588
  -1   -2     16.397     11.107    -79.170
  -1   -2     -7.290      7.753    -65.903
  -1   -2      8.210      7.784    -60.386
 778  818     -7.943      8.246    -72.775
  41  435     -5.717     -1.279    -70.178
 390  282     -5.740      4.989    -70.580
  82  421     -8.830     -9.007    -68.722
 247  602     13.425     -3.263    -70.684
 138  378     14.464     -3.452    -73.037
 403   -2     -4.064      3.507    -68.703
 654  816     -5.119     -1.155    -72.988
 196   -2      1.266    -10.575    -62.012
 244  787     -3.323      9.585    -66.681
 638   -2     13.660      9.982    -72.281
 398  213      6.142     -9.785    -68.321
 637   -2     17.899     -3.104    -71.219
 782  567    -10.690     -2.895    -74.556
 179  326     14.812      2.673    -66.512
 268   -2     11.762      6.176    -62.667
 529   -2    -12.375      7.099    -75.780
 324   -2     -7.993     -7.834    -61.241
 464  828     12.674     -7.742    -66.327
 273  265     14.807      5.611    -71.730
  22   80      0.293      5.359    -69.832
 485  187     -7.157     11.603    -63.062
 511  804     15.928     -7.272    -71.080
 629   -2      3.220     -8.250    -52.102
 548  808    -14.491     -7.589    -66.127
 346   -2    -10.453      5.731    -66.291
 520   -2      6.907    -11.948    -64.709
 810   -2      2.429     -0.929    -63.797
 565   -2      3.099      2.602    -64.527
 668  539     -1.186     10.111    -62.492
 338   -2     10.337      1.834    -76.668
 660   -2     11.226     -6.825    -66.450
 651  621     -3.323     12.001    -69.435
 532  806      5.736     -9.127    -65.961
 558  498      8.556      9.112    -70.395
 720  338    -13.406     11.819    -68.666
 812  819     14.264      3.114    -74.418
 635   -2      6.077    -12.376    -73.124
 659   -2      7.524      6.424    -65.029
 813  601    -15.827      4.510    -71.160
 589   -2    -15.054     -8.065    -68.331
 821  706     12.923      5.229    -75.335
  76   -2      0.685     12.521    -71.283
 150  829     -6.778     -5.340    -69.420
 219  682      1.968      5.284    -75.502
 232  233      6.639     -1.029    -63.628
 248   -2     13.425     -5.995    -72.584
 781   -2     13.634     -3.697    -65.921
 826  558     -6.856     -0.939    -72.715
 827  834     -9.186     -2.098    -68.238
 835  830     13.589     -0.046    -59.994
 842  831     -1.827      1.534    -73.278
 843  360     -6.147      4.212    -75.066
 844  832     10.727      7.316    -71.943
 846  833     14.977     -6.955    -72.875
