827
 210   95     -1.193      6.895    -72.653
 788   28      0.927      4.998    -73.335
   8    3    -12.539     -3.785    -73.271
   0   76     -3.649     11.706    -73.051
   2  112      3.984      1.158    -71.613
   1  379     -0.453      9.262    -71.976
 151   33      0.699     -2.582    -70.339
  89   32    -10.050     10.016    -76.349
 356    4     -6.832     -5.428    -71.937
 369   18     -8.416      5.855    -69.192
 364  128     -8.237      3.681    -68.998
  86   11     -1.525     10.796    -69.243
  28   13      6.184      2.461    -68.499
   5   14     -6.714      6.172    -69.060
  17  105     -0.408      7.254    -68.120
  -1   -2     -9.262     11.850    -73.984
  16   16      7.377      7.626    -68.685
 360   15     -1.642     -5.839    -69.295
  13   61      5.779     -0.684    -70.110
  36   20      3.234      4.145    -67.514
  29   48    -13.381      1.725    -73.969
   9  820      0.171      8.884    -71.217
 798  646      9.760      4.650    -74.836
  19  378    -10.815     -2.933    -75.282
  20   12     -0.829      6.149    -67.983
   4   60      2.760     -6.528    -71.189
   7    1      2.939     -0.407    -71.832
 222  793     -3.325     -9.971    -72.052
  11   37     -0.164     12.326    -67.009
 769  409     -2.214      4.419    -69.415
  23  586      1.042      0.073    -71.239
 361  341     -1.569     -3.031    -71.254
  48  381      1.104      3.079    -66.035
 127   21     -3.812      6.009    -67.115
  64  427     -4.149     11.553    -66.167
  22   44    -11.396     -3.794    -73.296
  39    9    -14.958     -1.397    -76.131
  40   31     -3.194     -3.956    -68.470
 106   56     -6.515      2.897    -70.567
  38   29      3.135    -11.239    -71.559
  88   67     -1.377     12.114    -70.087
  30  175      5.041      6.144    -69.585
  63   27      4.316      8.393    -69.321
  21    8      5.160     -4.399    -76.831
 365  143     -0.522      3.494    -67.482
 292   43     -9.619     -8.225    -72.479
  24   66      7.312     10.037    -71.507
  62   68     -1.050      8.264    -72.732
 358  803      0.098     -6.172    -75.072
 143  273      6.701     -0.739    -69.253
 233  267      8.786     -0.085    -69.227
 153   46      0.416     -2.025    -69.723
  69  116     15.689      2.497    -69.298
 157   74     -4.158      9.123    -64.864
 392   49     -8.273    -10.469    -67.789
  84   78     -8.021      7.364    -64.515
 367  407      0.290      0.650    -70.723
  15   17    -11.126      4.826    -75.090
  44  264      1.569     -1.354    -69.386
 142    2      3.471      4.333    -70.755
  70  204      2.294      7.807    -65.815
  -1  209    -10.571     -9.260    -70.841
  49  276    -12.899      4.730    -75.121
  43   23      6.843      4.265    -68.740
 213  792      2.777     -7.778    -71.967
  83  789      1.827     -8.033    -62.460
 100   65     -3.820      0.176    -65.998
  10    5      4.907     -0.209    -71.826
 105   81      5.585     -7.900    -69.209
  31  108     -2.199     10.561    -74.961
  65  426      4.406     -8.044    -68.796
  97   35     -0.739      0.939    -63.444
  99   92      2.451     -5.942    -64.601
 390   84      1.151    -10.557    -65.156
  -1  404      5.546     -5.009    -69.298
  52  363      4.973     -1.524    -72.396
  61   57     -1.925     -3.556    -69.325
  77   -2     -7.862      1.780    -68.318
 114   47      3.813     -1.468    -64.674
  37   53     -8.718      7.437    -70.085
 208  241      2.971     12.064    -71.565
  -1   -2      3.218    -10.164    -62.445
 389   94     -8.688      5.438    -71.588
 139  144     -7.121     -3.312    -72.608
  27   86      0.561     10.444    -68.885
 140  103      8.738     -9.362    -71.202
  25    7     -7.074      4.240    -70.792
  82   96     -0.756      4.261    -63.454
  80  151     11.323      6.729    -68.110
 184   90    -11.977     -7.423    -70.945
  87   91      0.056      2.625    -67.027
 107   85     10.928    -11.133    -69.724
 394   40     -6.281     -4.294    -64.197
 148   89     15.643      0.879    -68.125
 532  257      8.559    -11.993    -70.017
 135  123      5.066     -1.106    -64.445
  47   19      3.656     -9.510    -68.188
 101   62      9.279     -0.764    -67.872
  56  199     -1.255     -6.820    -67.515
 189   99     12.634      3.684    -67.745
 200  484     -3.252    -12.075    -69.654
  71   73     10.058      9.350    -67.419
  68  115      8.084      8.645    -68.580
 180   69     -7.604      7.097    -68.331
  14  117     13.892      1.568    -70.029
 188   50     10.883     -3.224    -67.175
  73   87     13.036      1.647    -66.716
  72  788     -4.597    -10.851    -65.939
  85  187     -3.165      3.868    -67.305
 387   -2     -5.625      4.033    -62.086
  53   71      2.484     -5.226    -70.572
 170  398     -8.062     -6.541    -72.622
 196  212     -1.027     12.962    -67.306
  91  160      9.160      9.839    -71.372
  34  163      3.220      8.386    -69.725
 134  156      7.294      1.092    -66.582
  51   -2     -0.578      2.446    -68.375
 327  121    -10.115     -3.164    -68.166
  -1  192    -13.542     -6.406    -70.419
 124   82    -10.585      8.723    -66.221
 396  395      8.831     10.295    -68.172
 174  159    -13.498      2.553    -68.493
 355  259      0.152      0.383    -69.144
 562  232     12.219     -4.512    -67.842
 381  131      0.576     12.517    -65.619
   6   51      1.740      6.612    -72.832
 388  223     -9.274     10.687    -62.942
 191  529     -1.388     -1.930    -71.388
  -1  177     -0.042     -6.918    -64.372
 152   79     -5.442     10.119    -65.054
 162  250     -4.272     -8.992    -66.821
  79  125      8.176      3.017    -72.933
  -1   -2     -8.537      2.119    -67.771
 183  141     -0.997     10.438    -63.149
  -1  233     -3.795     10.259    -63.697
  -1  129      1.884      5.200    -64.418
 205  295      8.483     -2.480    -72.782
 247  436      0.796     -9.932    -73.536
 164  180      9.194    -12.937    -67.146
 110  178     11.420     11.338    -66.587
 123  510     -7.528    -12.588    -66.857
 262   93    -10.677      9.561    -68.385
 155  790     13.613      6.318    -73.887
 195  102     -7.266     12.272    -68.437
  81   24     13.081     -0.310    -70.954
  98  439      6.081     -1.144    -72.605
 373   38    -15.202     -6.933    -70.849
 125  134      1.126      5.458    -63.448
 121  314     11.491     -3.809    -67.772
 138  132      3.072     -2.072    -65.178
 181  235    -10.345      4.556    -64.446
 113  211    -12.783      6.478    -73.395
 166  142    -12.400      2.491    -65.651
  32    6     -7.961     -4.321    -72.679
 261  294      0.943     -0.379    -63.219
  33  164      3.413    -11.597    -64.546
 402  171     -6.302    -11.728    -65.461
   3  107     -3.046     -3.064    -74.503
 204  173      8.429     -9.978    -72.323
 232   75      7.699    -10.534    -73.090
  -1   -2      2.400      2.538    -71.148
 220  248     -2.919      4.791    -65.053
  90  502     15.709     -6.581    -72.243
  -1  181     -1.098     -6.540    -63.135
  -1   -2     -6.956     -5.425    -65.695
 137   88      1.882      3.906    -65.006
 216  186      8.789      5.660    -62.980
 165  253    -12.187    -11.483    -72.156
  -1  150     -1.337     -4.252    -71.092
 111  286     -5.768     -9.097    -70.087
  75   63     12.106      8.874    -71.410
 185  258     15.929     11.855    -71.278
 265  179    -14.383     -8.021    -72.370
  -1   -2     -3.526      6.267    -81.279
  -1  600     -8.284     -6.810    -68.218
 423  329     10.249     12.721    -69.162
 239  433      5.894      0.568    -76.922
 552  256     -8.383     -6.345    -69.223
 130  120     -1.912     -8.082    -68.316
 141   -2     -8.853     -6.029    -70.355
 403  197      8.100     12.482    -67.940
  -1  111     -5.298      4.801    -65.767
 144  389     10.906     -5.188    -74.758
 179  254      3.167     10.428    -68.461
 169  138     13.513      3.503    -66.185
 283  190     -8.219      9.135    -65.156
 112   58     -1.182     -0.206    -66.905
 173  208     -0.168     -8.383    -67.547
 354   -2     -9.291     -0.933    -71.635
 161   -2     -7.541     -8.355    -65.704
 383  547    -13.222     10.590    -66.648
 158  104    -11.096      6.402    -67.880
  96  170     -2.792     -8.187    -65.761
  55  786     -6.352     -2.150    -73.716
  -1   -2      6.805     -3.569    -65.428
 520  148     -0.758      9.579    -66.200
 229  213     -4.562     -9.393    -63.336
 772  136      2.022      3.288    -70.018
 159  189     -6.474     -7.637    -67.370
 405  371      7.709     -7.602    -74.684
 321   54    -11.461      5.678    -73.015
 102   -2     -3.846    -12.588    -68.017
 238  240      4.221     -1.011    -64.669
 803   39      6.229      7.311    -73.147
 219   -2      0.516      0.901    -63.064
  -1   -2     -0.986     -6.797    -60.237
 555   -2      7.107    -10.887    -75.656
 340  392     -1.542      3.829    -75.929
 211  198    -11.221      0.979    -69.616
  -1   -2      4.699      3.651    -72.251
 774   -2      7.336     -5.970    -70.009
 178  353     14.259      3.093    -66.183
  -1   -2     -1.863     -5.587    -65.050
 317   -2     14.315     -6.638    -71.521
 225  228      2.669     -3.514    -67.505
 246  251      6.848     -9.972    -67.316
 770  226     -9.632     -0.330    -74.827
 108  244      2.493     11.944    -64.886
  18  172     -0.558     11.378    -70.559
 132   -2      5.061     -3.076    -66.153
 279  152    -11.096     -1.287    -70.006
 308  234      6.719     -0.520    -61.405
 395  416    -14.960     -3.883    -75.565
 264  214    -15.656     -1.459    -74.266
  -1  348    -12.877      6.661    -67.278
  -1   -2    -12.250      7.209    -70.403
 276  797     15.142     -0.029    -67.840
 268  231    -14.809      5.611    -71.003
  -1  277     -3.665     -2.368    -72.334
 193  317      0.341     -0.158    -73.524
 245  261     -3.306     -8.031    -66.145
  -1   -2     15.443     11.310    -71.543
 429  202      0.189     -7.827    -63.546
  -1   -2      5.385     -3.609    -68.762
 306   -2      3.999     -1.901    -67.536
 209  283     12.766     -5.757    -69.050
 133   -2    -10.118     12.311    -72.177
 129  493     -1.293      2.492    -69.443
 103  229     10.922     -4.102    -72.775
 592   -2    -13.648      5.501    -72.448
  -1   -2     -6.901     -2.886    -63.354
 274  243     10.573      1.480    -64.688
  -1  146      4.910      1.564    -67.917
  41  375      4.123     -1.881    -73.566
 257  265     -5.082     -3.470    -71.218
  -1   -2      1.127      2.090    -62.981
 228   -2      7.297     12.614    -65.610
 186  200    -10.953     10.633    -66.259
 119  450    -10.451      9.168    -69.574
 290  799     12.787      3.441    -61.399
  -1   -2     -5.158     -1.733    -75.817
  -1   -2     -8.475     -8.398    -77.291
  -1   -2     -0.904     -8.783    -62.269
 249  342    -10.609     -1.868    -64.654
 175  281      5.412     -0.203    -75.916
 310  225     10.630     -3.658    -70.018
 566   -2      5.909     -3.282    -65.874
 115  290     -6.219     -9.812    -69.114
  -1   -2    -13.692      3.498    -70.049
 284  269    -15.764      8.888    -72.956
 473  495      8.562     -8.820    -64.646
 344  337     10.666     -8.562    -74.692
 315  296     14.318     -0.118    -67.254
 194  331      7.888      3.488    -66.470
  -1   -2      5.063    -10.078    -72.022
  -1   -2     -1.514    -11.772    -74.076
  -1  308      3.266      7.432    -63.248
  -1   -2     16.328      5.664    -69.325
 177  218    -11.788     12.218    -68.892
 234  262      9.491     -1.235    -66.916
 499   36     -2.670     -0.108    -72.572
 480  660      7.892      6.288    -64.414
  -1   -2     -0.840    -10.019    -58.363
 619  649     10.496     -9.524    -69.023
 287  522      9.672     -4.514    -66.699
 781  816      5.667      4.615    -70.547
  -1  219     -0.354     -7.591    -68.004
  -1   -2      1.350      2.580    -59.888
 313  335     -7.088      1.646    -71.070
 400  821    -13.264     -5.110    -75.889
  -1   -2      2.297      6.688    -66.907
 322  715     -0.577     10.312    -65.114
 258  302      4.402      0.276    -62.852
 546  318     -7.710      8.503    -77.932
  -1   -2      5.841    -11.112    -63.699
 207  710     11.274      4.660    -68.896
 814  313    -13.766      4.996    -73.612
 309  343     -0.822      4.494    -65.443
 244  333     -7.105    -10.980    -71.118
 339  354     13.735    -10.627    -71.940
 304  275     13.728     -0.539    -64.691
  -1   -2      4.858     -5.581    -77.020
  -1   -2    -13.275      4.161    -64.731
 270  795     12.767      3.504    -65.243
  -1   -2     -0.268     -4.381    -66.245
  -1  336     11.600      8.465    -71.146
 298  800     13.189     -9.770    -72.378
 406  310      0.720      9.660    -71.053
 277  327    -11.732      2.456    -74.594
 302  297     15.248     -7.885    -69.147
 482  315     -0.739      6.661    -69.250
 542  284      7.833     -6.500    -68.827
 272  260      5.646      5.121    -61.516
 289  662    -11.551      9.969    -65.042
  -1  482     15.420     -3.434    -73.452
 299  356      5.409    -11.600    -69.448
 252  794     -5.920     -4.901    -72.891
 418  755     -7.508      9.591    -76.628
 343  736     10.976     -4.586    -74.819
 346  387      1.788      7.361    -74.750
 684  325    -10.635     -5.167    -69.569
  -1  541      2.983      6.160    -60.894
 452  581    -10.138    -11.246    -75.711
 573  813    -10.181     10.130    -62.280
  -1   -2    -10.214     -9.690    -57.281
 761   -2    -11.297     -1.888    -77.217
 293  334     11.546      8.741    -64.987
 332  487     -7.241     -9.815    -67.504
 649  309     16.081     -4.848    -69.191
 320  339     10.949      9.454    -70.318
  -1   -2    -12.858      0.287    -76.939
 582  157     15.543      4.466    -74.615
 243  320      4.558      8.614    -65.819
  -1   -2      7.189     -5.871    -58.412
  -1   -2    -14.517      8.187    -74.046
 437  594     13.763     12.354    -72.506
 575  704     -4.345      2.130    -77.538
 490  673     12.306     -6.414    -75.530
  -1   -2      8.376      9.636    -61.377
 305   -2     -5.730      7.806    -64.092
 701  358      0.027      9.163    -62.065
  -1  770    -13.338     11.640    -65.889
  -1   -2     -7.733      5.999    -61.675
  -1  316      9.497      9.122    -68.299
  -1   -2      9.323     -1.566    -71.871
  -1   -2    -13.865      9.184    -76.510
  -1   -2     -9.661     -4.974    -69.279
  -1   -2     16.739     -7.552    -72.509
 198  791    -12.289     -5.841    -69.306
  -1   -2     -1.284      1.564    -67.432
  -1   -2     -6.671     -5.338    -74.541
  -1  752     -2.174    -10.062    -67.563
  -1   -2     10.996      7.831    -64.097
  -1   -2     -0.691     -7.222    -63.729
  -1   -2     15.387     -0.714    -62.916
 372   34      1.295     -7.478    -73.057
 398  400      5.769      4.150    -70.886
  -1   -2      1.503      5.503    -70.108
 357  161     -0.073     10.032    -72.869
 182  420      0.860      5.500    -70.197
  -1   -2      1.764      5.053    -54.630
  -1   -2     -8.621     10.332    -56.381
  60  380     -8.209      2.953    -72.663
 375  399      6.418     -9.152    -63.410
 269  268     11.382     11.767    -66.166
  -1   -2     -2.828     -2.784    -80.444
 146  304      0.125     11.513    -73.195
 427  805    -10.961    -12.525    -68.309
  -1   -2     -1.393     -2.711    -66.263
 789   70      7.112      0.413    -73.819
  -1   -2      4.650      0.744    -64.639
 366   52      0.807      7.528    -72.284
  -1  431      3.105     12.538    -63.593
  -1   -2    -11.592    -12.133    -63.980
  -1   -2      1.352    -11.788    -71.567
  -1   -2      0.300      2.849    -72.997
 384  402    -10.563     -6.885    -65.062
  -1   -2     -4.841     -8.186    -59.187
  -1  397     -5.017     -0.032    -67.980
 267  168      2.068     -5.015    -64.672
  59  165     -3.000     -1.326    -64.745
 382  194      9.899     -1.929    -65.196
  -1  388      4.963     11.759    -70.816
 461  807     -4.340     10.709    -69.543
 150  193    -13.432      1.491    -68.549
 425  804     11.092     -8.446    -61.931
  -1   -2      5.442     -1.377    -58.388
 240  505      6.935      2.441    -72.839
  95  413      5.190     -6.054    -63.688
  58   45     12.419     -0.097    -67.381
  -1   77     -8.467     -1.379    -66.601
  -1  376     -0.201      1.770    -70.607
 445  140    -14.223      6.178    -71.171
 524  811     -6.067     12.202    -71.204
 481  394     -4.995    -12.782    -69.121
 374  689     16.328     -9.712    -66.466
  -1   -2     -8.906     -4.495    -65.132
 463  401     11.067     -7.105    -66.425
 145  516     -8.437     -9.221    -67.374
  -1  451      0.570     -5.531    -60.661
  57  787     -0.567     -4.556    -67.571
 380   -2      5.086    -10.649    -65.198
  -1  421      5.997      0.224    -60.482
  -1   -2     -1.376    -11.258    -63.717
  -1  126     -1.686     -8.219    -70.315
  -1   -2    -10.357    -11.830    -63.609
  74   -2    -10.493     12.890    -65.353
  -1   -2      8.256      4.463    -76.851
 778  100     -8.442     10.949    -64.457
 235  442     -0.837     11.802    -64.829
 401  496     -3.250      7.616    -64.463
 505  512      0.777     -6.084    -66.172
 275  462      2.829     -8.643    -74.445
  -1  162      4.026    -12.878    -71.215
 509  130      2.720      4.788    -63.792
  -1   -2     -1.576     -4.102    -62.741
 416  279      5.283    -11.774    -65.176
 386  145     -3.448     12.968    -66.694
  -1   -2     -5.899     -3.791    -59.203
 399  459     -3.200    -11.305    -62.842
  -1   -2      4.863     -0.869    -65.918
  -1   -2     -9.821    -11.473    -75.262
  -1   -2     10.099     -9.649    -60.305
 488  491     13.390     -4.731    -66.639
  -1   -2    -10.294      4.575    -60.324
  -1  255     -1.280      9.151    -61.253
  -1   -2     -4.481     -6.433    -62.621
 202  443     -8.038      6.490    -70.190
  -1   -2     17.048      7.300    -74.027
 409  480      2.389      9.090    -60.435
 784   -2      2.957     -2.868    -63.986
  -1   -2     -4.622     -6.659    -65.170
 431  503     11.146     12.305    -62.314
  -1   -2     -8.496     -1.856    -58.507
  -1  457    -16.016     -6.914    -72.179
  -1   -2     -8.370     -2.909    -67.043
 301  822     -9.142     -2.835    -66.031
  46   80     -6.349     10.508    -63.357
  -1   -2     -2.055     -3.947    -64.987
 413  474      9.987     11.622    -61.859
  -1  533     17.500      9.502    -67.220
 241   -2      7.019      2.559    -63.621
  -1   -2    -12.385    -11.487    -60.872
 822  819      8.788      1.178    -73.229
  -1   -2     -1.559     -8.964    -62.203
 215  447     -5.184      7.301    -63.742
 199   25      1.828     -2.445    -68.990
 451  589     17.158     -2.652    -67.158
 465  543     12.779     11.323    -61.260
 436  490     13.199    -12.554    -66.612
 791  483      7.487    -12.012    -65.268
  -1   -2      4.700     10.360    -62.926
  -1   -2    -10.446     -0.481    -72.130
 414  560     10.219     -4.206    -64.866
 154  169    -10.708     -0.637    -65.596
  -1  408    -14.451     -4.669    -74.465
  -1   -2      5.514      0.244    -52.162
 435  139      4.787     10.648    -68.547
 459  109     -6.486      2.487    -74.427
 117   -2     -3.845      1.681    -63.397
  -1   -2      7.427      7.824    -58.086
 197   -2    -14.127     -7.189    -75.834
 163  237     13.745      6.809    -70.755
  -1  176      2.568      9.144    -63.623
  -1   -2     -4.098      7.153    -72.618
 539  330     11.516     -2.543    -69.056
 441  625    -11.877     -8.414    -61.895
  -1  508    -11.664    -10.225    -62.745
  50  386      7.587      7.566    -72.934
  -1   -2     15.346     -3.062    -64.675
 295  823     -2.770     -6.871    -70.037
  -1   -2     -6.454    -12.559    -69.629
 433  498     11.385     -4.418    -60.100
 553  501      2.567      6.719    -64.953
 572  470      5.433     -1.133    -61.208
  -1  419     -0.644     -2.063    -71.456
  -1   97    -15.733     -0.509    -72.439
 282   -2     10.637      6.935    -70.911
  -1   -2    -11.674     11.508    -71.375
 466  249      9.065      2.112    -61.739
  -1   -2     -9.502      9.786    -72.307
  -1   -2      8.114     -7.054    -59.787
  -1   -2    -15.648      1.708    -74.835
 122  500     -8.875      9.123    -65.764
 500   -2      1.145      4.311    -63.043
  -1   -2      0.582      4.088    -64.251
  -1   -2     -5.279    -10.949    -60.576
 171  203     -0.153    -12.699    -67.187
  -1  440     -4.885      2.204    -62.826
  -1   -2      3.871      9.860    -51.984
 815  818     -0.034     12.480    -65.992
  -1  471      8.382     -4.178    -68.526
 203  155     13.621      7.325    -68.424
  -1   -2      3.024     -5.304    -59.120
  -1   -2    -11.660      0.446    -74.677
 255  519    -14.535      8.545    -76.943
  -1   -2    -13.328     -9.501    -68.392
 448  236     12.240      1.632    -67.369
 467  458     11.869    -10.282    -64.067
  -1   -2     -5.322     12.529    -70.922
 802  435     10.233    -12.653    -65.866
 242  271     -1.743      4.386    -63.782
  -1   -2      5.292     -5.717    -61.858
 487  584     -9.797     -5.304    -75.549
  -1   -2    -13.635     -0.756    -65.117
  -1   -2     -1.949     -3.052    -74.994
 787  188     -3.325     11.297    -70.806
  -1   -2     -2.304      1.930    -57.385
  -1   -2      5.572    -11.539    -63.008
 497  278     15.079      1.586    -66.532
  -1   -2     -4.875      6.855    -58.517
 545  475     13.223     -6.833    -65.511
 534  393     15.218      2.755    -70.645
  -1   -2    -13.414      0.850    -65.340
 549  824     12.963     10.533    -61.270
 775  425      6.274     -3.080    -63.675
  -1   -2      8.123    -10.930    -61.840
  -1   -2      1.861     -7.355    -62.497
 331  642     -2.036      6.908    -59.866
 522   -2     14.279      9.233    -63.250
 167  220     -4.205     -1.938    -71.828
 109   -2      9.664      1.255    -73.509
 676  355     -3.359      4.478    -72.860
  -1  641    -14.306     -3.924    -76.214
  -1   -2    -12.639     -8.579    -64.460
  -1  321    -14.512      6.925    -69.569
 821  532      1.872    -10.055    -69.346
  -1   -2     -9.044      0.660    -66.537
 397  538     -9.452      7.761    -62.011
 300   -2     14.926      3.514    -62.917
  -1   -2     10.210     -1.756    -69.842
  -1   -2      4.665     -8.733    -61.234
 578   -2     -0.865    -11.277    -64.889
  -1   -2    -14.879      1.342    -71.152
 318   -2      5.171      8.038    -66.344
  -1  217    -12.000    -10.795    -68.974
  -1  601    -12.754     -9.270    -77.140
  -1   -2      0.283      0.193    -56.437
  -1   -2      4.372     -4.795    -64.148
  -1   -2      4.752    -10.626    -57.639
  -1   -2     -9.821     -2.166    -58.992
 559  540     16.238     -2.719    -64.677
 319  802    -11.289      5.559    -66.254
  -1   -2     -1.863     -9.610    -63.011
 561  238      7.659      6.148    -62.946
  -1   -2    -11.878     -1.136    -64.916
 506  810     14.643     -9.141    -64.180
  -1   -2    -11.435     -2.501    -61.673
  -1   -2      2.808     13.133    -63.376
  -1  266     -6.898      6.569    -61.469
 585  557     -4.146    -12.336    -74.027
  -1   -2     11.474      4.358    -62.873
 782  453     14.725     -8.093    -72.875
 271  338      8.632     -7.816    -68.662
 494  515     -1.130     11.177    -61.169
  -1   -2     -3.808      2.134    -56.659
  -1   -2      5.190     -3.719    -70.124
  -1  545     17.211     -5.229    -66.547
  -1   -2     10.903     -5.323    -64.672
  -1   -2     -1.567      4.009    -58.171
  -1  274    -15.840     -4.659    -71.401
  -1   -2     -1.491      9.925    -74.884
  -1   -2    -15.168      6.476    -71.637
 800  396      7.349      2.184    -65.035
  -1   -2     -5.652      0.075    -77.113
  -1   -2      4.459     -6.853    -72.536
 214  535    -11.957      1.852    -62.408
  -1   -2     -1.034     -6.043    -73.814
 224  307      3.310    -11.291    -69.120
  -1   -2      2.981     -2.346    -54.126
 256  182      6.970      1.545    -63.091
  -1  544     15.389     -5.009    -62.829
 652  644      0.435     -1.916    -57.551
  -1   -2     15.377      5.625    -65.567
  -1   -2    -11.441     -0.427    -73.411
 251   -2    -14.324     -2.629    -76.673
  -1   -2    -13.479     -4.520    -72.618
 266  499     12.764     -9.713    -72.653
  -1   -2     -9.695     -2.957    -65.620
  -1   -2     -7.879     11.028    -58.675
  -1   -2     -0.194    -12.744    -68.768
 291   -2     -6.657      4.765    -76.234
  -1   -2     -4.643     13.233    -64.430
 296  312     16.658     -1.778    -68.594
  -1   -2      6.934     10.299    -55.615
  -1  298     -4.107      4.591    -78.667
  -1   -2     -9.228      5.647    -76.719
  -1   -2     13.045     12.553    -67.359
  -1   -2      2.307     -9.962    -77.291
  -1   -2     14.860      4.568    -66.231
  -1   -2     -4.620    -12.375    -62.662
  -1   -2      3.301    -10.139    -65.998
  -1   -2     16.017     11.274    -66.337
  -1   -2     16.070     -2.024    -81.606
 345   -2     13.532      8.408    -62.114
 580   -2    -11.007     12.562    -60.878
 779  721     10.285     -5.926    -66.758
 281  798      4.230     -1.728    -63.454
  -1  621     -4.016    -11.046    -57.577
  -1   -2     -7.719     -4.933    -63.957
  -1   -2      8.950     11.253    -62.336
  -1   -2     13.898      6.572    -64.387
  -1   -2     -6.301      2.082    -58.518
 632  671    -13.154     11.673    -64.455
 218  366      9.756     -1.166    -72.651
 591   -2     13.679    -10.612    -62.589
  -1  702    -10.216    -12.525    -72.346
 472   -2     11.499    -10.109    -73.199
  -1  422      5.458     -7.914    -73.003
  -1   -2      4.105      9.015    -60.669
  -1   -2      7.927     -4.198    -61.978
  -1   -2     12.116     -0.185    -63.201
 639  814     10.439    -10.877    -64.611
  -1   -2     11.304     -6.364    -76.168
  -1   -2     -9.233     -0.363    -68.455
 604  322     -5.058     -9.487    -69.811
  -1   -2      3.489     -1.108    -53.267
  -1   -2    -12.025     -8.962    -69.375
  -1   -2    -13.721     -6.810    -65.619
  -1   -2    -12.790      0.707    -63.866
 149  668     -8.943      7.418    -77.427
  -1   -2    -15.208     -7.993    -77.293
  -1   -2      8.570    -12.265    -63.389
  -1   -2      4.486      2.388    -59.595
  -1   -2     -9.579     -1.568    -59.505
 622  653     10.284     -0.291    -62.100
  -1   -2    -13.982     -2.227    -83.039
  -1   -2     10.246     12.576    -62.471
  -1   -2      6.533      4.791    -53.349
  -1   -2     11.106      7.628    -56.282
  -1   -2     -7.646      1.419    -58.979
  -1  242      5.926      0.641    -62.278
  -1   -2     10.829     -6.432    -72.750
  -1   -2     -1.855     -8.135    -58.135
 717  676     13.915     -5.357    -68.484
  -1   -2      9.490     -2.831    -76.161
  -1   -2     15.699      8.299    -63.644
  -1   -2     15.083     12.551    -66.036
 512  637     11.100      4.682    -63.448
  -1   -2     -1.390      5.304    -78.745
  -1   -2      7.727      7.784    -62.168
  -1   -2    -11.657     -6.087    -79.056
  -1   -2      6.314     11.477    -62.226
 495   -2    -15.757      7.663    -76.241
  -1  311     -6.900      0.081    -67.230
 286  357     15.013      1.067    -70.683
  -1   -2     12.532      3.168    -59.768
  -1   -2     10.870     13.210    -67.881
  -1   -2    -10.431     12.777    -58.033
 156  147      3.606      4.553    -67.879
 648  368     12.118      1.236    -72.587
 587   -2     12.428      7.905    -62.570
  -1   -2     -9.707     12.744    -61.340
 168  636     18.007      5.871    -70.372
  -1   -2     -1.399    -12.359    -73.556
  -1   -2    -13.882    -11.061    -68.635
  -1   -2    -16.266     -2.429    -74.999
  -1   -2     -0.725    -11.178    -74.091
  -1   -2     -5.237     -1.545    -60.471
  -1   -2      0.893      6.669    -53.374
 614   -2      9.992     -3.393    -63.816
  -1   -2    -15.106      2.692    -77.056
  -1  687      7.764    -12.809    -74.727
  -1  729     16.301      7.820    -68.990
  -1   -2     -3.128     -6.110    -69.625
  -1   -2      8.616     10.874    -64.298
  -1   -2     -4.721      1.018    -57.475
  -1   -2     -6.295     -4.905    -52.590
  -1   -2     -4.333      7.259    -62.525
  -1   -2     -1.132      6.062    -74.019
  -1  599     14.316     -9.742    -62.778
  -1   -2    -10.861     -1.089    -62.744
  -1   -2     -3.946    -10.401    -70.304
  -1   -2     13.282      6.834    -66.746
  -1   -2      6.909      7.977    -56.556
 529   -2      6.814     10.361    -70.704
  -1   -2     15.369     -2.735    -60.120
  -1   -2     -9.557    -12.575    -64.973
  -1   -2    -13.478    -12.369    -65.007
 810  817      6.249     -1.549    -75.062
  -1   -2     -0.947     -4.997    -77.557
 504  809      6.744     -4.267    -74.656
  -1   -2    -15.351    -10.259    -73.459
  -1   -2      3.438    -11.279    -60.769
  -1   10     -9.230      8.776    -74.180
  -1   -2     -7.822     -8.804    -52.450
 794  558     12.370     -9.109    -62.803
  -1  666     10.356     -9.688    -62.136
 330  563     -1.875      5.656    -72.941
  -1   -2      6.705     -1.655    -72.142
  -1   -2    -11.385      0.402    -69.068
  -1  572     -1.298     -5.831    -60.313
  -1   -2     16.630     12.220    -73.333
 695  815     11.504     -6.990    -65.863
  -1  724      5.304      1.977    -71.113
  -1   -2     -6.983      2.894    -70.436
  -1  698      1.123     11.306    -61.856
  -1   -2     -4.154     -1.851    -57.473
  -1   -2    -12.625      0.004    -66.168
  -1   -2    -12.704      6.452    -71.023
  -1  681     -3.379      8.054    -69.158
 206   -2     -9.336     -3.857    -71.129
  -1   -2    -12.201    -11.940    -68.245
 557  719    -11.022      2.026    -73.608
  -1   -2    -10.080     -1.664    -61.770
 563  448     14.231     -5.223    -63.939
  -1  406     -7.169    -12.865    -64.704
  -1   -2     10.079     11.046    -58.640
  -1   -2     -5.234     -9.059    -71.666
  -1   -2      6.121     -3.948    -60.419
  -1   -2     15.678     -7.155    -75.148
  -1   -2    -12.606     10.577    -75.882
  -1  743      9.443      2.782    -66.917
  -1   -2    -10.050    -11.044    -73.227
  -1   -2     -9.671      0.546    -62.570
  -1   -2     13.465     10.137    -60.186
  -1   -2    -12.722     12.162    -71.747
  -1   -2     10.132     -7.657    -62.411
  -1   -2      8.539     11.644    -58.998
 642  640     16.963      5.340    -72.219
 595   -2      0.641      7.243    -67.681
  -1   -2      3.195      4.627    -59.277
 314  801     13.235      5.171    -66.620
  -1  749     -1.231      8.161    -66.062
  -1   -2      0.092    -12.568    -70.192
  -1   -2    -10.923    -10.363    -67.107
  -1   -2      6.185      0.759    -67.217
  -1   -2     -5.852     10.229    -85.058
 131   -2      6.739     -5.398    -74.512
  -1   -2      2.804      4.099    -87.232
  -1   -2    -15.738      9.898    -74.691
 629  825     -9.882     11.863    -76.760
  -1   -2     -2.060     -0.564    -52.438
  -1   -2     12.011      1.357    -54.765
  -1  718     15.541     -1.152    -63.753
  -1   -2     -9.509     -9.204    -63.404
  -1   -2    -14.378     -9.587    -67.873
  -1   -2     16.824     10.706    -82.553
  -1   -2      4.330      3.917    -58.845
  -1   -2     14.095      6.950    -77.384
  -1   -2     12.661    -11.770    -77.245
  -1   -2     16.531     -5.837    -77.761
  -1   -2    -10.882     -7.840    -78.809
  -1   -2     -9.923     -5.114    -73.331
 807  826      0.367     -3.112    -68.922
  -1   -2      4.425     -7.152    -68.166
  -1   -2     -1.042     -0.758    -80.498
 323   -2     13.150     -1.255    -73.910
 288   -2     13.386      0.514    -74.083
  -1  293     10.862      0.654    -74.062
  -1   -2      0.349      6.488    -67.699
  -1   -2     10.700      9.444    -85.425
  -1   -2      9.045     -3.890    -68.264
  -1  372     -6.524      2.765    -66.029
  -1   -2      3.496     -9.487    -62.809
  -1   -2     -6.430     -9.712    -68.422
  -1  696      3.103      2.766    -77.103
  -1   -2     -9.612     -4.410    -66.337
  -1   -2     -0.443    -11.604    -61.576
  -1   -2     -9.684     -0.960    -72.444
  -1   -2     15.245      7.687    -62.762
  -1   -2      2.242     11.313    -70.787
  -1   -2      3.037     10.648    -62.963
  -1   -2     11.799     11.324    -64.032
  -1   -2      6.985     -0.763    -53.326
  -1   -2      5.787     10.151    -57.946
  -1   -2     13.202      0.630    -71.550
  -1   -2     -3.608      7.816    -64.152
  -1  369     -4.683     -4.670    -76.092
  -1  709     12.717     -2.818    -60.491
  -1   -2      4.065     12.570    -64.008
  -1   -2     -4.344     -6.995    -52.472
 588   -2    -13.703      7.438    -73.210
  -1   -2     -9.682      1.496    -66.718
  -1   -2     -9.815      6.013    -72.653
  -1   -2      6.109      3.690    -56.708
  -1   -2      9.237      9.080    -55.358
 334   -2     16.014     12.574    -68.062
  -1   -2    -10.523    -11.946    -69.541
  -1   -2    -15.545     -8.773    -72.699
  78  523    -11.054     -9.147    -72.573
 419  118     -0.201      6.073    -61.088
 254  582      3.668     -8.456    -71.140
 116   -2     -5.637      8.774    -62.234
 237   41     -0.374     -6.304    -73.050
 280  405     -4.259     11.028    -71.254
 706  291     10.138     -7.023    -73.173
 442  806     -6.204     -9.579    -71.714
 273  796      3.631      4.933    -62.257
 325   -2      3.817      0.844    -74.155
 516   -2     -2.560      9.794    -59.145
 259   -2     -2.343     10.177    -78.001
 297  292     -6.093    -12.078    -67.768
 660   -2    -10.504     -3.849    -74.452
 337  827     13.391     12.155    -72.061
  -1   -2     -5.842      7.697    -64.020
 359   -2     -4.120     11.943    -74.645
 417  122     -6.047      3.225    -62.027
 438   -2     15.698      8.473    -69.884
 368   -2    -10.614      5.938    -72.880
 501  808     11.587     -5.949    -60.344
 421  299    -15.166    -11.460    -74.330
 541   -2     -2.110     13.447    -61.477
 801  184     -2.819     -9.471    -70.109
  67  414    -11.092      2.690    -74.152
 519  675     10.692    -11.711    -60.839
 711  534      9.519     -9.397    -63.334
 307   -2    -10.808    -10.750    -70.103
 453   -2     17.011     -6.440    -64.975
 260   -2    -15.615     12.923    -70.798
 601   -2      5.661      9.927    -66.738
 728   -2     14.695     -3.730    -72.355
 724   -2     -9.190    -12.163    -64.911
 675   -2     14.987    -13.251    -69.742
 809   -2     -2.876      8.712    -62.919
 303  828     17.615     12.025    -71.599
 412   -2     10.526    -12.920    -62.348
 571   -2     -7.695      8.758    -54.850
 603   -2     -3.974    -11.409    -66.553
 710   -2     -8.174      4.080    -63.652
  -1   -2    -14.119     10.240    -69.161
 771   59    -10.124      3.117    -67.306
 673   -2      0.313    -12.290    -68.209
 147    0     10.524      3.775    -70.162
 250   -2      5.003      3.291    -70.739
 253  690     -6.162     -3.961    -71.152
 324  670      3.062     -1.633    -62.597
 393   -2     -2.205     -5.680    -74.099
 517  412     -5.927      6.002    -77.430
 773  829     11.582    -11.731    -68.507
 783   -2      9.226     -7.021    -69.731
 785  362     -7.951     -9.944    -72.907
 804   -2     -4.163    -11.266    -63.143
 808  830     14.148     -9.777    -63.347
 816  627     17.340     -2.495    -75.089
 819   -2     12.488     12.009    -70.038
 824  227     -9.576      1.008    -72.103
