794
   5    2     -4.149      2.296    -72.736
   2    0     -0.331      6.087    -68.491
 135    8      4.020     -4.693    -71.528
  30    3      0.938      9.104    -69.968
  31   22      1.587      4.164    -70.620
   3   11     -6.088      5.976    -72.538
   1  372      8.908      1.549    -69.680
   4   12     -9.449      1.167    -72.483
  42   16      4.330     -0.133    -70.093
  18   28      0.985      9.990    -67.956
 208  224     -6.477      8.174    -75.811
  11   29     -2.130      8.635    -68.865
  34   18      5.199      3.485    -71.349
  25    9      1.688      6.360    -71.958
 814   81     -8.369     -0.258    -74.939
  21   17    -10.154     10.968    -70.646
  23    6     -1.550      0.692    -71.487
  77   41      4.062     -8.507    -69.139
 341   62     -3.830     -1.483    -70.944
  13  101      5.759      9.979    -72.410
 342  396     -3.286      5.432    -68.490
  24  113      1.115      8.053    -67.041
 205   19      4.423      6.244    -71.567
 340    7     -5.365      2.371    -70.789
  33   92    -11.253      4.623    -69.880
  -1   -2      7.008      3.185    -65.287
  19  150      6.460      3.062    -66.146
  12   14     -1.499      3.097    -70.221
 482  166      4.407     -9.233    -69.052
 159   72     -0.683     -5.948    -68.100
 397   25     -0.718     10.532    -72.017
   6   34      0.961     10.752    -69.567
  29   32     10.315     -1.641    -68.143
  37   63      4.447      0.476    -69.313
 103  134     -5.503      6.069    -74.011
  20   37     -1.843      8.308    -66.702
  36   46      5.089      0.324    -70.298
 349   33      1.511     10.787    -66.292
 156  534     -3.746     -7.858    -72.834
  40  118     -1.235     11.183    -64.176
  89  370      2.524      9.908    -64.777
  62  778      3.568      6.998    -64.765
 709   56     -0.538      5.545    -74.323
 130  390      4.403     -3.828    -74.333
  55  233      4.002     -1.537    -68.787
  28   21     -8.299     10.729    -69.089
  10   10      0.191      7.156    -69.291
  45   36    -11.501      6.439    -71.203
 120  147     -0.262      1.470    -72.011
  60   50      5.768     -5.296    -67.804
  50    1      4.959     -3.357    -73.667
  52  131      0.782     12.781    -63.954
  -1   -2     -1.402    -12.585    -65.864
 415  273     -2.344     10.887    -73.489
 116    4     -7.608     -1.252    -74.478
  27   24    -10.266      4.121    -68.449
  17   76     -0.749     10.896    -70.318
  43   38      8.423     -0.331    -66.500
  57   59     -8.094      8.890    -66.650
 180   42     -3.015     12.316    -66.133
  82  223     14.501      4.434    -70.531
  -1  411     -9.683      4.603    -62.352
 256  122      6.301     -2.732    -69.690
  32   51     -6.960      5.030    -64.775
  47   91      1.808     -8.141    -65.954
  44   55     -6.358      0.729    -66.308
 112  217     15.085      6.992    -70.113
 348   15      0.425      6.450    -68.562
  56   89      9.448     11.994    -66.268
 176  109     11.860     11.872    -73.821
 577   60      4.344      4.814    -73.737
 431  126    -13.915     -4.306    -70.251
  94  189    -12.246      0.337    -67.013
  16   47     -2.253     10.681    -71.932
  -1   -2     -3.868     -1.165    -63.121
 213  188     -5.571     -2.132    -69.815
  39   87     -5.707      5.578    -63.540
 203  821     -1.293     10.787    -67.996
  26  373      2.407    -11.362    -74.333
 161  127      6.012     10.933    -70.113
  38   31     -7.030     -5.186    -72.761
 110  102     11.593     -7.480    -65.761
  58   64      9.664      9.929    -68.004
  -1   -2      3.722    -11.720    -69.815
  73   74     -0.872      1.753    -65.264
 220  786    -11.710      2.958    -74.829
 413  171      7.280     -3.672    -67.325
  68  137     11.308     11.884    -70.155
  97   39     -0.978      8.197    -68.907
  74   79      0.958     -6.750    -65.905
  79   75     -2.727      8.314    -61.626
  -1   53      0.241     -8.335    -69.780
 368  378    -11.059     11.500    -72.658
 239   54      2.752      3.306    -68.913
  86  120    -11.833     -8.334    -67.163
 125  110      9.482     -2.922    -66.885
  92  116     -5.956      7.526    -61.649
 154   98      8.888     -3.771    -68.462
 182  264      9.565     12.202    -69.679
 139  151     -5.195      5.172    -64.012
 410  100    -14.925     -3.626    -69.535
  48  103     -5.340     11.816    -66.543
  99   65      6.467      7.451    -65.103
 507  111      8.415     -4.187    -63.944
   8  327      1.943      4.747    -72.628
 478  161    -10.894     -4.741    -72.401
 106  112     13.172      1.595    -67.336
  91  124     10.254     -5.971    -66.509
  -1   -2    -14.916     -1.438    -75.681
  61  777     -5.614     -1.154    -64.192
 188  153    -12.075     11.833    -65.170
  80   58     -7.522      2.546    -69.018
 124  395     10.610     -9.051    -64.851
 207  155    -10.760     10.430    -70.258
 443  145     -2.119     -9.623    -68.219
  14   43      4.160      9.659    -69.046
  88  324      9.329     -6.220    -70.098
 351   44      7.190      2.682    -69.684
 157   97     -7.586     -2.118    -67.597
 192   20    -10.499     -3.401    -72.106
 137   52      7.710      2.516    -65.027
 618    5     -9.677      6.916    -70.705
  49  190     12.626      8.301    -72.439
  87  425     -4.465     -7.678    -67.573
  93   90     -4.050     -6.050    -63.990
  59  252     -3.769      5.265    -63.893
 244  381    -11.783      5.209    -74.198
  98   84     -9.864      3.817    -62.988
  -1   -2    -13.821     -8.507    -66.493
  67   49     -1.879      4.098    -72.215
 123   -2     -0.100     -0.097    -62.449
  35  119      7.652      3.914    -68.125
 109  148     11.735     -3.115    -68.728
  -1  551     -9.769    -11.519    -67.016
 136  289     -0.963     -4.003    -65.717
 403  416     -6.108     -4.470    -64.295
 523  204     11.442      5.426    -69.154
 113  780    -12.566      4.214    -72.738
 470   -2     -2.488     11.271    -62.777
 148  237      8.143     -9.996    -66.919
 107   83     -1.516    -11.025    -69.854
  84   86     10.119     -0.383    -66.366
 202  136     14.182      2.697    -67.635
 449  580     -8.708     -8.384    -65.363
 216  175     13.478     -2.435    -68.922
 104  391      6.312      8.849    -75.725
 370   70      5.405     11.491    -74.811
 197  783     11.586      9.024    -69.897
  46  130      5.686    -10.052    -71.955
 189  158     13.406      5.948    -66.842
  -1   -2     -7.757     10.363    -60.105
 392  213      3.516     -8.060    -73.670
 128  105      3.496      5.438    -65.864
 460  255     -0.741      9.651    -63.631
  -1   -2    -10.623     -8.256    -64.592
  -1  167     -4.065     11.991    -74.621
 597  229      6.993      8.671    -75.424
  72  184     11.876     -0.291    -66.977
 168  263    -10.402      1.581    -71.284
 140   96      0.291      7.939    -64.768
  95  268      0.083     -6.455    -73.128
 111  143     14.879      6.956    -67.349
 158  132      3.351    -11.547    -65.027
 419  192     -6.391     -9.963    -73.625
 200  313    -10.770     -0.273    -71.419
 438   13     -3.115     -3.477    -71.450
  -1   -2      0.608      5.333    -62.704
 281  582     -5.614      0.734    -72.380
 190  444     -7.917    -11.903    -76.098
 118  174      5.363    -12.400    -66.517
  -1  316     -4.321     -2.144    -63.280
 818  387      1.448      6.444    -67.891
   9  135      8.394     -2.191    -68.053
 150  187    -11.762     -0.475    -65.973
 186  159     11.615      2.074    -65.569
 345  397    -10.975      8.485    -69.326
 187  117     -9.904     10.750    -66.343
  90  221     -8.857      9.227    -71.597
 215  311     -0.835      8.859    -74.455
 314  140     -8.830      1.720    -63.622
 255  157     -9.139    -12.635    -66.420
 354  207      5.911      7.641    -72.820
 149   -2     -7.935     13.199    -66.666
  -1   -2      3.252      0.322    -64.128
  -1   -2    -10.671     -0.880    -63.736
 782  442     -1.238      4.179    -67.238
 114  454      9.285     -7.629    -63.353
 146  248     -6.546     -9.412    -66.032
  81  554      8.068      5.929    -68.098
 301  269    -10.254      6.247    -74.315
  -1   -2     -5.257     -1.366    -61.625
 536  295    -14.225      9.230    -69.390
 115  304      3.853    -11.021    -67.932
 421  247     -5.737     -5.199    -75.882
 424  462     -4.863     -6.376    -64.258
 102  121      2.201     -0.396    -64.057
 489  164     -1.527    -11.794    -65.094
 152  550      8.891      3.419    -69.610
 241  196     -3.635      4.943    -61.950
 229  524     -2.453     -8.001    -69.249
 174  202     14.071     11.891    -68.630
  83  226     16.331      3.971    -71.537
 259  481      6.133     -0.574    -66.383
 319  209     15.189      0.392    -66.701
 357  149      3.435     11.369    -70.440
  -1  212     -7.451     -9.703    -68.694
 257  178     -9.900      5.330    -64.320
 296  246     -9.196      7.366    -75.441
 270  193     -0.237     -0.458    -62.953
  -1  338      9.379      2.100    -64.564
  -1  133     -5.770      6.547    -62.674
 131  141     -2.599      7.717    -73.878
 266  790      3.912     -3.598    -67.906
 196  170     -5.165      5.239    -60.316
 442   -2     -4.025     11.101    -72.410
 218   94    -13.361      2.431    -67.930
 163  298     -9.335     -7.096    -68.561
 658  320      6.481     -5.800    -72.972
  -1   -2     14.441      2.800    -60.165
 100   48      5.979     -0.626    -72.329
 153  504      2.865      4.617    -65.647
 247  822     -8.999     -4.804    -65.471
 171  225     14.071      0.464    -68.290
 194  288     12.097     10.426    -67.863
 234   -2    -14.118     -9.141    -73.443
 177   -2     -4.902      9.137    -68.370
  -1   -2      4.817     -0.464    -60.658
  78  172      4.050     -1.383    -71.265
 495  206     14.847      7.994    -71.218
 201  215     16.822     -0.396    -67.550
  85  227      6.570     -1.899    -65.427
 170  782      6.050      4.778    -74.690
 228  179     10.364     -5.804    -68.667
 138  195    -15.172      3.541    -71.167
 206  498      2.977     -9.768    -65.509
 378  596     13.228     -5.613    -74.190
 498  197      1.367     -6.445    -68.649
 437   -2      8.871     -3.057    -60.819
 165   82      0.584      7.865    -76.418
 277  276      8.836     10.674    -65.336
 545  235      8.767     -5.718    -66.280
 409   73     -3.982      9.047    -63.382
 307  251      6.318     -7.471    -63.246
  53  261     -8.089      3.735    -75.892
  -1   -2     -4.902     10.169    -74.544
 787  240    -11.560     11.153    -66.128
 343  259     17.139     11.441    -69.088
  -1   -2     -5.189     -3.474    -71.695
 275  519     -2.366     10.842    -69.708
  -1   -2      7.556      7.303    -60.109
  -1  446     -1.912     -2.967    -75.606
  -1  296     12.482     -5.920    -64.915
 144  182     -6.817     -4.616    -67.652
  -1  281    -13.482      7.314    -70.287
 271  321     -0.888     -3.681    -65.754
 160  243      7.947     -7.818    -72.589
 552  280    -10.352     -0.934    -59.804
 230  241      9.486     -2.943    -70.156
  -1  236     -5.543     -7.798    -71.911
  96   -2     -3.502      0.542    -68.858
 242  788      7.000      9.086    -73.618
 198   -2      8.402      0.332    -63.300
  -1  314     -4.508    -11.965    -67.354
 260   80     11.859     -0.404    -71.742
  -1   -2     11.354     -9.555    -63.539
 279  231     -1.109      0.457    -64.905
  69  156     -3.724      7.126    -64.691
 254  522      7.479      9.889    -69.306
 585   -2     -7.388      3.909    -63.235
 298   85      8.130     -5.993    -68.117
 595   -2    -14.048    -11.727    -73.547
 209  256      1.468      3.661    -61.731
 661  106     10.868      3.570    -75.160
 288  486    -14.356      2.394    -67.886
 265  266    -15.012      5.471    -71.640
 328  234    -13.521      7.239    -68.327
 827  820     11.442      5.748    -67.411
 147  730     -8.619     -0.169    -68.679
 518  611      2.360      6.570    -64.779
  -1   -2    -15.307     -9.903    -73.504
 233  242     12.526      8.336    -68.149
 501   78      7.256      0.427    -69.519
 324  287      3.060    -12.779    -65.883
 635  181     -3.099      1.326    -69.003
 246  282     17.041     -6.812    -69.511
  -1   -2      0.568     10.494    -63.058
 619  162     -7.320      1.396    -61.453
 305  337      8.969     -0.689    -66.721
 616  318      9.588     -8.773    -69.625
 204  785     -0.023     -6.561    -65.272
  -1  326      1.011     10.284    -62.392
 226  312    -13.176     11.972    -67.969
 238  330      1.930      1.187    -64.331
 224  787    -13.671     11.286    -72.681
 606  532     11.355     11.927    -65.799
  -1   -2     -6.418     -7.716    -56.641
 640  612     14.979      1.323    -64.081
 264   -2     10.635      8.979    -64.923
 303  343     -2.998     -2.621    -71.906
 666  575      3.533      6.525    -75.346
 313  308    -12.615      8.917    -67.515
  -1  238     -5.135     -7.696    -65.418
 258  345      4.117     -3.946    -72.667
 172  341     -6.822      3.671    -62.961
 490  562      0.865      3.338    -76.211
 290  254      8.336      5.970    -66.348
  -1   -2      3.153      3.486    -57.684
 231   -2      7.821      6.182    -63.847
  -1  360     -0.903      4.750    -66.947
 316  219    -15.658      7.172    -75.934
 817  350     12.238     -2.039    -65.405
 331  300     -6.884     11.806    -69.232
  -1   -2      2.170     -5.807    -62.887
 456  260     17.176     11.391    -73.530
 683  813     -5.919      0.440    -60.868
  -1   -2    -14.041     11.890    -67.701
  -1  302      2.121      8.514    -68.960
  -1   -2     -1.745      5.699    -65.380
  -1   -2      6.942     -5.295    -76.236
 330  794     14.951      2.469    -76.002
  41   -2     13.280    -11.029    -73.022
 719  250    -14.017     -1.669    -66.385
 400   -2     -8.654     -5.980    -63.163
 339   -2      0.801     -5.346    -67.685
 294  791      4.526     -4.477    -72.352
  -1  108     -3.619      6.848    -75.656
 524  654     15.715     -9.851    -69.074
 317  525     13.616     -7.199    -65.854
 175  199     -0.016      0.678    -73.254
  -1  297     -3.374      5.083    -64.902
 262  684    -13.074     11.749    -66.409
 121   -2     10.367      6.641    -74.274
  -1   -2     -8.633     -4.027    -67.442
 267  584     10.967    -11.594    -71.891
 320  793     -6.788     -9.866    -60.546
  -1   -2     -7.653      1.016    -63.159
 329  349     12.592     -3.825    -69.277
 289  340      3.385      9.403    -71.768
  -1  648      8.354      9.493    -61.405
  -1   -2     -8.381     -7.551    -74.090
  -1  315    -11.168     -7.409    -75.057
  -1   -2      1.831     -2.283    -67.159
 581  808      3.205      7.595    -68.288
  -1  615     16.983     -1.127    -66.986
 310  354      2.423    -11.918    -68.066
 311  355     -9.061     12.231    -64.215
  -1  286     13.726     10.106    -69.815
 178  359     -0.924     -6.151    -70.062
  -1  353     -2.482     -5.360    -72.883
 660  322     -8.763     -2.658    -73.535
 702  365      6.362      8.373    -65.398
  -1   -2      8.068     -0.271    -62.223
 214  367      3.952     10.959    -69.964
   0  368     -6.657      6.502    -72.358
 245  560     -0.623      4.561    -73.408
  22  388     -7.570      2.276    -70.726
  -1   -2     -2.566    -11.542    -59.596
 346   -2      1.796     -6.601    -76.564
 350  382     -1.742     11.824    -74.984
 151  394      3.476      5.378    -70.610
 280  447     -1.294     -8.684    -70.293
 126  107      0.464     -0.720    -68.166
  -1   -2      4.659     -0.207    -65.657
  -1  385     -9.962    -10.454    -62.438
  51   45     -1.173     12.323    -65.630
  -1   -2      4.433      3.014    -66.376
  -1   -2     14.499      7.383    -86.472
 166   68      2.228    -10.236    -67.564
 162   88     10.005     -5.417    -63.278
  -1   99     -0.930     -0.041    -64.166
 387  403    -16.462     -9.766    -74.037
  66  377      2.252      3.786    -69.327
  -1   -2      7.616     11.979    -66.995
  -1   -2     -8.998    -12.122    -63.314
  -1   -2    -10.843    -12.025    -67.557
  -1   -2     -6.341      0.895    -76.425
 347  203     -0.973     10.273    -66.459
 359  154     -2.035     -3.560    -65.026
 408  152      3.221     -5.164    -64.173
  -1   -2    -10.310      0.434    -70.816
 252  129     14.690     -5.447    -70.333
 133  414    -12.737      1.365    -69.115
  -1  401     -8.980     -4.751    -62.821
 372  392     -2.065      2.949    -73.971
 367  407      5.085      4.689    -63.146
  64  428     -3.706      8.427    -62.474
  -1   -2    -10.074     -7.753    -56.982
 588  275     11.282     -3.259    -74.226
  -1   -2      8.745    -12.226    -77.042
 505  803    -10.197     -8.885    -64.829
 211  422     10.285      4.496    -61.949
  54   66      6.560     -0.679    -71.630
 385  239     -4.913      9.156    -65.354
  -1   -2     14.223      7.974    -67.724
  -1  505      4.096     -8.353    -74.357
 375   30    -12.924     -4.063    -70.315
 487  802     -9.886      3.551    -71.744
 184   -2     -2.713      2.550    -62.844
  -1   -2     -7.740     -9.935    -57.405
 426  245     16.862      8.037    -66.905
  -1   -2      1.745      2.347    -54.430
  -1   -2     -6.583      5.600    -59.699
 240  423      5.053     10.995    -63.458
 462  142     -8.973      5.374    -65.606
 381  451     -0.560     -1.904    -63.299
  -1  445     -5.832    -10.765    -61.326
 591  430     11.814      5.275    -76.081
  -1   -2      1.183     -9.437    -57.835
 105  779     -9.129      2.367    -68.175
 568  807      2.938      7.611    -59.627
 404  796     -3.416     -7.558    -64.353
 122  138      7.277    -11.343    -65.785
 800   -2      1.999     -6.376    -73.339
 503   95     -7.688     -0.196    -63.414
  -1   -2     -7.641    -12.389    -67.499
  -1   -2      2.498     -9.986    -59.285
 453  448      8.629      4.732    -60.302
 759  293     13.602      4.097    -71.352
 108  424     -3.424     -2.685    -66.367
  -1   -2    -13.903      1.200    -68.145
  -1  114    -10.297     -9.100    -67.411
  -1   -2     -2.719     -8.059    -63.103
  -1  419     -1.311     -3.785    -60.094
  -1   -2    -14.378      9.629    -74.399
  -1   -2     -6.387      4.773    -57.239
  -1   -2      2.347     -6.770    -76.446
 587  809     15.753    -10.245    -63.534
  -1   -2     -4.162     -9.398    -60.699
 173  458     -2.062     -5.039    -64.617
  -1  510    -15.990     -5.959    -70.527
 141  210     -1.022    -11.098    -64.970
  -1   -2      8.814      2.280    -64.418
  -1   -2     -8.405     11.506    -76.401
  -1   -2    -11.994     -4.337    -73.885
 117  139     -8.342     -6.358    -67.990
 366   -2     14.543     -5.203    -67.580
 816  299     -0.404      0.150    -76.747
 169   -2     11.654      6.280    -65.678
 261  645     10.335      2.234    -62.493
 361  443    -11.787     -6.935    -66.557
 468  440     -0.268     -1.177    -60.172
 379   69     -3.366     -6.617    -72.859
 513  804     -7.096     11.197    -75.179
 411  479     -3.947     -9.893    -60.370
  -1   -2    -12.819    -10.575    -65.621
 465  801     11.681    -10.926    -64.173
 459  173      0.638      4.140    -75.954
  -1   -2      3.392      0.866    -65.627
 466   -2      8.855    -12.544    -63.154
 821  819    -13.601     11.728    -74.513
 276   -2     17.140      7.233    -66.726
 673  432     -7.153      6.647    -75.538
  76  115     -0.659    -10.695    -65.731
  -1   -2     -0.416    -10.176    -55.548
  -1   -2     -1.287     -8.750    -86.189
  -1   -2    -11.434    -11.920    -72.953
  -1   -2     10.209     -3.598    -64.894
  -1   -2      0.048     -6.942    -63.605
 516  128     10.811     -0.247    -64.967
 249  472     -9.881    -10.465    -73.977
  -1  564     10.302     -0.632    -60.834
 472  325     -5.395      1.513    -63.463
  -1   -2     -7.583     -8.498    -56.044
 360  291     15.206     -4.874    -70.388
  -1  420     14.755      2.314    -69.045
  -1   -2      6.110     -5.633    -54.449
  -1   -2    -11.250     -8.741    -72.264
  -1   -2     -4.226     12.457    -68.735
  -1   -2     -0.052     -8.617    -61.326
  -1   -2     -9.871    -12.017    -72.036
  -1   -2      4.043     -7.783    -63.907
 455  800      0.675     -8.343    -63.241
 497   -2    -12.414      9.110    -62.003
 129   -2     -1.872      3.441    -64.216
  -1   -2     -2.816      3.058    -58.049
 395  469     -4.749      6.772    -61.017
 667  449     18.425     -5.700    -68.221
  -1  123     -1.520     12.388    -70.756
  -1  635    -13.269     10.687    -66.855
  -1   -2     -9.366    -10.203    -57.113
 477  585     -3.188    -11.413    -64.695
 521  277     17.524      2.517    -68.973
 549  434     13.794     -6.001    -64.575
  -1  334     10.094    -12.309    -70.963
 474  457     -9.161     -9.255    -77.024
 391   -2     -1.235    -10.468    -67.211
  -1  253      9.954    -10.821    -64.522
 467  384     -8.531     -0.157    -65.149
  -1   -2    -11.333     -5.734    -74.845
 284  177      4.816      9.173    -75.054
  -1   -2     12.585     -2.716    -63.943
 217   -2     -9.770     -8.061    -65.226
  63  539     -9.312      6.254    -73.775
 134  781      4.498     -9.408    -68.099
 445  798      1.615      1.915    -62.023
  -1  415     -3.001    -10.960    -68.734
 119  509    -13.288      1.646    -66.624
  -1   -2      8.337     -1.469    -55.855
 423  198      4.499     -8.379    -65.710
 557   -2      7.246      6.815    -76.685
 628  488    -13.760    -11.636    -67.420
  -1   -2    -11.071     -0.217    -81.440
  -1   -2     16.567     10.830    -65.824
  -1   -2     15.964     -1.937    -62.917
  -1   -2     13.789     10.791    -63.981
  -1   -2     12.285     12.038    -68.117
  -1   -2      8.699     -4.210    -61.679
  -1  402     -2.926    -12.397    -64.736
 486   -2      4.524      7.073    -71.761
 127   40    -13.131      1.210    -77.096
  -1   -2     -7.498     -3.256    -60.009
 542  722    -11.571     10.002    -61.313
  -1   -2    -14.241     -3.035    -85.892
  -1   -2     -7.563     10.133    -61.219
 399  218    -13.152      0.533    -75.894
 806   -2      3.320      3.413    -68.227
 484  249     -4.107     10.959    -74.108
 155  160     -8.502      2.930    -69.475
  -1   -2     14.679     -7.407    -60.552
  -1  346     -8.915     -6.530    -71.896
  -1   -2     -2.906     -7.128    -62.677
  -1   -2    -12.285     -6.362    -64.372
  -1   -2    -13.826    -10.196    -64.505
 480  513      7.620     12.189    -64.174
  -1   -2      9.126      0.231    -61.754
 101  262     -2.692     -5.670    -77.744
 554  805      7.397    -10.808    -64.963
 648  712     12.080     -5.371    -62.134
  -1   -2     -0.510      8.020    -58.111
  -1   -2     -6.466     -7.594    -58.062
  -1  503     -1.500     -9.590    -74.557
  -1   -2      2.287     -0.258    -59.574
  -1   -2     -7.338      6.767    -60.803
  -1   -2      8.765     -9.598    -79.805
  -1  421    -13.507     -6.925    -72.513
  -1   -2     15.439      9.515    -70.201
 517   -2      5.554     -5.751    -59.057
  -1   -2    -16.068     -7.359    -71.344
 785  815      8.693     11.674    -74.179
 563  220     -5.240     -9.559    -77.687
  -1   -2      9.475     -4.691    -74.333
 222  535    -11.211     -2.387    -63.887
 520   -2     14.795     12.716    -67.422
  -1  768     -3.773    -12.337    -74.433
 236  270      2.849    -11.842    -64.871
  -1   -2      6.274      1.523    -60.522
 569  471     11.534     12.694    -64.004
  -1   -2      5.013      5.920    -55.446
  -1   -2     12.816      2.554    -62.086
 364  431      5.611     -1.379    -72.318
  -1   -2      8.590     12.095    -66.904
 185  194      4.157    -11.739    -66.786
  -1   -2      5.656      6.412    -58.431
 425   -2     -1.243      4.733    -69.090
  -1   -2     10.349     11.194    -61.186
 794   -2     11.312      3.726    -55.511
 481   -2     15.277     -3.976    -62.480
 809  738     -5.979     12.367    -60.588
 627  616     13.297     11.752    -65.564
 636  673    -12.814      7.153    -72.279
  -1   -2     -2.719     -8.072    -81.978
  -1   -2     -7.873     -1.712    -60.627
  -1  573     11.716     11.327    -60.797
  -1   -2     -9.882    -12.614    -67.210
 579  545      5.685    -12.319    -66.488
 643  811      7.458     -2.403    -65.401
 179  823      7.590     -9.224    -67.965
 199  784     -8.971     -8.649    -66.649
 642  682     -0.245     -1.654    -62.963
  -1   -2     14.058    -12.532    -79.374
 547   -2     -7.975     -3.295    -63.759
  -1   -2     -7.290    -11.310    -65.631
  -1   -2     10.484     -4.627    -63.125
  -1   -2      2.880      9.040    -58.998
  -1   -2    -10.162     -6.113    -80.019
 674  590     11.386     -3.934    -62.985
  -1  609     -3.563     -3.012    -59.782
  -1   -2    -14.066     -8.227    -68.800
  -1  279     -0.137     -5.741    -63.546
  -1  333     14.636     -7.209    -74.126
 716  652    -14.836     -6.194    -75.121
 639   -2      8.291     10.283    -62.404
 365  541     -3.090      2.688    -61.279
  -1   -2     -0.517      5.191    -77.342
  -1   -2     -1.518     -8.253    -65.069
  -1   -2     14.513     -4.427    -62.877
  -1   -2      5.860     -1.132    -66.926
 575   -2     11.137     10.880    -65.263
 439  484     14.173     -1.166    -62.046
  -1   -2     -9.950     -7.104    -62.213
  -1   -2     12.675      7.322    -77.674
  -1   -2      0.131     -9.472    -63.933
  -1   -2     12.122      6.987    -63.974
  -1   -2     -1.226      9.500    -54.902
  -1   -2      5.349     -5.480    -53.455
  -1   -2      6.925     11.126    -62.646
 318  274     14.128      7.197    -70.515
 598  258     13.651      9.117    -67.537
  -1   -2     -1.488     -3.078    -67.867
  -1  555      1.442     -0.895    -72.537
  -1   -2     15.101     -1.596    -66.301
  -1   -2      0.282    -13.040    -67.920
  -1   -2    -11.527    -10.229    -65.735
 483   -2     14.637     -4.542    -64.972
  -1   -2      7.352      7.612    -62.029
 600  637      6.907      4.741    -60.240
  -1   -2     11.893    -11.576    -70.095
  -1   -2     -1.407     -1.454    -61.492
  -1   -2     -9.217      3.425    -58.966
 556  752     16.631     -6.682    -71.319
 287  640     11.854      0.269    -63.176
  -1   -2    -15.132    -10.854    -77.432
  -1   -2      4.759    -12.857    -62.897
  -1   -2    -11.601    -10.270    -59.309
  -1   -2      4.446     11.142    -60.398
  -1   -2     -0.857     -7.475    -65.364
 688   -2     14.136      6.492    -70.300
  -1  718     17.279     -1.663    -69.027
 815  278     12.222    -11.476    -70.119
  -1   -2      3.071     -4.596    -59.628
  -1   -2     10.014    -10.640    -76.767
 754  824      0.773    -10.588    -69.954
 723  649      3.484     -0.421    -67.389
  -1   -2      9.503      3.591    -67.563
  -1   -2     -4.539    -10.035    -66.169
  -1   -2     -9.627     10.564    -59.991
  -1   -2    -12.214     -8.093    -63.990
  -1   -2      7.483     13.537    -65.334
  -1   -2     -6.371     -9.024    -53.637
 693   -2     -5.083      9.115    -61.705
  -1   -2     14.955      1.757    -59.191
  -1   -2     -8.448     -1.081    -79.900
  -1   -2      9.912      3.444    -61.755
  -1  568      5.760      7.052    -63.061
  -1   -2      6.383    -11.809    -64.582
  -1   -2     -6.708      6.887    -62.621
 492   -2    -16.268     -6.171    -74.032
  -1  201     -1.127    -12.983    -67.070
  -1   -2     -7.650      8.133    -63.498
 544   -2      3.258     -4.147    -58.366
  -1   -2     14.635     11.972    -73.226
  -1   -2     -2.325      9.022    -76.766
  -1   -2    -14.378     -7.109    -84.761
  -1   -2     -6.920     -6.423    -64.496
 300  698      1.953     -3.863    -66.697
  -1   -2     14.088     -0.881    -72.907
 607  344     -7.124     -4.094    -77.534
 334  589     10.848     -7.478    -64.806
  -1   -2     -2.218      6.927    -60.460
 309  336      1.518      5.302    -76.765
 625  329    -13.230     10.235    -68.582
 235   -2     -4.182      5.397    -77.510
  -1   -2      0.294     -5.216    -65.028
 605  810    -13.431     -2.939    -76.467
  -1   -2     -7.412      5.420    -60.747
 669  626    -15.795      5.997    -73.138
  -1   -2     10.377     -1.941    -75.978
  -1   -2     11.947     -8.876    -63.936
  -1   -2      8.565     -3.649    -76.104
 145   77      1.511     -1.865    -68.963
  -1   -2     16.121    -11.059    -64.508
  -1   -2      7.325     -0.924    -65.603
  -1   -2     13.005    -10.465    -75.938
  -1   -2      7.810     11.683    -76.925
  -1  746     10.135     -6.618    -66.798
  -1   -2      4.464      9.359    -63.689
  -1   -2     -3.065     -1.438    -83.546
 285  490     15.572    -12.669    -73.523
  -1   -2     -4.037     -7.000    -64.189
  -1   -2     -0.637    -12.440    -66.511
 512  825     -9.081      0.667    -77.607
  -1   -2     17.422     -2.521    -72.623
 183  762    -10.385     -2.519    -70.026
  -1   -2      6.994    -10.064    -57.907
  -1   -2      9.545    -11.462    -73.903
  -1   -2      8.146     -2.056    -59.218
  -1   -2     -0.474      6.339    -56.600
  -1   -2     13.802      3.046    -66.882
  -1   -2     13.807     11.911    -65.095
 297  792    -14.216     -0.376    -75.034
 295  306    -13.229      0.060    -65.065
  -1   -2     10.029     -5.988    -57.307
  -1   -2      4.055      8.947    -72.654
 703  601     15.572     10.576    -64.503
  -1   -2      0.861     -5.930    -58.339
  -1   -2      8.723     -9.608    -59.820
  -1   -2     -5.991     -8.737    -84.461
  -1  593     -4.785     -9.627    -70.883
  -1   -2     16.043      6.849    -71.400
 738  735      6.019      8.432    -67.356
  -1   -2    -14.813     -2.867    -83.343
  -1   -2     -6.993     -4.361    -56.981
 682  812      4.954      2.964    -71.483
 680  679    -12.195      7.499    -71.362
  -1   -2     14.532      2.789    -74.225
  -1   -2      4.520     11.991    -67.566
  -1   -2      9.040      4.945    -61.754
  -1   -2     -8.199      0.619    -78.520
  -1   -2    -13.050     -5.377    -62.893
  -1   -2    -13.811      5.994    -86.275
  -1   -2     -6.072     -6.274    -64.695
  -1   -2     -7.128    -12.134    -61.785
 828   -2     -8.764      4.776    -60.318
  -1   -2     -8.003      7.130    -75.086
  -1   -2    -14.908     -4.095    -82.970
  -1   -2     11.901    -11.850    -64.023
  -1   -2      6.336     -9.181    -63.564
  -1   -2     17.712     11.266    -68.438
  -1   -2      7.333    -13.048    -67.798
 727  600     -4.929     11.802    -68.121
  -1  332    -13.711      3.338    -74.540
  -1   -2     15.406     12.281    -63.099
  -1   -2     19.035     10.957    -72.171
 584   -2      4.891     -5.083    -74.082
  -1   -2     10.288    -11.292    -71.773
  -1   -2     12.637     -0.739    -76.254
  -1   -2     12.678     11.094    -77.480
  -1   -2     -8.686     -3.052    -67.264
 760  364      0.843    -12.289    -64.381
  -1   -2     -1.951      0.115    -74.707
  -1   -2     -2.332      8.834    -83.221
 779  228      3.308     -0.414    -73.457
  -1   -2      7.389      0.105    -71.271
 756  814    -10.559     12.399    -68.050
  -1   -2     -7.583     10.672    -55.792
  -1   -2    -14.412     11.576    -76.988
 337   -2     -6.415      2.669    -63.154
  -1   -2     -0.360      4.514    -65.663
  -1   -2     17.507    -12.158    -71.829
  -1   -2     -7.482     -6.296    -64.524
  -1   -2      2.239     -6.673    -67.011
 609  731     16.574     -3.182    -63.374
  -1  742    -13.464     -1.961    -77.152
  -1   -2      8.557    -10.782    -72.658
  -1   -2      4.286     12.833    -68.453
  -1   -2      6.637      1.255    -64.553
 741  775    -10.876     12.474    -67.782
  -1   -2     10.574      4.858    -66.031
  -1   -2     -5.601     -4.002    -76.115
  65  222      8.938      4.230    -70.861
   7  558     -3.596      1.615    -71.834
  -1   -2     16.815      3.878    -65.074
 132  232      6.519     -4.263    -66.170
 452  799     -1.511     11.061    -65.597
 181  211      3.071     -3.037    -64.793
 306  374      7.292      7.192    -72.102
 797  307     -4.011      5.584    -70.045
 788   -2      2.817     -9.205    -73.587
 221   26     -9.779      0.234    -71.416
 786   -2    -12.374     13.258    -67.526
 789  257     -4.246      9.462    -72.189
 793  597      8.604     -3.320    -62.196
 302   -2      9.181      7.351    -63.115
 604  144      4.050      4.931    -63.379
 735   -2     -9.517     -1.094    -76.181
 251  633     -1.947    -10.425    -65.791
 335  348     -3.413      1.273    -67.084
 333  743     -1.025      9.489    -75.053
 748   -2      3.532     -4.768    -71.586
 807   -2     -8.278    -10.033    -76.356
 620  714    -16.288     -6.948    -75.510
 451   -2     13.646      1.717    -75.458
 250  789      8.237     12.486    -68.978
 446  216      4.654     -3.377    -64.151
 450  492    -15.695     -5.122    -70.629
 227   -2     -6.518     -4.772    -76.881
 414  797     10.380      5.683    -69.133
 565  806      7.547     -6.333    -73.835
 580  826     -4.338      6.550    -68.610
 308   -2     13.610      6.847    -73.931
 325   -2      0.560     10.525    -53.650
 810   -2    -12.648      4.526    -77.507
 248   -2     -8.734     -5.238    -62.344
 798  817     -4.668      0.928    -69.214
 272   -2     -4.987     10.938    -74.154
 654  290     12.503      6.977    -63.138
 805  818     11.290      1.247    -71.371
 795  816     -3.950     -6.669    -69.423
  15  383     -5.504      2.159    -64.447
 611   -2     15.636     -8.887    -65.005
 500   -2     -6.317     -8.802    -67.279
 550  404     -3.507     -7.368    -74.130
  75  163      5.034     -9.368    -67.320
 315  351     -3.003      3.769    -68.071
 332   -2      3.773     10.772    -74.777
 458  465    -13.853     10.718    -73.874
 539   -2    -11.813      3.034    -62.204
 582  827      7.996      3.794    -65.529
 594   -2     16.218      1.961    -75.547
 664   -2      9.906    -10.827    -64.925
 776  435      7.425     -3.064    -69.319
 822  475    -14.296     -9.587    -73.683
 824  526      2.726     -7.992    -71.053
 825   -2     10.585      7.297    -67.282
