840
 213  162      5.557      1.508    -72.359
 329    0      1.222      0.383    -71.333
   5    5     -9.007      6.463    -71.099
   8  145     -2.479      4.595    -72.854
  53   18     -0.386      6.295    -71.718
 785    1     -2.452      3.769    -69.727
 446  215      2.208     -5.022    -72.228
  54  372     11.115      1.965    -70.186
  88   85     13.223     -0.784    -70.378
 372   21      6.278      4.803    -72.046
 338  144     -1.327     10.847    -71.902
   6  471      4.135      8.687    -69.944
  14   28    -10.557      1.319    -70.261
  41  359      0.182     -3.804    -70.423
  10   11      5.118      3.260    -68.196
  -1  108     -2.757      0.609    -72.392
  17   99     -1.976      1.995    -68.074
  37   24      5.554     -2.372    -68.414
 125  333      3.926      5.884    -69.468
  45   32      6.909      7.610    -72.056
  83   -2     -3.756     -8.637    -69.011
  62    8      3.588     -1.381    -69.399
  28   25      4.164      7.082    -67.611
  23   17      1.332     11.616    -71.640
  32   13      5.591      4.401    -66.404
  46   10      5.809     -0.827    -67.873
   3  369      5.128      1.966    -72.947
 337   14      4.841    -11.289    -73.330
  19   12     -0.332      7.417    -68.706
 102   23      2.064      7.621    -67.768
 239  112      6.936      2.992    -68.579
  27   20      1.011      6.163    -66.832
 108  293      2.163    -11.050    -71.354
  13   26     -3.266     -5.442    -75.628
 341  370     -3.521    -11.528    -70.698
  -1   59      1.370      2.387    -68.965
 136   27      3.212     10.459    -71.778
   4   37      4.391      6.758    -72.101
  33  389      7.042     -5.005    -71.749
  48   43     11.780      9.188    -69.678
  -1   -2     -6.216      6.925    -70.899
 130   29      1.792      5.370    -67.873
   0    2      1.090      5.640    -72.673
  12   16     -1.732      8.706    -68.003
  59   -2      3.758     -7.526    -62.783
  61   30     13.816      4.520    -68.918
 140  357     -6.995     -0.355    -70.523
 128   33     10.191      1.684    -66.770
  60  591     -2.967     -3.842    -71.193
  30  775     -2.494    -11.222    -66.950
 181  340     -5.106     -0.982    -71.676
 834   81     13.712      2.976    -68.882
  49  198     -0.910      4.291    -69.144
  73   53      3.029     -9.250    -63.486
 114  118     -5.663     -7.037    -60.464
 347   36      9.981     -6.070    -69.425
 184   39     -0.214     -6.739    -71.351
 218  111     13.923      9.670    -70.308
 138   49      0.807    -11.477    -63.785
 179  783      5.723      3.107    -68.938
  38   60     -0.023     10.697    -70.987
  63   67      1.534      6.338    -66.887
  47  157     -6.756     -4.342    -72.500
  -1   -2      5.427     -1.025    -70.121
  35   52     -8.423      4.107    -65.953
 357   22      8.970      7.155    -70.246
  -1   -2    -14.187     -1.832    -74.463
 791   44      4.058     11.300    -67.025
  34  776     -9.238      9.891    -73.777
   7  158     -1.693      8.010    -69.721
 148  353      2.176      3.846    -66.278
  39   47      7.779      2.775    -66.831
  11    3      3.424      1.237    -68.548
  91   87    -11.991     -1.970    -66.713
 529   -2     -8.726      3.855    -71.841
 171   55    -10.689      9.194    -67.495
 172   56     -0.763     -1.074    -67.254
 215  363      5.320     -9.772    -70.664
  36  777      2.804     -4.268    -76.985
  86   57      6.427     -8.480    -70.329
 786  374     -5.569     -2.077    -70.275
 340  362     -0.172      2.571    -67.181
  93   64     -8.442     -2.070    -69.813
 385  399     -6.454     -6.843    -69.031
  -1   92     -1.457      0.197    -66.786
  -1   -2      1.303     -0.778    -61.683
 182   68      1.472     -6.559    -68.699
 107  244      5.897     -4.589    -73.417
 132  103      4.874     -4.962    -67.484
 157   -2     -7.749    -10.554    -68.595
 170   76      4.963     -7.443    -69.121
  22   15     -2.224      5.212    -67.812
 334  801      0.778      7.960    -75.798
 123  356     -9.714      6.957    -77.326
 238  217    -11.609     -6.394    -72.157
  98  113      7.002      1.869    -66.587
  -1  544     -5.886      0.465    -62.313
 185   58     16.085      2.026    -69.117
  97  395      0.437      2.932    -62.005
  77  202      1.549      0.633    -66.601
 356   77      3.830      5.462    -67.845
 109  120    -11.964      9.658    -63.769
 113  148     -2.687      8.730    -72.654
  -1  133     -0.492     -7.865    -67.935
 351  371     -5.465      1.860    -74.006
  51  285     -2.413      9.766    -73.051
 345  803      2.295      4.863    -71.924
 543   69     -9.277      4.067    -66.986
  72   82      3.613      6.701    -66.982
 500  477    -12.956     -1.264    -74.219
 186   -2     -6.818    -12.577    -65.502
 225  213     -7.204     -1.996    -63.339
  69   -2     -2.530      5.664    -63.255
  56  778      5.761     11.875    -69.021
  -1   -2      0.234     -4.013    -68.762
  -1  397     -7.176     -9.244    -67.371
 135   42     -4.550     -3.071    -68.978
 689  207    -12.237     11.875    -72.861
 154  122     14.369      6.367    -67.354
  -1  135     -3.566      2.254    -60.938
  -1   -2      4.388     -8.134    -68.110
  74  180      0.102      4.816    -63.974
  -1   -2     -3.414     -5.009    -69.685
 830   83     10.753    -12.464    -71.555
 105   75     -9.011      8.808    -66.305
 421  151      4.032      8.326    -67.097
  52   34     -2.665    -11.198    -69.863
  -1   -2      6.396     13.261    -64.975
  -1   -2     -5.078     -4.191    -61.282
 439  193      1.647      7.958    -73.792
  -1   -2     -5.381     -2.076    -73.778
 216  117     -2.986     -2.838    -66.969
 146  104      6.917      8.985    -62.663
  -1   -2      1.814     -7.313    -62.654
 788    6     -0.454      2.518    -71.348
  -1   50      3.322     -9.817    -62.975
 176  164    -11.757      6.294    -69.560
 165  352     -0.821     -2.828    -62.311
 124  150     14.088     -2.657    -71.159
 242  246      1.852     -7.794    -71.195
  92   95     -8.613      6.009    -66.994
 191  125     -8.967     11.704    -61.922
 291   98      4.376      2.661    -64.290
 386   -2    -10.953     -8.967    -64.271
  -1  168      8.714     12.471    -70.029
 798   -2    -10.813    -11.899    -70.321
  -1  342      6.769     11.632    -62.642
  -1   -2    -14.162     -3.717    -68.036
 276  409     -9.970     10.885    -69.667
 232  197      5.961      6.096    -62.897
 787   74      7.228     -2.921    -67.495
 143  131     -8.703     10.934    -73.273
 200  116     12.526      2.953    -67.827
 133  780     -2.097     11.946    -66.791
 208  188    -11.312     -6.309    -67.339
 412   -2     -0.455    -11.373    -66.000
 482  807     -2.357     -3.213    -71.700
  80  114     -9.680      2.883    -62.957
 468  161     14.395    -12.762    -70.622
 153  100      1.731     -4.335    -71.205
  -1   -2     -6.185      3.959    -58.890
 236  376     -8.358     -9.439    -72.894
  87  142    -13.413      9.851    -70.505
 263  249      5.127      9.584    -66.060
 144  481    -13.163     11.371    -71.660
  94  128    -12.346      2.086    -69.243
 173  234     10.754      3.080    -66.117
 111  483     12.527    -11.896    -69.300
  -1  450     12.506     11.522    -69.926
 427   96     -3.779    -10.767    -67.426
 164  264     13.413      6.252    -68.168
 192  786      5.050      7.601    -62.439
  29   48      7.118      2.553    -73.755
  79  428     -1.456    -11.777    -69.280
  68  318      9.120     -0.958    -72.755
 151  177     -2.723     -7.447    -64.113
 159   94     -9.770     10.973    -72.115
 467  242     10.843     -5.706    -65.897
 210  573    -11.935      7.273    -67.304
 158  444     -2.723      4.580    -66.685
  -1  134     13.450     -4.197    -68.045
 384  401      9.212     -4.327    -67.265
  31  127      9.536     -6.018    -67.334
 247  191      4.042     -4.940    -63.220
 344  575     15.967     -4.345    -70.362
 162  782      1.563     10.222    -66.672
 197  315      5.452     -3.997    -68.932
 455  174     -0.511      0.468    -60.842
 803  163      2.298     -2.908    -62.056
  -1  610     -3.416     11.314    -63.199
 428  757      1.256      4.953    -74.300
  -1   -2     -6.122      1.040    -65.851
 166  349     -3.510     -3.414    -70.556
 363   91     -2.231      6.604    -63.639
 227  167     17.135      4.695    -69.330
 167  115    -11.161     12.967    -66.672
 801   -2     -5.103    -10.704    -68.985
 223  350     -5.791     11.734    -65.142
 465   70     11.629      3.518    -69.140
  -1   -2     -3.817     -9.913    -66.545
 155  822     -6.858      9.820    -73.499
 564  175     -1.587     -4.840    -66.819
  -1   -2    -11.802     12.058    -66.844
 129  204     -5.487      9.651    -64.345
 222  630      4.769      7.095    -64.867
 255  297    -13.319     -4.299    -74.929
 466  250      8.886      1.009    -65.367
 161   41     -8.773     11.139    -66.417
  -1   -2     -0.975     -9.800    -75.063
 568  411     -8.046     -5.739    -71.436
  65  205     -6.130      3.609    -74.456
 188   -2     -4.777     11.044    -72.627
 451  201     -0.963     -5.898    -67.146
  -1   -2    -14.224    -11.243    -76.084
 489   73      1.798     12.036    -64.177
 211  189      8.037     -1.194    -62.733
  43   86      9.905      9.254    -68.167
  -1  110      3.291      8.741    -62.744
  -1   -2     -7.272     -2.761    -59.830
 240  209      8.839      2.580    -69.227
  -1  126     -9.153    -10.021    -65.596
  -1  496     -3.777     -7.708    -64.698
  -1   -2     -9.077     -7.549    -64.401
 212   -2      9.386    -11.934    -72.035
 253  266    -10.188     11.601    -64.664
 506  221    -10.703      2.502    -66.699
 435  231      6.308     -4.306    -65.434
 205  265      8.523      8.250    -69.868
  96  138     12.521     -1.699    -70.176
  -1   -2     -4.000     -8.471    -66.639
 440  185     -0.269     -4.185    -62.086
  -1   -2      7.124     -1.436    -64.128
 304  798      6.922     -1.030    -66.593
  -1   -2     15.408      1.487    -70.294
 301  281     15.900     -0.225    -67.691
  -1   -2    -15.566      2.451    -74.836
 563  581      0.833      6.265    -68.749
 339   -2     10.176     -2.862    -71.277
 228  498    -12.138      0.482    -65.571
 261  173      7.392      7.429    -65.170
 546  199     -9.955     -0.247    -74.175
 163  228      5.771     -1.978    -68.672
 189  309      2.143     -6.565    -68.351
 251  208     10.118    -11.160    -71.942
  -1   -2      6.439     -4.385    -67.478
  -1  341      3.923      7.971    -73.911
  -1  212      6.928      5.081    -62.632
 380  206     16.824      1.079    -67.638
  -1  216     -7.407    -12.229    -71.542
 269  654     -9.385      8.084    -63.772
 250  230      4.194      0.861    -60.123
  -1   -2    -10.940    -11.440    -69.265
 273  277    -12.087      8.218    -70.429
 277   80      4.065      4.299    -66.501
 411   -2     15.770     -7.374    -67.675
 524  523    -11.330     -9.561    -64.837
 137  176    -13.359      8.175    -66.871
 289  795    -10.460     10.304    -75.946
  -1   -2    -11.770     -5.062    -75.867
 360  290    -13.998     -8.005    -74.944
 260  257     16.819      7.544    -68.268
 267  793     -2.323     -1.321    -77.358
  -1   -2    -11.794     -6.171    -69.948
 820  295    -10.027     -7.835    -74.393
 112  296      2.136     -3.096    -68.406
 804   -2      0.091      2.130    -77.975
 145   -2     -4.367      0.466    -69.153
 382  524    -12.426     10.951    -67.219
  -1   -2     -9.203     -7.504    -60.861
 502   -2     11.807     -7.176    -70.719
  -1   -2    -11.089     -0.885    -76.437
  -1  345     11.891     -2.828    -67.736
 245   -2     -8.719      0.041    -76.875
 139  781     -8.981     10.764    -68.394
 821  438      9.068     -8.072    -66.077
 503  220     17.316     -6.329    -69.872
  -1   -2      3.761     -0.055    -61.527
 403  272     11.691      9.783    -65.458
 553  165     12.569    -12.112    -72.090
 520  139      9.435      6.973    -62.643
   2  346      1.168      6.588    -72.636
 274  559     13.952      3.193    -64.584
 437  753     -5.286      3.831    -75.772
 598  224    -13.678     -1.444    -68.009
 275  291      5.375     10.941    -65.768
 271  307      9.411     -1.112    -65.491
  -1   -2     12.720     -1.928    -64.679
 505  536      0.927     10.320    -60.303
 286  222    -13.025     -7.016    -76.422
 187  334     17.259      5.384    -70.648
 312  519      6.656     -9.705    -73.475
 558  226      7.454    -10.660    -69.723
 481  268     -9.598      1.602    -76.913
 258  639      7.850     -6.616    -73.990
 795  590     -5.581     -7.827    -74.731
 202  788      4.331      4.520    -62.097
 307  449     14.266     -5.382    -70.319
 323  799     16.963      8.781    -69.787
 199  619     -8.427     -3.245    -74.851
 557  568      6.943     -9.457    -73.606
 521   -2      8.939     -1.482    -65.390
 265  601     14.170      6.725    -67.256
 160  648     -3.150     11.715    -73.229
  -1  289     -9.544      4.497    -76.694
  -1   -2     -9.171      3.549    -71.945
  -1   -2     -7.511     11.503    -74.279
 491  593     -5.372    -12.178    -65.970
 220   -2     11.845     -5.257    -72.388
   9  310      8.175     11.535    -69.820
  -1   -2     10.274     -6.380    -76.428
 574   79     -0.085      9.116    -72.780
  -1   -2    -12.319     -3.557    -65.107
 317  288     13.395      8.387    -65.006
 321  302     12.426      1.335    -61.913
 226  241     -9.816     -6.445    -63.995
 279  328    -12.773      0.892    -75.696
  -1   -2     -2.570     -9.539    -68.740
 656  644      3.097      1.092    -63.488
  -1   -2     14.713      9.024    -65.502
 194  787     -0.834     11.554    -71.656
 573   -2      0.541      5.666    -67.060
  -1   -2      7.752     11.158    -60.447
 586   -2     14.033    -13.106    -68.948
  -1   -2    -14.774     -3.568    -78.119
 651  814     -1.574     -3.322    -74.761
  -1   -2     -3.562     -4.039    -59.024
 478  823     -8.963     -9.635    -62.263
  -1   -2     -1.376      4.589    -56.656
 121  136     12.168      7.179    -69.800
  -1   -2     12.596      5.207    -67.223
  -1   -2     -3.207      8.622    -62.540
  -1   -2      3.235      8.103    -65.652
 625  311     10.759      8.983    -62.946
 717  327     12.687     -5.945    -72.875
  -1   -2    -11.864     -1.313    -72.847
  -1   -2     14.178      8.267    -67.677
 731  736     15.850      2.869    -66.689
  -1   -2     14.363      4.958    -62.803
 687  322      2.560      6.381    -64.943
 298  253    -13.623      4.307    -73.951
 691   -2     12.492      3.621    -68.141
  -1   -2     -9.857     -7.601    -70.142
 736   -2     -1.835      2.025    -64.249
  -1   -2     -8.206    -10.227    -77.708
  -1   -2     -8.927    -12.406    -66.105
 570    4      3.131     -0.623    -71.435
  -1  329     12.606      6.040    -64.067
 290  796      4.409     10.580    -65.560
  -1   -2     -8.926     -6.276    -69.053
  -1   -2     -3.463     -9.309    -59.865
   1    9     -1.113     -1.081    -71.906
 794   -2     -5.480     -3.066    -71.243
 391  331     -1.370    -10.117    -70.412
  -1   -2      8.601     -9.962    -70.449
 429   46     -5.170     -7.524    -68.298
  78  779     -8.672     -7.740    -74.533
  64   51     10.288      9.575    -68.559
  -1   -2      6.480      9.245    -53.073
 221  791     13.531      8.496    -68.010
  -1  532     -8.518     -6.820    -74.725
  -1   -2      9.412     -1.749    -58.626
 797   97      2.165      3.240    -64.008
 116  194     -8.187      9.370    -70.793
  57  335      5.126     -0.665    -67.504
 377  348     -5.217      8.134    -68.249
  -1   -2     11.336    -10.399    -74.606
  -1   -2     -3.469     -8.776    -64.111
 335  802     -6.749      3.029    -74.016
  58   -2     -5.415      1.144    -76.215
 375  146     15.204      6.653    -68.304
  -1   -2      0.996     -7.965    -66.409
 366  541     15.214     -6.960    -75.150
 331   -2     -0.861     -3.196    -72.034
  -1  459    -13.667      6.384    -74.405
 594  572      6.003    -11.733    -72.019
 103  147     15.143      7.502    -66.114
  -1   -2     -3.664     11.520    -73.296
  -1   -2     -5.857     -9.634    -56.170
 131  384    -14.137      8.541    -72.565
  -1  361      9.782     11.737    -61.764
  99   -2    -10.490     -5.061    -63.520
  -1   -2      5.411     -7.952    -61.039
 332  800     -3.729      0.987    -63.215
  70   38      8.775     -3.911    -68.939
  -1   -2      2.879     -3.375    -56.176
  -1   -2     -3.448     -5.976    -65.676
  -1  155      6.077      7.502    -63.861
 193  171      7.796      1.372    -72.872
 134  388      2.180    -12.900    -67.107
  -1   -2     -0.973    -10.188    -70.234
  42  219     -9.056      4.696    -73.215
  -1   -2     -7.994     -0.905    -69.437
  -1   -2     -5.135     -9.731    -62.725
 414  491     13.731     -4.159    -65.413
 295  170      7.401      9.492    -69.654
  -1   -2     -1.899    -12.356    -75.268
  -1   -2     -4.531     -7.722    -54.767
 118  824     -2.660      5.572    -57.818
 126  407     -3.688     -6.648    -69.180
 387  102    -13.090      1.700    -69.429
 402  380     -0.106     -6.652    -60.580
 178  429      0.581      0.810    -61.133
  26   89     -7.406     12.459    -64.200
 156  179      4.441     -9.428    -63.237
  -1   -2     -2.167     -4.831    -59.247
  18  317     -3.154      1.153    -69.815
 581  294     -4.557      1.160    -68.001
  -1   -2     -9.735     -3.331    -63.316
  -1   -2     -8.082      1.779    -66.125
  -1   -2      1.640     -6.763    -62.081
  -1  105      3.558     -6.178    -68.369
  -1   -2    -11.815     -7.739    -80.006
  -1   -2     -7.503      3.256    -65.734
  -1   -2     -2.266     11.077    -61.944
  -1   -2      8.105     12.445    -68.393
 120  227      1.501      0.744    -63.558
  -1   -2     -9.874      4.250    -62.802
  -1  366      3.407    -10.463    -72.240
 397  381     18.327     -7.807    -68.997
  -1   -2      3.013     -5.831    -71.667
  15  152     -0.128     -2.436    -72.414
  -1   -2      6.852     11.094    -59.541
  -1  236      0.867     -2.302    -71.593
 484  373     -5.040      4.889    -63.105
  -1   -2    -12.191      2.731    -70.734
 371   -2     15.464      6.442    -68.782
  -1   -2     -1.147     -3.509    -63.971
  -1   -2      1.854     -6.081    -75.363
 410  455     -6.049     12.853    -61.446
 169  124     -4.111      9.318    -65.317
 389  391     -4.648      0.104    -65.897
 827  320      8.796      5.339    -75.789
  -1   -2    -11.337      0.435    -61.025
  -1   -2     10.625      4.088    -73.962
  -1   -2      8.982     -5.156    -63.394
 617  456      5.319      5.605    -66.027
 142  375    -10.987    -10.045    -65.843
  -1   -2     14.088     11.807    -68.602
 285  825      3.042      2.304    -77.468
 376   -2     14.228     -8.170    -69.397
 368  247     11.770     -0.371    -68.846
  89  499     -5.811    -11.358    -68.876
  -1  130      8.655      2.349    -61.593
 369  548      1.274     -6.419    -66.484
 447  826      1.305      0.083    -59.817
  -1   -2      5.152     -6.440    -72.597
 469   -2     -6.687     -3.660    -58.911
  -1   -2     -3.000     10.054    -59.504
  -1   -2     10.672     -0.859    -64.080
 147   -2      7.442    -11.420    -72.087
  -1   -2     -2.955     -5.541    -64.507
 431  420     16.404     -4.607    -64.963
  -1   -2     -3.773    -11.747    -80.772
  -1   -2      8.861    -11.307    -64.899
  -1   -2    -12.553     -1.705    -71.014
 433  448      3.208     -8.655    -74.804
 453  806     -2.701    -10.084    -66.775
  -1   -2     -2.555      5.721    -55.118
 388  192     -5.150     -2.196    -75.270
  -1   -2     -9.530      5.982    -61.721
 712  816     15.711      5.731    -72.359
 252   -2     -4.532      5.489    -75.539
  76  137      1.796     -4.696    -70.757
  -1  182    -11.188     -3.532    -62.572
 206  790     -7.642     -4.049    -59.527
  -1   -2     -9.134    -10.907    -58.084
 183  784     12.843     -3.807    -71.611
  82   -2    -13.868      6.710    -65.930
 396  454     11.910     -4.567    -63.412
  -1   -2      0.415      1.125    -79.808
  -1   -2      0.007     -4.656    -60.981
  -1   -2     -2.589     13.113    -62.633
 560   -2    -10.496      1.005    -61.711
 361  505     15.211      5.461    -69.031
 404  410     16.619    -10.157    -68.798
  -1   -2     -8.716     -4.116    -70.621
  -1   -2     -2.362     -2.538    -65.898
  90   63      1.777     -5.296    -65.355
 492  808      3.156    -12.070    -62.860
  -1   -2    -10.306     -0.085    -67.366
 471   -2      7.832    -11.635    -60.306
  -1   -2     -8.149      0.560    -57.787
 526  603      2.757    -10.534    -76.784
  -1   -2      8.943      1.391    -77.773
  -1   -2      0.941      2.123    -56.284
  -1  406     10.976    -12.228    -64.290
  -1   -2      5.384    -10.547    -59.399
  -1  243      5.962     -7.080    -75.337
  -1   -2     12.064     -0.144    -65.345
  -1   -2     -7.680    -11.661    -60.834
  -1   71      3.956     -3.566    -61.208
 394  585     18.177     -9.591    -69.941
 688  432    -13.396      8.426    -74.612
  -1   -2     16.558     -4.384    -72.215
  -1   -2      6.186     -8.235    -59.779
  -1   -2     11.895     11.315    -62.116
 426   -2     -3.425    -10.478    -60.839
  -1   -2     -6.292      9.396    -59.621
 264  597     11.996     -2.996    -70.956
  -1   -2      3.520     12.138    -71.481
 374  402    -11.287      7.799    -62.533
  -1  382     18.139     -6.312    -71.484
  16  442      4.654      6.491    -73.583
  -1   -2     -4.823     -7.709    -60.291
  -1   -2      8.085     -5.072    -62.206
  -1   -2     -0.423     10.901    -62.674
 554  354     11.648     -7.300    -64.857
  -1  149     -2.356     11.252    -64.504
 645  421     -4.164      0.558    -64.927
  -1   -2     10.724     -7.572    -58.935
  -1   -2     13.272      9.801    -64.103
 190  785    -13.564      8.169    -77.797
  -1   -2     12.989     -3.433    -57.759
  -1   -2    -13.337     -8.611    -66.269
  -1   -2      2.481     -3.536    -66.277
 609  229     -4.966      2.826    -67.273
  -1  355      0.202      1.489    -60.526
  -1   -2      0.997     12.434    -69.457
  -1  337     -5.488    -10.132    -67.320
 463  153     -7.705    -10.323    -64.815
  -1   -2     14.181     -7.188    -69.419
  -1   -2      1.983     11.308    -64.527
  -1   -2     -4.189    -12.857    -68.308
 802  820     -2.407      1.550    -59.751
  -1   -2     -5.455     -0.204    -83.592
  -1   -2    -10.168    -10.712    -63.679
 613  475     11.894     12.284    -72.617
  -1   -2      8.413     -8.929    -60.330
 547   -2    -12.052     11.208    -65.223
 101  109      9.401      0.188    -65.851
  84   -2     -2.871     -9.161    -67.438
  -1   -2     -8.952      0.534    -53.556
 532  810     15.380     12.350    -72.810
  -1   -2      7.746    -11.854    -64.783
 548  812     -2.703      8.809    -65.916
  -1  258     10.133     -8.725    -63.026
 430  804     -1.352     -3.387    -59.717
 419  254     13.459     -0.120    -68.383
  -1   -2    -12.126     -9.281    -70.667
  -1   -2     -5.872      8.185    -68.216
 572  674     13.809     -8.955    -75.826
  -1   -2     -7.015     10.522    -60.920
  -1   -2     14.073    -11.955    -64.976
  -1   -2     10.305     -4.668    -55.504
  -1   -2    -13.000    -10.393    -76.206
  -1   -2      8.881     10.988    -61.923
 422  494    -12.329      4.786    -71.663
 828   -2     14.286      9.524    -73.874
 401  472     10.029      3.186    -71.612
  -1   -2      4.719     -3.253    -60.445
 297  797     -4.137      9.747    -68.085
  -1   -2     -8.327      2.829    -61.319
  -1   -2      3.845    -11.766    -61.023
 495  440     14.282     -9.188    -64.928
  -1   -2    -13.139    -12.447    -64.982
  -1  308     -2.906      8.586    -74.697
  -1   -2     -0.718      0.130    -59.404
  -1   -2     -1.151     -4.281    -53.037
  -1   -2      2.030     12.394    -72.598
  -1  634    -13.805      0.924    -67.835
 104  358    -11.311      8.709    -72.036
 533  452      1.477     11.434    -62.120
  -1   -2     12.441      0.539    -57.600
 425   72     -5.723      7.361    -71.689
  -1   -2      1.499     13.063    -68.494
  -1  461      7.571    -10.765    -62.683
 814   -2     -5.787     -2.927    -59.893
  -1   -2     11.687     -9.377    -62.698
  -1   -2     13.254     11.972    -67.257
  -1   -2    -13.002      8.545    -77.918
  -1  434     -3.605     -0.472    -74.108
  -1   -2      2.700     -9.935    -59.552
  -1   -2     -5.581     -7.469    -70.869
  -1   -2      2.632     12.540    -66.545
 655  263     10.797    -13.047    -68.920
  -1   -2     -8.343     -8.028    -56.805
  -1   -2     -0.272     -5.492    -58.799
  -1   -2      4.744     12.540    -68.986
 438  805      4.300      0.889    -71.700
 539  811    -13.078     -6.307    -63.424
 528  809      3.399    -11.252    -76.539
  -1   -2     -6.509    -12.346    -71.893
 456  422     10.229    -10.408    -68.292
  -1   -2     13.753     13.154    -68.851
 234  143    -14.671     -9.618    -75.231
 509  516     14.293      0.140    -64.321
  -1   -2     -0.358     -3.188    -67.413
  -1   -2      2.208     -8.654    -69.719
 684  466     -2.321      5.067    -65.724
  -1   -2     10.835     -9.487    -63.202
 510  413    -16.431      0.593    -73.253
 836  184     -6.772      6.032    -76.287
  -1   -2     -6.379     -5.500    -80.757
 800   -2     12.075     -0.838    -71.661
  -1   -2      2.408     -9.976    -57.097
  -1   -2    -12.884     -0.108    -67.971
  -1   -2      7.183     -2.509    -59.930
  -1   -2     -4.908      1.970    -56.450
  -1   -2     -6.711      2.377    -59.735
  -1   -2    -12.791     10.297    -84.816
 270  794    -11.313      6.525    -69.713
 296  270     13.401     -1.482    -71.143
  -1  433     -5.784    -12.329    -65.178
  -1  688    -11.395    -11.853    -61.485
  -1   -2    -15.828      8.181    -71.246
 417  759     -6.541     10.282    -68.576
  -1   -2      0.227     -9.684    -70.208
  -1   -2    -10.633     -7.106    -60.114
  -1   -2     -5.036      3.503    -61.863
 692   -2      0.599      6.018    -67.079
  -1   -2     16.869     -7.765    -71.243
  -1   -2      1.999     -5.971    -55.498
  -1   -2     -2.832      8.627    -65.894
  -1   -2     -7.440     -4.267    -63.906
  -1   -2     -6.453     -3.902    -67.501
 306   -2     17.576      0.456    -68.376
 280  827     -6.409      7.874    -75.898
  -1   -2     -8.777     -9.668    -61.059
  -1   -2      8.783      5.833    -71.735
  -1   -2     -2.705    -10.103    -57.910
 209  129      1.395      5.686    -67.929
 117   -2    -13.016     -0.665    -76.730
  -1   -2     10.249      8.470    -60.137
  -1   -2      0.994     -4.366    -70.430
  -1   -2     -4.972      9.237    -54.576
 180   -2      7.175      4.539    -75.863
  -1   -2      8.353     -2.210    -56.260
  -1   -2     12.791      9.066    -62.040
  -1   -2     11.154     11.699    -61.548
 195  412    -12.603      9.659    -76.167
  -1   -2      2.324     -6.464    -58.920
  -1   -2    -14.459     -0.031    -74.917
  -1   -2     10.163      0.858    -68.471
  -1   -2    -15.482     11.691    -72.781
 534  298     -9.312      3.028    -76.890
  -1   -2      4.381      5.252    -60.129
  -1   -2    -11.975      4.391    -65.332
 479  292     13.285     -2.740    -70.896
 678  545     -3.520     -8.841    -59.576
 278  563     -9.541     -9.931    -72.446
  -1   -2     -7.596      4.140    -69.731
  -1   -2     12.236      6.022    -62.786
  -1   -2      8.703     12.384    -63.639
  -1   -2      0.579     -8.637    -56.029
  -1   -2     -8.687     -2.685    -74.342
  -1   -2     -4.129    -12.012    -63.089
  -1   -2     15.697     -3.598    -60.762
 743  316     -7.270     10.298    -64.304
  24  351     13.969      6.103    -72.171
  -1   -2      7.471     -3.799    -66.105
 676  815      8.891      7.648    -75.647
  -1   -2    -11.447    -11.649    -72.660
  -1   -2      2.383      3.876    -76.970
  -1   -2    -13.977     12.445    -67.799
  -1   -2     -4.775     -4.304    -67.941
  -1   -2     17.228      8.975    -69.242
  -1   -2     -2.153     -2.944    -57.843
  -1   -2     -7.644     10.003    -54.808
 244  556      9.392      9.661    -70.478
 823   -2    -12.092      7.019    -61.611
  -1   -2     16.019     -3.623    -74.294
 698  596    -10.540     -4.867    -70.940
  -1   -2     10.566     -1.407    -74.414
  -1  564     12.080    -11.977    -64.534
  -1  232    -12.161     -1.035    -71.211
  -1   -2     -8.145     -4.313    -57.901
  -1  251     -7.298     -3.876    -74.294
  -1   -2     -9.410      1.214    -52.467
  -1   -2      9.510      0.208    -74.630
  -1   -2     16.439      1.957    -64.130
  -1   -2      7.472     -6.902    -52.234
  -1  284      7.134    -12.784    -69.665
 769  577    -12.983     11.491    -74.553
  -1   -2     15.855      3.173    -63.478
  -1   -2     17.544      7.656    -70.676
 726  817     11.939     -0.061    -74.744
 513  225      8.838     10.015    -73.998
  -1  594     17.220     -6.868    -69.940
  -1   -2     -1.829      1.447    -57.265
  -1  651     14.172     10.801    -61.667
  -1   -2     -6.329     -0.949    -82.434
  -1   -2    -12.412    -10.687    -61.984
  -1   -2    -12.011    -10.362    -75.495
 700  245    -13.461      1.083    -71.000
  -1   -2     -1.138     -5.414    -63.038
  -1   -2     10.487     -4.680    -76.031
  -1   -2     -2.731      8.652    -54.631
  -1   -2    -10.506     -3.239    -66.924
  -1   -2     -4.008      9.209    -62.503
  -1   -2     12.431     -9.485    -77.395
  -1  305     -3.891      1.754    -75.210
  -1   -2     -0.057      9.184    -56.464
  -1   -2    -15.178      5.224    -71.035
  -1   -2      2.200     -9.088    -60.694
  -1   -2      4.474    -13.218    -67.163
  -1   -2      0.636      2.513    -62.415
  -1   -2      7.681      1.600    -64.471
  -1   -2    -13.893     -8.689    -70.662
  -1   -2     -6.019      1.727    -56.149
  -1   -2     -3.410     -2.924    -65.427
  -1   -2      8.561      3.541    -61.487
  -1   -2     -1.355     -5.908    -55.683
  -1   -2    -12.356      6.558    -83.370
  -1   -2     -4.283      6.810    -60.601
  -1   -2     15.793     11.330    -71.320
  -1   -2      6.813      5.557    -63.702
  -1   -2      0.087    -10.641    -66.716
  -1   -2      3.705     -9.783    -56.774
  -1   -2     -8.527     -3.763    -64.821
  -1   -2     16.682     -2.146    -64.004
  -1   -2      7.901     10.333    -73.048
  -1   -2    -11.555      4.355    -59.685
  -1   -2     12.660     11.613    -72.525
  -1   -2      3.323      5.042    -65.287
  -1   -2      4.499     -8.961    -70.593
  -1   -2     15.134     10.726    -73.273
 763  259      3.770      0.715    -64.509
 674  622     16.486     -8.956    -64.576
  -1  612     10.883      6.561    -66.061
  -1   -2     -2.502     -4.193    -54.190
  -1   -2    -14.949     -1.273    -69.162
  -1   -2      2.433    -12.635    -69.862
 406  675      5.467      6.331    -72.059
  -1   -2     -9.467    -12.228    -65.191
  -1   -2     -6.798     -3.500    -55.880
 582  813    -13.228     -0.368    -70.073
  -1   -2     -8.514      8.884    -72.487
  -1   -2     15.711      9.608    -64.409
  -1   -2    -13.161     -3.388    -73.831
 767  819      1.189     10.605    -65.085
  -1   -2     -8.666      3.097    -52.080
  -1   -2     17.825     -0.212    -68.474
  -1   -2     -6.593    -11.867    -77.902
  -1   -2     11.999     -1.189    -58.959
  -1   -2      7.924     -6.332    -56.663
  -1   -2     -2.050     10.429    -62.704
  -1   -2      9.031      2.836    -60.000
  -1   -2      5.389     -8.168    -73.415
  -1   -2     -4.481     -8.962    -72.450
  -1   -2     -0.817     12.653    -59.877
  -1  314      6.821     11.098    -70.142
  -1   -2     -9.391    -11.200    -67.982
 699   -2     16.159     -4.387    -72.278
  -1   -2      2.154     -0.148    -62.163
  -1   -2      3.533     -1.199    -76.588
  -1   -2      2.695     -2.496    -70.343
  -1  569     14.579     12.538    -67.094
  -1   -2    -12.949     -3.794    -87.367
  -1   -2     10.250     -0.931    -64.789
  -1   -2      9.317     10.242    -75.850
  -1   -2    -10.648    -12.003    -64.353
  -1   -2      5.082      1.310    -72.372
  -1   -2     -9.120     -7.146    -74.793
  -1   -2      7.867      4.270    -56.193
  -1   -2     11.431     11.639    -71.205
 813  558      4.965    -12.017    -75.668
  -1   -2     -9.339      8.048    -77.943
  -1   -2    -10.244     10.112    -60.544
  -1   -2     -1.828     13.151    -64.392
  -1   -2    -12.743     -1.786    -62.625
 711  718     12.551     -9.902    -70.524
  -1   -2     15.503     11.808    -74.910
  -1   -2     -7.142      5.314    -68.465
  -1   -2    -15.434      3.279    -77.069
  -1   -2     -4.984     -9.128    -74.304
  -1   -2    -14.250      3.397    -83.484
 776   -2      0.709      4.395    -66.741
  -1   -2      1.797     -7.951    -69.776
  -1   -2      8.017     -7.681    -65.698
  -1   -2     -5.621    -10.473    -59.253
 575   -2      8.278      4.686    -73.822
  -1   -2     -8.475      8.822    -56.163
  -1   -2      5.261     -6.753    -76.395
  -1   -2     -2.708     -6.760    -74.229
  -1   -2     -6.074     12.346    -70.623
  -1   -2      1.762    -10.165    -67.133
  -1   -2    -10.657     13.088    -65.189
  -1  583     -1.121     11.717    -72.947
  -1   -2      5.054     -0.824    -57.197
  -1   -2     -5.315      9.776    -52.877
  -1   -2     -9.512     10.334    -61.054
  -1   -2     -3.457     -2.826    -70.027
  -1   -2     12.331      8.306    -62.469
  -1   -2     17.935      0.482    -71.038
  -1   -2     -4.130      5.747    -56.131
  -1   -2     13.337     -8.160    -60.265
  -1   -2    -14.729      1.347    -68.123
  -1   -2     -7.460      9.614    -66.674
  -1   -2     -1.142      9.287    -77.354
  -1   -2     -6.264     -1.558    -63.511
  -1   -2     12.887      4.806    -62.720
  -1   -2     -4.679      9.176    -59.923
  -1   -2    -10.779     -5.938    -63.215
 203  789      5.722      4.389    -70.296
  -1   -2      2.412      6.666    -75.520
 256  792     -2.226     -1.932    -71.328
 177   19      7.634      2.224    -72.544
 379  119      0.748     -1.813    -65.436
 122   -2    -13.861      0.311    -72.595
 819  821     15.636      8.095    -77.429
 407  458     -6.125     -4.094    -75.830
  95   -2      1.088      5.863    -64.005
 799  283      7.103     -6.381    -73.537
  40   -2      1.585     -1.662    -75.587
 796   -2     15.277      9.381    -72.816
 127  237    -13.391     -4.329    -72.097
 300   -2      3.569     -1.249    -65.667
 201   -2     -8.449    -12.067    -75.189
 288   -2     -5.258     12.760    -69.724
 235   -2      1.640     -1.687    -73.817
 721   -2     -6.491      5.213    -77.837
 302   -2      1.578      7.722    -69.146
 343  141     -7.254    -10.719    -68.915
 350  396    -11.356      3.373    -75.706
 378  426     -6.929     -8.087    -64.075
 266   -2     -8.001     -5.546    -73.765
 400   -2    -12.001     -9.975    -73.761
 358   -2     -2.280     -2.661    -66.231
 745   -2    -12.531     11.713    -75.441
 224   -2      8.098     12.061    -62.747
 415   -2      5.930     12.284    -64.091
 562   -2     10.569    -13.097    -68.216
 541  502      4.122     -6.920    -75.611
 508   -2      9.143     -4.039    -67.237
 822   -2      7.945     -7.712    -75.578
 551   -2     12.270     -0.621    -60.163
 665   -2    -12.600     -0.234    -65.170
 318   -2     12.509      4.095    -61.604
 826  687     14.515    -12.479    -68.142
 654   -2      3.900      0.824    -70.991
 748  818     10.350     10.709    -59.479
 751   -2     -4.811      6.095    -65.855
 811   -2      8.108     -2.899    -77.549
 149   -2      4.918     -7.765    -76.554
 249   -2      5.774     -7.403    -73.597
 310   -2      5.070     -9.335    -74.297
 367   -2     -7.383      1.710    -70.320
 596  325     -0.651      9.700    -70.220
 616  828     11.090     -5.860    -72.477
 832   -2      9.908      4.287    -73.279
