831
 813  323     10.543      3.868    -70.446
  26   21      3.084     -0.232    -72.164
  59    1      3.593      4.560    -70.923
   2    2    -12.549     -3.600    -73.467
   8  284     -6.779     -5.301    -72.040
  67  207      5.100     -0.042    -72.249
 153   -2     -7.969     -4.144    -72.810
  86    3     -7.043      4.452    -71.153
  43   11      5.336     -4.336    -76.930
  36   14    -14.824     -1.112    -76.356
 674   48     -9.190      8.998    -74.170
  11   65     -1.562     11.083    -69.203
  24    6     -0.764      6.339    -68.100
  12   18      6.481      2.656    -68.869
  13   36     -6.727      6.362    -69.336
  17   32     -1.583     -5.641    -69.518
  16    5      7.435      7.643    -68.801
  57  393    -11.010      4.967    -75.148
   9   15     -8.471      6.060    -69.532
  96   34      3.823     -9.471    -68.319
  19    9      3.366      4.409    -67.851
  33   13     -3.871      6.112    -67.138
  -1   -2     -1.273     -2.292    -66.357
  63  512      7.032      4.289    -68.932
 144    8     13.306     -0.076    -71.052
 436  695      2.084     -2.193    -69.072
  -1   -2     -1.386    -11.390    -63.121
  42  133      4.287      8.449    -69.403
   1   50      0.993      5.283    -73.683
  39   37      3.271    -11.113    -71.744
  -1   -2     -9.915      6.013    -71.637
  37   -2     -3.095     -3.622    -68.651
   7  118    -10.090     10.281    -76.517
   6  468      0.973     -2.337    -70.469
 345  363      1.472     -7.451    -73.243
  71   46     -0.614      1.118    -63.588
 270   20     -2.398      0.111    -72.923
  28   -2     -0.222     12.427    -66.884
 146   56    -15.076     -6.651    -71.168
 203  227      6.357      7.373    -73.354
  92  125     -6.120     -4.127    -64.661
 774  830     -0.206     -6.290    -73.292
  -1   -2      6.871     -5.563    -64.099
  45  398     -9.561     -8.144    -72.641
  35   19    -11.379     -3.613    -73.491
 379   35     12.358      0.049    -67.496
  51  269      0.670     -1.865    -69.867
  78   89      3.979     -1.391    -64.977
  20   73    -13.325      1.877    -74.288
  54  162     -8.302    -10.345    -68.004
 105   49     11.095     -3.095    -67.414
 125  192      1.927      6.768    -72.949
 361   85      0.867      7.750    -72.383
  79  178     -8.737      7.633    -70.320
 200  410    -11.403      5.979    -73.208
  -1   -2     -9.380     10.348    -72.199
  38   45     -6.422      3.006    -70.949
  76  385     -1.594     -3.307    -69.474
 186  205     -1.143      0.082    -67.259
 811   24    -10.023      3.367    -67.509
  25  169      2.951     -6.505    -71.291
  18  233      5.986     -0.526    -70.636
  97   87      9.333     -0.737    -68.096
 170   31     12.315      9.111    -71.665
  -1   -2     -1.709     -3.573    -65.543
  66   58     -3.707      0.429    -66.218
  46   22      7.390     10.087    -71.505
  40   81     -1.481     12.321    -70.123
  47  171     -1.201      8.578    -72.769
 103   77     -7.620      7.244    -68.495
 359  446      7.406      0.577    -74.104
 110  395      2.657     -5.194    -70.727
  -1  101      2.822      3.018    -72.385
 101  102     10.062      9.375    -67.471
  53   57     -4.255      9.290    -64.892
 159  254      7.816    -10.450    -73.235
   3  374     -3.585     11.898    -73.172
 380   51     -8.283     -1.049    -66.640
  55  123     -8.057      7.501    -64.655
 129   41     -5.519     10.236    -64.967
 427   71     -6.480     10.744    -63.438
  68  206      5.793     -7.812    -69.493
 119   -2    -10.532      8.784    -66.230
  -1  453     -4.801    -11.305    -67.550
  73   60      1.208    -10.557    -65.074
  91  200     11.057    -11.208    -69.897
  84   29      0.472     10.563    -68.754
 106  135     13.084      1.843    -66.823
 165  185      2.065      4.107    -65.327
  93   59     15.744      1.118    -68.195
  89   66    -11.966     -7.366    -71.037
  90   55      0.203      2.807    -67.339
  72  140      2.578     -5.879    -65.126
 141   40    -10.565      9.683    -68.394
  82  312     -8.609      5.804    -71.942
   0  121     -1.101      7.125    -72.727
  87   91     -0.599      4.398    -63.694
 466   62    -15.731     -0.296    -72.489
  -1  108      4.598      7.216    -63.070
  99  104     12.657      3.864    -67.700
 398   44     -8.474     11.154    -64.503
  -1   -2     -6.579      5.004    -76.302
 143  119     -7.294     12.438    -68.366
  85  165      8.910     -9.437    -71.422
 191   23    -11.131      6.514    -68.139
  14   12     -0.472      7.345    -68.079
  -1   -2     -0.042     -3.977    -66.468
 157  175     -3.017     -3.003    -74.751
  69  172     -2.159     10.807    -75.146
 448  283     -6.431      2.678    -74.638
  -1    7      1.558      5.562    -70.012
 181   84     -5.227      4.962    -65.999
   4    4      4.075      1.277    -71.929
  -1  113     -3.547      1.932    -63.882
  -1  109     -5.619      9.044    -62.102
 102  594      8.040      8.681    -68.652
  52  100     15.713      2.646    -69.337
 104   64     13.897      1.899    -70.153
 771   -2      0.060      6.273    -61.137
  -1   93      3.199     -8.452    -64.466
 178  406     -1.773     -8.012    -68.513
 117  159    -10.020     -3.080    -68.385
 787  187     -5.836      3.442    -62.269
  95   94      5.209     -0.893    -64.893
  -1   68    -14.207     -2.498    -76.466
 131  631      8.409      3.277    -73.306
 394  286     -1.547     -8.039    -70.380
  -1   79      3.232    -10.120    -62.552
  10   17     -8.117      3.967    -69.371
 135  111      2.026      5.347    -64.572
 404   -2      2.853      4.905    -63.992
 124  457      0.481     12.644    -65.468
 149  114      3.204     -1.943    -65.397
  -1   -2     -1.570     -6.390    -63.816
 147  147      1.246      5.691    -63.625
  -1   -2     -8.168     -2.555    -67.240
 197    0      2.065      3.475    -70.453
  -1  142    -10.567     13.115    -65.313
 184  465     13.640      3.743    -66.276
 447  152      4.767     10.691    -68.438
 382  228    -14.116      6.467    -71.457
 133  116     -1.119     10.537    -63.042
 152  115    -12.216      2.655    -65.800
  44  833     -0.373      3.679    -67.802
  83  214     -7.029     -3.183    -72.692
 407  423     -3.467     13.127    -66.511
 242  333      5.207      1.859    -68.409
 639  821      3.805      4.748    -68.218
 195  477     -0.817      9.769    -66.170
  -1  426     -6.905      1.180    -61.258
 168   78     -1.110     -4.165    -71.275
  88  324     11.370      6.961    -68.176
 220  798    -10.962     -1.232    -70.316
  -1   -2     -3.601     -5.615    -62.586
  -1  299     -0.259      2.045    -74.570
 482   63     13.671      7.518    -68.610
 115   99      7.493      1.292    -66.982
 321  253     15.747      4.610    -74.825
  -1   69      5.369     -3.561    -70.405
 121   -2    -13.209      2.711    -68.509
 113  173      9.305      9.919    -71.566
 348  498     -0.068     10.161    -72.859
 403  555      4.253    -12.792    -71.230
 114  107      3.168      8.469    -69.757
 155  124      3.492    -11.485    -64.445
 370  209     -2.964     -0.964    -64.996
  -1   42    -15.055     -7.770    -71.629
  -1  212     -1.264      7.786    -65.922
 369   -2      2.337     -4.829    -65.104
 444  812    -10.508     -0.460    -65.660
 192  224     -2.749     -8.011    -66.253
 156  154     -6.031    -11.701    -65.704
 218  167     -0.636     11.572    -70.633
 158  203      8.614    -10.001    -72.571
  -1  184    -10.605      6.214    -73.032
  41  397      5.163      6.130    -69.791
 453  813      2.567      9.366    -63.567
 128  418      0.158     -7.004    -64.796
 139   -2     11.591     11.328    -66.591
 172  193    -14.317     -7.858    -72.558
 138  164      9.294    -12.953    -67.274
 163  475     -1.035     -6.469    -63.828
 560  179      7.026      1.604    -63.451
  -1  138      7.467     -5.905    -70.312
 793   -2     -2.653     -9.354    -70.276
  -1   -2     -6.248     -5.719    -64.275
 166  219      8.927      5.780    -62.978
 108   47     -2.948      3.988    -67.591
 496  210     -3.360     11.458    -70.686
 198  244     -6.275     -7.598    -67.719
 185  452     -8.254      9.265    -65.230
  -1   -2     -2.632     -8.539    -66.634
 118  190    -13.545     -6.202    -70.465
 374  220    -13.096      1.699    -68.376
 371  136     10.013     -1.951    -65.502
  -1   -2      7.643     -0.420    -76.531
  -1   52      4.374     -1.589    -67.882
 180  383      8.014     12.260    -68.082
 208  435    -11.040      1.139    -69.893
  98  128     -1.044     -6.642    -67.825
 247  274    -10.827     10.830    -66.233
  -1  161      4.562     10.478    -62.564
 232   -2      0.261     -7.619    -63.904
 477  225      0.037    -12.736    -67.289
  60  168      2.312      7.827    -65.980
  -1   -2     -6.663     -2.684    -63.774
  -1   -2      6.226     -2.977    -66.575
  -1   -2    -10.757     -0.449    -73.382
 187  246     -0.047     -8.335    -67.791
  61  235    -10.514     -9.155    -70.904
  -1   -2    -11.166    -12.478    -65.746
 151  222    -12.790      6.774    -73.653
 112  217     -1.095     13.042    -67.233
 196  795     -4.456     -9.378    -63.449
 223  666    -15.592     -1.199    -74.409
  -1  163     -3.860     -0.460    -72.232
  -1  143     12.726      3.788    -65.991
 525  126    -11.752    -10.684    -69.242
 268  232    -11.729     12.432    -68.817
 276   76     -0.138     -7.543    -68.243
 510  814     -3.985     -1.627    -72.079
  -1  575     -6.980     -1.960    -64.354
  -1  469      1.608      0.883    -60.010
 126  132     -9.345     10.953    -62.951
  -1   -2     -9.959     -2.427    -63.198
 255  276     10.861     -3.502    -70.355
 216  250     -9.576     -0.183    -74.925
 826   83     -9.364      1.226    -72.268
 214  182      2.960     -3.245    -67.834
 238  139     11.135     -4.113    -73.042
  -1   -2     -4.634     -8.232    -59.793
 227  494    -14.701      5.898    -71.347
 123  150     12.414     -4.375    -68.077
 134  427     -3.891     10.393    -63.647
 221  213      6.766     -0.323    -61.792
 150  319    -10.301      4.622    -64.577
 487  484     12.280      1.764    -67.407
 452  659     13.960      6.886    -71.078
 534  191      7.804      6.296    -63.176
  -1   -2      1.706      2.161    -60.585
 202  314      4.414     -0.879    -65.081
  80   10      2.796     12.165    -71.605
 621  541      5.862      0.808    -62.635
 241   -2     10.591      1.519    -64.846
 217  202      2.388     12.095    -64.828
  -1  195    -11.371     -1.274    -64.943
  -1  289    -12.312      5.750    -66.132
  -1  239      4.975     -9.756    -71.234
 161  148     -2.778      4.954    -65.301
 469  231      9.100      2.201    -61.881
 130  637     -4.400     -8.942    -67.082
 215  249      7.031     -9.979    -67.360
  -1  145      1.953     -7.303    -62.660
 167  791    -11.967    -11.438    -72.221
 183  174      3.121     10.480    -68.351
 415  810     -1.139      9.195    -61.275
 177  794     -8.332     -6.177    -69.405
  94  262      8.668    -11.961    -70.112
 171  285     16.109     11.918    -71.480
 122  361      0.220      0.660    -69.537
 302  598      5.765      5.179    -61.496
 230  799     -3.280     -7.890    -66.486
 269  294      9.605     -1.276    -67.092
  -1  189     -4.432      1.050    -73.520
  58   27      1.903     -1.117    -69.604
 244   61     -4.881     -3.176    -71.426
 539  815     -6.671      6.781    -61.425
  50  266      8.841     -0.078    -69.576
 354  439     11.320     11.610    -66.005
 259  524    -15.631      9.104    -73.161
  -1  129     -5.196     -2.157    -62.326
 491  288     -1.552      4.446    -64.017
  -1  300    -15.578     10.185    -74.459
  49   -2      7.051     -0.496    -69.832
 550  817    -15.681     -4.310    -71.595
 290  290     13.787     -0.262    -64.744
  62  186    -12.938      4.988    -75.416
 228  357     -3.516     -2.157    -72.500
 499  305     15.067      1.871    -66.705
 406  273      5.471    -11.798    -65.150
  -1   -2     -3.414     -5.433    -65.147
 254   -2      5.600     -0.067    -76.097
  -1   -2     -0.068      2.430    -70.280
 235  247     12.813     -5.636    -69.265
 301  341      8.078     -6.435    -69.053
  -1   -2     11.675     12.830    -67.944
 169  792     -5.724     -8.981    -70.458
  -1   -2     12.596      5.095    -66.262
  -1   -2      4.603     -4.447    -65.070
  -1   -2     -5.219     -1.420    -74.946
 257   95     -6.248     -9.616    -69.264
 776  256     10.363     -6.978    -73.339
 782  831     -5.995    -11.964    -67.751
 739  258     11.082      0.929    -74.327
 154  234      1.172     -0.248    -63.406
 136   -2      8.762     -2.419    -73.064
 262  204     14.285      0.097    -67.376
 299  238     15.313     -7.825    -69.196
 575  298     -3.975      4.720    -78.801
 791  832    -15.077    -11.240    -74.373
  -1   -2      6.164     11.599    -62.191
  -1  546     17.241    -10.546    -71.202
 282  802      4.536      0.449    -63.293
  -1   -2      5.453     -2.897    -66.827
 356  230     -0.045     11.603    -73.315
  -1   -2      4.652     -6.800    -72.639
  -1  293    -13.121      4.540    -64.808
 558  105      3.434    -11.171    -69.280
 266  194      3.469      7.472    -63.447
 318  311     16.181     -4.822    -69.394
 297  834      0.688      9.859    -71.057
 634  820     -6.776      0.353    -67.779
 573  211     16.671     -1.601    -68.619
 286  514    -13.738      5.286    -73.894
 148  146     11.699     -3.723    -68.034
 300   80     -0.661      6.919    -69.250
 333  271      9.471      9.154    -68.395
 229  386      0.399     -0.058    -73.983
 283  466     -7.710      8.635    -78.094
  -1  201     -5.483     -6.626    -71.571
 322  292      4.560      8.802    -65.836
 515  304    -14.373      7.132    -69.793
 605  338     -5.002     -9.376    -70.169
  -1  223      8.390      9.796    -61.495
  -1  431    -13.260      1.002    -67.693
 310   -2    -10.629     -5.145    -69.646
  -1  215     10.505     -1.780    -70.336
 298  803    -11.726      2.624    -74.650
  -1   -2    -12.238      7.460    -70.676
 175  793     10.339     12.577    -69.130
 455  483     11.548     -2.256    -69.302
 263  309      8.151      3.537    -66.624
  -1   -2    -12.106     -7.526    -84.707
 288  675     -6.928    -10.862    -71.132
 316  339     11.584      8.824    -65.073
 278  801     -7.050      1.935    -71.437
 295  327     11.728      8.693    -71.351
 261   -2     10.819     -8.484    -74.998
 543  321      8.910     -7.738    -68.860
 319  328     11.083      9.534    -70.478
  -1   -2     10.258     -4.759    -59.493
  31   -2     -1.332     -2.916    -71.422
 253  771    -10.397     -1.682    -64.687
 287  592     -0.632      4.651    -65.755
  -1  325      5.158      8.165    -66.426
  -1  153     -1.512     -5.395    -65.864
  -1   -2      9.798     -1.507    -72.237
  -1   -2     10.838     -0.481    -64.746
 224  388    -12.948      6.821    -67.413
  -1   -2     16.367      5.920    -69.533
  -1   -2      9.858      7.540    -76.859
  -1   -2     -2.737     -6.027    -73.031
  -1   -2     -8.704     -3.851    -73.183
 211  688     14.342      3.373    -66.293
 289  741     13.832    -10.608    -72.249
 512   -2     -3.190      4.792    -73.227
 305  560      5.554    -11.528    -69.467
 635  653     14.994      1.224    -70.816
 330   -2      0.041      9.334    -62.146
  -1   -2    -14.219     -9.402    -68.173
  -1   -2     -4.808     -7.541    -59.507
  -1   -2     -3.629      7.875    -64.059
 821   -2     -7.845     -9.937    -72.957
  75  348      5.218     -1.379    -72.788
  -1   -2     -3.212     -5.776    -70.611
  -1   -2     -6.653      3.919    -56.728
 594  131     10.188     -1.093    -72.930
  -1   -2    -11.624      4.493    -66.892
 640  822     12.406      1.435    -72.894
 758  346     -4.595     -4.504    -76.222
  -1   -2     -8.404     -7.983    -77.292
 199  796      7.994     -7.485    -74.728
 743  828     -6.470      2.919    -66.282
  -1   -2     -2.878    -10.282    -69.926
  -1   -2      3.480     -9.472    -62.898
 243   25      4.298     -1.811    -73.802
 381  359     -0.045      1.886    -71.074
  -1   -2     -1.050    -11.795    -74.769
  23   -2    -10.670     -2.693    -75.483
   5   86     -0.445      9.406    -72.018
 352  176     -8.148      3.311    -72.875
  32  790      1.164      3.252    -66.375
  -1   -2     -6.470     -8.899    -56.331
  -1   -2     -8.579     -4.317    -71.958
  -1   -2      3.635    -11.240    -60.763
  -1   -2     14.572      6.304    -74.509
 458  548      7.707      7.708    -73.069
 309  639      1.890      7.401    -74.793
 372  370      4.871     11.786    -70.924
 182  544     11.130     -5.078    -74.961
  -1   -2     -7.347      3.227    -55.679
  -1   38      5.140      3.392    -70.923
 207  797     -1.321      4.102    -76.333
 502   28     15.246      2.910    -70.725
 384  454     -4.866    -12.706    -69.138
 120   82      8.894     10.303    -68.332
 553   -2      7.611      2.267    -65.189
 368  110     -4.832      0.243    -68.318
 111  229     -7.885     -6.386    -72.797
 353  368      6.447     -9.192    -63.662
 346  554      5.928      4.197    -71.118
 387  473     11.371     -7.122    -66.646
 366  389    -10.300     -6.661    -65.085
  -1   -2     -5.270      4.155    -62.035
  74   53      5.845     -4.885    -69.934
 775  378     -4.231     11.380    -71.236
 696  500     -6.937    -12.702    -64.857
  56  411      0.407      0.883    -71.215
 445  456    -14.387     -4.360    -74.603
  29  360     -2.198      4.627    -69.623
  -1   -2     -4.380      0.813    -60.609
  -1   -2      1.170      4.542    -63.572
 818  700     -5.861      6.175    -77.536
 378   90      5.271     -5.904    -64.052
 794  308    -10.982      2.805    -74.242
  -1  450     -3.661      3.154    -62.978
 222  407    -15.022     -3.644    -75.745
  -1   -2    -14.441      8.555    -74.396
  -1   -2      4.858      1.015    -64.972
 465   54     -0.442     -2.045    -71.592
 349  373      0.922      5.734    -70.269
 392  181      5.984      0.564    -60.984
 598  422      5.600     -7.860    -73.159
  -1   -2      2.611      1.352    -58.150
  -1   -2    -13.987     -2.095    -81.797
 505  390      6.558     -3.020    -64.218
  70  382      4.638     -7.943    -69.043
  34  424     -4.262     11.695    -66.164
  -1   -2    -15.345     -6.259    -70.284
  -1  134      4.255      1.270    -63.564
  -1   -2     -5.526     10.386    -70.154
 362   97      2.964     12.691    -63.440
  -1   -2     -1.360    -10.833    -70.287
 176  461      6.126      0.704    -77.123
  -1   -2     -6.322      2.010    -57.097
 490   92     10.211    -12.659    -66.092
 137  525      0.943     -9.844    -73.595
  -1   -2     -8.233     -6.720    -61.052
  -1   -2     -8.792     -4.347    -65.883
 145   -2      6.288     -1.080    -72.918
 478  442     -4.770      2.369    -63.113
  -1  377      3.195    -11.835    -62.361
 399  404     -0.871     11.912    -64.696
 417  567     -7.993      6.764    -70.507
  -1   -2      0.766      4.140    -64.540
  -1   -2      4.414     -9.130    -61.460
  -1   -2     -1.585     -9.664    -63.441
 435  375     -5.231      7.481    -63.772
 695  444     14.481     -5.144    -64.023
  -1   -2    -11.676      0.299    -77.909
 248  476    -10.402      9.303    -69.713
 389  458      0.794     -5.634    -61.041
  -1   -2      0.960     -1.588    -72.100
 542  816     14.751     -8.099    -73.213
  -1   -2    -14.764    -11.709    -69.239
  -1   -2     -1.502     10.055    -75.004
  -1  656     -9.336     -4.710    -76.220
 424  257    -15.994     -6.575    -72.237
 488  445     11.987    -10.159    -64.145
 409  416     -3.033    -11.314    -63.053
  -1   98     -8.237      2.502    -68.293
  -1  183    -12.885      0.426    -77.596
 402   88      2.931     -8.591    -74.572
  -1   -2    -11.073     -2.272    -61.667
  -1   -2     -9.868      4.902    -60.161
  -1  449     10.902      7.094    -70.840
  -1   -2     -4.237      7.499    -62.105
  -1   -2     -5.789     -7.421    -62.902
  -1   -2      0.216     -9.092    -87.149
  -1  112      3.115      5.169    -64.418
 464   -2      5.631     -1.003    -61.574
 481  197      8.664     -4.033    -68.891
  -1   -2    -14.645     -1.606    -68.053
  -1   -2     -3.255    -12.233    -66.904
 429   -2      9.980     11.674    -61.844
 501  433     13.424     -6.828    -65.667
  -1   -2    -13.084     -1.865    -72.950
  -1   -2     -1.383     -0.079    -55.952
  -1   -2     -7.210     -8.803    -55.168
  -1   -2    -10.293     -7.376    -65.484
 419  811      2.486      9.263    -60.467
  -1   -2     -4.811      7.182    -59.002
 304  349     15.564     -3.479    -73.731
 440  641      7.718    -12.063    -65.258
 100  137     -3.096    -12.007    -69.775
  -1   -2      7.756    -10.050    -73.187
  -1   -2     -4.780    -10.732    -64.791
 317  685     -7.114     -9.764    -67.729
  -1   -2     -6.829     -5.231    -66.216
  -1   -2    -15.146     -6.336    -75.724
 439  471     13.275    -12.556    -66.744
 413  413     13.653     -4.653    -66.922
  -1   -2     -8.713     -9.802    -60.234
 237  800     -1.178      2.607    -69.875
  -1   -2      4.967     12.903    -64.438
 260  492      8.847     -8.761    -64.687
 400  208     -3.286      7.744    -64.508
  -1  533     -9.342      3.874    -77.509
 462  502     11.517     -4.351    -60.434
 567  260     12.847     -9.661    -72.881
 473  401     -8.866      9.197    -65.839
 463  470      2.705      6.969    -65.022
 162   -2     15.637     -6.601    -72.346
 422  462     11.261     12.131    -62.174
  -1   -2     -8.084     -1.669    -64.347
 377  188      7.090      2.598    -73.096
  -1   -2     -9.436    -12.511    -64.327
  -1   -2     13.971      9.489    -62.484
 457  503    -11.487    -10.088    -62.731
  -1   -2     11.996     -6.626    -56.350
 140   -2     -7.482    -12.578    -67.049
  -1   -2     11.311    -10.767    -66.713
 401  199      1.147     -5.828    -66.540
  -1   -2     -5.836      2.347    -58.327
  -1   -2     -8.013    -11.636    -70.225
 544   -2     -1.231     11.292    -61.017
 388  809     -8.226     -9.030    -67.335
  -1  515     -3.833     12.540    -61.143
  -1   -2      3.309    -10.720    -74.277
 485   -2    -14.487      8.706    -77.092
  -1   -2      4.641     -8.692    -61.414
  -1  236     -1.515     -8.592    -58.436
 274  302      9.955     -4.454    -67.122
 770  221    -10.911     -9.080    -72.718
  -1  272     -0.308     -7.421    -63.004
  -1   -2      3.865     11.442    -58.094
  -1   -2      5.582     -5.549    -62.302
  -1   -2     -7.660      2.193    -68.620
  -1   -2      0.796     -2.174    -73.358
 127   -2     -1.129     -1.818    -71.724
  -1   -2     -4.962     -1.148    -60.678
  -1   -2     -1.514     -7.180    -56.687
 516  117      1.987     -9.997    -69.358
 430  459     17.623      9.721    -67.383
 796  835      9.759     -9.323    -63.361
 556  400    -11.768      2.035    -62.392
  -1   -2    -14.475      2.104    -72.922
  -1   -2    -12.002     -5.052    -71.263
 518  482     -9.412      8.021    -62.100
  -1   -2      8.103     -7.060    -60.608
 531  550     16.394     -2.500    -64.889
 311  237      3.139      6.332    -61.053
  -1   -2      7.454    -11.132    -60.270
 438   -2     12.850     11.462    -61.095
 561  818     15.508     -4.960    -62.948
 547  559     17.256     -5.241    -66.778
  -1   -2      5.077      9.794    -56.204
 190  497    -13.063     10.715    -66.776
  -1   -2    -11.533     11.859    -71.153
  -1   -2     -7.582     -4.778    -64.479
  -1   -2     -0.401      6.636    -71.926
  -1  638     -5.586      7.952    -63.595
  -1   -2      1.373      7.393    -63.700
  -1   -2      7.091     -3.398    -66.022
  -1   -2      5.047     -5.550    -77.157
  -1  315    -13.211    -10.543    -71.374
  -1   -2      0.412      3.894    -60.298
 540  337     -3.959    -12.257    -74.174
 676  571     12.563     -9.064    -62.872
  -1   -2     10.260     -3.497    -64.490
 443  419     10.480     -4.296    -65.439
  -1   -2      1.048      1.786    -68.952
  -1   -2     -2.230      0.506    -61.574
 678  307     -1.874      5.870    -72.980
  -1   -2      0.423      0.189    -56.648
  -1  447     17.145     -6.544    -65.211
  -1   -2     -6.385      0.543    -61.680
  -1   -2     -3.160      0.110    -85.388
  -1   -2    -13.481     -0.358    -65.103
  -1   -2     16.679     12.150    -73.605
  -1   -2     16.338     11.486    -66.457
  -1   -2     12.368    -11.935    -66.942
 681  557     -1.134     -5.546    -60.820
  -1   -2    -11.331     -3.021    -77.462
  -1  412     -8.106      7.580    -72.180
  -1   -2     -8.957      3.687    -54.372
  -1   -2     -1.520    -11.778    -72.798
  -1  155      1.369    -11.729    -71.495
  -1   -2     11.574      4.522    -62.896
  -1   -2     15.554     -2.944    -64.888
  -1   -2      5.363     -4.408    -82.874
 312   -2    -10.011    -11.241    -75.507
 772  678      3.879     -8.395    -71.431
  -1   -2      7.867      7.993    -61.925
 493   -2     -9.693     -5.149    -75.608
  -1   -2     12.043     -8.980    -81.911
  30  396      1.102      0.237    -71.630
  -1  267    -11.649     -0.863    -64.809
  -1   -2     -0.021    -12.579    -68.482
 437  493     17.147     -2.480    -67.148
  -1   -2     -0.925     -0.533    -73.985
  -1   -2     10.770      7.173    -54.720
  -1   -2    -13.326     11.158    -67.568
  -1   -2     -9.371    -11.558    -73.620
 325  306     13.761     12.357    -72.604
  -1   -2    -10.959     -1.987    -64.450
  -1   -2      2.424     -5.314    -61.109
  -1   -2     -9.826     -6.316    -57.500
  -1   -2      4.388      2.574    -59.968
 660  825     14.381     -9.755    -63.008
 174   43     -8.054     -6.501    -68.301
 526  720    -12.735     -9.166    -76.947
  -1   -2      9.347     -1.821    -51.986
  -1   -2     -8.795     -5.989    -70.405
  -1   -2     11.244     13.243    -65.264
  -1   -2     -9.603     -7.584    -72.958
  -1   -2    -12.668      6.230    -83.526
  -1   -2     -5.327     -9.181    -77.114
  -1   -2     15.789     11.361    -71.742
  -1   -2     -1.530      4.717    -63.909
  -1   -2      7.449    -12.818    -67.178
  -1   -2     -9.068     -1.817    -61.256
  -1  481     -8.509     13.147    -59.948
  -1  534      4.921    -10.157    -71.124
  -1   -2     10.891    -10.990    -62.612
  -1   -2      6.588    -11.674    -65.302
  -1   -2    -11.948     -5.407    -77.069
  -1   -2     16.777     -5.852    -78.444
  -1   -2    -15.758     -2.114    -78.522
  -1   -2     13.625     11.401    -59.537
  -1   -2    -10.000    -10.044    -74.958
 588  485     -4.123    -10.893    -57.567
  -1   -2     -1.307     10.490    -55.174
  -1   -2     10.252    -10.099    -76.341
  -1  330     13.470      0.620    -74.510
 456  429    -11.789     -8.157    -62.004
  -1   -2      4.289     12.419    -62.669
 824   -2     17.428     -2.341    -75.362
  -1   -2     15.052      7.052    -74.359
  -1   -2      2.516      8.459    -76.453
  -1   -2     10.507      1.485    -52.435
  -1   -2    -15.133     -7.634    -77.680
  -1  529     -4.722    -11.480    -74.415
  -1   -2     14.706     11.544    -71.983
  -1   -2      0.594     11.972    -73.326
  -1  619      5.666     10.065    -66.631
 643  694     18.186      6.064    -70.500
 628   -2     11.260      4.786    -63.455
  -1   -2     -3.837    -10.512    -57.721
  -1   -2      4.249     -4.703    -64.054
 709  608     17.144      5.406    -72.386
 513  558    -14.414     -3.724    -76.614
 508  836     -1.849      7.113    -59.875
  -1   -2    -12.919     -5.700    -77.398
 562  543      0.643     -1.847    -57.920
  -1   -2      7.450     -3.418    -63.199
  22  144      9.948      4.767    -75.138
  -1   -2    -11.790     -1.545    -78.914
  -1  661      2.411    -10.404    -75.663
 273  648     10.633     -9.530    -69.118
  -1   -2     -8.827     10.700    -69.822
  -1   -2      9.585      9.267    -53.419
  -1   -2     -3.520      7.671    -63.601
 615   -2     10.534     -0.131    -62.113
  -1   -2      2.085      4.204    -77.119
  -1   -2     -4.971    -12.785    -63.887
  -1   -2     13.808      9.114    -79.599
  -1   -2    -14.220     10.860    -70.688
  -1   -2     15.146     -5.647    -66.644
  -1   -2    -14.589    -11.273    -81.336
 271   -2      8.028      6.404    -64.583
  -1   -2     18.319      7.306    -70.220
 303  804    -11.438     10.057    -65.052
  -1   -2      2.138      2.269    -57.059
  -1   -2     -5.305      3.479    -62.910
  -1  336     14.334     -6.623    -71.562
 677  582     10.550     -9.648    -62.209
  -1   -2    -14.557     -9.464    -72.241
 610  420     -8.901      7.693    -77.646
  -1   -2     -7.808     12.257    -72.065
 816  660      3.369     -1.567    -62.796
 593   -2    -13.216     11.620    -64.426
  -1   -2      2.174      3.362    -57.230
 327  807     12.408     -6.293    -75.938
  -1   -2      7.938     13.407    -63.907
 795   -2     10.866    -11.720    -60.737
 624  617     14.060     -5.259    -68.671
  -1   -2     13.557     10.513    -60.040
  -1   -2      9.753     10.954    -60.002
  -1   -2    -15.683      7.387    -77.873
  -1   -2     12.890     -1.343    -78.687
 690  751     -3.257      8.321    -69.079
  -1  689     15.953      8.496    -70.309
  -1   -2      2.653     10.292    -54.712
  -1   -2    -14.682     11.328    -69.393
  -1  569      3.035     11.418    -65.855
  -1   -2      9.749     -3.939    -68.225
 652  823      7.813    -12.809    -74.944
  -1   -2     10.403      8.593    -53.489
 385  491     16.352     -9.662    -66.691
 815   -2     -6.073     -3.699    -71.428
  -1   -2      8.509     -1.666    -61.851
  -1   -2     10.371     -8.638    -60.022
  -1   -2      6.228     -4.308    -59.297
  -1   -2    -11.489    -11.702    -72.479
  -1   -2     15.518     -0.421    -62.838
 746  829      3.373      2.994    -77.225
  -1   -2    -11.770     -8.868    -68.910
 686  647      1.027     11.400    -61.810
  -1   -2      2.317     -5.283    -59.451
  -1   -2    -10.181     -5.227    -56.807
  -1   -2      8.567     10.951    -64.219
 596  819    -10.087    -12.440    -72.446
  -1   -2     16.250     -9.687    -80.179
 326  806     -4.342      2.404    -77.736
  -1   -2     11.202     10.314    -82.204
  -1   -2     14.565     12.885    -64.115
  -1   -2    -13.930     10.457    -69.244
  -1   -2     13.904      6.788    -64.100
 759  708     13.003     -2.871    -60.437
 285  297     11.338      4.832    -68.893
  -1  740     -6.886      4.113    -68.182
  -1   -2     15.016     10.514    -70.125
  -1   -2     -6.559     -8.747    -66.723
  -1   -2     16.316     -3.799    -66.161
 281  692     -0.720     10.381    -64.951
  -1   -2     -8.419     -3.916    -52.286
  -1   -2      3.453     -2.473    -52.527
 724  712     15.655     -0.924    -63.896
 693   -2    -10.886      2.120    -73.774
  -1   -2     -9.211     -7.901    -77.655
 586  441     10.598     -5.909    -66.999
  -1   -2     11.006      9.494    -86.751
  -1   -2      9.104     -4.785    -61.752
 684  827      5.480      2.102    -71.445
  -1   -2     11.602      1.284    -67.938
  -1   -2      3.737     -8.742    -59.650
  -1   -2     12.339      5.102    -56.327
  -1   -2     -5.392     -4.337    -70.451
 653  824     16.458      8.058    -69.152
  -1   -2     15.658     -6.409    -72.326
  -1  681     14.767     -3.497    -72.842
  -1   -2     -2.784     -7.357    -68.441
  -1   -2    -16.284     -2.104    -75.233
  -1   -2     -6.023      0.160    -63.835
  -1   -2     -1.974     -9.432    -55.991
 308   -2     11.172     -4.477    -75.224
  -1   -2     -9.725      7.947    -55.991
  -1   -2     16.528      5.413    -85.844
  -1   -2    -15.158      2.859    -77.621
  -1   -2      5.104     -7.959    -55.598
  -1   -2      0.711     -5.164    -58.605
  -1   -2     -9.769     12.247    -62.916
 702  770      9.720      2.839    -67.129
  -1   -2      6.582     10.768    -80.769
  -1   -2      2.241    -11.370    -84.893
  -1   -2      6.246     -8.503    -71.309
  -1   -2     -9.883     -0.294    -60.376
  -1   -2     10.717      9.201    -84.114
 713  733     -1.319      8.256    -65.995
  -1   -2     -6.397     -2.837    -87.519
  -1  295      9.401     -6.954    -70.002
 341  808     -2.024    -10.019    -67.651
  -1   -2     11.605      2.713    -55.969
  -1   -2     -2.459      1.666    -59.381
 307   -2     -7.477      9.739    -76.691
  -1   -2      0.947      3.646    -60.985
  -1   -2    -10.643      1.151    -72.742
  -1   -2    -13.911      9.379    -76.633
  -1   -2      5.227     -8.495    -77.256
  -1   -2      3.111    -12.705    -71.133
  -1   -2      6.048     -8.618    -80.115
  -1   -2    -12.514     12.570    -62.492
  -1  773     -9.545     -4.570    -72.346
  -1   -2     15.754      8.561    -71.812
  -1  580     -3.970    -10.135    -77.207
  -1   -2    -13.438     -8.701    -66.179
  -1   -2     16.070     -7.293    -65.801
  -1   -2      0.437    -11.250    -69.601
  -1   -2     -9.750     -5.993    -73.142
 331  605    -13.272     11.664    -65.899
  -1   -2     10.492     -2.388    -79.055
  -1   -2     -2.195     12.488    -70.813
  -1   -2      0.193     -5.979    -67.595
  -1   -2     13.939     -1.508    -63.920
  -1   -2    -12.731      1.872    -65.033
  -1   -2     -3.441      2.217    -68.057
  -1   -2     11.503      9.613    -78.764
  -1   -2    -11.114      1.138    -66.721
  -1   -2     11.070      0.282    -81.392
  -1   -2      6.392     10.088    -64.226
  -1   -2     14.767     12.019    -68.815
  -1   -2     -9.491    -10.905    -67.053
  -1   -2     -2.126     -2.575    -52.406
  -1   -2      6.319      7.318    -64.398
  -1   -2     15.257      7.824    -63.103
 193  443     -6.339     -1.938    -73.684
 390   72     -0.361     -4.320    -67.818
 107   -2     -4.673    -10.901    -66.268
  65  394      1.742     -7.851    -62.639
 142  180     13.717      6.319    -74.029
 338  665    -12.399     -5.652    -69.493
  64  277      2.994     -7.729    -72.150
  27  303     -3.223     -9.873    -72.174
 306  805     -5.837     -4.746    -73.009
 293   -2     12.854      3.655    -65.426
 778  259      3.764      5.058    -62.440
 226   -2     15.184      0.214    -67.793
 587  170      4.365     -1.714    -63.913
 249   -2     12.814      3.487    -61.504
 296  279     13.263     -9.720    -72.548
 712   -2     13.356      5.353    -66.635
 532  480    -11.312      5.648    -66.489
  48  196      0.218     -6.101    -75.257
 375  837     11.189     -8.349    -61.979
 357   -2    -10.641    -12.365    -68.388
 777  320     -6.097     -9.549    -72.023
 373   70     -4.407     10.842    -69.527
 790   -2     11.764     -5.983    -60.686
 671  536      6.938     -4.231    -75.028
 536   -2     14.789     -9.089    -64.334
 383   -2     -5.988     12.511    -71.286
  -1  698      6.932     10.418    -70.650
 313   -2    -10.296     10.368    -62.319
 602   -2     10.637    -11.042    -64.924
 683   -2     11.835     -7.008    -66.237
 275   -2      5.860      4.668    -70.691
 669  826      6.503     -1.428    -75.298
 480   -2     -0.129     12.570    -65.830
 433   -2      9.078      1.325    -73.527
  21   16      0.279      9.029    -71.140
 279   -2    -13.196     -4.799    -75.823
 426   33     -9.054     -2.499    -66.413
 460  335     -2.690     -6.670    -70.217
 504   -2     13.043     10.671    -60.939
 721   -2     -9.806     12.167    -76.890
 734  699      0.682     -2.917    -69.009
 784   -2     13.429     12.152    -72.074
 805   -2     17.732     12.070    -71.704
 819  391     11.799    -11.828    -68.658
 823  838     14.230     -9.761    -63.438
