819
   4   16     -2.192      4.386    -73.548
   0  117    -10.045      1.974    -72.417
   7  182     -3.704    -12.050    -73.299
   5   34      1.643      4.841    -68.962
   1   36      5.647      3.490    -70.040
  42    5     -5.984      9.034    -73.848
  18    1     -3.587      2.357    -73.193
   3   10     -7.230      5.548    -70.491
  11   15      5.675      5.616    -68.942
  12    6     -3.179     -5.364    -73.388
 186   33      0.058      1.276    -71.389
  10  457      4.678      8.788    -71.205
   8   44      7.723      6.839    -73.109
 112   88    -11.995      5.972    -72.459
  40   23     -3.744     -2.210    -67.747
  49   13     -4.151      7.983    -72.311
  -1   -2    -15.480     -9.924    -75.651
  21    7     -0.678      5.606    -70.741
  27   28     -1.510      2.119    -72.432
  64   24     -3.750      1.564    -70.790
  22  369      1.437     -2.496    -69.882
   6   11     -3.207     -6.939    -72.560
  54   27     -8.471     -5.620    -68.722
  92   20      1.539      7.136    -71.031
  17  123     -0.941      1.076    -72.261
  34  449     -1.988     10.643    -68.144
  29   25     -2.593     -2.921    -68.710
  -1   -2     -6.243     -3.674    -66.910
  31   55      5.974     -1.501    -67.845
  88   19      2.461     -7.418    -73.003
  71   61    -12.237      2.457    -71.273
  -1   -2     -3.495     -1.397    -75.051
  50   71      8.150      8.831    -68.846
  23   21      3.688     -1.541    -67.625
   9   14      0.564     -0.029    -70.219
  26   38      8.341      0.388    -68.106
  -1   -2     -4.789      6.477    -63.067
 132    2      2.428      9.946    -70.148
 411   -2     -5.882      1.060    -61.650
  59   80      5.462      8.567    -71.190
  48   85     -5.822      1.743    -68.889
  82   22      8.949     -3.648    -71.379
   2  307      5.032      7.499    -71.233
 103   40      5.403     -3.744    -66.008
  14   35     -4.802     -4.355    -69.833
  41   76     13.065     -1.971    -69.885
  32   17     -1.566      6.458    -68.644
 212   46    -11.789     -8.147    -69.148
 397    0     -8.404     -5.782    -73.581
  69   41      2.688      4.480    -67.208
 409   51     -3.440      6.670    -67.296
  33  377      7.838      5.877    -67.749
 404   58     -6.244      2.872    -67.934
 789  820     -6.185      4.216    -75.391
  44    8      8.007      5.350    -69.524
 815   50      6.429     -2.812    -67.655
  91   49    -10.429      1.967    -69.811
 207    3     -3.224      7.083    -70.125
  81  383     -6.296     -5.268    -66.416
 267  136     14.758     -5.747    -72.479
  16   45     -4.805      2.952    -68.256
  79  408      5.458     -2.113    -71.553
  35  237      3.121     12.007    -69.179
  13  385     -2.288      5.784    -62.217
 265  331     10.343     10.739    -73.084
  61   18     -5.635     -0.539    -67.261
 124   83      6.488     11.404    -66.393
  68   89      0.612      3.517    -66.502
 192   12      2.681     -6.131    -71.907
 100  112     -9.440      5.277    -66.986
  -1   -2     -3.023      5.294    -67.082
 102  216     13.441      0.351    -70.701
 297  100    -13.921     -0.842    -69.104
 451   84     -1.002      7.449    -63.346
  95   67     -6.185      3.967    -62.166
 127   66    -11.222      5.690    -62.956
  72  152     -6.597     11.168    -66.565
 104   87      1.739      4.753    -63.566
  67  199     -8.253     -4.716    -65.275
  94  128     -2.117     -1.508    -69.583
  53   73     -6.374      8.760    -64.716
 182   64      4.899    -12.931    -68.003
 202   30     -5.934     -6.528    -71.103
 240  162     -6.275     -6.814    -67.990
  60   82     -8.256     -9.516    -68.851
 547  803    -12.328      1.889    -71.363
  83   78     -8.233     -7.498    -67.440
  47  187      0.290      1.298    -73.319
  39  109      9.407      6.396    -68.024
  86  107     -1.315      5.612    -66.376
 143  124     -7.858     -1.814    -64.594
 408   75      6.940    -10.220    -64.100
  -1   54     -6.601    -11.031    -72.277
  30  105     -4.323      8.800    -71.007
 116  104     -6.869      4.647    -63.541
  65   60      1.694     -2.209    -66.332
  89   72     -7.536     -7.817    -66.788
  -1   -2      0.259      6.475    -72.863
 110  456      0.698      2.317    -63.903
 156  108     -6.281     -1.699    -64.808
 167  787      4.092    -10.980    -71.834
 226  418     17.047      9.626    -69.832
 123   62     17.293      0.912    -69.536
 111  397    -11.431     10.225    -66.203
 118  163      4.868     -9.904    -66.267
 115  113     -7.173      2.425    -62.055
 164  196      1.344      9.660    -63.368
 101   93     -8.044     -1.662    -67.829
 205  462      7.579      3.830    -65.493
 403  126     -9.957      8.835    -66.185
  63  129     11.369      9.330    -65.683
 147  386    -10.115      9.719    -65.351
  24   70     -3.454      3.439    -71.717
  -1  228     -8.997      2.670    -60.902
 259  115     14.696     -0.755    -70.052
 483  482    -10.277     11.569    -63.053
  78   59    -14.560      5.763    -74.021
 308  110      5.645     -3.379    -62.742
 191  173     11.844      3.266    -66.835
  38  198     12.616     -0.086    -71.026
 779  201     13.001      2.667    -71.257
 465  412     -6.299      3.174    -69.328
 108  101      7.150      4.452    -63.355
 199   57     10.387     10.507    -67.165
  -1   -2    -13.175      0.628    -66.301
  80   95     -6.494      7.795    -62.858
 154  166      5.584     11.381    -70.588
  87  368     -7.107     -5.138    -64.066
 481   47     15.008      8.738    -70.626
 169  273      9.914     -3.016    -65.398
 490   -2      8.115    -12.360    -70.211
 196  190     -0.231     -9.019    -60.780
  77  156     15.543      3.994    -70.399
 149  463     -7.492     12.037    -64.726
 161  139     -4.684     -8.831    -66.816
 177  219     -8.343      9.395    -65.782
 395  459     11.671      9.274    -74.023
 307  581     -3.258     -8.989    -63.936
 279  151      8.492      4.916    -70.154
 614  125      3.267      5.770    -60.045
 145  498     -8.862      8.077    -63.648
  -1   86     -3.824     -9.048    -76.951
 341  210    -13.777      1.162    -67.051
 499  132      5.448     -5.994    -77.627
 458  149    -11.790     -5.925    -66.662
 221  448     -7.376     -5.227    -66.183
 193  202     -3.021    -11.567    -69.160
 181  299      2.674      6.526    -65.410
 166  146     -3.373     10.404    -75.726
  -1  343     -9.386     -2.035    -65.104
 138   98      9.279     11.577    -69.376
 526  159      7.667     -9.748    -69.064
 251   32      7.301     -0.470    -73.542
 180  116    -14.364     -5.174    -68.504
 140  444     -0.627     10.847    -62.599
  36  221      6.935     12.202    -71.876
 219  102     12.103     -3.787    -70.945
 155  220     -6.929     10.679    -77.736
 184   91     13.168     -3.192    -70.119
 187  421     -3.826      6.601    -60.374
  -1  178     -6.355     10.866    -74.465
 509  564    -15.500     -5.483    -70.983
 204  508     -8.221      8.492    -72.819
  -1  524      3.697    -11.868    -66.759
 159  189      7.512     12.054    -65.787
 664  131      0.799     -4.472    -62.371
 195  169    -12.712     -1.245    -69.397
  -1  296     -6.904     -1.530    -74.467
 119   -2     -4.376     -5.715    -70.206
 372  261      5.459     -0.398    -68.331
 468  480     -9.068     -1.026    -63.080
 151  174     -8.751     -9.238    -66.908
 264  234      2.824     10.608    -73.894
 129  121    -11.295      0.745    -68.683
  -1  167     -3.891     -9.510    -74.493
 272   -2     -1.530      4.384    -67.069
  15  781      2.223     -2.708    -70.877
 125  208      6.683     -4.444    -72.942
 229  432      2.920    -12.235    -66.538
 105  180     13.348     10.142    -66.100
 215  206      9.464     -1.872    -64.814
 121  120    -10.409     -2.029    -64.815
 296  177      2.856      9.487    -64.830
 783  819     12.734     -4.456    -64.277
 501  515     15.495    -11.630    -68.732
 464  251     -1.308      8.615    -60.147
  -1  441      8.223    -10.837    -73.707
 142  434     15.298      9.870    -68.898
 352   52     -5.330      5.419    -71.092
 780   -2     -8.450      8.917    -73.574
  -1    9     -1.504     -6.360    -72.603
 443   -2     -2.646      8.972    -70.339
  -1   -2     -2.330     -1.822    -64.180
  -1  172    -10.320      5.565    -65.307
 445   -2      3.018     12.152    -63.402
 223  248     -3.906      7.921    -63.467
 448   53     -0.779    -10.058    -75.512
 285  192     -5.223     10.276    -65.774
 197   94     14.016     -8.176    -68.232
 160  500     16.102     -6.711    -73.825
  70  191    -10.344     -2.421    -68.399
  -1   -2     10.193     -5.761    -64.770
 241  122     -6.439      9.710    -65.316
 174  253     -0.980     -8.894    -66.380
 278  205    -13.569      1.744    -66.550
 133   74     -8.739     -8.308    -68.683
  -1  245      9.906    -11.389    -66.818
 237  214     10.744      5.130    -63.577
  -1   -2      8.785      8.202    -63.940
 522  429     -1.324      2.133    -73.882
 311  266     15.017     -4.432    -71.627
 608  428      3.341     -3.969    -64.396
 246  158     11.680     -4.332    -67.298
 277  715     10.074     11.709    -70.254
 230  236     -8.718     -1.574    -67.757
 173  130    -13.466     -0.505    -70.963
 128  153     -8.928     -1.917    -67.587
 474  226      8.269      7.726    -63.794
 291  636      6.753     -5.809    -65.472
 323  254      7.958      1.910    -61.757
 200  507     -1.951     -1.024    -65.397
 266  238     10.927     -3.590    -70.654
 476  422      1.364     -9.758    -76.461
 353   -2      7.132     -8.425    -68.685
  -1  133     -4.721     -0.199    -72.998
  -1  155     10.392      8.026    -70.411
 539  278      4.491    -11.710    -63.882
 248  218     11.719      1.102    -71.287
 218  324     -2.437     11.953    -67.544
 216  224     10.647      8.086    -67.886
 222  247      6.485      2.646    -63.633
 247  164     -6.238     -4.591    -64.478
  -1  118     12.361     -0.795    -71.822
 280  211      7.586      3.157    -61.995
 254  346     11.701      2.720    -66.423
 574  807     -4.438     -7.495    -63.870
  -1   -2      5.233    -10.856    -67.193
 107  263     -3.323     -6.065    -72.625
 194   39     -1.381      8.189    -73.024
 185  244      8.497     -3.518    -69.255
  90  338     -4.668      0.077    -67.699
  45  782     -3.637     -3.686    -70.429
 562   -2     -2.319      2.591    -60.523
  -1  258     -4.767      6.147    -66.247
 171  240    -13.933      8.904    -70.902
 337  375      5.465     11.092    -73.753
  -1  229      4.119     -7.177    -69.772
 331  276     14.579      2.332    -69.537
  -1   -2     13.208     -0.764    -62.506
  -1   -2      1.702     -7.638    -58.592
  -1   -2     -7.239     12.711    -67.997
  -1  147     -2.661     -6.098    -62.482
 260  312      9.981      6.715    -63.759
 163   96      0.243    -11.794    -70.689
 319  194      4.863      9.772    -71.722
 282  257    -13.157     -3.955    -70.214
 281  323      8.402      5.729    -63.086
  -1   -2     -3.428      7.511    -58.962
 293  790      6.326    -10.759    -68.228
 328  648      7.222     -7.046    -74.342
  -1   -2      8.165      2.085    -71.662
  -1   -2      3.215     -5.815    -65.316
 327  793      0.768     -7.448    -64.859
 306   -2     -8.232    -11.475    -69.057
 276  170      4.901      1.547    -66.106
  -1   -2      7.881     -0.354    -66.521
 326  340     16.033     -7.901    -72.121
 242  311     12.841     -8.181    -68.704
 554  443      6.249     -5.708    -62.513
 252  789     -3.783     11.723    -63.526
 628  811     14.520     -5.076    -76.094
 158  786      4.357     -5.660    -68.255
  -1  280     -4.116     -4.546    -65.417
 224  103      0.486      1.517    -61.943
 288  287     11.342     10.887    -70.012
 244  616     15.432     -9.630    -71.709
 231   -2     -5.779      2.740    -62.062
  -1   -2      3.144      1.047    -63.443
 273  262     -4.087     -4.487    -63.119
 317  309     14.642      2.548    -63.579
 376  329     -8.331     -2.482    -69.536
 183  470     14.543     -4.889    -71.880
  -1  290     -5.003      3.108    -65.200
 227  472     -3.030     -0.986    -66.089
 189  184     10.000     -6.491    -72.539
 567  805     -8.765      0.406    -76.799
 339  186    -13.836     12.776    -67.289
 220   -2     -8.921     10.267    -75.448
 398   -2     11.832      3.813    -74.326
  -1   -2     -3.859      2.539    -63.941
 373  795     -3.664     -1.099    -59.552
 322  203     -3.740     10.735    -66.669
  -1   -2      9.383     -6.650    -72.846
 300   -2    -15.023     -9.033    -71.982
  -1   -2      3.455     -5.572    -69.461
  97  314    -10.092     -3.518    -67.933
  -1  259     -5.491     -7.918    -65.526
 136  171    -13.376      9.175    -73.099
 289  284     13.375     -3.305    -65.653
  -1  426      6.275      2.496    -74.798
 274  289     12.079      1.203    -64.058
 261  300     -8.073      0.537    -71.600
  -1   -2    -15.725     -8.342    -72.206
 477   -2     -5.479     -8.773    -77.061
 496   -2    -10.437      8.960    -62.293
 262  215      8.113      8.910    -73.044
 152  176     -4.779     -6.235    -71.077
 170  249     -2.581     -6.832    -69.675
  -1   -2    -14.039      7.683    -71.449
 688  629      6.472     10.126    -72.506
  -1   -2      6.327     -1.067    -54.700
 515  243    -12.512      9.182    -76.029
 345   -2     -8.080     10.053    -77.864
 312  575     13.029     -6.118    -65.967
 243  519      8.381      9.784    -70.344
  -1   -2    -14.266      1.480    -72.139
 348  326     16.384      6.075    -65.336
 253  641     16.435      7.272    -65.141
  -1  663      3.660    -10.589    -70.136
 294  430      2.248      2.543    -71.824
 513  260     14.799     -5.402    -66.425
 616  230      2.344      8.046    -76.865
 609  583      9.606     -8.951    -63.272
  -1  310     -0.301      5.794    -62.950
 305  347    -15.633     -9.974    -71.579
 283   90     12.571     -0.546    -69.700
 334  593      7.680      7.174    -65.887
 150  265     -2.037     -2.789    -63.899
  -1  252     -9.778     -9.636    -66.087
  -1   -2      3.285     -4.980    -63.137
 298  484    -14.112    -10.708    -71.005
 320  181     17.415      7.402    -71.465
 250  319    -13.280     -1.726    -72.071
  -1  600     13.421     -6.722    -70.562
 347  293    -13.149     11.552    -66.466
  -1   -2    -13.802     -0.349    -68.927
  -1   -2     16.064     11.856    -76.510
 631  291    -13.667     11.701    -68.408
 364  308     -2.704     12.251    -72.091
 606  313     12.505     11.079    -69.701
 139  268      6.264     -8.662    -65.540
  -1   -2     15.358     12.705    -66.436
  -1   -2      7.405     11.757    -69.237
 340  217    -14.411     -6.840    -69.890
  -1   -2     -2.776      2.578    -67.014
 365  332     11.470      4.486    -64.947
  -1  302      9.253     -0.193    -62.100
 737  816      7.209     -7.006    -72.138
 573  806     10.827      8.695    -62.384
 358  341      9.623     -0.547    -64.597
 239  466     15.603     -2.596    -70.654
 362  255     -5.109     -4.312    -74.562
 321   -2      4.379      9.472    -74.874
 342  165     -2.324     -6.292    -66.380
  -1  726     15.807     -7.010    -71.299
  -1  320     -6.035     -9.301    -75.947
 369  256     13.315      7.162    -64.339
 310  792     13.833      3.893    -75.249
 343   -2     15.604    -12.716    -72.822
 730  652      6.600    -11.425    -65.806
  -1  358    -11.227     -6.872    -64.944
 383  697    -16.064      0.863    -72.812
  -1   -2      1.724     11.772    -76.738
  -1  335     12.503      4.090    -63.373
  -1   -2     -8.743     -5.798    -65.201
 299  193      3.303     -7.927    -71.919
 303   -2      3.624     -8.615    -71.338
  -1   -2      3.703     12.731    -66.037
 361  707     -7.277      7.216    -68.288
  -1   -2      2.560     -0.334    -66.401
  -1   -2      9.399     -9.058    -68.360
 375  354     -3.311      0.341    -67.367
 827   -2     -1.618     -4.532    -64.756
  -1   -2     -2.369     -6.263    -68.646
 595  317     -2.417      5.514    -69.633
  -1   -2      0.320    -10.314    -66.535
 388  796     14.159      5.026    -64.304
 487  373     -2.871     -3.183    -71.854
  25    4     -8.241      2.198    -72.160
  66   43    -12.484     -6.175    -75.448
 113  141      0.694      5.477    -70.999
 417   29      3.431      5.102    -71.172
 106  610     -2.610     -0.708    -73.899
  -1   -2     -3.569     -6.682    -55.571
  -1  381     -3.235     -3.227    -71.218
 153  387      8.551     -3.403    -75.754
  -1   -2      8.053     -8.035    -66.989
  -1   48     -1.754     -1.390    -65.712
  19  378      0.318      8.539    -72.389
 394  160     -7.011     10.070    -60.130
 489  802      1.223     -0.906    -70.343
 413  393     -6.416      9.251    -69.596
 442   -2     -0.006      2.781    -73.528
  -1   69      4.102     -9.295    -71.114
  -1   -2     -7.114     -4.401    -61.629
  -1  179     -8.021      7.262    -73.752
 447  246     -1.904      8.306    -73.438
 548  512     16.027      7.213    -68.838
  -1   -2     -6.437     -9.210    -72.641
  -1  392     -8.315     11.456    -74.443
  -1   -2     15.196      3.593    -66.985
  -1   -2      4.269     -3.899    -82.879
 500  396     -8.808    -11.455    -67.465
 391  504     -1.457    -10.204    -74.842
 446   -2     -7.841     12.415    -65.919
  -1   -2     -5.129    -11.961    -68.535
  74  388      8.450     11.584    -71.019
 538  417      3.100     -7.748    -66.969
 109   31     -6.541     -2.990    -64.737
  -1  391     -4.012      4.632    -69.250
  -1   -2     -7.787      8.990    -79.975
  -1  157      4.246      3.148    -66.091
 421  798     -5.841      2.901    -73.191
  76  400      8.154     10.894    -69.436
 141   -2     -5.382    -11.252    -60.901
 131  231    -12.935      7.883    -69.121
  84   -2     -4.466     12.198    -70.272
 626  476     -5.857    -12.352    -72.268
  -1   -2     -5.577      9.755    -60.394
 393  389     -9.170     -4.647    -69.151
  -1   -2      3.356      7.895    -75.209
 426   26      2.556     -1.403    -67.391
 556  727     12.234    -10.594    -74.734
 424  474     -6.154     11.112    -63.521
 157   79     -8.445      5.006    -63.019
  -1   -2    -16.155     12.044    -73.060
 469  390      2.724     11.587    -64.785
  75  784     -2.178     11.350    -73.355
  -1   -2    -11.665     -0.990    -66.623
  -1   -2      4.913      1.912    -65.756
  -1   -2      3.412      4.553    -60.235
  -1   68      2.925      4.734    -64.357
  -1   -2     -5.828    -12.142    -64.683
 137   -2      2.306    -10.674    -66.409
 165  451      6.671      7.527    -60.962
 427  799      4.516      4.551    -72.094
 213  410     -7.524     -1.694    -65.672
  -1   -2      5.670     -6.294    -63.422
 822  318      0.326      3.322    -71.015
 236  496    -12.916     11.374    -65.109
  -1   -2     -0.868     11.838    -67.976
  28   37     -1.291     11.547    -70.135
  58  783      1.670     -5.112    -72.829
 228  175      2.568     -2.320    -66.026
  -1   -2     -9.736     -1.681    -57.059
 525  431    -13.604      5.322    -66.161
 518   -2     -1.665      3.800    -61.662
 117   -2     -7.639      4.740    -64.459
 232  150      6.477    -12.854    -66.972
 611  535     -7.196     -1.113    -77.461
 429  445     10.771      2.543    -76.607
 399   -2     -7.790      7.698    -73.698
 618  370     -3.921      2.529    -69.065
  98  785      3.385     -9.167    -75.020
  -1  138     -1.624      7.905    -64.668
  -1  407     -0.714      8.916    -64.351
  -1  465     14.966     -6.659    -65.824
  -1   -2     -7.946      4.478    -80.768
  -1   -2     -5.648      0.132    -69.786
  -1  195     -6.543     -4.636    -60.624
  -1   -2     -2.324     13.310    -64.241
  -1   -2      0.788     13.296    -63.820
 470  142    -10.542      3.292    -69.832
 290  301      9.848      8.894    -73.159
  -1   -2    -14.852      2.893    -81.674
 436  827     -7.971     -0.767    -65.460
  -1   -2    -14.355     -5.936    -66.226
  -1  402      8.699     11.246    -64.178
  -1  442     14.420      0.911    -59.708
 126  536     -2.064    -10.185    -68.145
  -1  604     14.217     -3.150    -73.403
  -1   -2     -9.146     -3.719    -70.089
  -1   -2     -6.598     -4.019    -61.242
  -1   -2     -5.598     -4.358    -71.055
 545  656      9.235      1.675    -73.928
 233  788     13.175     -3.801    -75.261
  -1   -2      1.989     -1.057    -77.596
  -1   -2      5.266     11.678    -61.411
  -1   -2     10.908     -7.745    -55.746
  -1   -2     -9.368    -11.894    -61.183
 480  801      6.269    -10.282    -64.205
 639  647     14.358     -9.404    -64.095
 325  828     -4.558     11.766    -72.466
 346  471     -8.728     -2.192    -62.034
 211   -2     -5.162    -12.005    -66.080
 425  481     -9.194    -12.395    -63.514
  -1   -2    -10.352      3.351    -84.715
 456   -2     -7.310     11.508    -63.965
  -1   -2      2.107     -9.025    -63.572
  73  114    -11.979      4.216    -69.579
  -1  140      1.759    -11.759    -61.763
  -1   -2      1.574     13.550    -64.311
 268  135     -5.296     -0.672    -64.799
 130   -2     -7.062      0.244    -65.331
 503   -2     -7.679      1.792    -67.780
 461  499    -15.012     -6.725    -67.714
  -1   -2     13.611     -5.787    -81.005
 826  267      3.753     11.876    -73.176
  -1   -2     -1.240    -12.420    -62.533
 494  479     10.287    -11.398    -64.688
  -1   -2      3.062     -1.930    -64.294
  -1   -2      1.506      1.159    -60.003
 454  197     17.509      3.507    -67.915
  -1   -2     -2.906      3.580    -63.325
 576  530      1.342     10.994    -62.064
 824  491      9.059     -7.584    -65.794
 607  810     -0.326      5.357    -75.384
  -1   -2    -11.713     -2.383    -73.785
  62   -2    -10.027     11.221    -64.942
  -1   -2     -1.990      0.366    -57.811
  -1  127     -6.904    -12.878    -66.293
  -1   -2     -9.648     -3.695    -59.821
  -1   -2     11.596     10.231    -71.685
  -1   -2     -6.425     -6.829    -53.431
 505  486     13.222     10.785    -70.825
 313  285     17.590      2.000    -69.769
  -1   -2     -8.851      6.212    -77.152
 332   -2     13.746     11.118    -68.972
  -1  154     -5.824     -9.908    -66.265
  -1   -2     -0.424     -1.160    -62.434
  -1   -2      4.098     -4.717    -62.716
  -1   -2     -9.888    -10.700    -58.382
 473   -2    -13.902      6.031    -70.512
  -1   -2      6.831     -7.546    -75.407
  -1   -2      7.256      8.413    -78.659
  -1   -2     -1.498     12.028    -60.234
  -1   -2     -6.949     13.199    -63.054
 569  577     13.201     12.958    -64.349
 238  235      1.221     -3.172    -63.702
  -1   -2    -10.176      3.444    -75.730
 656  489    -11.192    -11.759    -61.538
  -1   -2     -6.906      6.073    -55.685
  -1   -2     -0.308     -0.473    -62.581
  -1   -2     -3.449     -6.260    -56.048
  -1   -2     11.122     -2.497    -75.399
  -1   -2     10.811     -0.019    -63.874
  -1   -2      4.179     -7.930    -52.107
  -1   -2     -8.106     -7.360    -61.914
 551  275      0.528     -5.382    -60.976
 627   -2    -14.194      5.652    -67.354
  -1   -2     11.601      1.781    -74.807
  -1   -2      7.978     -3.709    -74.351
 660  509    -15.886      5.021    -71.312
 527   -2    -11.238      0.082    -61.051
  -1   -2      6.273     13.310    -64.058
  -1  242      7.465     -5.634    -62.844
  -1  686     15.919     -7.669    -68.744
  -1   -2     -6.226     -0.851    -73.694
  -1   -2    -11.926     -7.865    -60.955
  -1   -2     -9.035     -1.645    -85.799
 314  505    -13.346      1.581    -76.646
  -1  597     15.577     -9.693    -66.204
  -1   -2     -0.958     11.012    -60.746
  -1   -2     -2.182     -3.448    -57.581
 275   -2      9.244     -8.483    -73.279
 444  490     12.272     -9.946    -66.069
 190   -2      1.676     -5.454    -68.615
 679  517     14.436      9.977    -65.537
  -1   -2     -3.036    -10.745    -58.651
  -1   -2      8.726    -11.565    -59.141
  -1  662     15.745     -3.404    -61.976
  -1   -2      8.760     -1.831    -56.372
  -1   -2      8.818     -0.735    -69.783
  -1   -2     13.432     -1.694    -58.912
 479  461     -8.044     -8.374    -75.141
 269  559      9.353     -4.714    -62.021
  -1  513      7.509    -12.531    -62.868
 482  315     10.436     -3.300    -70.804
  -1  272    -10.146     11.989    -65.416
 459  328     16.409     -9.613    -74.856
  -1   -2     12.575      5.177    -75.556
 493  225     10.337    -12.595    -69.988
 504  591     14.962     -7.768    -63.448
  -1   -2      8.328      8.031    -59.408
  -1   -2     14.165      4.902    -72.634
  -1   -2     14.368     -9.648    -75.121
 384  571      5.735      3.496    -61.976
  -1   -2      6.278     -5.844    -76.020
  -1   -2     11.588      6.906    -65.174
  -1  458     -7.769    -12.900    -65.083
  -1   -2     10.780    -12.286    -67.371
 801  523     10.100    -12.373    -64.541
 690  223      0.326    -10.853    -75.244
 519   -2      1.543     -9.864    -65.663
  -1   -2     15.144      6.853    -82.763
  -1   -2     18.245      3.005    -70.094
 258  529    -14.156      1.272    -66.929
 523  366      0.444      9.694    -69.636
  -1   -2      0.769     12.064    -70.663
  -1   -2     16.774      7.489    -78.782
  -1   -2     -7.042     12.742    -61.916
  -1   -2      0.382     -2.766    -75.577
  -1   -2      1.395     -4.573    -58.655
  -1  183      4.861    -12.976    -70.878
 497  582      2.462      3.672    -65.603
 624  613     -6.471      7.817    -67.917
 172   -2     13.383     -0.815    -76.262
  -1   -2     -1.822     -4.860    -77.010
  -1  580    -14.019    -12.101    -76.836
  -1   -2      6.586     10.699    -58.380
 304  585     14.031     11.567    -73.836
  -1   -2     -4.400     -8.244    -67.411
  -1   -2    -12.235     11.796    -63.970
  -1   -2      3.707    -12.614    -64.909
 506  414     17.156     11.450    -69.414
 583  761     14.652    -10.426    -66.850
  -1   -2    -11.329     -7.403    -72.596
  -1   -2     -2.737      0.237    -76.547
 179   -2    -13.132      8.218    -76.449
 524   -2      8.556     -1.919    -75.648
  -1   -2     -6.063     -5.966    -79.584
 234  611     13.736     -2.928    -66.076
  -1   -2     -4.723      6.950    -73.574
  -1   -2    -15.236     10.357    -71.910
 360  286     -7.294      8.663    -66.346
  -1   -2      1.625    -11.805    -73.875
 295  791     12.304     10.255    -71.563
  -1   -2    -11.531    -10.946    -62.217
  -1   -2    -14.965      4.791    -68.990
 640  812      4.379     10.389    -60.351
  -1   -2     13.303     -7.380    -77.709
  -1   -2    -14.295     -6.544    -77.540
 634  464     15.950    -12.159    -67.801
 286  345    -14.758     -4.564    -76.911
  -1  651     -6.709     11.425    -76.351
  -1   -2    -10.645     -9.377    -55.951
  -1   -2     -8.441    -10.516    -65.267
  -1   -2     -6.744     -5.815    -70.215
  -1   -2      0.004      2.390    -60.310
 828  826     10.115      7.411    -73.382
  -1   -2      2.801      1.956    -54.623
  -1   -2    -10.484    -10.102    -60.784
 214  487      6.657      4.605    -76.884
  -1   -2      8.225    -11.137    -62.249
  -1   -2     -6.168     -3.975    -60.275
  -1   -2    -10.855     12.157    -66.875
  -1   -2     -7.615      6.378    -74.828
  -1   -2      6.076     -0.441    -58.553
  -1   -2     -9.708    -10.449    -64.416
 650   -2     -6.459     -7.562    -68.341
  -1   -2    -10.700      1.117    -58.366
  -1   -2     -1.361      9.343    -51.992
  -1  661      5.183     -7.886    -52.108
  -1  668     -3.819      5.225    -65.549
  -1   -2     -9.986     -9.824    -75.689
  -1   -2      0.726     -5.743    -66.539
 382  359      7.750     -7.068    -70.034
 245   -2    -13.953     -6.124    -72.099
  -1   -2     14.999      0.643    -86.659
  -1   -2     -2.857     12.449    -68.622
  -1   -2     -3.208     -8.128    -58.190
 675  813     14.419     -1.544    -66.678
 335  622     -1.927     -4.955    -72.117
  -1   -2      5.287     -0.211    -60.180
 685   -2     12.123     13.102    -63.025
  -1  677     19.151      6.990    -73.450
  -1   -2    -13.348      1.788    -78.917
  -1   -2     14.178      4.239    -70.765
  -1   -2     -9.532     -7.891    -74.146
 528  706     17.632     -6.696    -70.978
  -1   -2    -13.378    -11.433    -68.394
  -1   -2     10.553     -6.136    -52.930
 612  623    -10.601     -9.203    -63.285
  -1   -2     -9.984      9.784    -57.941
  -1   -2      3.544     -3.512    -73.396
  -1   -2      9.889     11.111    -77.271
  -1   -2      3.397     -4.247    -82.474
 292  609     13.139     -7.157    -66.422
 460  800     -6.844      2.726    -69.159
  -1   -2      9.531     -2.444    -74.773
 255   -2    -14.609     -1.319    -69.269
  -1   -2     -9.401      4.793    -73.943
  -1   -2     -9.920    -12.640    -68.096
  -1   -2      4.188     13.162    -65.744
 711  705    -14.893      7.079    -74.817
  -1   -2      1.310     10.795    -72.465
 580   -2      4.581     11.159    -75.744
  -1  756     12.351     -9.223    -68.833
  -1   -2     -1.131     10.652    -70.320
  -1   -2     -8.629     -9.091    -61.541
  -1   -2     -4.519     -2.485    -71.520
  -1   -2      4.863     11.632    -62.973
 720  614     15.977      0.670    -65.633
  -1   -2      9.508     -9.910    -58.749
  -1   -2     14.161      6.125    -73.530
  -1  736      5.602     -2.356    -73.000
  -1   -2    -13.051     11.675    -74.951
  -1  596     -7.740     -6.976    -77.440
 601  717     13.330    -11.049    -63.527
 357   -2     10.689     -3.671    -63.611
  -1   -2    -13.905      5.311    -87.552
  -1   -2      7.279     -8.864    -68.595
 380  351     15.624    -10.125    -68.940
  -1   -2    -11.651      9.672    -69.839
  -1   -2    -12.863      6.949    -75.221
  -1   -2      7.006      2.832    -52.320
  -1   -2      4.775      3.502    -69.330
 686  814      4.556    -10.546    -72.577
  -1   -2      0.353     -9.066    -74.167
  -1   -2     16.503    -10.154    -82.403
  -1   -2    -10.155     -0.729    -80.211
  -1   -2      9.273     -6.950    -73.275
  -1   -2    -11.509    -10.396    -61.098
  -1   -2     -8.860     11.132    -80.736
  -1  701    -10.125      7.930    -63.684
  -1  725     15.891    -11.633    -71.473
  -1   -2     -0.880     10.489    -72.206
  -1   -2    -15.395     -0.058    -74.475
  -1   -2      4.861    -12.470    -70.620
  -1   -2      5.043      2.154    -58.831
 712  815    -12.204      5.422    -64.128
  -1   -2      4.617      9.846    -53.633
  -1   -2    -14.701     10.611    -78.438
  -1   -2      8.302     -4.296    -52.424
  -1   -2    -12.879    -11.122    -64.216
  -1   -2      3.793     13.310    -65.432
  -1  493     11.232     -7.446    -60.843
  -1   -2     16.270     -7.757    -83.396
  -1   -2      2.794     -4.789    -62.186
  -1   -2     -6.147     -1.762    -70.501
  -1   -2    -11.258     -5.632    -79.934
 586  809     -7.478      8.232    -67.633
  -1   -2     -4.868      5.304    -77.779
  -1   -2      7.970      0.280    -57.750
  -1   -2     -8.873      7.409    -53.033
  -1   -2     -4.576     -8.540    -87.869
  -1  680     -6.860    -12.096    -73.400
  -1   -2     11.382     -4.509    -68.653
  -1   -2     12.491     11.651    -64.110
  -1   -2     11.985     10.805    -67.191
  -1   -2     11.057      7.805    -67.824
  -1   -2     16.817     -5.961    -76.006
  -1  703     13.010     -6.112    -74.084
  -1   -2     -2.218     -3.835    -64.579
  -1   -2      4.461      6.760    -57.752
  -1   -2     -0.626      3.945    -71.896
  -1  355    -10.699      8.080    -66.100
  -1   -2     -0.083     -2.026    -62.628
  -1   -2     -5.455      5.780    -66.097
  -1   -2     -1.654     -0.749    -85.032
  -1   -2    -12.974    -10.592    -68.866
  -1  699     13.475     -5.565    -72.501
  -1   -2    -14.717     -1.031    -81.377
  -1   -2     -2.726      6.868    -61.695
  -1   -2      4.017     -3.558    -59.515
  -1   -2     10.087     -5.505    -61.816
 633   -2     15.863     -4.114    -61.120
  -1   -2     -0.531     -8.140    -71.080
  -1   -2      9.603      2.733    -61.463
  -1   -2     14.539      3.720    -59.865
  -1   -2     18.191     -2.419    -71.978
  -1   -2    -12.367      1.972    -72.800
  -1   -2    -12.132     12.154    -67.890
  -1   -2     -7.186      5.950    -61.064
 759  742     10.908     -6.805    -66.595
  -1   -2    -11.841     -0.529    -67.630
  -1   -2     -8.595     -9.101    -60.967
  -1   -2     -1.704     -8.098    -65.008
  -1   -2     -8.752     -9.996    -56.973
  -1   -2    -10.211     -2.909    -57.295
  -1   -2    -13.960      7.974    -78.571
  -1   -2     -7.496      8.853    -54.829
  -1   -2     -3.575     -8.643    -82.251
  -1   -2     15.499     -4.181    -60.687
  -1   -2     10.754     -6.746    -73.641
  -1   -2     -7.804     -8.777    -58.834
 806   -2     14.989     -5.295    -63.005
 777  817      1.927      7.395    -69.506
 432   42      2.627      6.050    -65.995
  20   -2      0.200      6.321    -70.782
 778  818     -8.881      4.804    -65.323
  51  413      3.253      7.809    -75.118
 400  797     -6.017      7.715    -74.503
 148  829      5.839    -11.511    -74.156
 176   -2     -4.234     -6.731    -64.519
  43   -2     12.441     -0.693    -71.972
  -1   -2     -1.380      8.287    -73.032
 428   99     -4.376      4.426    -72.354
 804  822     -8.765      5.779    -64.623
 406  492      7.353     -4.769    -71.222
 257  419     15.204      3.722    -66.871
  -1   -2      0.111    -11.875    -70.647
 510   -2     -6.697     -2.914    -77.454
 793   -2     11.319      6.622    -64.222
 366  297    -14.221      3.514    -70.522
 743  363    -13.435      2.028    -67.341
 324  269     17.454      8.983    -69.831
 812  372      8.653      6.556    -70.463
 405  185     -3.540      7.770    -68.748
 462   -2     17.562      7.760    -67.012
 797  148     -0.410     -1.791    -66.211
 798  425      6.983      9.362    -75.830
 537   -2     11.909      7.459    -62.531
 450  435      7.806     -9.417    -63.373
 435   -2      0.244     -6.591    -77.427
 645   -2      1.152      5.111    -73.927
 437  395     -5.988     -5.036    -67.490
 271   -2     -9.011      7.503    -61.977
 796  821      0.695      9.683    -60.156
 188  683     -2.736      5.864    -75.551
 550  804      3.560     -6.978    -64.443
 670   -2    -12.615     -2.676    -72.136
 696  728     12.808     -6.226    -60.803
 808  823      7.457     -6.422    -74.547
 584  808     -5.736      9.806    -67.091
 736   -2     -9.795     11.575    -76.669
 498  450    -12.857      1.686    -66.924
 235  455    -10.117      5.833    -69.140
 329  794     15.118     -5.817    -72.944
 816  825      2.084      9.864    -71.257
 817  337      9.132      3.534    -65.372
 529  330     -6.307      8.218    -67.881
 813  824    -10.831      2.434    -74.745
 642   -2     -6.931     -5.928    -76.566
 201   -2     -8.014     -3.752    -62.955
 440  495      0.273      2.164    -59.580
 578   -2      3.384     -5.884    -67.617
 613  295      7.131     -0.770    -64.094
 791  424     17.156      8.881    -73.319
