792
   0    0      6.108      5.055    -70.949
  27   49      0.043      1.662    -72.843
  25    4      4.167      2.356    -68.807
  -1    1      1.765      3.428    -69.410
  48    5     -8.274      2.889    -71.862
   7    6      2.548      5.478    -70.112
   8    8    -10.340      3.835    -69.456
  55   11      3.824      7.742    -70.289
 206  274      4.531     -7.607    -69.756
   5    2      3.685      2.722    -73.414
  98   71     -7.227      6.892    -70.094
  84  348      9.382     10.404    -70.257
  29  356     -3.437      9.784    -68.019
 345   73     -2.153     -0.620    -70.476
  20    3      7.380     -0.632    -69.916
 424  134      2.762      2.757    -66.978
 343  800      1.051      6.709    -68.841
 361   14    -12.802      4.550    -73.375
 127   30      1.703      6.769    -68.813
  37   26     -7.552      5.705    -69.726
  -1   41      6.821      1.474    -68.454
   4   22     -1.320     -9.863    -71.745
 143  353     -7.783      7.007    -69.207
  15  156      1.864     -3.992    -66.920
  24   61      3.306      4.341    -67.381
  30   24      1.620     -4.965    -69.671
 125   33      0.095     -4.267    -67.073
  70  149      0.893      8.957    -70.174
 278  138     -8.499     -0.874    -75.260
  -1   37     -2.677     -4.745    -68.751
  65   78     11.009      3.220    -68.298
  -1   -2      2.089     -1.195    -69.302
  22  169     -5.592      4.296    -66.477
  11   92      3.365     -5.245    -67.450
  36   -2      2.085      0.663    -70.402
 102  357     13.642      5.189    -70.319
  -1   -2    -10.459      3.015    -71.402
  34  115      9.598     -0.621    -69.130
  31   91     -4.018     11.353    -71.353
  -1   -2     -5.869      1.371    -72.830
 526  405      1.112     -8.589    -65.858
  -1   86     -9.063     -4.830    -66.034
 423   18      1.006     -4.627    -75.439
 251   21      3.478     -5.549    -70.306
 402   75     -5.138     -8.607    -69.480
  40   54     -4.492      3.259    -63.935
  26   36     10.874     -6.822    -66.824
  61  406     -0.660      6.239    -63.111
  44   39      5.245     -1.315    -65.331
  10   20      3.355      4.742    -68.754
 411  184     -9.472      1.332    -76.579
  -1   72     -3.034     -7.904    -67.259
  -1   12     16.558      5.361    -69.876
  54   89      9.937      8.052    -69.314
  92  113     -1.387     -3.164    -61.379
  -1   -2      3.698      4.930    -74.054
 151   82      5.606     -3.264    -67.943
  12  430     -8.745      4.691    -72.418
   6  126      7.379     -1.901    -70.812
  81   83      6.806    -10.046    -74.129
 477  393      1.143     -6.900    -69.998
  60   97      8.538    -12.026    -69.220
 801   25     -1.560      4.268    -70.214
 771  118     -4.145     -4.087    -66.360
  -1  373      3.795     -5.140    -62.579
  -1   -2     11.988     -5.885    -71.572
 140   63      6.314      0.904    -69.162
 198  486      3.998     -7.070    -70.968
 412  359      6.581     -5.876    -67.790
  -1   87     -4.542      4.412    -77.200
 141  120      4.536     -9.402    -64.941
  68  106    -11.073     -2.832    -66.762
 374   90     -4.981     -2.126    -63.058
 105   80      5.576     -8.837    -62.882
 476   62     -8.989      1.300    -66.888
 175  786      0.616      7.908    -74.911
  97   28      0.867      6.441    -71.524
 429   66     -8.999     10.465    -72.933
  89  347      6.677     12.051    -68.319
  38   31      3.868      6.813    -69.292
  -1   -2     -6.358    -10.863    -61.605
  42  439     -3.494      2.798    -64.182
   3   10      6.519      0.586    -73.120
  66   -2     15.785      9.001    -67.776
  52  179     -2.920      2.515    -66.960
  71  260      2.761    -11.191    -67.973
  -1   -2    -11.343      5.155    -64.650
  -1   -2     -8.633     -6.857    -64.144
  -1   -2      0.406      3.014    -61.444
  -1   -2    -14.245      3.791    -74.676
  -1   -2     -5.877    -10.088    -63.649
 139   -2     -3.455      2.292    -63.382
  33   -2      5.770     -6.779    -67.555
 515  545     15.026      7.286    -71.658
 372  424     11.691     -3.525    -66.070
 444  803      7.212      6.519    -69.201
  56  213     -7.904      7.840    -63.005
  18  131      7.378      3.834    -69.474
  -1   15     -0.982      5.504    -71.926
  -1   34      0.666     -0.243    -70.370
  80  102      8.031      1.345    -63.577
 195  142     14.628     -9.013    -70.547
  -1   -2     -1.159     -7.928    -68.551
 366  564      8.834      9.445    -66.711
  -1   -2    -11.630      4.565    -65.879
  77  174      1.893     -4.513    -65.246
 115  477     -6.234      7.070    -73.275
 407  110      6.176      6.101    -69.846
  -1   -2      1.692     -0.998    -75.837
 116  145      1.502     -8.641    -65.389
 121  212     12.060    -10.596    -72.685
 197  788      5.114      4.838    -63.703
 382  135     -7.131     -4.090    -65.737
  93  819     -1.865    -10.392    -66.922
 185  121     -6.435     -5.550    -65.917
 146  240      3.145      6.183    -64.579
  35  579     11.700     -0.154    -70.272
  53   74     -4.769      4.418    -66.609
  -1   -2     -2.182    -10.139    -63.161
  88  258     -6.978     -2.652    -64.378
  23  363     10.973      6.162    -71.796
 100  116     -7.311     -1.876    -64.437
 134  408     -6.263     -2.651    -63.092
  -1  129    -10.991     -4.901    -59.318
  74  216     -2.919     -2.903    -63.230
 108  534    -12.836     -7.179    -69.516
 488  153     -1.452     -5.403    -70.727
  -1   -2      3.367     -4.241    -55.498
 357  554     12.094     -9.344    -64.608
 117  782     -1.210      0.094    -62.155
 104  107    -11.231      8.479    -69.926
  94  141      2.910      9.563    -65.257
 131  187      7.107      2.374    -63.047
  -1  387     17.209     -8.980    -70.266
  45  289     -1.013     11.008    -72.629
 609   -2     -8.736     -5.362    -74.396
 128   35     11.530      1.630    -70.460
   1   29      1.693      5.880    -70.446
  19  355      9.612      2.846    -72.741
 479  193      8.075      5.987    -75.619
 124  210      1.439      0.015    -62.306
  76  214      6.578     -6.327    -69.370
 196  508    -14.665     -6.619    -69.110
  86   47     -5.498     10.490    -66.431
  -1   77    -12.037      4.022    -66.576
 437  154      5.236     -1.464    -62.808
 145  166      6.258    -12.153    -65.802
  13   16     13.157      2.596    -72.485
  28  390      0.254      4.175    -68.151
 398  111     14.028     -5.777    -68.480
  67   59     -7.902     -1.937    -64.979
 177  372    -11.000     -8.906    -66.061
 240  581     -2.446      3.210    -61.748
 485  367      2.082     -3.192    -71.667
  -1   -2      1.388     12.674    -69.234
 201  162      6.704      4.953    -63.859
 540  224      5.961     -2.093    -63.265
 239  259     15.067     -2.516    -73.208
  -1   -2      4.867     12.369    -69.867
  -1   -2    -14.072      5.586    -69.705
 114  702      1.696     -8.972    -70.417
 469  217      1.884      6.261    -67.376
 205  208     -8.065     -6.860    -66.421
  46   70      0.581     -1.298    -74.474
 428  229      6.373      8.699    -65.733
 112  159    -11.102     -8.177    -66.930
  -1  250     11.663      6.342    -61.812
  -1   -2     -9.598    -12.080    -70.246
 242  173     -1.634     -1.204    -64.075
 396  230     11.300      0.473    -62.918
 225  791     -4.095    -10.607    -69.498
 255  235      0.689      6.317    -69.325
  -1   -2     16.954     -1.756    -68.218
 163  254     -9.569     11.651    -70.515
 161  137    -10.798     11.571    -71.487
  50  395     -4.519      6.435    -65.438
  -1  228    -11.604      7.552    -67.412
 222  143      5.593      7.048    -62.588
 252  256     11.003    -10.594    -72.955
 233  491    -12.702     -2.642    -63.512
 453   44     -1.702      1.249    -68.578
  -1   -2     15.094      5.764    -70.753
  -1   -2     -5.951      8.671    -71.988
 204  255    -12.668      9.023    -68.828
 136  283      7.553     10.966    -67.660
 246  536     -7.703    -10.917    -73.745
 613  298     14.853      4.596    -67.434
  -1   93     -6.128     -3.146    -72.319
 170  196      1.277     -0.468    -61.263
 167  504     12.029     10.526    -66.179
  95  261      3.454     -0.995    -65.011
 221  539     -1.192     -1.072    -73.441
 150  784     -3.939    -11.300    -72.277
 478   -2      0.451     -2.635    -63.082
 109  109      2.138     10.928    -67.641
 207  789      7.473      2.126    -63.029
 216  282    -13.355     -6.669    -76.209
 119  117    -13.279     -7.501    -69.043
 282  170     -9.077     12.685    -67.852
  82  199    -12.116      3.928    -68.908
 220   -2      5.259     12.379    -61.719
  -1   -2     -5.833      0.608    -65.051
 186   67     15.286     -4.330    -68.741
 277  182     12.480      2.476    -66.173
 152  175      4.112      3.032    -67.030
 261  563     -4.054     -8.972    -68.210
 422  103     -4.207      4.473    -63.204
  -1   84     -8.930      6.726    -68.292
 153  785      9.688     -2.971    -72.311
  -1   -2     -4.281     -2.492    -70.641
  -1   -2      4.777      6.726    -73.368
  72  699      5.215      6.251    -68.363
  -1  128      3.121      5.721    -63.167
 487  194     -8.831     -0.195    -63.750
  -1  150      4.711     10.045    -65.160
 272  231    -10.869     12.333    -68.124
  -1  279    -12.738      2.880    -66.877
 227  122     -5.900     -7.867    -73.748
 318  798     -5.497    -10.491    -70.713
 171  177     11.301      4.857    -66.307
 253  139      7.769      7.463    -67.210
  90  313      4.682     -1.524    -72.725
 288  319      7.258     -8.828    -71.434
   2  178      2.904      9.197    -73.953
  43  223      3.545      7.726    -68.622
 111   -2     -1.460     -9.247    -69.840
 213  269      8.598     -9.989    -69.719
 237  192      5.930     -0.630    -63.451
 123  820      9.206      9.650    -69.663
  -1   -2    -14.544     -1.521    -74.438
  -1   -2     -8.694      8.858    -61.949
  -1   -2      1.772    -11.929    -75.362
 601  657     13.808     -0.373    -71.198
  -1  436     11.686      2.253    -61.947
  87  144     11.365      3.031    -70.297
 331  637     -0.130      0.405    -71.069
 172  459     15.196      8.722    -69.348
  -1   -2     10.333      6.526    -62.611
 218  492      9.179     11.539    -65.510
 169  311     -2.002      7.441    -71.448
 279  457     16.219      8.404    -68.980
 188  602    -12.721     11.699    -76.006
 228  242    -10.339     11.380    -65.429
 502  290      0.104      2.815    -66.549
 280  795     14.422     -7.875    -70.612
 180  232    -13.198      3.058    -69.546
  -1  146    -13.315    -11.373    -70.002
  -1  470     13.835     -0.021    -61.860
 715  382     -8.647      1.382    -75.853
 289  307    -12.123      1.852    -69.755
 776  465    -10.308     -9.418    -70.526
 144  201     -1.205      5.815    -67.862
 265  463      2.977     -5.398    -76.130
 309   -2      2.360     -5.923    -70.222
 101  238     17.525     -2.641    -69.164
  -1   -2    -11.378     -3.038    -73.544
 583  433      9.032      7.875    -62.430
 285  268      5.331     -0.568    -62.817
  -1   -2     -7.882    -10.174    -71.453
 503  251    -12.488    -11.880    -74.651
  -1   -2     -0.513      0.215    -74.051
 248  793     -4.048     -9.729    -63.638
 230  211      4.217      2.765    -62.305
 176  151     -2.503      6.570    -64.461
 491  278    -12.562      4.790    -70.848
 229  197      4.566     -3.188    -71.624
  -1   -2     -5.398      1.137    -76.077
 578  253     -8.627      3.721    -61.380
 694  676     16.122     12.914    -65.780
 321  263      5.346      1.912    -73.612
  -1   -2    -13.541     -7.335    -76.399
 118  287      3.137     -7.141    -68.980
 497  158      2.431     -1.994    -72.821
 287  796      7.014     -1.857    -70.919
  -1   98    -13.136     -1.171    -70.344
  -1  272     -5.834     10.711    -73.390
  -1   -2     -4.689      4.997    -73.776
 191  215      8.990     -0.331    -69.602
 250  821      8.228      8.200    -71.106
  -1  458    -13.624      9.381    -74.247
 286  335     12.237     -8.548    -70.792
   9  490      3.235     10.509    -75.067
 231  333     -7.609      9.708    -63.433
 155  426     11.785     -4.887    -66.880
  -1   -2     -3.214     -1.830    -62.392
  -1   -2     10.398     -4.938    -60.614
  -1   -2      7.539      5.742    -77.607
  -1   -2      5.864     -7.973    -72.165
 224  790      9.228      7.267    -72.955
  -1   -2     15.270      4.094    -69.488
 447  538      2.569      9.751    -71.479
  -1   -2    -13.214     -4.402    -77.434
 740  296      4.650      9.113    -66.626
 668   -2      0.900     -9.960    -75.397
 263  683    -11.605     12.779    -68.556
 658  265     -9.702      8.540    -64.724
  -1   -2     15.838     -7.593    -70.856
 394  237      5.164     -9.860    -73.063
 629  813      3.697     -2.098    -75.433
  -1   -2     11.610     -0.837    -71.139
 489   -2      0.608     -7.915    -69.868
 330   -2     10.496     10.598    -69.874
  -1   -2     -9.999      2.885    -70.873
  -1   -2     -8.154     -2.537    -68.403
 581   23     13.850     10.544    -69.649
 223   -2     -4.726     -7.397    -70.298
  -1  651     -3.962     -0.968    -66.784
  -1   -2      1.838      6.798    -76.104
  -1   -2     12.578      7.846    -62.981
 673  672    -10.653     -6.926    -74.089
  -1   -2      3.255      0.767    -64.402
  -1  284     -0.530     12.305    -62.528
 301  773     12.234      3.956    -64.598
  -1   -2      5.251      5.284    -59.882
  -1   -2     -6.669      8.205    -70.042
 257  673     13.074      8.058    -67.604
  -1  747     -8.408     -8.444    -69.792
  -1   -2    -13.611      8.224    -69.848
  -1   -2     -2.276     -8.679    -66.444
 509  345      4.875      7.466    -75.167
 247   -2    -12.517     10.489    -73.744
 651  270     -2.843      6.951    -67.558
  -1  336      4.071     11.020    -64.659
  -1  236      3.119     -9.410    -66.386
  -1   -2     -2.352    -12.324    -69.264
  -1  628      7.545     -1.096    -64.601
  -1   -2     -3.583      8.265    -66.128
 611  320     -1.132    -11.001    -69.527
  -1  627      2.053     -4.631    -67.217
  63   -2     -5.286      0.297    -67.265
 560  332      6.521     -5.866    -71.366
  -1   -2     13.633      6.225    -64.008
 667  822    -11.573      4.550    -77.019
 522   -2      9.221    -11.672    -69.762
 320  306      8.876      2.049    -71.703
  -1   -2    -13.323     -2.971    -76.170
 262  794     12.279      8.860    -66.334
  -1  204      8.761      8.880    -74.659
 326  730      6.123     -4.265    -65.656
  -1   -2      3.769     -7.739    -72.267
 341  344     -4.981      2.512    -64.291
  -1  346      2.400     -7.021    -68.771
 350  511     15.330      9.923    -72.908
 375  155     13.879      4.890    -71.254
 370  252     -6.366      9.967    -71.807
  62   17      0.339     -5.411    -66.431
  14    7      4.240     10.414    -67.557
 106   19     -2.545      8.954    -72.689
 434    9     -2.152      3.349    -75.753
  -1   -2     -0.077      6.242    -60.147
  -1   -2     -1.378    -11.921    -69.455
  -1  369      1.058     -9.639    -61.215
  -1   -2     -6.607    -12.672    -64.118
  -1   -2      1.124      0.855    -61.652
  -1   -2     -5.327    -12.371    -68.798
  17  780     -6.502      3.595    -72.193
 360  366     12.249     -5.145    -71.300
 798  543    -12.110     11.925    -73.672
  -1   -2    -11.316     -8.941    -71.032
  -1   -2     -7.694     -7.848    -56.887
 391  391    -12.119     -4.776    -64.237
 190   64     -3.895     -8.018    -70.011
 468  125      3.854    -12.883    -66.535
 405  377      1.394    -12.959    -63.237
  51   51     -5.035      6.659    -65.455
  -1   -2     -7.348     -3.545    -61.976
 516   94     16.622     -3.571    -71.896
 369   -2     17.426     -9.538    -69.414
 389   40      3.716      3.230    -69.785
  -1   -2      1.607      9.835    -60.823
 418  802     -1.502      4.858    -60.312
 174   13     -7.306      9.002    -69.668
  -1   -2     -5.958     -6.557    -83.599
  -1  249      2.764     -9.665    -61.826
 393  418      6.202     -7.086    -62.408
 433   -2     -0.162     -7.251    -64.303
  -1   -2      0.924      7.840    -70.523
  -1   -2    -13.034    -12.291    -73.754
  -1  299      6.751      3.742    -76.304
  -1   -2     -8.767      9.909    -53.463
  -1   27     -0.566     10.465    -72.485
  -1   -2     -6.667      5.778    -62.171
 421  368     16.475    -11.955    -69.438
 403   -2      8.508     10.620    -76.664
 506   -2     17.044     -8.131    -67.952
  -1   -2     -3.030    -12.547    -73.558
 753  823      0.275      3.522    -74.625
 415  407    -12.018     10.732    -63.280
 165  171     12.057    -10.253    -68.873
 426  365      0.005     -9.533    -71.415
  -1   -2     -1.203      0.830    -59.365
  -1   -2    -10.579     -4.160    -61.629
  -1   -2     -1.209     -9.792    -63.447
  -1  132     -5.305     -2.117    -75.118
 417  384      7.325     -4.279    -63.098
  58   56     -3.445      5.666    -70.231
  -1   45      3.034      6.921    -76.797
 238  478     -5.270    -11.642    -71.221
 792   -2     11.246     -7.726    -70.828
 451   -2      8.081    -10.511    -63.403
 764   58     -1.776     -6.174    -70.053
 483  399     -9.952     -8.660    -61.682
  -1   -2    -11.602      9.858    -66.521
  -1   -2      8.612     10.190    -62.279
  64  205     -8.471      8.221    -73.682
  -1   -2     12.750      6.219    -64.454
 113   -2     -8.576      1.951    -62.247
  -1   -2    -12.014      0.499    -62.677
  -1  413     12.925     -6.566    -61.746
 260  517     -2.523     -9.793    -68.597
  -1   -2      7.742    -12.628    -69.972
  -1  488      5.151      0.239    -58.989
 580  479      6.165     12.365    -63.142
  -1   -2      9.372     11.826    -60.736
 507  381    -10.915      3.760    -62.221
  -1   -2    -10.950      8.193    -59.673
 254   -2     -5.420    -12.144    -64.813
  -1   -2    -15.632      0.521    -76.567
  -1   -2     14.006    -12.463    -70.417
  -1   -2     14.229      9.607    -67.031
  -1  277      3.541     -5.501    -64.839
 154   -2     -2.270     11.388    -65.382
 135  427     11.893      3.564    -68.407
  -1   76     -8.182     -4.000    -65.540
  -1   -2     10.282     -1.103    -64.964
 138  438      2.939     -2.361    -74.251
 158   -2     -7.328    -10.168    -67.238
  -1   -2     -3.475     -4.213    -59.306
 486   68      1.816    -10.964    -69.362
 432  140      1.756     -5.703    -64.800
 386  801      7.418     11.510    -69.798
  -1   -2     -8.580    -11.246    -83.001
 130  247      4.305     -9.439    -68.770
 294  574     -0.218      5.035    -59.856
 192  165      3.818      0.485    -60.778
  -1   -2    -12.676      6.080    -74.241
  -1  416     -2.933    -11.699    -65.843
  -1   -2    -13.326    -10.225    -79.765
  -1   -2    -14.222     11.854    -71.812
 377  480     10.577     -8.455    -61.538
  -1   -2    -10.209     -0.525    -64.905
 133   -2      0.608      3.445    -57.275
  57  206      1.221      2.160    -72.115
  -1   -2     -6.454     11.453    -65.783
  -1  469     15.836     -9.294    -65.257
 773  816     15.840      8.517    -74.851
  -1  222     -8.193     -8.122    -63.229
 378   48     16.666      7.219    -73.868
  -1   -2     -8.483      6.802    -65.109
 557  808    -12.452    -10.460    -62.336
 199   -2     -0.419      2.763    -65.979
  -1  668      9.267     10.604    -72.940
  -1   -2     -7.880     -9.760    -71.321
 209  667     17.667      8.877    -71.077
  -1   -2      3.484     -8.740    -62.888
  -1   -2      1.964     -1.266    -71.232
  -1   -2     -7.474      6.111    -61.932
  -1  181      6.506     10.902    -65.381
 352  389      5.913     -6.366    -65.479
 482  376      0.411      8.916    -77.014
 189   -2     -0.669      9.016    -70.464
 475  124     -9.532      2.755    -72.857
  -1   -2     -6.270      0.806    -65.594
 431   99     -9.547      9.242    -67.338
 570  455     -8.321      3.950    -68.699
 267   -2      7.864     -9.354    -63.548
 159  239     -9.741     -9.919    -66.298
  -1   -2     -4.180      0.189    -60.216
 110   -2     -0.648     -9.073    -70.632
  -1   -2     -1.283     12.468    -72.808
 600  584      1.448     -4.103    -71.931
 270  203      7.633      5.378    -71.981
  -1  444     10.124     -8.873    -60.991
 446  804     -0.141     -3.245    -64.776
  -1   -2     17.030      4.408    -74.016
 606  130     -0.331      7.630    -63.695
  -1   -2     -7.438    -11.840    -66.064
  -1   -2     -8.855      3.107    -53.768
  -1   -2     -0.425    -11.116    -69.977
  -1   -2     -2.810      7.377    -56.899
  -1  489      9.419     -3.274    -64.309
  -1   -2     -2.055     -7.202    -56.726
  -1  119     -9.532     -7.228    -68.370
 245  507     12.477     -4.039    -72.068
  -1   -2     -7.978      1.200    -60.421
  -1   -2      8.447     -3.238    -53.341
 234  518     14.635      8.192    -69.340
 746  112     -7.489      6.066    -67.307
  -1   -2     -4.075     12.307    -62.629
  -1   -2     -0.367     -5.488    -82.115
  -1  604     -9.212      0.399    -59.653
 592  597      0.283     10.536    -75.539
 194   -2     -2.841    -10.085    -65.126
 168   -2     11.843      9.809    -63.884
  99   95      5.298     -6.371    -62.288
 184  202     -4.602     -7.020    -68.295
 264  510    -12.587    -12.218    -65.256
  -1   -2     12.006     -8.829    -56.513
 499   -2     12.028     -0.456    -62.444
  -1   -2     -3.361      4.619    -57.349
  -1   -2    -11.555     -7.479    -72.712
  -1  760     10.300      3.373    -70.321
 501   -2      1.606     -1.248    -64.194
  -1   -2      6.175    -11.068    -62.800
  -1   -2     -4.722    -10.419    -62.027
  -1   -2      0.578      0.563    -60.144
 312   -2     -6.150      1.148    -64.434
  -1   -2      7.758     -3.511    -78.489
  -1   -2     -6.963      2.505    -60.041
  -1   -2     -6.873     -5.572    -70.886
  -1   -2    -12.090      5.755    -61.538
 498  806      9.367      8.984    -59.592
  -1   -2     12.244     -4.951    -71.366
  -1   -2     -1.267    -11.412    -65.986
  -1  385     12.194     -4.809    -68.360
 310  797      6.898      3.482    -73.895
  -1   -2     -5.811      6.499    -78.386
 157   -2     14.535      1.867    -70.196
 774   -2     13.437      1.568    -72.831
  -1   -2     13.526      1.021    -64.072
  -1   -2     -9.355     -3.759    -74.534
 355  514     -8.070     -2.897    -75.596
  -1   -2     16.072     -9.391    -80.307
 425  327     17.214     -4.250    -74.251
  -1   -2      0.990      0.299    -54.155
  -1   -2     -7.506    -12.055    -63.652
 307  501     12.701     -6.601    -71.853
 544  663     15.263      6.027    -69.811
 619   -2     -1.906      5.190    -76.752
  -1   -2    -11.637    -11.015    -67.652
  -1  266     -9.413    -11.245    -72.595
 643   -2      2.987     -4.032    -62.473
  -1   -2      8.423     -3.973    -62.044
 249  288     -7.449     -2.086    -76.457
  -1   -2     12.479     -3.345    -69.291
  -1   -2    -11.598     -4.377    -71.404
  -1   -2     -7.895     -9.137    -71.005
  -1  434     17.116    -11.400    -70.086
  -1   -2     -7.415     -4.083    -58.464
 676  555     11.333    -12.971    -64.104
  -1   -2      6.133    -12.010    -59.583
  -1   -2     -2.254     11.557    -56.680
 132  191      7.911      7.121    -64.586
 794   -2     16.444     -7.755    -70.614
  -1   -2     -4.628    -12.668    -64.319
 156   -2      7.647      0.623    -72.511
  -1   -2     -0.202     -2.803    -63.032
  -1  505      0.349     -4.075    -72.865
  -1   -2      6.711     -5.010    -59.858
 461  472     -6.543     10.335    -76.982
  -1   -2    -12.918      9.974    -74.597
  -1  481     -8.891     -6.519    -65.713
 148  400      2.547     -5.464    -71.873
  -1   -2    -15.527    -10.525    -72.083
 443  225      5.588     -7.711    -70.832
 474  198      5.953     -3.603    -73.978
  -1   -2      6.086      7.212    -75.061
  -1   -2     15.027      0.841    -63.704
 164  513     13.464    -12.634    -73.962
  -1   -2     -8.003      4.099    -52.054
  -1  541     -2.486     11.824    -60.367
 626  812      9.419    -12.525    -66.140
  -1   -2     13.554      0.803    -85.280
  -1   -2     13.981      6.381    -61.877
 572  810      6.520     -5.997    -64.775
  -1   -2     12.633     -6.400    -70.829
  -1   -2     -0.140    -12.154    -65.715
 243   -2     11.849     12.134    -61.890
  -1   -2     12.371    -11.422    -59.755
  -1   -2    -14.573      9.049    -69.511
  -1   -2     -4.865    -11.192    -71.045
 187  787      8.285     -4.399    -71.357
 765   57     -1.453    -10.212    -68.321
 729  453     10.379      7.467    -71.178
  -1   -2     -1.396      9.962    -65.741
  -1   -2      9.397      9.796    -58.851
  -1  696     17.296     -6.574    -73.000
  -1   -2     -3.620      5.970    -62.341
 219  301     12.979     10.429    -71.712
 193  220      5.240     12.035    -67.497
  -1   -2      3.080    -12.490    -66.595
  -1   -2    -16.007      8.992    -76.046
  -1   -2      7.149     11.486    -71.862
  -1   -2     -1.160      1.740    -55.042
  -1   -2     -2.633     -7.511    -68.394
 597  562     15.966      1.174    -65.623
  -1   -2    -15.364     -1.195    -69.524
  -1  606     -6.234     10.327    -68.001
  -1   -2     14.986     -2.831    -59.181
  -1   -2      7.210     -4.844    -72.558
 215  293     -5.084     11.126    -74.319
  -1   -2      1.474      8.715    -76.039
  -1   -2     11.864      8.035    -62.202
 532  437      8.233     -5.638    -59.476
  -1  245     -8.691      7.030    -75.397
  -1   -2     -7.850     -2.636    -73.665
  -1   -2     -5.659     -9.061    -84.183
 296   -2      5.647      2.049    -62.897
 235  792     -0.262      1.986    -64.380
  -1   -2      6.109     -6.679    -59.633
  -1   -2      9.835     -8.461    -69.510
  -1   -2    -14.499    -11.846    -68.291
 351   -2     -2.527     -2.191    -73.364
  -1   -2     -1.692      0.586    -58.022
  -1   -2     -1.851     10.515    -60.306
  -1   -2     -7.455     -1.011    -54.676
 768   42     -3.259      2.209    -62.968
  -1   -2     15.218     -4.623    -60.602
  -1   -2     -7.784    -12.733    -69.909
  -1   -2     -1.638    -12.896    -66.789
 748  815     13.100    -13.345    -64.246
  -1   -2    -10.498     -9.984    -62.288
  -1   -2     -5.718     -6.651    -59.217
  -1   -2     10.139     -1.614    -56.584
  -1   -2      6.422     -4.220    -57.101
  -1   -2     -5.313     12.941    -62.319
  49   -2     -2.112      4.890    -72.924
  -1  316    -10.467     -6.199    -59.434
  -1   -2     -3.756    -10.174    -64.004
  -1   -2     -8.291     -6.108    -76.428
  -1   -2     -5.857      0.735    -71.182
 528   -2     -2.650     10.640    -61.293
  -1  152     -1.006     -6.292    -74.028
  -1   -2     14.961     -6.330    -60.448
  -1   -2     11.364     13.034    -67.568
 473   -2     13.956      1.424    -73.894
 200  243      5.436     -0.988    -67.742
  -1   -2    -10.779      7.887    -59.302
 574  638    -12.385      7.520    -72.050
  -1   -2      1.450     -8.760    -69.881
  -1   -2     -6.250     -9.323    -56.827
  -1   -2     -4.250      8.697    -64.095
 298   -2      8.537     10.879    -65.665
 594   -2    -10.255      7.466    -71.646
  -1  639    -15.681     11.174    -74.409
 605  642     13.730    -12.987    -65.830
  -1  264    -10.617     -2.378    -73.595
  -1   -2     -9.745     10.662    -57.876
 625  546     14.997      0.112    -64.944
  -1  697     -0.573     -0.381    -68.944
  -1   -2      2.008     -5.265    -62.946
  -1   -2     17.836     -6.902    -72.823
  -1   -2     -4.958     -9.026    -53.175
  -1   -2      5.377      7.753    -75.559
  -1   -2     -4.716      5.180    -57.182
  -1   -2     15.325      6.199    -69.913
  -1   -2     10.408     -9.949    -63.961
  -1   -2      0.495      1.794    -76.540
  -1   -2     -7.761      5.865    -87.761
 495  805     -5.820      2.848    -58.771
 179  300     14.082      5.193    -63.085
  -1   -2     -5.341    -11.491    -59.994
  -1   -2     12.274    -10.074    -64.142
  -1   -2     10.530     12.287    -73.161
 649  635     -8.684     -1.595    -59.264
  -1   -2     12.855     11.070    -63.950
  -1   -2     18.067      5.111    -87.611
  -1   -2     15.729    -12.554    -69.311
  -1   -2      2.853    -10.378    -58.180
  -1   -2      8.466     10.170    -56.426
  -1   -2      8.694     -4.604    -63.641
  -1   -2     12.641      2.064    -75.396
  -1   -2      4.057     -6.320    -73.274
  -1   -2     15.379      8.626    -82.555
  -1   -2     -1.517     -3.675    -67.596
  -1   -2      2.157     -9.607    -62.212
  -1   -2      7.983     -9.290    -75.368
  -1   -2      1.298      3.404    -63.153
 334   -2     -9.858     -0.850    -65.229
  -1   -2      6.432      2.155    -68.656
  -1   -2     13.995     -4.235    -60.670
 663  690     15.116     11.821    -72.238
  -1   -2     -0.944      6.845    -67.460
 686   -2     13.146     -3.545    -67.782
  -1   -2      9.303     11.562    -72.839
  -1   -2     -3.871      5.442    -75.156
  -1   -2    -15.142     -1.255    -81.374
  -1   -2      8.234     12.354    -66.212
  -1   -2     -6.994     -5.681    -76.022
  -1   -2    -11.511     -0.517    -59.312
 523  660      5.644     11.757    -60.231
  -1  692      4.647      7.390    -66.767
  -1   -2    -12.107      9.847    -62.621
  -1   -2     -8.008     -1.672    -54.898
  -1   -2      4.787      0.373    -64.977
  -1   -2      6.592      8.887    -69.855
  -1   -2     -4.565     -1.944    -77.215
  -1   -2      4.277    -12.231    -76.790
  -1   -2    -14.698    -11.362    -69.927
 559  809     11.837      3.894    -75.525
  -1   -2      9.847      4.611    -56.751
  -1   -2      4.810      9.876    -69.127
  -1   -2     -6.031      7.398    -69.799
  -1   -2     15.323      1.140    -73.638
 659  234      8.513     -6.648    -59.797
  -1  167     -7.185     -6.951    -72.334
 704  814     15.598      3.297    -64.222
  -1   -2     11.774     -1.203    -59.242
  -1   -2    -14.803     -5.823    -70.183
  -1   -2     -0.533      2.345    -77.015
  -1   -2     -3.076     -4.667    -70.570
  -1   -2    -13.021     -0.926    -78.043
  -1   -2     -5.193     -5.094    -73.761
  -1   -2     12.788    -12.768    -60.763
  -1   -2      2.881     -1.065    -52.645
  -1  691      4.644      6.317    -66.371
  -1  531     16.631      5.984    -68.660
  -1   -2     11.100    -10.739    -62.553
  -1   -2    -14.532     -8.382    -69.577
  -1   -2      9.007     11.562    -62.111
 217   -2      3.771      5.913    -77.752
  -1  312     -3.697      8.697    -66.669
  -1   -2    -10.073     -0.977    -77.460
  -1   -2     11.213     -5.385    -77.975
  -1   -2     16.340    -10.381    -82.376
  -1   -2     13.307     -4.389    -87.874
  -1   -2     -0.412      6.567    -65.673
  -1   -2     -6.816      7.159    -54.358
 690  711      9.445      2.094    -70.212
  -1   -2     15.820     -0.859    -68.780
  -1   -2     12.711     -1.358    -66.542
 783  762    -12.262     -4.019    -76.883
  -1   -2      6.028     11.311    -82.624
  -1   -2      1.405      5.869    -82.301
  -1   -2     -4.231      9.954    -87.485
  -1   -2     -2.348     -3.683    -63.207
 332  799      0.158      4.100    -65.520
  -1   -2     10.719      7.777    -54.735
  -1   -2      5.143      8.392    -56.000
  -1   -2     11.397      9.309    -87.521
  -1   -2     -4.213      6.216    -71.002
  -1   -2     13.786     -3.022    -84.599
  -1   -2     15.494    -12.691    -68.026
  -1   -2     -8.448      1.720    -67.792
  -1   -2    -14.957      2.713    -76.474
  -1   -2     -9.865      7.365    -68.853
  -1   -2     -8.089      3.007    -68.952
  -1   -2    -10.433     -8.898    -79.872
  -1   -2     -0.935     -7.321    -63.732
  -1   -2      3.167     -3.430    -65.466
  -1   -2      0.566     -0.224    -60.938
  -1   -2    -15.488     -6.510    -74.036
  -1   -2     -3.120    -11.153    -69.048
  -1   -2     16.184     -9.867    -64.025
  -1   -2     -8.258     10.833    -63.895
  -1   -2     -9.814     -3.138    -69.338
  -1   -2      0.974      2.472    -64.982
  -1   -2      5.602     10.995    -78.884
  -1   -2      6.767     -1.954    -58.791
  -1   -2     -8.960     12.420    -63.963
  -1   -2    -13.989      5.803    -73.261
  -1   -2     12.375      4.677    -60.248
 107  781      2.061      7.326    -69.097
 766  621      6.889      5.986    -69.089
 545  503      1.570     -5.067    -71.078
 162  227      7.453    -12.676    -68.961
 137   -2    -13.344     -1.180    -70.596
 147   -2     10.028     -7.298    -74.697
 617  350     -6.139      6.260    -65.057
 122  783      0.492      6.611    -65.676
 284  476      8.020      4.261    -62.916
 778   -2    -11.136    -11.751    -64.644
 380   -2    -11.748      2.657    -76.491
 512   -2      2.912     -0.509    -77.556
 484   -2     -0.204     13.460    -62.596
 709   -2     -9.580      0.483    -56.827
 232   -2     13.102     -2.585    -59.878
 781   -2     -6.264     11.515    -65.051
 470   -2     -8.775      7.808    -74.164
 271   -2    -11.252      7.784    -67.385
 535  807     -8.135     -6.163    -76.004
 653   -2    -10.210      4.202    -61.720
 273  185      4.274     -1.023    -61.254
 582  811     -4.239     -4.308    -77.292
 327  338     13.831      0.866    -59.495
 317   -2      9.800    -11.392    -69.540
 268   -2      7.307     -5.851    -68.683
 795   -2     14.977    -12.481    -66.279
 793  817     -0.099     -7.186    -74.867
 796  818      6.390      6.439    -70.791
  78  364     -2.313     11.778    -71.381
  79  322      8.336     -7.681    -71.660
 160   -2     -4.619     -0.066    -74.527
 275  209      5.425     11.031    -64.188
 346   -2     -2.430     -4.740    -71.673
 390  524     10.857      1.859    -56.792
 414   -2     -4.427     12.408    -73.111
 556   -2      2.287      1.333    -63.757
 770   55    -11.022     11.071    -75.443
 772  544    -10.241     13.408    -64.098
 787  467      8.530      7.447    -65.888
 789   -2     -4.225      4.992    -69.592
