827
   3    3     -3.035      2.097    -73.064
   0    0     -6.923      4.684    -72.643
  43  183      4.643      5.592    -70.888
  11    4     -5.640     -0.811    -72.120
   9   19      1.163     10.865    -71.306
  10   11    -11.296      9.867    -72.571
   6  381      0.298      5.844    -67.954
 773   44      2.047     -6.945    -69.352
  64    8     -0.175     -3.244    -70.970
  14    9      1.721      8.983    -67.501
 373    2      6.132      4.738    -71.271
  19   30     10.926      7.670    -70.874
 468  263     -9.164      8.293    -72.158
 157  164      0.280      1.716    -76.138
 376   16     -9.954     -2.010    -74.077
 382    6      1.656      8.513    -69.809
  87  391     -9.023     -2.943    -73.457
  21   14      0.078      8.566    -68.371
 104   13     10.129      4.339    -72.372
 396   12      0.628      4.096    -68.178
  15   39    -10.400      1.370    -70.774
  17   23     -1.645      7.422    -67.308
   4  377      2.731     11.736    -71.711
  18   26     -0.830      4.297    -69.332
  22   89     -0.347     -8.214    -72.979
  27   22     15.792      3.745    -70.154
  79   17     -2.561      5.340    -67.506
   7  156     11.350     -2.090    -73.449
  51   29     -4.995      4.573    -70.226
  85   37     -1.254     11.975    -72.129
  23   15      4.390     11.533    -67.547
  12   28      7.257      2.032    -68.983
   8  153      7.434      6.460    -72.676
  57   78     -2.843      0.666    -66.919
  16   73      3.019      1.808    -73.255
  46  386     15.743      9.873    -72.351
 381  432    -11.690     -0.807    -75.733
   5    1      6.945      6.378    -72.994
   2   50      5.686      8.772    -71.942
  39   24     -9.587      6.279    -65.533
  25   67    -10.338      1.477    -67.740
  28   31     -8.650     -4.687    -74.960
  20  181      5.397      1.074    -72.743
  44  580     -1.908      8.750    -68.513
  55  111     -4.179      5.048    -63.940
 464   38      3.641     -1.679    -67.784
  47   40      2.500     -5.885    -70.614
 162   20      9.590      1.094    -72.268
  32  416     -9.838      9.544    -69.568
  65   34      3.749     -3.398    -69.867
 239  788    -14.034     -1.619    -75.257
 203   27     -2.749     -8.795    -72.602
  48   46    -10.491     -2.130    -70.086
  89  392     -0.628     10.947    -73.217
  93  146      3.686    -12.377    -72.091
 261  225     -2.069     -0.921    -70.125
  50  168      4.705      0.169    -67.256
  -1   -2     -4.139      3.208    -62.041
  40  428     -1.869      0.615    -70.310
 115  102      8.019     -7.170    -66.982
  30   52      1.715      4.780    -64.677
 804  131     -5.115     -1.511    -68.462
 205  216     -8.469      2.838    -75.336
 457  123     -4.598     -6.526    -71.026
  33   -2      0.105      3.803    -68.950
 380   60     -0.732      3.722    -68.900
  -1   54     -8.893      6.803    -66.960
 322   42      8.208    -10.817    -72.204
  75  376      0.608      9.655    -64.900
  78  100     10.878     -8.707    -66.772
  67  782     -5.643      6.234    -62.590
 191   83      7.709     -4.329    -65.401
 264   77      4.426     -8.343    -73.903
  -1   -2      1.560     -7.206    -76.988
 130  198    -10.801     -3.428    -74.882
 299   53      5.579      1.368    -66.860
 210   61      2.924      0.273    -72.932
  54  323     -4.832      2.313    -68.203
  81   87      9.332     11.153    -66.738
 109   57      1.932      3.821    -64.634
 213  395     -2.965     11.390    -65.156
  96   88      5.451      6.208    -64.613
  91  113      3.252     11.187    -66.341
  88   90     -5.765     -2.548    -61.510
 117  115    -13.508      0.116    -67.232
 352   51     -4.389     -3.546    -68.168
  69  412     -8.499      0.467    -67.151
  45   70     -4.443      9.869    -66.163
  68  231    -10.125     -1.611    -69.516
  71  161     -9.274     12.720    -66.502
  63  157      5.920      6.688    -72.518
  77   75     13.369      5.260    -66.010
  59   82      4.009      8.108    -69.756
 139   81      4.422      9.504    -70.006
 374  119     -7.585      5.240    -72.336
 161  783     -3.282     -1.781    -70.284
 379  141     -6.758     -2.346    -71.926
 471  124      1.942     -0.546    -64.293
 297  149      1.184      1.132    -68.721
  -1  299     -7.882     -2.340    -77.872
  38   99     13.498      0.510    -65.362
 247  818    -11.862      9.044    -66.914
 114  414     -1.609      1.320    -64.446
 141  430     -2.333     -2.840    -61.957
 324   86    -13.716     11.164    -74.472
 452   64     -5.482      4.395    -65.887
  84   98     -3.918      8.976    -64.129
  90  189     -2.482      1.459    -62.645
 138   58     -6.666     -1.002    -66.691
 156   79     -5.877     -5.550    -68.490
 448  401      6.634      9.252    -69.670
 248  197     -3.262    -12.645    -63.912
  66   94      4.831     -4.155    -68.478
 132  105     -4.677     -3.734    -63.323
 159  138     -1.193     -1.532    -62.119
 118  107     -6.078      2.798    -61.310
 143   97     -5.507      2.769    -63.722
 128   63     13.488      7.791    -69.103
  37   -2     -6.325     -2.385    -72.288
 259   76     -1.946     10.298    -65.943
 202  383      7.012     12.412    -67.184
  95  101      1.539     -5.435    -66.910
 412   -2     -2.294     -3.476    -67.494
  -1   -2      1.216     -5.241    -61.566
  -1   66      0.666      4.305    -71.918
 262  179      0.711      1.295    -61.668
  97   96     12.349     -6.685    -68.332
 125  150    -13.974     10.276    -75.047
 420  158     -9.777      2.077    -63.934
  13  104     -3.740      5.442    -69.501
 436   -2      1.182      0.550    -68.400
  98  133      9.502      4.229    -67.549
  -1  180     -4.019     -2.163    -71.182
  83  219     -1.051     12.467    -67.225
 626  174      7.734    -13.032    -66.947
 146  137      2.657    -10.262    -65.887
 443  312      4.734      6.897    -71.292
  -1   -2     -9.067    -11.300    -67.424
 235  238     12.345      7.087    -70.880
 198   49     -4.758      4.564    -68.625
 147  132     -0.702     -8.226    -64.026
 432   41      4.229    -11.681    -67.684
 113  176     -7.080    -11.557    -69.807
  -1  604      8.518     -3.641    -69.622
  74   -2      9.995      8.659    -67.478
 218   -2     -7.438      7.979    -63.062
 154  152      2.534    -10.914    -65.829
 103    5     -1.154      9.156    -70.226
 175  139    -11.366     -7.562    -71.484
 242  106    -12.560      6.508    -67.459
  42   18      8.097     -4.865    -68.087
 120  148    -12.763     12.724    -68.284
 451  109     -1.757      6.387    -73.965
 167  112      0.583     -3.300    -63.680
 473  650      2.675      0.027    -70.412
  56  206      8.602     10.311    -74.472
 171  134     -9.300     -7.568    -65.381
  -1  140    -10.571     -1.323    -66.805
 314  121     12.156     -4.057    -69.657
 414  493     -1.319      2.809    -65.566
 192  199     -6.444     -6.819    -70.970
 116  280     -2.438      2.249    -68.356
 254  243      3.226      7.212    -68.945
 306   93    -12.152      4.311    -69.060
  29  159      5.832     11.367    -72.662
 338  241     -3.046      0.676    -62.674
 144  258      2.713     -3.163    -66.902
  52  145     13.038      2.335    -69.080
 121  467     -2.955     -7.755    -65.625
 221  144    -13.661      7.250    -69.546
 817   -2     -2.378    -11.296    -70.237
 150  579     -5.458     -4.906    -64.877
 250  399      8.908     -4.958    -66.021
  86  129    -14.640      9.873    -72.666
 183  203    -12.256     -3.199    -63.089
 277  204     16.641      0.723    -71.388
  73  160     -5.676     -3.045    -66.228
 149   47     -3.571     -7.823    -62.207
 137  278     10.850     -1.616    -66.276
 237  787     -6.538     -1.163    -68.851
 281  166      2.223      2.829    -63.768
  -1  413     -5.847     -4.536    -60.328
 485  421    -12.345     -0.864    -74.047
 305   91    -11.813      5.679    -66.330
  99  616      5.520      1.997    -62.557
 140  378      3.937      3.959    -70.896
  -1  235     -9.978      0.464    -68.162
 182  110     -4.317     -6.955    -62.700
 148  175      6.151     -4.867    -69.822
 209  194      8.640     -0.866    -63.979
 189  151     -4.908      6.187    -61.381
 263   36     -6.793      8.242    -68.797
 170  195     -5.535     12.450    -69.231
 257   80      5.814     -0.221    -64.307
 550  801      4.816     -4.818    -69.903
 186  458    -13.004     -5.718    -68.360
 487   -2     -8.555     -5.826    -64.449
  -1   -2     -1.157     -5.086    -67.199
 194   -2     -5.316     11.831    -69.561
 100  486     -9.704     -9.283    -66.384
 179  147      2.414     -1.410    -64.733
 258  246     14.612      0.364    -74.117
 253  266    -13.897      2.871    -72.776
 249  185    -12.185      3.901    -71.101
 292  165      5.547     -2.881    -66.985
  24  114      6.232      9.563    -68.984
 112  230     -9.016     -9.443    -69.559
 172  193     -2.956    -11.557    -65.657
 252  127     -2.578     -3.528    -62.597
  80  454      6.184      3.682    -67.306
 201  461     -9.219      9.326    -61.313
  -1  290     15.039     -2.690    -69.025
 178  567    -13.447     10.027    -66.681
 444   48     -6.392      0.655    -70.386
  53  103     -0.700      6.693    -65.119
 270  482     -2.611     -7.168    -62.468
 123  328     -2.356     11.296    -65.732
 245  154     -7.954     10.572    -76.363
 216   71     -1.780     -0.537    -64.154
 151  339     -9.788     -1.714    -72.445
 383  598      2.928     -2.180    -67.780
 377   21     -9.425     -1.017    -71.193
 181  192      1.654     -2.509    -72.336
  -1   10    -10.461    -11.559    -71.888
 107  313     11.570      4.247    -64.929
 521  172      2.610    -11.774    -65.192
  -1   -2     -7.817     -6.741    -76.194
  34  277     -6.400      4.646    -74.007
 106  347      9.933      4.400    -64.495
 224  522      9.679     12.915    -66.886
 102  186      2.363    -11.972    -64.393
 395  442      8.112    -11.771    -76.567
 649  362     -9.428     -4.084    -63.520
 774  108     -2.531     -9.035    -68.648
  -1   -2      2.310     12.436    -72.202
 211  120     10.424     -3.702    -65.014
 169   69     -6.445      2.205    -62.177
 173  254      8.115     -6.072    -68.023
 400  473      4.322      9.250    -61.516
 493   55     16.161      0.399    -73.625
 498   -2      7.942     -8.826    -73.091
 174   43      8.389      0.168    -72.289
 155   -2     -9.669     13.167    -65.384
 777  449     -5.480     -8.710    -69.912
 271  439      0.010     -8.398    -70.740
 184  472      7.423     12.027    -66.237
 275  317      0.223    -10.170    -68.626
 589  239      3.384     -5.586    -72.938
 105  171      7.585     -8.282    -68.761
 129  210     -7.317     12.139    -64.732
 285  565      6.731     -5.790    -73.567
 177  218      7.452     -1.625    -64.364
  -1   -2    -15.204      9.737    -77.691
  -1   -2     -2.218     10.121    -59.632
  70  348     -2.830      2.806    -64.625
 255  237    -10.123     -3.322    -67.996
  76  236     11.858     -1.335    -74.814
  -1  686     -7.491     -1.332    -69.315
  35  255    -14.270      4.151    -73.168
 618  645    -10.299     12.119    -74.868
 163  282    -15.385     -2.881    -74.616
 232  226      0.692    -11.246    -66.046
 188  125      9.210     -6.408    -67.455
 326  791     11.569     -4.246    -64.905
 220  485      9.574      1.421    -60.108
 407  256     13.077     -0.206    -73.837
 217  233      9.564     10.789    -71.455
 301  259     -8.764      1.387    -72.312
 124  315     -4.722      9.209    -74.179
 507  477     -4.675      6.225    -77.681
  61   59      2.954     -6.154    -70.309
 164  275    -11.523      3.013    -77.798
 293  790      5.291     -5.144    -66.395
  -1  201      4.719      9.747    -73.603
 193  596      1.605      2.119    -72.861
 317  207    -13.380      3.664    -67.275
 496  292    -12.356      2.889    -76.456
 266  262    -14.840     -8.340    -75.295
 786  208     -4.741      5.873    -75.498
 393  270     -0.211      6.125    -70.760
 136   -2     -6.016     12.369    -66.676
 180  819      6.742     -9.199    -73.556
 784   -2      7.052     -9.024    -72.115
 135  298     -1.756      8.654    -71.359
 229  191    -13.689      3.562    -69.669
 272  268      8.847     -8.180    -65.466
 187  784      0.042     -1.027    -61.271
 236  583      3.025    -10.859    -65.044
 145  636     17.371      9.089    -69.899
 166   -2      0.221      3.709    -61.572
 274  529     15.061      5.411    -66.511
 215  221    -12.346      6.172    -73.802
  -1  276     12.470      8.237    -68.326
 810  285     12.430      7.429    -66.444
 244  354      8.004      1.011    -73.944
  -1   -2     10.821     -2.241    -68.233
  -1   -2    -12.607     -8.653    -64.511
  -1  310      3.623    -10.892    -64.378
 288   56      1.739      1.529    -69.756
  -1   -2     -0.245      7.884    -61.221
 345  597    -10.163    -10.203    -72.230
 303  234    -14.892      9.824    -74.536
  -1   -2     11.815     -8.388    -63.314
 800  528    -14.976      0.423    -76.832
 362   72      3.002     -3.890    -69.279
  -1   -2     -3.448      9.797    -74.477
  -1   -2     -2.006      3.132    -67.391
 251  291      8.878     -3.934    -66.222
 340  244     -1.719      9.336    -73.554
 165  300      4.184     -7.202    -70.761
 311  342     11.138     -4.152    -71.039
 241  322     17.179      1.806    -68.232
 200  558      2.230     -6.356    -62.767
 269  251      3.870      2.182    -61.984
  -1   32      3.463     -6.387    -72.891
 323   85    -12.936      3.416    -74.864
 289  622    -14.392     -9.270    -70.549
 286  240    -11.696      8.307    -69.636
 597  390     12.731     12.638    -67.580
  -1  214     -4.038     -9.750    -68.343
 720  812     12.736      5.588    -68.621
 354  590     -6.332      6.973    -67.506
 302   -2      8.235      3.954    -61.671
  72  142     -9.140     -9.974    -73.361
 308  576     16.573     11.355    -66.274
 539  341     13.668     -2.518    -66.328
 329  332     10.987     10.811    -66.216
 470   -2      3.539     -5.147    -62.266
 246  293     10.044     -3.046    -65.729
 108  660     -4.258      9.648    -73.872
 494   -2      8.223     -7.028    -60.765
 231  222    -13.635     -6.193    -68.651
 364  615      5.255      2.414    -75.342
 332  205      4.050     11.401    -64.932
 637  337     10.380     -6.004    -67.707
 313  363    -14.607     10.570    -73.369
 234  671     11.914     -0.366    -65.090
  -1   -2     13.914     11.157    -66.541
  -1   -2     -5.528      7.623    -72.033
  -1  655      9.457     12.885    -63.526
 718  190     -9.210     11.530    -62.588
 593  264      0.892      4.734    -64.731
 278  789    -10.276      0.700    -63.112
 803  820     -1.910     -6.867    -67.711
 357  335    -12.999      6.557    -71.558
 347  308    -11.571     -3.812    -68.427
 788  340     12.751     11.028    -67.339
  -1   -2    -15.979      3.956    -72.976
 505  301     14.724     -9.787    -68.967
  -1  229      8.156      9.223    -65.145
 624  307     -5.183      0.741    -67.809
  -1   -2     -8.924      3.090    -60.040
 645  352      8.464     -3.887    -71.799
  -1   -2     -1.649      8.545    -77.898
 339  361     -8.321      0.836    -63.199
 823  319      4.819      7.013    -72.696
 238  336      7.242      7.307    -61.961
 644  242     -7.464      4.716    -62.978
 287  349     -6.129     -4.815    -67.090
 583  245     -3.780     -9.479    -74.350
 284  265     -2.330      2.616    -67.758
 675  367     -1.378     11.652    -66.909
  -1   -2     -2.790     12.006    -65.416
  -1  321      4.627    -10.615    -68.733
 219  284      8.389     -8.437    -73.043
 334  155      3.792      1.006    -64.660
 511  283     -3.343     10.829    -74.402
  -1   -2     11.653     12.427    -65.358
 273  325     14.045     10.319    -69.577
 680  808      7.450      6.124    -60.722
 343  608     15.899     -6.204    -68.961
 337  792    -13.542     11.188    -68.205
  -1   -2     13.612      2.495    -71.384
 568  249     11.538     12.430    -67.480
 240  573    -12.347      7.238    -66.639
  -1  575    -11.984     -6.643    -71.118
 439  453     17.121      0.982    -74.577
 629  542     -5.138      4.443    -77.389
  -1   -2     -4.230      8.636    -68.794
 367  366     -6.522     10.700    -68.081
 158  364     14.285      1.928    -67.230
  -1   -2     10.724      4.342    -60.404
 360  373      9.467      7.352    -64.573
  -1   -2     14.430    -12.150    -73.824
 684  329     -0.454     -8.475    -66.790
 366  372      5.027     11.758    -65.962
  -1  375     -4.994      7.436    -63.293
 765  755     -1.773     -6.282    -68.864
  -1   -2     -4.448     -8.730    -79.071
  -1   -2      1.074    -12.110    -66.458
  -1   -2     -6.054      0.509    -75.278
 713   -2      8.953      3.109    -65.461
 370  730     -7.592     -0.851    -62.622
 312   -2      1.393     -9.110    -71.973
 185    7     -7.338    -11.986    -73.611
 419  380      9.150     11.829    -68.299
 355  184      0.892      1.986    -71.552
  82  382      7.410     -1.072    -67.143
  -1  492     -4.348     -5.835    -74.010
  -1   -2     -8.053     11.044    -59.166
 437   -2     -5.708      0.716    -63.450
  36  781      1.680      6.718    -65.923
  58  188    -11.211      4.447    -71.841
 110   -2     -4.066     12.078    -67.305
 441   65     13.495      4.950    -67.820
  -1   -2    -13.507    -10.305    -67.668
  -1   -2     12.917     -3.736    -67.130
  -1   -2     -5.312      6.944    -66.115
  -1   -2      3.595     -9.551    -84.750
 478   25      4.589     -2.522    -69.230
  -1   -2      2.078     -1.945    -60.609
  -1   -2     -4.146      6.328    -65.004
  -1   -2     -9.296    -10.777    -58.216
  -1  385      6.338      8.230    -74.134
 375  379     -3.998      6.663    -73.669
 387  410     13.000     -5.820    -66.172
  -1   -2      4.604      1.765    -62.291
  31   -2    -15.420      6.701    -70.989
  -1   -2    -13.151     -8.885    -65.633
 133  394      6.334     -0.556    -63.595
  -1   -2      2.085    -10.637    -76.493
 411  469     12.701     -6.882    -63.281
 416  795     -6.720     -4.253    -60.175
  49  117      1.456     -9.609    -70.324
 142  403     11.806      2.521    -70.013
 342  793     -2.600      5.916    -69.420
  -1   -2    -13.378     -1.553    -67.415
 390  228     14.572      3.042    -64.316
  -1  167      1.370    -12.791    -67.163
 431  445     -7.296      8.115    -59.245
  -1   -2      7.486      9.815    -63.174
 607  821      0.358      5.946    -75.841
  94  459    -10.592      9.858    -65.369
 153  822      3.886     13.163    -67.493
 408  462      8.849     -3.020    -63.197
  -1   -2     -5.195      2.252    -64.065
 415  444      9.301      3.292    -62.454
 310  388     -4.362    -12.152    -63.367
 101  426     -7.143      2.451    -64.451
 459   -2     -7.056      5.192    -59.836
 526   -2    -10.485     -8.704    -77.469
  -1   -2    -10.083    -10.797    -61.659
 781  274     -2.835      2.350    -65.435
  -1   -2      3.599     -1.764    -66.822
 279   -2    -12.282      8.205    -63.621
  -1   -2      7.750     -7.449    -61.189
 226  143     11.078     11.422    -68.988
 435  471    -11.272     -9.802    -63.741
 325  499    -10.070     -0.063    -76.781
 397  451     -4.351      4.538    -60.519
  -1  589     -7.208     -8.518    -57.577
  -1   -2      4.982     -9.461    -70.784
  -1  519     17.246     11.390    -72.055
  -1  128      2.363      7.175    -59.710
  -1   -2      3.220      6.845    -57.247
  41  517      3.751     -4.185    -69.816
 442   -2     -6.930     -9.364    -65.578
  -1   -2    -11.242    -11.811    -79.813
  -1   -2    -10.102     10.128    -59.166
 418  435     13.721     11.746    -64.027
  -1   -2     -5.618    -12.015    -70.620
  -1  603      4.772     10.764    -68.189
 427  463     12.318    -10.966    -63.745
 410  794     17.087     -6.116    -67.072
 276  505     16.422      2.140    -64.659
 462  796     12.210     -0.969    -65.202
  -1   -2     -3.305    -11.916    -66.371
 567  279      3.586      7.790    -61.154
 233   95     10.583    -11.032    -72.423
  60   -2      5.757     -5.492    -65.672
  -1  309     -9.735     -3.778    -60.906
 783  823      1.898     -5.821    -71.082
 536  563    -16.095      4.761    -74.918
 482  431     10.504     -5.925    -63.714
  -1   -2     -3.529      4.326    -59.847
 227  785     -8.068     -2.256    -61.093
  -1   -2     -6.836    -10.120    -68.614
 454  481     10.608    -12.594    -70.179
  -1   -2    -12.583     -8.584    -76.228
  -1  438     -5.263    -11.563    -63.312
 449  220     -5.321    -12.150    -66.700
 260  344     -0.667     -3.397    -73.202
 469  468     17.228     -1.197    -67.252
 267  531    -10.964     -9.503    -63.728
  -1   -2    -13.573      6.799    -67.436
  -1   -2     -6.172     10.081    -63.205
  -1  411    -16.216     -0.313    -73.115
 515  797     -7.572     10.078    -74.426
  -1   -2     -9.691     -4.495    -67.192
  -1   -2      6.825    -12.517    -63.786
 223  177     -2.177     -3.425    -66.648
  -1   -2      1.041     -7.150    -77.115
 490  479    -10.516    -11.992    -65.300
 320  525      4.086     11.280    -61.401
 430  595     -4.650     -8.293    -61.331
  -1   -2      1.644     12.061    -73.463
  -1   -2    -12.864     -7.304    -71.630
 417  281     -2.049     -2.201    -71.800
 472  434      6.497      7.584    -72.227
  -1   -2    -14.273      9.561    -67.121
 504  440     14.753      5.080    -65.064
 190  609     16.843      9.004    -73.869
  -1   -2    -11.152     -8.550    -62.844
 502  294    -13.181     -6.371    -75.066
 537  800     -8.948     -7.826    -72.137
 463  480     -4.007     -9.668    -67.121
  -1   -2     -6.217      3.436    -57.787
  -1  227     -3.197    -12.170    -63.989
 672  288     12.103    -11.178    -68.418
  -1   -2     -6.514     -9.100    -53.926
  -1   -2     -6.223     -6.819    -68.066
 353  521     15.133     -0.327    -61.570
  -1   -2     -6.167      9.616    -65.262
  -1  187     10.633      4.526    -77.234
  -1   -2     -3.755     -6.419    -82.868
  -1   -2     10.216     10.490    -57.025
  -1  402     13.454     -9.668    -67.244
 495   62      7.232      1.270    -67.187
 447  223     -2.397     -5.783    -62.146
  -1   -2      9.457      8.084    -55.956
  -1  524      4.314      7.604    -59.727
  -1   -2     14.096     -3.253    -66.780
  -1   -2      6.371    -11.714    -83.267
  -1  212      9.646      4.637    -66.427
  -1  502     -7.444     -7.469    -61.566
  -1  170    -13.190     10.984    -67.411
 131  443     11.075     -6.238    -73.593
  -1   -2    -12.287      8.101    -61.713
  -1   -2      4.087      8.175    -63.150
 477  824     -1.778     -8.149    -63.276
  -1   -2      6.077     -6.547    -61.246
 571  539      8.592    -12.370    -63.002
  -1   -2     -1.228     -9.232    -54.795
  -1   -2     10.981      0.360    -59.509
  -1   -2     -1.137      5.338    -56.784
  -1   -2    -10.808     -6.700    -85.660
 572  470    -15.862      7.379    -76.893
  -1   -2      7.491    -10.176    -63.044
  -1   -2      0.955     -3.678    -52.643
 197  690    -10.650    -11.005    -75.879
 557   -2     17.642     -8.769    -67.973
 111  475      4.114     -3.748    -70.305
 579  355     16.431     -7.311    -70.949
  -1  424     -9.364      0.091    -59.235
  -1   -2    -10.626      4.825    -76.464
  -1   -2     -8.933      9.846    -63.808
 528  564     12.337    -12.531    -72.181
  -1   -2     -4.099     12.435    -67.845
 424   -2     13.098    -10.095    -61.950
 500  530     -9.708    -10.195    -64.021
 438  247      9.453     -0.902    -61.726
  -1   -2     17.194      8.082    -73.232
  -1   -2      1.674     -4.668    -69.901
  -1   -2     -5.670     -9.498    -79.207
  -1   -2    -11.885     -7.343    -62.575
 614  805      6.589      5.468    -74.499
  -1   -2      6.914     -5.237    -59.992
 294  303      0.493    -11.084    -69.888
  -1  543     10.046     -6.394    -62.448
  -1   -2     -0.021     -9.374    -62.777
  -1   -2    -15.247    -10.756    -68.858
  -1   -2      9.247     13.522    -65.374
  -1   -2     13.801    -10.953    -67.638
  -1   -2     12.849     10.919    -62.755
  -1   -2      1.785     -2.380    -61.007
 513   -2      6.330     11.271    -75.683
 546   -2      0.659     -6.886    -75.883
  -1  572     15.935     11.987    -68.489
 631  569     18.563     -7.800    -68.338
 748  566     16.232     -1.791    -67.325
  -1  731     -9.331      2.489    -70.897
 600   -2    -10.058     -2.560    -63.026
  -1   -2     -3.741    -10.989    -63.252
 391  269     12.075     -6.092    -71.170
  -1   -2     -5.124     12.648    -60.924
 630  806      6.171    -13.144    -64.166
  -1   -2      9.035     -7.707    -58.305
 795  814     11.213     -6.881    -61.534
  -1  369     14.183     -5.273    -67.689
  -1  696      4.001      9.930    -59.316
 315  544    -13.413      1.647    -71.976
 228  400    -11.778    -11.760    -66.183
  -1   -2     -1.942      8.425    -59.048
 625  540     15.661      1.876    -62.810
 648  693      4.820     -7.297    -72.417
 307  257     -8.366    -10.024    -69.186
  -1  178     -2.775    -11.615    -67.863
 660  232      0.977      6.368    -71.751
  -1  586     13.307      6.256    -72.750
  -1   -2      4.489      3.514    -56.740
  -1   -2     -4.920     -5.166    -67.890
  -1   -2     -0.268     -6.329    -56.973
 609  633     15.272    -10.573    -74.567
  -1   -2     -6.028      4.417    -59.808
  -1   -2     12.428     -3.290    -60.432
  -1   -2      5.320     -7.636    -75.813
 562  640     17.170     -6.577    -67.391
 822  817      6.352      4.035    -65.955
  -1   -2     11.513     -9.721    -59.305
 398  825     12.063     10.705    -73.626
  -1  260     14.508     -6.648    -73.830
  -1   -2     -7.990     -5.052    -73.810
 574  804      3.031      3.625    -75.069
  -1   -2    -14.986      4.652    -70.603
  -1   -2      9.502     -6.187    -61.515
 554   68      6.796    -12.350    -66.449
  -1   -2      8.163    -11.279    -71.113
 346  641      3.195      5.703    -61.563
  -1   -2     -9.705     -0.697    -62.475
  -1  568      4.824      4.116    -60.827
  -1   -2     -1.775     -3.947    -75.979
  -1   -2      8.562    -11.135    -64.000
  -1   -2     -8.694    -12.286    -62.570
 503   -2     -5.399      9.419    -61.356
  -1  560     -1.854    -11.291    -74.960
  -1   -2      6.451      4.642    -80.107
 811  582    -12.505     -7.130    -72.050
  -1   -2     -8.859      0.871    -77.933
  -1  742     -3.197     -8.044    -73.396
  -1   -2     -6.638     11.423    -59.780
  -1   -2      3.524     -6.542    -59.916
  -1   -2     13.751      7.739    -63.341
  -1  557     -1.736     -8.600    -61.935
 300  613     11.006      2.149    -74.421
 622  338     -9.546      8.520    -61.075
 230  786      2.000     -9.631    -71.899
 690  810      6.252      0.602    -63.933
 563  802      0.471     -1.154    -63.653
 569  803     11.003      8.242    -75.438
  -1   -2     -3.477     -9.858    -72.810
  -1   -2     -2.765     10.540    -75.676
 592  678     16.515     12.034    -71.685
  -1   -2     12.748     -1.440    -61.189
  -1   -2     -9.991      9.698    -56.751
 328  304     -3.292      4.390    -70.884
  -1   -2     13.808      4.121    -84.943
  -1   -2      1.569     11.923    -59.151
  -1   -2     -5.330      2.059    -75.988
 665  600    -13.872      3.953    -65.839
 793   33     -9.258     -0.099    -69.953
  -1   -2     14.366      9.336    -66.516
  -1   -2      3.251     -2.426    -78.470
 321  389     -9.586      5.892    -75.614
  -1   -2      9.889      4.936    -79.409
  -1   -2     -5.382      3.933    -62.636
 634  357     11.817     -1.889    -71.512
  -1   -2     -8.210     12.485    -59.124
  -1   -2     15.656     -8.475    -65.489
  -1   -2      6.239     -8.419    -68.151
 543   -2    -12.283      1.965    -61.446
 222  346    -13.792     -3.786    -76.099
  -1   -2    -13.582     -9.460    -69.158
  -1   -2      7.246      4.867    -57.805
 319  476      8.676    -11.605    -72.296
  -1   -2      2.520     -2.263    -59.477
  -1   -2      8.767     -8.934    -59.926
  -1   -2     15.625     12.720    -63.952
 692  261    -13.336      9.909    -67.835
  -1   -2     -1.393     -9.293    -70.657
 508  592     -6.746    -10.112    -76.443
  -1  715      9.262     -9.767    -68.800
  -1   -2     -2.254     13.049    -63.148
 707  646     10.022     11.271    -61.615
  -1  631     16.647      0.778    -64.362
  -1   -2     12.893     -0.741    -58.797
 265  484     -4.072     -3.995    -70.916
  -1   -2      6.814     -9.885    -57.518
  -1   -2      3.084     -3.990    -57.281
  -1   -2     -6.031      4.136    -58.298
  -1   -2      4.289      6.251    -67.794
  -1  162     -4.179      0.456    -59.989
  -1   -2    -12.442     -8.016    -68.162
 535  799    -14.552    -12.338    -70.934
  -1   -2     -7.630      2.543    -78.130
  -1   -2     10.768     -7.367    -65.740
  -1   -2     16.961      1.601    -64.586
 620  619     -4.184     12.901    -60.527
  -1   -2     -5.414     -7.033    -61.482
  -1   -2      0.656      5.968    -86.791
  -1   -2      7.730      7.617    -54.553
  -1   -2     -7.187    -10.561    -86.082
  -1   -2    -16.134    -10.522    -75.175
  -1   -2      2.778    -10.439    -59.409
  -1   -2      4.145    -10.982    -82.349
  -1   -2     -1.338     10.685    -60.154
  -1   -2     11.388      9.214    -64.095
  -1   -2     -8.158     -4.047    -64.369
  -1   -2      2.726     10.050    -57.416
  -1  720     -2.781     -1.431    -58.600
  -1   -2    -15.384    -12.216    -75.363
  -1   -2      9.156      1.183    -58.182
  -1  509     10.175     -0.012    -69.272
  -1  200      0.232      3.687    -61.906
  -1   -2     -5.107     -7.547    -77.414
  -1   -2      8.768     -6.467    -78.043
  -1   -2      8.643     10.804    -59.788
  -1   -2     13.967     -6.508    -64.796
  -1   -2      6.391    -10.583    -68.066
  -1   -2     -3.319     -9.092    -53.294
  -1   -2     -7.460      8.614    -58.821
  -1   -2    -11.569     10.363    -65.345
  -1   -2      2.569     12.809    -69.418
  -1   -2    -16.382    -11.362    -73.268
 740  333     -5.621    -11.207    -63.397
  -1  704      1.526      8.272    -65.859
 787  494      6.811      0.249    -73.818
  -1   -2     -1.296     -6.481    -62.818
  -1   -2      6.619    -12.287    -62.317
  -1   -2    -15.068      4.219    -76.797
  -1   -2    -12.787    -10.768    -74.325
  -1  297      7.158     -8.433    -63.857
  -1   -2      7.275      3.840    -74.806
 715  747     15.255     -1.335    -63.889
 719  314     -8.343     11.257    -69.352
  -1   -2     -0.837      3.678    -63.092
 586  826     11.588      3.348    -68.369
 134   -2    -13.631      1.471    -74.107
 296  324    -15.705      2.730    -71.672
  -1   -2     -2.851      1.224    -78.147
  -1   -2     13.173     10.455    -75.275
  -1   -2    -14.138     12.377    -72.272
  -1   -2    -12.934     -2.944    -76.111
  -1   -2     -0.397     -5.372    -63.229
  -1   -2      5.830     -6.097    -81.399
  -1   -2      8.253     -6.790    -57.032
  -1   -2      0.894      9.056    -61.132
  -1   -2     10.254     -5.042    -70.529
  -1   -2     -2.515      3.572    -76.382
  -1   -2     10.760     -2.328    -56.754
  -1   -2    -13.084      0.562    -77.391
 510   -2      1.517     -0.174    -71.557
 668  807     13.464      5.440    -73.500
  -1   -2     13.974     -2.957    -77.286
  -1   -2      8.911    -10.659    -75.909
  -1  617    -10.966     12.213    -58.385
  -1  770      9.372     10.342    -68.928
 298  359     -6.609    -11.419    -75.161
  -1   -2    -12.889     -9.017    -84.579
 365   -2    -15.822     -5.058    -76.502
  -1   -2      2.680     11.028    -60.216
  -1   -2      0.822      7.447    -80.558
  -1   -2    -11.287      4.013    -58.770
  -1   -2      1.516     10.549    -72.900
  -1   -2    -11.036     11.005    -67.971
  -1   -2      0.418      7.240    -69.065
  -1   -2    -12.468    -11.349    -69.397
  -1   -2     -1.934      2.563    -67.458
  -1   -2    -15.770      6.851    -73.483
  -1   -2      4.043     -1.868    -77.771
  -1   -2      6.690     10.122    -54.061
  -1   -2      3.900     12.059    -74.289
  -1   -2     -4.433     11.142    -57.745
  -1   -2     -7.160     -9.550    -77.884
 681  809     -3.460      8.239    -69.015
  -1   -2    -12.566     12.874    -66.789
  -1   -2     16.977      6.937    -65.836
  -1   -2     -5.184     11.135    -71.265
  -1   -2      8.945     -7.963    -67.913
  -1   -2      1.412     -9.249    -59.056
  -1   -2     -6.569      1.328    -62.201
  -1   -2     17.311      8.402    -77.892
  -1   -2     -7.128     -1.102    -52.309
  -1   -2     10.596     -3.774    -66.609
  -1   -2    -14.020     -3.600    -86.922
  -1   -2      4.861     10.067    -66.938
  -1   -2    -10.831     -5.668    -67.884
  -1   -2      3.451    -10.670    -59.435
  -1   -2     -0.411     11.262    -66.839
  -1   -2     -6.133    -12.676    -67.956
  -1   -2      6.655      7.562    -73.937
  -1   -2     -6.925    -11.139    -58.831
  -1   -2     -3.279     -2.409    -71.328
  -1   -2      0.070     -6.463    -69.157
  -1  724      9.976      5.824    -66.638
  -1   -2     -6.833     11.704    -68.528
  -1   -2      6.023     13.130    -65.184
 403  511    -11.654      9.470    -70.260
 399  217     -4.578      3.536    -63.866
 465   -2      1.964     -1.468    -62.110
  92   84     -7.614      9.184    -66.825
 809   -2      1.235      0.280    -68.172
 196   -2     -2.242      7.898    -76.204
  -1   -2     -4.018     -2.388    -71.687
 127  182      7.054      8.825    -67.518
 606   -2     13.463    -10.324    -66.535
 333  827     -4.496     11.982    -63.885
 799  816      6.277     12.933    -60.801
 576  621      0.871     -4.235    -73.460
  -1   -2     14.795     -0.584    -65.678
 372   -2     -5.993    -10.648    -65.166
 119   -2      2.697     12.663    -62.774
 401  253    -12.436     -9.205    -66.241
 780  813      3.185      8.521    -76.776
 796  815      2.367    -13.006    -63.630
 475  634     -5.945      9.817    -64.607
 426   -2      0.488     12.072    -59.103
 429  397     -1.631      8.429    -65.117
 570  713      6.232     -4.474    -63.679
 633  272     13.853      5.300    -75.561
 480   -2    -16.399     -5.257    -74.900
 351  828    -10.451     -4.900    -71.583
 587   -2      7.083     -9.812    -61.903
 358   -2     14.205     11.889    -66.788
 486  508     -5.323     -8.253    -62.953
 669   -2      7.571    -13.132    -70.162
 616   -2     -2.701    -10.365    -68.272
 348   -2     -7.451     -8.836    -65.000
 369   -2      8.602     -6.402    -63.760
 709  811    -11.083      4.484    -68.249
 677   -2    -10.404     -5.295    -71.668
 656   -2     -1.425     11.483    -78.244
 756   -2     -5.894      8.351    -68.524
 824   -2     14.841     -2.831    -75.519
 778  345     -4.746     -0.643    -71.804
 775   -2     -7.811      5.330    -75.422
 318  506     12.376     -8.846    -65.903
 792  396     -0.146      5.585    -66.242
 826   -2     -1.311     -6.743    -72.713
 282  126      5.413     -6.316    -64.464
 492  829      4.801     -8.142    -75.292
 509  306     11.374      6.029    -74.730
 552   -2     -2.433     -6.116    -62.466
 559  830      0.366    -11.398    -63.380
 794  610     -9.836      5.213    -73.275
 801   -2     -7.498      7.329    -75.952
 813   -2     15.955    -12.047    -73.073
 814  561     -3.142      1.340    -74.308
