832
   5    1      1.892      3.680    -70.198
   3    2      8.770      1.107    -70.121
  68   27      9.928      2.482    -71.801
  18   26      2.521     -3.413    -74.129
   4   12      9.162      1.682    -70.438
   8   10      2.613      6.681    -70.162
   6   52     -4.498     12.185    -72.965
   7    0     -5.141     -1.056    -69.844
   0    4     -7.732     -2.544    -71.175
  32  164     -5.313     -1.919    -74.685
  70   73      2.756      4.556    -67.908
  61    5      6.162      5.337    -71.560
  21    6      4.949     -2.036    -68.712
  16   25      7.511      1.704    -68.084
  29   59      5.611     -2.190    -71.549
  46  525     -4.551      4.700    -73.337
  12  168     14.887     -0.059    -71.592
   1   13     -1.823      0.809    -70.120
  13   22      0.422      6.033    -66.341
  45   47     -2.458      5.821    -74.296
  -1   21      5.815      8.727    -71.118
  28   23     -8.083     -7.540    -70.668
  83   41     -2.576     -2.745    -73.914
  24   40     -3.299      5.977    -69.650
  59   28     -6.692      0.475    -66.991
  -1   -2     -1.710     -0.305    -69.840
  20   81     -2.531      5.880    -67.078
  31  108    -10.159      3.421    -71.951
 141   39     -9.636      3.152    -72.051
  33  121      5.022      0.520    -67.425
  72   30      4.374      3.954    -68.315
  -1   -2    -11.273      1.193    -66.088
  41   53     -7.857      4.570    -67.410
  37   55     -2.883     -0.127    -69.357
 395    9      4.561     12.689    -65.429
  42   34     -9.969     -4.303    -69.915
 131   62    -11.616      2.139    -67.377
  44   98     11.096     -2.741    -72.862
 121   43     -0.106     -0.017    -64.952
 166   68     -4.179      2.501    -73.655
  40  384     -3.277     12.760    -66.457
  60   78      8.116     -5.040    -68.204
 401  810      6.235     -0.362    -73.232
  30   31     -5.740      5.158    -69.858
  -1   49     -1.983    -11.824    -70.739
 391   74     -1.693     -7.949    -74.904
  74   82     -9.119      6.926    -66.936
  -1   -2     -7.842      3.408    -67.847
 191  117      5.068    -11.623    -71.556
 510  817      4.455      1.862    -68.104
 346   38     -4.715     -6.844    -77.308
  57   69     -0.748     -1.395    -70.956
 160   64    -14.332      8.878    -72.354
  38  227     -2.084     -7.731    -68.550
  62  205     -3.315     -1.040    -70.597
  35   45     -1.574      4.404    -64.806
  53   72    -10.649     -3.111    -69.957
   9   56    -15.608      7.578    -74.459
  86   33      8.075     10.682    -67.905
  93  208      7.383      8.545    -73.423
  36   32     -2.690     11.098    -71.323
 134   24    -11.070      1.528    -73.057
  39  400     -9.321     -9.036    -66.819
  85  555      5.705      4.788    -64.866
 139  382     -0.051     12.014    -65.026
  77   61    -14.121      0.498    -69.373
 112  397      6.090     10.874    -72.030
  88  198    -12.743     12.136    -73.174
  80  482     -0.491      3.564    -63.926
 388  138     -2.220     -7.508    -70.032
 128  369      3.501     -1.455    -69.139
  34  124     12.011     -2.114    -69.224
  67   90     -7.709     -4.881    -67.744
 147   37     10.219      4.947    -66.365
  43  155     -6.771     -7.930    -70.287
 316  112     -5.643     -8.386    -71.624
 148   88     -2.246     -2.602    -70.318
  98  163     12.305      4.254    -73.774
  81  795     -2.421     -4.478    -67.565
 580  387     -4.877     -9.016    -68.708
  96   50     -7.441      5.298    -66.031
 174   76      4.522    -12.128    -68.323
  48  139     -8.313      0.885    -62.024
 488  162      0.474      4.210    -77.245
  79    7      3.611      4.396    -70.626
  -1   36     -1.924     10.422    -70.395
 127   54    -15.513      5.996    -70.701
 284   57      1.510      1.594    -66.172
  63   60    -13.435     -6.201    -71.121
  73  114     -7.227     -0.957    -64.107
 106   80     13.497      4.323    -65.771
  25   -2    -12.323      7.436    -72.597
 277  136      7.871      7.246    -72.751
  54  127      2.876     12.155    -66.746
 103   86     -5.140     -2.000    -67.743
 423  443    -10.047    -12.142    -67.949
  -1  100     -1.889      0.654    -68.525
 181  179    -10.861      7.057    -66.050
 185  367      3.357      9.763    -73.041
 107   67     -8.279      8.984    -64.230
 325  212      5.707      7.058    -75.815
  52  234      2.494     -0.110    -68.855
 406  161      0.637     -4.463    -64.546
 234  479     -8.265     11.209    -70.043
 194   85     -4.842      1.578    -62.023
  99  141     -0.233     -6.186    -64.491
  27   84     -7.128      2.271    -65.221
 198  125     -7.823      8.099    -67.157
 117   91     -9.727     10.323    -65.686
 163  245     14.812      1.296    -71.717
  -1   -2     -6.316      5.407    -75.877
  71   92     -2.437     -0.517    -64.670
 108   94     -4.020      9.895    -63.065
 104  104      9.594     -3.548    -66.983
  14  407     -4.933     -5.073    -69.725
 102  417     -4.376     -2.839    -63.996
 276  231     11.656     -6.053    -70.969
  -1   46      3.225      6.613    -65.574
  95  396      1.922      4.315    -65.936
 444   75      1.981      6.830    -61.747
  -1  515    -13.848     10.717    -74.388
 158  146      6.129      7.800    -66.562
  66  115     -7.781     10.813    -70.899
  97   96     -7.906      0.509    -66.044
 402   95      2.401    -11.933    -68.650
 437  101      1.231     -8.525    -64.516
  17   20      6.869      0.733    -67.842
 122   99      5.414    -11.002    -66.597
 140  440    -13.906     -1.234    -66.056
  -1   -2     -7.808     -8.693    -63.344
 157  143      0.323     -5.156    -63.615
 659  423     -7.152      6.528    -72.206
  -1   15     -8.512      2.934    -73.718
 129  214     15.892      6.739    -68.404
 231  236     -1.730    -11.539    -64.816
 137   63      6.648      6.380    -66.456
  91   89     -2.748      4.956    -63.771
 417  812      5.035     -0.788    -73.886
  87  224      9.866      3.693    -69.013
 363   -2     -0.843     -0.155    -76.468
 123   16     -1.969      1.023    -75.090
 381   97     -9.432     11.896    -68.510
 431  119     -5.833      0.219    -67.790
 419  120      8.963      7.534    -68.017
 100  425      8.387      7.739    -66.744
  64   -2     -3.510      3.468    -68.892
 393  368      1.794     -5.437    -64.029
 186  219      3.989      9.158    -66.818
  -1   -2     -7.579     -4.011    -65.786
  -1   -2    -11.857     -8.381    -70.847
 116  128      5.231     -4.540    -66.527
  10  263      1.980      1.705    -69.052
 196  118     -6.181     -1.141    -62.235
  15   35    -10.637     -0.789    -75.871
 154    3      9.462     -1.333    -71.259
 197  131      2.785     -9.512    -62.938
 657  466      4.337      0.668    -74.502
 209  242      6.863     -7.434    -64.397
 149  106    -10.777      0.478    -63.360
 170  452     -5.377     -9.296    -64.702
 241  801    -13.843      8.217    -74.651
 206  181      5.917      8.124    -63.422
 115  147    -13.999     -0.376    -67.238
 205  165      6.153     -6.499    -67.378
 799  246      8.101     -8.506    -64.487
 172  142     -3.946     -3.659    -61.509
 789  105     12.077      6.718    -68.038
  -1  140      1.668     -9.112    -68.474
  -1   -2      9.715     12.627    -70.114
 287   93      8.947     -0.995    -71.646
 159  237      3.234     -3.404    -65.100
  -1   -2     -8.690      8.579    -59.402
 427  225     -1.479      9.397    -73.884
 138  446      9.087     -7.938    -64.367
 182  288      5.724      0.932    -65.481
 132  480    -15.598      2.147    -73.365
  -1   -2     14.873    -10.061    -74.530
 114  133     -0.997     -5.446    -63.986
 167  406     -1.422     -9.017    -64.875
 220  297      1.358      1.685    -63.638
 309  195     -8.512      8.666    -66.575
 250  132      9.600    -11.732    -68.458
 254  157     -1.066     -3.931    -66.748
 484  355      0.703     -3.486    -75.979
  -1  130     -0.806      2.593    -75.006
 384  831     -3.377      0.239    -74.009
  -1   -2    -13.152     -2.406    -67.847
 227  149    -11.897     -7.321    -68.550
 244  151     11.053     -3.631    -65.256
 252  126      6.364      3.352    -74.588
 465  169     -5.673      0.697    -64.505
 217  202      9.900      4.586    -62.877
 151  418     -0.080    -11.505    -73.207
 248  521     -1.686      5.298    -69.372
 156  185      5.984      1.158    -67.917
 223  215     10.966     -9.534    -67.100
 221  207      0.152    -10.765    -73.464
 218  113     -6.723      0.671    -63.721
 792  321      8.819     -3.362    -70.976
 168   -2     -0.621     -9.568    -66.666
  76   71     -1.630     -6.177    -68.722
 503  252      3.184     10.795    -77.666
 570  420     10.724     -5.813    -70.529
 596  416     -3.630     -2.206    -66.295
 501  206      4.280     -5.926    -73.361
 192  137     10.587     -1.846    -65.156
  55   70     -7.518     -3.416    -77.806
 497  259    -14.054     10.243    -67.702
 200  592     17.894      8.984    -69.017
 260  107    -15.574     -1.478    -73.355
 171  213     -2.201      0.883    -64.456
 175  183     10.979     -2.151    -67.567
 705  505     15.801      8.173    -64.944
 451  331    -12.156      5.137    -68.462
 146   -2      6.161     -6.657    -64.366
 253  249      4.681      3.379    -63.509
 238  562      9.282    -12.420    -66.331
 400  262     10.005      6.150    -68.235
 664  823     -5.123     -8.672    -71.077
 204  190      8.367    -11.705    -69.169
  -1  469      7.879      9.876    -63.948
 216  285      9.093    -12.074    -66.676
 413   65      1.438     11.872    -73.777
 329  286     14.694      2.405    -66.779
 214  216     -4.119      3.143    -67.342
  -1  475     -3.562      7.099    -73.307
  -1   -2      7.023     -6.641    -58.715
 189  333     -4.949     -4.461    -66.577
 208  166      6.663     -8.771    -69.207
  -1   -2     -9.237      2.412    -77.657
  47  256      1.592     -4.823    -70.810
 336  294      8.297     10.798    -73.871
 715  218     11.412      1.171    -63.374
 176  656     18.008      3.692    -71.198
  -1   -2      7.590     -4.490    -58.770
 195  258     -7.473     -0.919    -61.438
 552  643     -8.576     -6.142    -60.087
 299  280      1.471     -1.541    -65.094
  -1  152     -3.580    -12.359    -66.997
  49  260      0.517     -1.723    -73.152
 366  272     15.104      0.146    -65.250
 247   -2      9.723      7.650    -63.820
  -1   -2     11.472     -8.859    -68.848
 295  240    -13.190     12.725    -66.741
 291  158     -8.606     -0.617    -66.351
  -1  304     14.735      4.489    -62.729
  75  232     -5.996     -1.210    -75.298
  -1   -2    -13.140      2.808    -66.847
 143  311     -4.834      3.411    -62.109
 278  203      9.639      0.920    -70.759
  -1  487     10.742     10.477    -64.201
 412  200    -12.203     -1.346    -74.272
 536  312     -9.269      3.927    -63.205
 215   -2    -10.317     -2.119    -61.915
 126  327     -4.939      9.330    -62.483
 787  267     -4.881     -9.411    -71.720
  -1  685      8.645    -11.202    -62.625
 264  255     15.793      9.534    -70.264
 306  283    -10.058     -4.928    -74.397
  -1  110     -4.801      2.992    -63.227
 628  539    -10.956      5.685    -67.421
 549   -2     -3.796     10.306    -67.694
 179  173     -4.806      7.386    -69.960
  -1   -2     13.569     -0.343    -63.206
 279   44      7.903     -6.700    -70.377
 246  427     11.622     10.876    -65.281
 153  300    -12.778      7.463    -66.568
 647  254    -11.167      3.495    -75.068
 258  228     -9.392      3.490    -75.392
 274  441    -13.967     -3.356    -68.729
  -1  391      3.542     10.304    -73.086
 256  438      4.440     -3.613    -70.224
 429  154     -5.177      9.619    -63.990
 280  309      0.076     -6.086    -62.945
 210  184    -11.815     10.950    -65.542
 593  598      9.615     -2.594    -62.510
  -1   -2      3.568      4.356    -62.423
  -1   -2    -13.600    -12.257    -68.611
 294  271      3.741     -8.327    -66.529
 165  379      1.286     12.350    -70.267
 272  803     -7.560     -8.474    -61.021
 263  211      9.411     -7.295    -67.412
 226   -2    -14.943     -1.358    -75.426
 265  103    -10.031     -3.955    -72.374
  -1   -2     -5.539      6.431    -68.171
 118  193    -13.157      8.041    -70.887
 298  310      8.330      9.943    -66.652
 324  432     -5.838     -1.497    -62.196
  -1   -2     -9.247     11.131    -60.583
  -1  352    -11.632     -9.249    -71.989
 173  226     -3.900     -7.817    -67.753
  -1  529     -4.477     -9.025    -60.211
  -1   -2     -9.252      8.560    -81.236
 269   -2      7.979     -1.773    -59.791
 314  159      2.357    -12.870    -69.474
 473  404      1.029     11.066    -71.244
 177   -2     -7.262     -4.126    -68.835
  -1   -2     -4.708     11.453    -60.290
 183  264     -8.567      7.600    -73.634
 120  699     -1.941      8.694    -73.357
  -1   -2     15.668     12.607    -66.633
  -1  281     -9.013     -8.114    -75.687
 288  278     11.413      0.803    -66.371
 457  282      3.054     -1.966    -66.499
 312  351      1.259      2.497    -71.200
  -1   -2     -9.947      4.622    -64.209
 308  332    -13.584      6.087    -67.766
 341  320      6.462     -9.862    -65.438
 105  243      1.053     -4.887    -71.183
  -1   -2      0.996      9.124    -62.939
 618  194     -4.154      4.951    -66.395
  -1   -2     10.325     -6.212    -54.734
 350  295     11.581      8.485    -66.348
 270  279     15.582     11.295    -73.101
 304  708     12.025      7.582    -64.268
  -1   -2     -3.808     11.288    -75.545
 311  266    -10.406     -8.238    -74.353
 266  299    -12.658    -11.101    -75.210
 281  596      0.194      5.103    -75.280
 538  422     -9.753     -9.681    -62.687
 339  612    -13.331     -7.356    -72.461
 368  305     12.448     10.736    -68.243
  -1  313     12.192      9.873    -66.431
 342  324      8.603     -5.924    -65.571
 800  239     -5.133      9.955    -69.802
  -1   -2     -2.036      9.250    -64.095
  -1   -2      8.609      3.023    -73.747
 232  265      9.894      3.927    -70.659
 550  319    -13.580    -12.365    -65.897
 290  247     -0.875      2.075    -71.888
 213  408     -1.946     12.207    -69.655
 765  827     10.311     12.853    -64.085
 237  291     -5.105     -0.447    -70.107
 805  649     -9.212      6.313    -73.485
 367   -2     14.885     -0.745    -64.889
  -1  348    -11.772     12.568    -66.041
  -1   -2    -14.120     10.700    -77.061
  -1   -2    -14.129      7.824    -75.691
  -1   -2     -1.682    -10.392    -67.853
 212  349     -6.709     -7.532    -65.313
 751  209      1.535      4.585    -74.324
 345  302     -1.630     -4.192    -68.531
 718  832      3.019      7.879    -64.221
 343  602     -8.094      0.513    -72.250
 335  220    -12.483     -3.433    -64.930
  -1   -2      5.824     -1.547    -70.840
 296  284     -4.621     -4.790    -75.236
  -1   -2     -6.822     -9.466    -67.665
 331  340    -10.549     -8.297    -69.279
 360  356     11.667     10.402    -70.551
 326  741      4.153     -2.089    -68.804
 369  339      1.603     -6.888    -66.565
 744  364     14.963     10.052    -65.753
  -1  768    -10.841      3.638    -58.914
  -1   -2     -4.502     11.451    -63.129
  -1  594     -9.187     10.111    -74.995
  -1  329     15.968     -8.974    -70.959
 297   -2     13.797     -1.689    -66.014
 748  680     -9.365     -2.494    -70.779
 353  353     -7.596      6.123    -67.754
  -1  316     14.245     -4.041    -73.070
  -1   -2     17.043    -10.098    -72.728
 344   -2    -13.586     11.876    -67.607
  -1   -2     -9.612     -4.259    -76.832
  -1  756     13.609     -0.040    -58.893
  -1   -2      4.098     -7.960    -69.092
 379  361     -6.251     11.071    -69.371
  -1   -2      5.548      3.383    -62.822
 814  789     -5.014     -3.784    -66.559
  -1   -2     -5.471     -4.523    -69.110
 783  828     -2.926      3.805    -63.751
 133  250      2.000    -11.496    -69.322
 681  248    -15.005     -6.607    -74.410
  -1   -2     -0.780     10.455    -63.565
  11   14      5.962      4.697    -71.539
 387   18      4.675      2.817    -70.653
 396  671     -1.542     -6.475    -77.129
 815  145     -4.104      7.400    -71.330
  19  277      6.801     -1.437    -72.251
 420  365      2.061     -1.972    -72.760
  -1  186     -7.394      2.765    -71.374
 150   -2     -5.840      0.843    -61.505
 440  444    -13.815    -12.423    -70.765
 449   77     -2.411     10.086    -67.976
  69  373      4.900      9.002    -65.707
 113  796     -0.409      6.630    -60.588
 403  372     -6.158      0.994    -71.520
  -1   -2      1.872      6.527    -71.252
 386    8     -0.333      3.977    -67.616
  26  794     -5.834      6.766    -71.521
 351  435     -0.191     11.109    -73.113
  -1   -2     11.038      3.244    -55.228
  -1   -2      1.192    -12.074    -72.742
 394  405    -10.765      7.769    -68.946
  89  385      4.446      9.929    -68.204
 161  798     -4.226     12.702    -70.359
 135  383     -1.818     12.449    -62.138
  22  377      8.854      7.972    -70.202
 407  182    -12.021     10.280    -71.038
 392  375     -0.280    -11.601    -70.796
  -1  618    -12.138     -5.743    -63.404
 358   87     -1.519     -3.522    -73.161
 454   17      1.780      5.905    -70.729
  -1   -2     -9.310    -12.898    -65.952
 404  380    -11.282     11.263    -65.513
  -1   -2     17.124      9.177    -72.284
  -1   19      4.264      5.143    -67.891
 101  395     14.009     -6.166    -67.131
 390  809     -9.711      2.606    -68.323
 201   -2      6.642      9.604    -74.209
 261   48      7.016      8.652    -63.979
 435  476     -7.039    -11.776    -65.498
 416  413     -7.468    -11.415    -71.572
 790  253      7.980     -1.171    -73.115
 239  393     11.853     -0.257    -73.593
 408   -2     -8.358     -7.541    -63.267
  84   79     -2.966      6.800    -67.429
  78  401      1.940      9.959    -69.025
 476  180      8.048     -6.385    -63.190
  -1  148     13.145      3.046    -68.812
  -1   -2      1.243     -0.598    -75.758
 169   66     -6.552     11.708    -73.300
  -1   -2      6.381    -12.265    -81.985
 145  477      6.104     -8.072    -64.100
 447  257    -13.142    -12.071    -70.916
 441  428      1.354      8.675    -67.002
 499  411      0.230     -3.337    -60.830
  -1   -2    -13.390     -7.667    -66.726
 489  815      4.976    -10.016    -61.003
 109  109      7.069     -0.104    -68.351
 302   83      0.106      9.165    -73.531
 448  430     -7.237      2.926    -66.320
  -1  178      5.300      0.025    -62.741
 235  453     -7.201      5.980    -70.370
  -1  426     -4.496      1.475    -74.958
 142  403     10.584      9.206    -67.473
  92   51      4.842     -7.278    -67.608
  -1   -2      5.883      1.541    -64.559
  -1   -2     -2.170      8.953    -58.360
   2  376      2.249      7.900    -71.550
 485  543      3.299     -3.284    -60.548
  -1  481     -1.505    -12.016    -70.644
  -1   -2     -8.140     -1.380    -55.706
  -1   -2     -5.364      1.060    -65.266
  -1   -2     14.266     -8.770    -64.580
 481   -2     -4.498      7.755    -63.946
  -1   11     -1.738      5.692    -71.957
  -1  514    -15.535     -3.267    -72.309
  -1  593      2.008     -8.421    -61.584
 456  813     -1.067     -2.986    -60.625
 443  175     -7.908    -10.043    -63.762
 446  437      9.610    -11.010    -65.101
  -1   -2     16.389    -12.651    -72.606
 285  804     -6.026      9.773    -63.995
 211   -2     -6.317     13.415    -64.542
  -1   -2    -10.764     -3.375    -61.663
  -1  160     -0.323     -9.185    -65.772
 474  447      6.665    -11.312    -65.297
  -1   -2      3.745     -3.227    -62.619
  -1   -2     14.384     -3.577    -64.510
 110  289    -14.202     -9.014    -74.112
  -1  366     -3.677     -1.859    -61.692
 233   -2     -1.650     -6.962    -61.844
  -1   -2     13.690      2.035    -73.783
  -1   -2     13.443    -12.068    -65.187
  -1   -2     -9.383      9.807    -69.261
 385  390      6.789     -7.508    -66.903
 599  484      0.361     -2.330    -62.655
 229   -2      0.847      4.884    -61.620
 313  497      8.488      7.133    -65.115
 590  298     10.352     -7.805    -64.939
 808  829      0.798     -8.601    -60.801
 188  129     -9.081     -8.220    -67.795
 305  470     16.319     -1.322    -66.826
  -1   -2     16.443    -12.114    -84.903
  -1   -2      5.101     10.100    -62.032
 469  582     -3.294     12.446    -66.482
 558  431    -12.212     -8.830    -71.400
 524  273     11.033     -3.729    -62.213
  -1   -2     -7.055      6.174    -60.291
  -1  528     -3.080    -12.766    -67.264
  -1  436    -13.537     11.537    -65.768
 788   -2     -9.423     -8.921    -69.994
 359  204     -4.974     -7.785    -69.916
 511  818     13.527      9.707    -63.507
 180   -2     -3.713     13.213    -66.367
 522  318    -11.988    -11.520    -61.802
 187  189      5.117      8.211    -61.323
  -1   -2      0.975    -10.633    -63.642
 518  820    -10.256      0.817    -73.515
 579  642      1.102      9.724    -64.955
  -1   -2      4.008    -12.796    -65.917
  -1  494     13.262     -7.209    -65.536
  -1   -2     -1.288     -9.786    -59.848
  -1   -2    -14.959    -11.213    -69.017
  -1   -2      3.113      6.534    -61.402
 430  557     13.518     -4.253    -64.600
 796  374     -2.792      5.780    -65.846
  -1  197     -6.160     -7.441    -60.259
  -1  341     -4.321     -8.762    -74.409
  -1   -2      7.823     11.235    -61.956
  -1   -2      7.096     -5.556    -56.154
  -1  233      2.377    -12.286    -71.611
 505  460     10.068      0.591    -62.302
 492  471      3.303     -9.985    -62.635
  -1   -2     -4.345      4.935    -58.033
  -1   -2     -5.498     13.227    -64.383
 535  492     -6.514      9.332    -75.021
 544  633    -15.685      8.754    -76.369
 490  336     14.817      7.120    -74.156
  -1   -2      2.170    -11.617    -75.778
  -1  508      3.338    -10.665    -74.443
 411   -2      7.617      8.948    -62.212
  -1   -2      5.270     -2.595    -63.661
  -1   -2     -2.893    -13.088    -65.438
  -1   -2      1.364     -9.232    -64.544
  -1   -2     -2.882     -5.025    -60.807
  -1   -2     10.526     -3.909    -61.320
 521   -2    -14.571      4.479    -69.455
 498  451     -4.207     -3.242    -62.719
 812  235     16.776     -6.307    -75.930
  -1   -2      6.954      3.600    -71.342
 317  628     16.445     -5.025    -73.863
  -1  572     -5.238     -0.797    -75.299
 361  752    -13.906      5.051    -71.368
 826  663      8.787     -0.075    -61.165
  -1   -2      6.333      4.274    -57.906
 630  822     15.471     -5.247    -66.479
  -1   -2     -5.254     -5.363    -63.954
  -1   -2     -1.357     -8.807    -54.308
  50   -2     -2.583      9.027    -65.810
  -1   -2    -12.697      6.646    -75.484
 517  651    -13.714     -3.704    -65.077
  -1   -2     -7.357    -11.358    -59.363
 466  217     14.245     -1.258    -72.169
  -1  729     18.367     10.538    -71.985
 460  814      0.851     13.304    -62.061
 162  670     -5.267     -6.035    -70.383
  -1   -2      6.864     -5.887    -73.512
  -1   -2    -11.946     -8.363    -65.195
 321  293    -12.920      0.347    -70.784
 259  802     -1.484     -0.333    -58.643
  -1   -2      4.423      3.519    -60.711
  -1   -2    -10.271     10.257    -81.606
  -1  296      6.011      1.214    -66.499
  -1   -2     -2.786     -9.894    -58.519
  -1   -2      7.625    -10.727    -71.151
  -1   -2      1.620      3.510    -58.803
  -1   -2      9.493     -8.361    -56.887
 679  554     12.762     -2.701    -62.254
  -1   -2      7.048    -11.303    -62.000
 821   -2     13.392    -12.979    -67.308
  -1   -2     -1.845      6.757    -55.157
  -1   -2      5.541     -5.835    -57.542
 199  799      8.557     -8.387    -65.610
  -1  188    -10.848     -4.553    -65.716
 475   -2     17.423    -11.884    -68.036
 472  512     16.951     10.844    -67.701
 516  819     14.658      3.482    -73.520
 557  833      5.305      6.211    -61.329
  -1   -2      3.297      3.483    -56.233
  -1  668     -7.404     -3.693    -68.207
 130  221     -4.784    -10.225    -69.085
  -1   -2    -10.834     -5.372    -61.292
 643   -2     -2.418     11.152    -60.061
  -1   -2    -11.967      2.191    -72.619
 303  834    -10.072     10.608    -76.182
  -1   -2     -3.536    -11.315    -63.946
 322   -2      8.257      4.344    -60.816
  -1  621     16.085     -7.129    -63.006
  -1   -2    -14.645     -9.075    -78.111
 537  532     -1.538     -2.739    -60.817
 663  268     11.430      1.959    -67.324
  -1   -2     -4.844     -6.570    -62.279
  -1  334    -12.656      2.633    -77.527
  -1   -2      5.763      9.641    -58.115
 547  251     -5.970    -12.316    -66.013
  -1   -2     12.211     -2.847    -77.738
  -1   -2    -13.638    -10.414    -74.214
  -1   -2     10.677      1.308    -77.682
 747   -2     -5.329      8.876    -73.710
  -1   -2      1.235      0.331    -60.550
  -1   -2    -11.188      7.113    -58.275
  -1   -2      0.401    -12.592    -70.799
  -1   -2    -11.781      2.862    -63.145
  -1   -2     12.116      3.299    -59.385
  -1  153      1.003      5.815    -72.986
 587   -2      4.375     -6.588    -59.918
  -1  510      3.578    -10.643    -77.045
 610  821      6.372    -10.587    -66.756
  -1   -2     -5.026    -10.217    -68.814
  -1   -2      6.181      9.184    -52.120
  -1  697    -13.329      6.295    -69.573
  -1  170     -6.421     -8.128    -74.915
  -1   -2      8.022     -4.864    -78.557
  -1   -2     13.724    -10.116    -65.312
  -1   -2     -8.743     -5.038    -53.301
 667  835     -8.881      6.321    -58.445
  -1   -2    -12.859     -9.232    -65.492
 813  354      8.176     -4.621    -74.796
  -1  608    -14.433     -0.590    -66.897
  -1   -2      6.706     -9.897    -81.054
  -1   -2     17.602     -3.831    -68.466
  -1   -2     -5.932      9.125    -73.419
  -1   -2      4.315     -7.394    -78.490
  -1   -2      2.578     11.779    -73.250
  -1   -2    -10.289     10.875    -63.794
  -1   -2     -3.290     -8.661    -52.497
  -1   -2     10.092    -11.060    -64.091
 608  196     13.603      5.135    -74.785
 529  610     17.225     -3.211    -66.747
  -1   -2      0.805     -9.494    -58.451
  -1  585    -14.165    -10.260    -69.021
 242  187     -2.876     -0.883    -64.441
  -1   -2     -8.421     -7.131    -62.426
  -1   -2     11.393     -9.049    -71.667
 563  603     16.536    -11.576    -68.285
  -1   -2      7.744      5.056    -76.281
 352  644     12.706     -5.320    -68.051
 702  691     12.704     -4.370    -65.893
  -1   -2      3.185      5.218    -60.668
  -1   -2      8.083    -11.847    -61.570
  -1   -2      1.546      8.273    -68.203
  -1   -2     15.157     -7.581    -67.769
  -1   -2     11.702    -11.736    -68.754
 693  325     15.701     -2.634    -73.505
  -1   -2    -12.699     -6.015    -78.790
  -1   -2     14.484     11.983    -72.900
  -1   -2     -0.066    -11.076    -62.586
  -1   -2     10.169     12.153    -63.746
  -1   -2      0.382     -6.939    -75.974
  -1   -2     15.346    -11.543    -73.132
 707  537     -0.962     -1.291    -70.922
 289  551     -7.009      6.715    -61.796
 292  805     14.599     -3.786    -74.689
 559   -2     10.683    -11.286    -71.909
  -1   -2      6.916      8.647    -59.178
  -1   -2    -10.507      7.084    -74.296
  -1   -2      9.692     -5.803    -68.518
  -1  274    -13.974     -9.770    -74.574
 327  560     15.051     10.131    -73.636
  -1   -2    -11.406     -9.897    -75.646
 546  542      1.526    -10.837    -72.601
 568  495     10.221      9.653    -64.059
  -1   -2     -6.487    -11.732    -81.028
  -1   -2     -2.888      3.479    -73.059
  -1   -2    -10.395     -5.939    -56.361
  -1   -2     -9.123     11.019    -64.266
  -1   -2      7.066      4.680    -59.594
  -1   -2     -5.194      0.727    -52.030
  -1   -2     -9.578      2.734    -59.545
  -1   -2     13.268    -10.949    -86.033
  -1   -2     -7.684     12.841    -61.156
  -1   -2     10.084      0.465    -57.812
 689   -2     16.314      2.350    -72.309
  -1   -2     16.817      8.659    -70.788
  -1   -2     -6.228     -6.407    -77.389
 585  301    -14.559      1.454    -67.531
  -1   -2      4.044    -11.773    -69.970
  -1   -2      8.862      1.316    -61.880
  -1   -2      3.035     10.556    -60.961
  -1   -2     -9.360     -7.368    -68.259
  -1  652      6.065     -1.454    -76.360
  -1   -2    -14.438    -12.484    -72.241
 701  836     10.406     -7.643    -75.529
  -1  524     -1.284      3.450    -69.510
  -1   -2     -8.368     -8.961    -56.463
 523  544    -13.501      6.591    -64.589
  -1   -2    -14.837      2.161    -72.726
 709  244      8.547      9.276    -71.490
  -1   -2    -14.007      1.020    -76.467
 666  648      1.672      0.902    -77.208
  -1   -2     -6.770      7.528    -82.244
  -1   -2     14.020     11.316    -71.151
  -1  144      1.471    -11.922    -68.076
 762  826    -12.240      0.921    -72.282
  -1  344      1.010     -8.995    -64.571
  -1   -2    -10.040     12.188    -73.542
  -1   -2     -4.730      8.004    -62.461
  -1   -2     -0.340     -2.852    -55.558
  -1   -2      7.625     -6.535    -75.971
  -1   -2     13.406      7.247    -58.653
  -1   -2    -10.083      1.998    -78.115
  -1   -2      5.513      8.916    -56.279
  -1   -2    -12.087     11.915    -62.092
  -1   -2     11.847     10.102    -70.469
  -1   -2    -11.009     -4.083    -76.036
  -1  679     -3.002      6.033    -71.971
  -1   -2     -3.581      1.475    -76.801
  -1   -2      2.163     -6.383    -58.649
 652  359     11.783      5.955    -66.053
 654   -2     14.112     -6.086    -68.668
  -1   -2     -4.097     -9.398    -79.523
  -1   -2     14.234      9.867    -87.331
  -1   -2     13.127     -6.438    -74.049
  -1   -2    -11.779    -10.606    -62.629
  -1   -2     -1.737      6.346    -52.773
  -1   -2     19.710      4.072    -76.596
  -1  716      0.641    -11.349    -64.252
  -1   -2    -13.845     10.975    -76.063
  -1   -2     -2.324    -11.443    -65.499
  -1   -2      0.976      2.914    -71.668
  -1   -2     11.889      8.394    -82.407
 530   -2     15.289     -4.868    -65.903
  -1   -2      9.846     -7.186    -57.680
  -1   -2     12.808      8.472    -75.391
  -1   -2     16.049     -8.420    -65.681
  -1   -2    -12.816     11.035    -73.215
  -1   -2     -5.217      6.004    -61.482
  -1   -2    -10.611     12.117    -72.551
  -1   -2      0.093      0.284    -71.185
 378  587    -11.945     12.033    -66.947
  -1   -2      2.227      3.058    -58.140
  -1  357     12.679      9.114    -72.530
  -1   -2     12.299     -4.505    -73.009
  -1   -2      9.306     -1.218    -67.552
  -1   -2     -0.221      6.238    -53.918
 711  825      1.880      3.141    -60.325
  -1   -2     12.722     -8.705    -60.077
  -1  667     -7.735     -2.011    -60.067
  -1   -2     -6.143      4.261    -88.086
  -1   -2     15.682      6.043    -72.424
  -1   -2     -9.298     -1.312    -80.941
 688  270     -8.756     10.566    -63.917
  -1  653    -11.025      0.501    -77.227
 320  711     -7.035    -10.103    -67.704
  -1   -2     16.263     -1.377    -71.565
  -1   -2      8.980      9.035    -61.035
  -1   -2     -3.996      5.458    -61.029
  -1   -2      9.802     -9.264    -60.567
  -1   -2     16.017      7.788    -67.324
  -1  718    -15.693     -2.184    -72.874
  -1   -2      9.634     -6.664    -55.831
  -1   -2     14.897     12.130    -65.879
  -1   -2      7.488      6.355    -59.484
  -1   -2     -7.892      9.359    -52.477
 697   -2     -6.935      6.137    -66.457
  -1   -2     15.568      2.199    -65.104
 729  784     14.316      4.243    -64.818
  -1   -2     12.545      2.693    -64.573
  -1   -2    -13.382     -2.318    -72.942
  -1   -2     -9.427      6.063    -75.556
  -1   -2      2.765     -0.777    -77.409
  -1   -2     14.541    -11.885    -65.608
  -1   -2     -6.128      4.078    -76.144
  -1  345      9.271      2.463    -61.499
  -1   -2     16.562      1.324    -66.775
  -1   -2     -2.950     -8.660    -61.168
  -1  683     -5.324      3.528    -65.844
  -1   -2     -1.691      7.186    -57.538
  -1   -2    -14.279     10.550    -80.181
  -1   -2     17.106     -9.765    -69.459
  -1   -2    -13.888      9.561    -68.093
  -1   -2     -4.821     -5.818    -61.966
  -1   -2     -9.870      8.005    -60.507
  -1   -2     -4.707     -6.941    -63.146
  -1   -2     -8.762     -9.643    -70.692
  -1   -2     12.866      9.554    -64.335
  -1   -2     12.516    -11.576    -59.594
  -1   -2     -3.704      2.176    -52.441
  -1   -2      4.515     -3.806    -66.800
  -1   -2     -7.969     -8.108    -68.787
  -1   -2     -6.245     10.610    -72.510
  -1   -2    -10.427      4.357    -69.608
  -1   -2     13.594     -0.783    -66.613
 677  754     -2.706     -1.822    -68.617
  -1   -2    -10.525      8.347    -87.753
 601   -2    -15.966     -5.817    -77.135
  -1   -2      2.739     11.188    -63.346
 791   -2      1.317     -2.225    -73.622
 307   -2     -3.986     -2.086    -74.075
  90  635     -4.380     -1.468    -67.184
 230  523     -4.190     11.268    -72.377
 382   -2      3.307     11.249    -64.757
 464  511     -9.003     11.612    -63.363
 462  549      2.663     -5.197    -66.658
 301   -2    -10.024      7.999    -63.694
 152   -2    -11.955     -2.887    -65.308
 470  409      1.232     -4.262    -62.434
 797  589      7.068     -7.833    -65.501
 794   -2      2.921     13.042    -65.826
 164  414      1.726     -1.916    -65.961
 671  222      3.400    -10.996    -67.639
 240  800     -6.832     -2.921    -67.953
 125  797    -15.432     -6.790    -75.432
 318   -2    -11.277      2.542    -71.944
 612  330     12.795      6.312    -64.185
 310   -2    -16.065     -9.647    -75.777
 564  600    -11.773     -4.476    -75.461
 515   -2      3.345    -10.729    -69.172
 315  806     -3.427     -7.265    -74.584
 355   -2     -4.681    -11.035    -68.247
 486   -2    -11.505      0.076    -63.955
 541  347      6.644    -10.319    -67.470
 373   -2    -13.316      6.178    -69.767
 803   -2      9.919      4.895    -64.359
 371  322     14.218     10.777    -69.300
 251  655     -5.395     -4.444    -65.972
 625  323     -8.382      6.551    -72.167
 806  837      1.957    -10.659    -67.376
 354  807     -6.181     10.146    -69.960
 786   -2    -14.591      8.616    -77.058
 414   42      0.389    -11.023    -69.498
 410  811      8.522    -10.791    -60.528
 495  816     10.669      6.922    -76.820
 438  458     -3.018     -1.443    -63.339
 626  346     12.448     -0.079    -71.569
 375  269     -3.627     -7.986    -62.136
 819  830      6.680     10.879    -73.969
 566   -2     16.622     -9.926    -68.207
 442   -2    -10.921      1.432    -69.395
 573   -2     17.655     -6.635    -66.757
 603   -2      3.088      9.340    -61.828
 556   -2     13.225     -7.031    -65.855
 661  601      3.719     11.143    -60.494
 255  506    -14.025     -7.812    -72.945
 300   -2     -0.274      4.962    -59.103
 622   -2      5.461      3.865    -67.477
 584  473     -2.609      4.236    -73.238
 595  536     13.341    -11.942    -64.961
 822   -2     11.570      5.137    -75.935
  58  370     -5.763      7.109    -68.927
 136  116     -6.083      2.234    -62.310
 249   -2      4.278      5.239    -69.787
 332   -2     -3.104     -5.841    -66.604
 409   -2      5.915     12.356    -73.664
 548  358     -6.060     -4.681    -72.535
 589  275     -7.776      9.699    -63.488
 592  838     13.602    -12.109    -64.043
 756   -2     -8.284     10.086    -68.623
 824  378    -11.799      4.537    -62.114
 825  839     -2.090     10.389    -75.078
