811
   0    0      0.500      5.187    -70.784
   1  200      0.690      4.201    -72.489
 342   32     -0.685     10.451    -72.002
 339    7      0.304     -1.066    -70.527
  12   33      9.063      3.726    -71.974
   2   19     -0.870      7.586    -68.942
  44   50     -2.313     -4.593    -71.304
  16   12     -0.416      1.500    -66.994
   7  371      1.862     -1.951    -70.285
 391    5     -2.744      2.570    -68.456
   9   22     -4.527      7.414    -67.772
  -1   13     -2.776     -0.865    -71.042
 106  391      7.070     -4.663    -67.337
  33  110      8.190     10.254    -72.898
 137   11      3.890    -12.089    -73.262
   5  618      1.090      7.159    -75.312
  62   -2      9.335     -2.125    -69.417
 128  191      4.664      1.274    -75.030
  14   20     -9.283      5.375    -69.883
  34   15      4.904      3.291    -67.890
 357   34      5.582      3.170    -64.801
  30   31     -7.945      0.330    -69.033
  10  387     -7.261      6.489    -72.466
  18    9     -1.151     -2.851    -71.420
  -1   -2     -0.423      1.938    -60.012
 200  102      7.759     -8.883    -72.600
 345   -2     -5.170     -2.248    -69.249
  64   30      0.596      5.577    -65.778
   4   -2      4.152      8.709    -69.911
 392  209     -3.088      3.046    -71.298
  -1  175      0.070     11.105    -71.501
 366  369      2.195     -2.360    -67.401
  28   53      1.704     -6.686    -70.552
 634   14      1.217      6.352    -71.310
  39  291      2.527      8.955    -69.758
 217  211     -8.995     -7.273    -74.008
  51   35      2.169      7.677    -67.147
  36   52     13.505      3.559    -67.992
 395  170     -7.488     -4.966    -71.386
 343   54      3.167     -7.144    -74.787
  -1   -2      0.455      0.117    -68.495
 338  149      2.022     -0.501    -68.139
 257  171      1.215      9.398    -73.062
  -1   17     -2.251     -3.492    -71.247
  -1  263     -5.596      0.018    -76.244
  26   38      5.180     -0.891    -67.222
  47   51      8.665     -3.542    -69.179
  -1   -2      5.953     -3.018    -65.041
  57  145     -0.257      8.644    -72.847
 305  151     -7.463      2.716    -74.016
 467   86     -8.592     -3.789    -73.895
 120   99     -1.451      3.828    -67.575
 110   37     -0.690     -7.548    -70.352
  53   36      3.326      7.802    -73.572
 477   42      6.433     -6.950    -71.865
 806   39      5.908     -0.168    -68.618
 625  307      4.371      0.190    -70.936
 138   60      9.836      9.888    -68.389
 687  457      5.172      2.246    -66.915
 369   58     -7.888     -4.749    -65.909
  66  132     -5.188      4.383    -73.992
  -1   -2    -12.844     -1.833    -75.515
  -1   40     -4.295     -4.170    -68.793
  91   -2      1.974     11.045    -63.897
  -1   -2     -2.801     -0.515    -73.268
 224  260     -9.920    -10.393    -72.201
  38   77    -13.960     -3.895    -73.784
 143   64    -13.705      8.763    -69.335
 164  135     -7.871      8.660    -69.938
 131  119     14.444      8.769    -70.873
  -1  105     -0.426     -6.340    -71.941
  29   -2     -6.382     -4.285    -69.829
  55  141      4.381     10.899    -67.269
 808   70      4.525    -10.259    -70.198
  92  157     -1.211      6.370    -67.433
 781   59    -10.460      3.970    -68.392
 203  154     -8.666      9.683    -72.269
 349  181     -4.922      6.576    -68.170
 240   93     -8.682      8.502    -65.768
 117  696      1.713      1.015    -70.666
  42  112     16.311      4.252    -69.958
 354   96     -8.939      8.392    -72.384
 211  223      9.498     -2.004    -71.524
 175  774      1.175     -6.183    -74.739
  52  240     -6.582     11.498    -64.410
 184  246      4.323     -6.471    -72.203
 121  101      6.957      2.401    -66.752
  -1   -2     -9.011    -11.767    -68.111
  59  374      4.180      6.105    -70.549
  32   67     -3.493     -8.668    -68.398
 196  218    -14.137     -4.603    -77.497
  -1  310      6.137      6.822    -65.211
  76   82     -8.811     10.211    -67.385
  73   76      7.172      1.185    -65.289
  20   44     -1.061      8.227    -68.008
  61   84      9.726      0.456    -65.317
 407  106    -13.953      5.635    -66.670
 252   65      8.004     12.225    -70.474
 212  588     -6.424    -12.412    -67.461
  -1  496     -6.558      1.758    -68.320
  45  768      6.411      3.970    -74.106
 162   24      2.611     12.220    -71.598
  54  194    -10.780      2.932    -62.522
 174   97     -1.738     12.610    -63.506
  23    8     13.802      4.690    -71.165
  -1   80     -5.546     -3.012    -69.870
  81  104    -11.715     12.112    -66.782
 159  130     -4.213     -6.047    -68.530
 373   79     11.601      1.441    -69.160
 114   73      1.477      5.109    -66.713
 364   85    -13.930      9.626    -69.934
 100  198    -11.223     -1.800    -75.442
  49  770     -5.560     -3.100    -68.462
  -1  243      8.792     12.813    -68.198
  88  384      1.233    -11.657    -71.323
 113  133     12.553      2.548    -67.588
 150  237     11.564      8.591    -68.979
 204  128     -2.242    -12.270    -69.271
  -1  451    -10.222      2.905    -67.865
 188   72      1.371      5.845    -65.839
 365  163     -1.637      1.741    -75.231
  -1  358    -13.024      5.697    -69.157
 169   57    -10.147      6.291    -76.471
  -1  103      3.351     -9.646    -62.961
 127  264     -9.000     13.133    -64.819
 179  253     10.658      3.740    -68.230
  -1   95      1.701     -5.147    -63.023
 165   -2    -12.881     -3.507    -70.065
 565  434      1.472      1.757    -74.881
 372  485     -8.433    -10.365    -67.611
 239  418     11.669     -1.979    -68.240
  -1  393     -7.501     12.752    -63.160
 124   -2      5.294     -4.643    -64.578
 139  167      8.337     -6.485    -65.214
  -1   -2     10.038      9.404    -67.902
  -1   -2      2.596    -10.881    -71.898
 136  109      5.309     -1.995    -67.236
 101  241      8.485     -0.881    -71.667
 789   78      3.563      5.525    -66.768
 256  251     -0.318     10.445    -62.777
 410  491      6.473     -2.194    -75.528
 107   -2      2.656     -7.994    -67.601
 437  412      1.460     -6.837    -67.246
 171  404     -3.525      5.849    -63.339
 244   -2      4.059      6.666    -66.572
 178   91      4.563     -0.906    -66.878
 280  153      3.181      6.496    -66.067
 197  184     13.051      5.470    -67.825
  -1   -2     -5.875     -8.008    -68.714
 380  290     16.307      0.589    -68.741
 525  147     -0.733     -2.826    -62.819
  -1   -2    -12.950      9.763    -75.152
  83  261     12.069    -11.822    -71.298
 502  506    -12.016      0.173    -69.327
  21  166     -4.347     12.290    -69.912
 129  144      1.942      2.983    -63.118
 102  168      2.557      3.004    -62.633
 282  107      2.175      1.093    -76.657
  79   81      3.601    -10.567    -63.497
 156  137      8.609      2.602    -67.749
 235  212     -1.710     -2.138    -64.153
 234   -2      1.478      4.276    -70.148
   3   83     14.630      2.117    -71.442
 400   10      3.684     11.153    -71.889
  -1   -2      2.264      8.004    -62.431
  74  234     12.306     -4.103    -69.935
  -1  195      4.385      7.272    -62.089
 795  108      1.217      5.074    -62.324
  -1   -2     10.062     -5.577    -65.889
  -1   -2    -12.692     -8.225    -87.745
 153  123     14.650      5.766    -67.356
  98  158     -2.738     -0.487    -65.548
 804  517      3.583      0.006    -71.416
 304  528    -12.881      8.221    -75.023
  65   28      4.274      6.206    -72.510
  -1   -2    -15.147      7.325    -71.225
  -1   -2     -0.163     -3.522    -69.123
 417  165     13.123     -2.423    -70.085
 465  185      1.546     -3.583    -63.586
 168  125      0.853     -6.663    -64.335
 261  275      8.059      2.719    -65.871
 227   98     -8.626     10.473    -65.966
  97  155     13.877      1.997    -68.250
 201   -2     -4.735     -1.648    -73.016
 116  598     10.618      2.320    -65.557
  -1  514      1.023     -3.752    -66.006
 126  220     11.024     -7.276    -70.178
 145  186    -12.532      7.329    -65.975
 207  777      3.626     -8.216    -68.829
 195  222      9.174      2.632    -70.040
  -1   -2     -4.008      3.070    -62.023
 132   -2     -2.340      7.005    -71.820
 350   -2     -0.906     -4.837    -67.976
 210  208      9.319      7.263    -63.792
  71  468      5.807      3.564    -69.657
  -1   -2     -7.409     -2.862    -58.075
  -1  121    -14.646     11.279    -71.265
  -1  126     -5.544     -7.982    -73.655
 274  180     12.166    -11.417    -68.534
  13  182     -1.047      5.429    -70.306
 644   -2     -3.963     10.134    -72.449
 516   -2    -10.173      3.296    -68.646
 533  372     -0.491     11.132    -72.838
 377  111     13.639    -12.467    -69.859
 177  555     -3.077      4.562    -64.636
 160  279      4.285     -2.560    -68.599
 186  776    -13.891     -5.791    -72.877
 332  255      7.264      3.820    -71.851
 218  256     -5.532     -9.816    -73.832
 142  446      1.212      5.328    -66.781
 167   48      7.626     -1.586    -69.943
  50  563     -8.637    -11.888    -75.151
 115  203     14.996      5.470    -67.688
 251  779    -13.552     -5.601    -74.207
  75   26      8.161     -0.754    -71.657
 519  429      6.376    -11.852    -71.694
  27   62     -8.290     -5.773    -72.866
  25  161     -7.543      5.334    -75.373
  -1  207      2.568     -5.686    -65.970
  -1  159      2.289     10.487    -67.252
  89  116     13.861      5.464    -66.690
 289   -2      4.073     -7.111    -75.773
 262  215      8.751    -12.216    -71.369
 247  778     -1.660     10.903    -65.091
 148  206     -7.631      0.238    -65.326
  -1  417      0.753     -2.386    -73.612
 166  324     11.193     -1.623    -69.240
  -1   -2    -13.500     -7.321    -69.495
 788   -2      3.392     -9.060    -69.410
  19  142     -0.520      1.601    -76.187
  -1   -2      3.603      0.488    -59.381
  63  176     11.489     11.704    -69.045
 495  225      3.909     -8.243    -62.165
 786  313     -8.843     -7.323    -70.951
  -1  118    -10.462      8.973    -66.835
  82   88     15.299     -4.263    -69.051
 264  233     16.539     -1.100    -67.571
 310  337      7.526     10.547    -72.196
  77   71     16.479      3.236    -68.682
 181  245      6.397     12.381    -64.794
 259  658     13.248      7.364    -67.295
 146  192     -0.883     11.506    -67.599
 189  177     -2.734     -6.306    -64.433
 183  377     -9.810     10.498    -71.228
  -1   -2    -11.736      3.609    -64.614
  -1   -2    -13.671     -4.017    -67.272
  -1  259    -10.996     -8.648    -73.370
  87  129      3.359     -7.651    -65.502
  -1  304     -3.015     -5.427    -69.808
 213   -2      9.065      2.456    -61.434
  85  508      0.902     -5.517    -70.812
 620  522     13.470     -5.280    -68.885
  -1  714      3.988     -4.942    -64.565
 253  780    -12.852     -0.955    -65.362
  -1   -2    -14.606     -5.497    -71.329
 628  319     14.972     10.331    -63.649
  -1   -2      6.681      5.291    -62.260
 323  169     11.903      4.809    -73.942
 214  277     -3.473      9.415    -68.331
 233  268      5.769      6.279    -62.554
 297  247      2.621    -12.806    -67.941
 805  205     -0.407      8.795    -69.914
 796   -2      7.341    -11.140    -65.322
  -1   -2     -5.582     -9.699    -72.167
  -1  311    -11.363     -4.811    -77.631
  -1  238     -2.792     -7.639    -62.143
  -1  227      9.525      8.578    -74.710
 229  100      3.808      8.207    -66.272
  -1   -2    -10.061      3.913    -75.963
 245  328      8.602     12.504    -64.818
  -1   -2     -9.003     -1.464    -72.241
 515  373     -9.920     -7.230    -68.486
  -1   -2     -6.309     -3.305    -58.021
  -1   -2      4.977     -2.439    -80.879
 518  795     -6.757     10.057    -60.821
 356  392      7.542     -3.705    -75.129
 313  292     15.882      7.409    -68.263
 123  809    -10.113     -0.727    -73.012
  60  196     -3.955     -0.378    -68.108
 547   -2      7.840     -4.311    -65.324
 538  609     -0.744      5.735    -59.780
  -1  478     10.194      8.075    -61.348
 215   -2     -2.531      4.209    -65.980
 553   -2      9.182      8.790    -60.185
 509  201    -10.515      4.734    -62.204
 716  338     13.388     -4.710    -71.471
 284  271      5.464     10.788    -66.215
  -1   -2      9.197     10.687    -62.471
 182  775     -9.929     10.582    -69.054
 294  782    -13.937     -1.765    -69.766
 435  584    -10.494    -10.992    -72.435
 275  352      2.699      3.778    -65.322
  -1  523     -6.967     -3.913    -57.089
  -1   -2     -6.367      5.401    -70.609
 327  784      9.142      9.488    -69.737
 598   -2     -1.047     13.466    -64.366
 269  465     16.054      6.602    -65.467
 390   -2      6.457      0.841    -69.684
 309  480     11.661      9.435    -65.328
  -1  467    -13.079     10.089    -71.770
 209  510     -4.104     -7.070    -72.050
 190   -2     10.819     -1.007    -70.596
 266  695    -13.434     10.233    -66.925
  -1  723      9.456     -3.817    -66.010
 285  348      4.504     10.072    -65.818
 281  272     -0.081      9.289    -60.453
 315  249    -13.043      3.995    -70.830
 254  532     12.038     12.232    -67.519
 504  486    -12.112    -11.103    -69.527
 202  173     11.145     -0.759    -66.716
 494  566     -9.490      8.931    -74.027
 152  302      9.883      0.763    -73.808
 348  619     15.404      4.560    -71.688
 260  315     -9.402      3.171    -72.108
  -1   -2      4.129      2.840    -62.158
 685  308      5.114      9.096    -66.208
 249  286     13.412    -12.697    -68.390
 746   -2      8.706     -1.362    -62.794
 267  335      9.757      6.639    -65.597
 635  540      4.911    -12.144    -71.846
  -1  445      3.996    -12.163    -75.236
 273  269     -6.762      5.310    -69.930
 299  331     11.545     -6.323    -71.681
  -1   -2     -8.368     -9.898    -76.636
  -1   -2     13.977    -11.587    -64.179
 191  708     12.816     10.005    -72.534
 300  327      6.811    -10.958    -69.681
 809  673    -13.104      3.273    -76.957
 287   -2    -12.069     12.692    -68.857
 397  459     17.022     -0.206    -66.908
 695  298     16.800      4.620    -66.271
 618  340     12.511     -3.329    -69.760
 587   -2     10.819     -2.779    -68.395
  -1   -2     10.782     -0.943    -62.423
 626   -2     -8.472     -5.531    -77.245
  -1  325      1.144      3.179    -74.969
  -1   -2     -6.397      3.528    -74.586
 324  783     11.928     -2.528    -76.114
  -1   -2     10.094      0.415    -67.699
 453   -2     -6.563      0.880    -69.905
  -1   -2     10.841     11.757    -61.923
 330  346    -10.679     -4.992    -70.552
  -1   -2      6.493     -5.558    -60.412
  -1  349      0.769     -5.723    -68.763
 679   -2      9.253     10.180    -62.336
 333   -2     11.320      3.099    -68.702
  -1   -2      4.866     12.137    -69.149
  -1  336     -2.405     10.936    -63.798
  15  221      2.213      5.695    -74.122
  -1   -2     -8.595      9.484    -59.329
  -1   -2     -2.488     -1.948    -76.483
  -1  367     12.673     -1.863    -69.228
  -1  414     -2.620    -12.156    -75.299
 562   -2     -2.546    -10.713    -69.558
 368  113     -3.577     -8.549    -70.469
  -1   23      6.193     12.780    -69.338
  -1  368      5.487     -8.803    -69.557
  -1   -2     14.804      6.071    -61.104
 141   21     -4.653    -12.144    -69.955
  70  183      4.554     -4.823    -72.398
  -1   -2     -5.233      0.037    -61.467
 527  518     13.796     -3.272    -70.166
  -1   -2    -14.465     -1.718    -71.666
  -1  134     11.978     11.624    -67.395
 361   -2      1.048    -12.272    -67.229
  -1   -2     -9.817     -6.101    -58.944
  -1   -2      0.649     -5.290    -68.937
  -1   -2     -5.488      5.311    -53.085
  -1  273     12.658     10.700    -69.543
 355  122     -8.520    -11.503    -69.534
  -1   -2     -9.388      0.565    -65.934
 362  389      2.965     -8.571    -64.495
  -1   -2     12.697     -7.646    -72.883
 426  613     -4.709      0.397    -75.192
 360  266    -11.837      3.188    -74.807
  -1  616      3.071      8.286    -75.157
  -1   -2      3.039      1.460    -64.311
 389  139     12.713     -5.116    -66.118
 111  199     -3.522    -11.781    -69.607
  37   41     -2.536      1.039    -66.947
 376   -2     -7.596      4.194    -57.316
  -1   -2     -6.771     -5.096    -53.955
   6    4     -6.799      8.355    -72.123
  -1   61     -7.474     -1.702    -69.300
  -1   46     -4.671      5.801    -60.101
 406  810     -7.731     -6.966    -63.022
  -1  462      4.420     -9.994    -73.414
  -1   -2    -16.199     11.304    -74.842
  -1  114      0.695      0.809    -64.891
 522  235      8.813    -10.265    -67.781
 243  187     -2.065    -11.327    -64.748
 408  811     -0.051     -3.699    -70.668
 434  406     -6.504    -11.181    -67.371
  -1   -2     -7.744     -7.521    -61.552
  -1   -2      1.664      6.548    -75.686
  -1   -2    -12.047    -11.065    -65.007
  -1   -2     -4.637    -11.669    -67.444
  -1   -2      0.151    -11.294    -64.395
  -1  578     18.580     -9.284    -69.546
  46  769      8.248      7.411    -69.654
 405  433     13.396     10.254    -64.214
 381   -2     11.873     -0.469    -66.612
 471   -2     15.411     -6.717    -73.779
  -1   -2     -6.925    -12.022    -68.577
  -1   -2     11.693     -7.534    -63.524
  -1  403    -12.231      9.060    -63.620
 432  231     -9.907      7.443    -63.473
  -1   -2     10.485     -9.910    -73.175
  68  771     -9.933      2.638    -70.951
  -1   -2     -6.344     -0.749    -64.789
 393  550     -4.090    -12.918    -66.213
 474  791      1.843     -6.741    -66.832
  48  529      7.749      4.806    -74.117
 799   -2      7.156     -7.754    -74.685
 387  382     -3.236      5.154    -62.941
  -1  242    -12.534     11.837    -66.391
  -1   -2     -9.936     12.783    -65.122
  -1   49     -1.691     -8.833    -73.109
  -1   -2      9.546      6.502    -62.989
  -1   -2    -10.373      0.709    -70.073
 521  438      9.908     -8.457    -64.760
  -1  448      7.745    -10.190    -65.093
  -1   -2     -4.512     -6.160    -71.947
  -1   -2     13.749     12.612    -69.145
 231  416     -2.209     -8.522    -60.235
 125  370    -11.828     -6.711    -71.711
 430  140      1.249      1.543    -62.614
  -1   -2    -12.942      7.492    -76.935
 529  432     15.936     -4.667    -64.551
  -1  213     -6.152     -8.291    -67.513
  93  772    -11.331      7.748    -70.517
  78  400      2.227      7.482    -64.954
 603   -2      1.916     -4.912    -76.317
  -1   -2     -3.330     -1.260    -66.219
 112  375    -11.243      1.999    -63.982
  -1   -2     -6.847     -8.980    -60.951
 236  316     15.433      2.395    -68.961
  94  773     -8.798      1.840    -66.089
 413  788      9.942     -3.018    -64.633
  -1   -2     -9.036    -12.601    -69.065
 414  487     12.808     -4.177    -63.579
 108  244      4.994      7.656    -63.935
  58  425     -1.930    -11.385    -70.466
 180   -2     -2.853      2.391    -76.258
 512  794     -3.758      8.791    -65.015
 449  413     18.109     -7.264    -67.907
  -1   -2    -10.515      6.047    -81.762
 158   94      6.209      8.466    -62.856
  80   55      4.780     -2.729    -67.134
  -1   -2      3.664      4.996    -62.420
 409  447     13.504     -9.355    -64.708
 205   -2      2.585    -10.382    -65.773
  -1   -2    -15.161    -10.918    -74.603
 492  250      5.744     -2.126    -61.887
 388  390     -7.633     -8.297    -68.687
 445  538      6.943    -11.795    -64.992
  -1   -2     -7.129      8.023    -59.337
 452  426      0.596      5.899    -67.714
  -1   -2     -4.564     -7.785    -58.457
  -1   -2     12.061     -5.073    -63.391
 341  495     -7.328    -11.750    -75.628
 429  789    -10.953     -9.282    -63.414
 782  731      0.208     -1.159    -74.445
 272    2      6.168      6.923    -71.514
 418  423     -8.276    -10.469    -64.102
 394   -2     -9.300     -3.922    -59.199
 476   75      3.258     -4.647    -59.182
  95   -2     -9.189     10.468    -62.054
 225  136     -3.399    -11.164    -75.528
 402   -2     17.430     12.519    -73.400
 206   -2      1.602    -10.616    -75.770
 358  785    -13.707     12.335    -72.692
 784  174      7.987      0.124    -63.356
 490  424      3.450     11.407    -61.092
 441  440      2.376     -9.131    -74.262
 157  188     -5.187     12.017    -69.298
  -1   -2     -2.313      3.724    -57.144
  -1   -2    -13.974      1.596    -69.080
 192  449      7.270     -5.970    -60.699
  -1   -2     -1.232     -8.368    -64.970
  -1  456      4.990      2.420    -74.734
  -1   -2    -11.979     -0.012    -61.744
 499   -2      7.469     10.315    -69.410
  -1   -2     -2.235     -4.926    -61.654
  -1   -2      7.455     -1.805    -74.490
 370  472     16.621     -9.730    -68.133
 133  172     -4.916     12.027    -63.235
  72   -2      1.227     -1.390    -73.776
  -1   -2     -9.543      8.188    -56.466
  -1   -2     10.530     -4.744    -68.205
  -1   -2     -8.473      2.227    -65.390
 552  483     -1.254      2.671    -60.225
  -1  288      4.640      4.725    -60.727
  -1   -2     -7.014     -2.419    -52.146
  -1   -2     -5.033     -6.447    -63.240
  -1   -2    -12.572     -1.677    -72.510
  -1   -2     12.978     -7.074    -61.016
  -1  492     -2.760      1.239    -59.218
  -1   -2     -4.143     -4.977    -56.933
  -1   -2    -11.430     -0.288    -61.567
 170   -2      4.581     -7.986    -62.435
 779  138      6.502      0.430    -70.591
  -1   -2      1.151     13.478    -63.713
  24    1      4.165      0.872    -71.560
  -1  160      1.028     10.355    -61.618
  -1   -2    -14.795     -0.047    -68.525
  -1   -2     -4.760      8.023    -51.853
  -1   -2      8.535      0.261    -57.940
 428  526     13.621     -7.642    -68.501
 219  512     11.063     -0.516    -62.377
  -1  488     -6.550     -4.865    -74.701
  -1   -2     -5.755     -2.664    -71.719
  -1   -2     -9.140    -11.540    -60.506
  35  455      4.938     -7.319    -74.156
  -1   -2     11.633     10.940    -64.747
  -1   -2    -10.639    -10.828    -62.503
  -1  164     -5.784     -3.565    -66.520
  -1   -2    -14.168     -9.236    -70.552
  -1   -2      3.821    -11.897    -61.507
  -1   -2     -2.976     11.230    -58.046
  -1   -2     -2.895     10.385    -73.270
  -1   -2     -3.168      8.999    -78.398
  -1   -2      3.131     -9.214    -57.890
 173  278    -10.501     10.850    -64.821
  -1   -2     10.686     -8.781    -62.890
 540  683      8.295     11.705    -63.376
 783  270      2.975     -0.133    -70.991
  43  767     -8.069     -2.715    -73.845
 506  580     13.167     12.272    -67.197
 472  217      8.052      8.507    -69.435
 105  812    -13.731      1.583    -70.615
 536  796     14.570      7.462    -67.195
  -1   -2      8.253      3.543    -75.785
 161  547     -7.449      0.170    -62.996
  -1   -2      3.639     13.169    -62.850
  -1  539     -5.728     11.506    -61.636
 544  813     16.341      6.388    -69.496
 268  781      4.954     -9.986    -62.632
 811  407      7.324      5.919    -74.448
  -1   -2     14.394     -7.254    -74.271
 140  300      4.381      4.250    -64.880
  -1   -2     -1.599     -7.859    -74.150
  -1  441     12.142      0.396    -57.697
  -1   -2    -13.419    -11.367    -68.217
  -1   -2    -10.029      4.252    -86.322
  -1   -2     -6.395     11.335    -73.536
 674  420     -9.214     -1.553    -77.689
  -1   -2    -10.579     -5.830    -65.830
 487  289      2.149     -1.658    -64.610
  -1   -2     -0.899     -4.619    -66.743
 528  626    -11.822      4.031    -75.622
 500  792     -3.308      4.671    -58.074
 422  197      2.766      0.500    -63.964
  -1  687     -5.915      0.466    -73.543
 250   -2     -3.805     -4.375    -64.129
  -1   -2    -12.632      9.999    -80.642
  -1   -2     -3.302     -7.250    -52.721
  -1   -2      0.727      3.906    -60.097
  90  214     14.842      3.358    -71.700
  -1   -2     13.065     12.228    -60.179
  -1   -2      6.043     -5.710    -57.392
  -1   -2     -5.007      3.829    -56.528
  -1   -2     14.413     -5.686    -57.451
 271  493     11.923      6.293    -69.346
  -1   -2      5.324     -0.150    -58.305
 637  463     12.227    -12.203    -60.418
 566   -2     -7.586     11.616    -77.966
  -1  531      7.802    -11.312    -60.536
  -1   -2     -9.888    -11.617    -65.407
  -1   -2      3.275     -5.772    -61.185
  -1   -2     13.648     -9.559    -74.905
 575  267      7.876     -1.768    -63.046
  -1   -2    -12.453     -8.590    -68.722
  -1  143     12.362      5.729    -63.749
 617   -2    -13.374      7.344    -76.275
  -1   -2     13.074     -7.160    -67.606
  -1   -2     -5.507    -11.057    -64.590
  -1   -2     12.490     -3.753    -67.094
 459  329     -9.940      0.863    -75.714
 791  814      6.767     11.735    -70.700
 642  521    -12.907     11.254    -65.023
 293  649     16.146     -7.575    -70.202
  -1   -2     -9.835     -7.044    -59.133
  -1   -2     -3.205     -2.887    -53.763
  -1   -2    -13.692      3.342    -82.719
 314   -2      5.244     -0.850    -70.780
 470   -2     -9.253     -8.573    -70.116
  -1   -2     -1.064      6.690    -61.206
  -1   -2      3.539    -10.276    -58.758
  -1   -2     -1.911     10.959    -62.270
  -1   -2    -11.111     -4.373    -61.837
  -1   -2     -5.813      4.853    -68.779
  -1   -2     11.616    -11.432    -64.600
  -1   -2     -3.472      3.616    -75.712
  -1   -2     -7.653      3.641    -61.920
 457  179      1.206     -7.992    -70.268
  -1   -2     -7.822     -5.131    -66.599
  -1  548     -3.341    -10.297    -64.851
 328  362      9.960      2.174    -76.779
  -1   -2     -6.668      6.753    -74.463
 383  581     -9.590    -10.484    -64.779
  -1  477     12.835     -2.029    -73.277
  -1  262     -3.092    -10.624    -60.107
 248   -2     16.035      7.659    -73.538
  -1   -2    -15.776     -7.591    -77.496
  -1  524     -9.840      2.156    -71.028
  -1   -2     -1.546    -10.453    -64.452
 610  481      7.101      0.249    -59.904
 638  800      6.029     -9.858    -72.602
 658  801    -13.938     -2.932    -73.057
 439  790     -3.253      1.110    -76.774
  -1   -2    -14.797    -11.824    -75.037
  -1   -2    -14.145      9.065    -81.386
  -1   -2    -12.877     -3.188    -77.283
 568  797     13.730      9.735    -72.046
  -1   -2    -12.750     -4.815    -67.342
  -1   -2      2.409     -0.014    -70.729
 815  258    -11.473      6.229    -68.616
 385  787     -3.505      3.801    -65.384
 723   -2      9.514     -5.267    -73.889
  -1   -2     -6.377     -8.466    -57.020
  -1   -2    -14.187     -5.019    -72.123
  -1   -2     -8.286      0.683    -65.224
  -1   -2     -1.416      2.972    -68.904
  -1  248     -0.844      1.850    -69.859
 631  603     -9.768     -7.861    -63.517
  -1   -2      0.013      5.293    -65.728
 694   -2     11.149     -4.797    -69.788
 320  699      8.096     10.760    -60.627
  -1   -2      2.528     -3.659    -60.990
  -1   -2      5.685     -1.153    -65.344
 769  577    -12.784     -0.063    -74.565
 713  274     16.906      1.750    -65.415
 569  257     -5.534    -11.200    -68.577
 591  597      0.111      3.196    -70.523
 291   -2     -8.601     -2.106    -73.936
  -1  663     13.979      9.966    -62.218
  -1   -2     11.495     -9.169    -62.712
  -1   -2     16.135     -4.676    -63.550
  -1  350     10.857     -5.388    -70.028
  -1   -2     15.210      4.229    -68.756
  -1   -2     -5.677     -2.065    -76.837
 130  297      5.966     -4.148    -70.300
  -1   -2     -0.792      4.892    -83.347
  -1   -2     -4.640      9.377    -67.841
  -1   -2     -4.349     12.084    -63.403
 807  815    -12.326      1.340    -65.970
  -1   -2    -11.553      1.136    -75.961
  -1  357     -6.949     11.718    -71.331
  -1  520      3.134     10.621    -59.641
  -1   -2    -10.511      3.331    -60.927
  -1   -2     12.470      0.301    -57.986
  -1   -2     -4.255      4.827    -58.279
  -1   -2     -1.745      0.078    -56.305
  -1   -2     12.068      2.610    -75.678
 283   -2     -3.671      9.001    -58.361
  -1   -2      5.648     12.923    -68.469
  -1  707      5.095     -7.824    -72.940
 535  816      1.448    -12.614    -69.589
  -1   -2     -9.917     -6.860    -61.011
  -1   -2    -10.217      1.305    -66.836
  -1   -2    -12.608     13.023    -66.828
  -1   -2     16.970      8.355    -76.344
  -1  633     12.687      3.965    -61.279
 699  719     12.810      8.761    -62.314
  -1   -2     13.734     -9.773    -59.082
  -1   -2      9.705     -7.491    -66.271
  -1   -2      8.103     -2.195    -56.998
  -1   -2     -2.374    -12.407    -74.134
  -1   -2     -5.142     12.893    -65.269
 670  638      9.028     -9.592    -74.414
  -1   -2      6.591      4.696    -74.061
  -1   -2     -2.360      6.540    -53.829
  -1   -2     -0.275     -1.360    -65.269
  -1   -2     15.046     -6.863    -64.801
  -1   -2    -14.952     -7.512    -82.002
  -1   -2     -0.268      2.542    -61.327
  -1   -2     -8.483      5.725    -85.274
  -1   -2    -14.860     -2.799    -76.706
  -1   -2      5.740    -10.428    -72.660
  -1   -2      6.962    -11.576    -74.490
  -1   -2     -9.190     10.087    -80.481
 296  561     16.423     -4.551    -70.980
  -1   -2    -12.721    -11.022    -76.040
  -1   -2      0.986     -9.519    -84.759
 573  178    -14.675     -1.510    -73.709
  -1   -2      2.651     -0.852    -60.671
  -1   -2     -8.724      9.450    -52.602
 604  639      0.493      7.453    -74.778
  -1   -2    -11.965    -12.162    -65.354
  -1   -2     14.639     -8.254    -75.991
  -1   -2      9.310      6.978    -62.580
  -1   -2     16.035     12.025    -68.942
  -1   -2     15.371     13.180    -67.506
  -1   -2     -9.425     -4.735    -64.959
  -1   -2      3.542     -8.710    -55.795
  -1   -2     -8.149     12.906    -68.720
  -1   -2     10.261     -8.360    -58.934
  -1   -2     -7.492     -7.115    -85.640
  -1   -2    -10.788      6.576    -81.620
  -1   -2     11.925     -9.684    -70.199
  -1   -2     -7.556      2.817    -53.543
  -1   -2    -14.071      8.815    -74.790
  -1   -2     -3.578      8.419    -62.602
 308   -2    -14.897     11.356    -74.993
  -1   -2     15.089     -7.115    -67.089
  -1   -2     -5.964      7.232    -66.022
 707  803     13.099      4.430    -62.481
  -1   -2    -13.633      9.062    -74.133
  -1   -2     -6.150    -10.774    -58.452
  -1   -2     -5.158     -8.672    -81.384
  -1   -2     17.053     11.193    -75.312
  -1   -2    -14.635      5.952    -76.776
  -1   -2     13.781     11.267    -67.418
  -1   -2    -12.450     -3.595    -76.158
  -1   -2      7.233     -6.697    -58.848
 335  817     -1.240    -10.275    -71.392
  -1   -2     -8.935      5.534    -61.210
 312  296     14.160      2.213    -64.841
  -1   -2     10.029      4.601    -61.263
  -1   -2     -2.045     -6.692    -55.106
 739  804     -8.682     11.548    -70.511
  -1   -2      8.604     12.448    -62.859
  -1   -2    -15.088     -4.171    -77.202
  -1   -2      5.351      8.736    -53.276
  -1   -2     -3.696      8.925    -58.702
  -1  318     -7.726      0.391    -62.318
 755  805     12.791     12.365    -67.613
  -1   -2     12.386     -7.318    -62.800
  -1   -2     -0.730     -0.010    -58.106
  -1   -2     -6.836      3.787    -68.079
 654  570     14.138     -7.003    -67.614
  -1   -2     -9.226     -9.214    -63.254
 316   -2     -2.330      9.925    -62.721
  -1   -2     -7.218      4.010    -54.384
  -1   -2      7.463    -10.530    -62.007
  -1   -2    -12.845     -1.973    -61.227
  -1   -2      9.537     10.962    -63.941
  -1   -2     -1.009      0.638    -61.965
 764  806     -7.406      7.441    -65.914
  -1   -2     17.448     -3.168    -77.099
  -1   -2     14.545    -11.364    -65.293
  -1   -2     10.834     -2.677    -56.078
  -1  572     16.809    -10.728    -78.352
  -1   -2     -6.418      0.441    -53.329
  -1   -2     -3.138     -7.002    -69.025
  -1   -2      8.077     -9.529    -76.133
  -1   -2     16.290      6.303    -65.890
 450   -2     -7.648      9.744    -73.245
 693  802     -4.877      7.215    -61.710
  -1   -2     10.273     -8.283    -53.673
  -1   -2      2.413     -4.994    -52.456
  -1   -2      1.384      1.234    -57.442
  -1   -2     14.317     13.479    -64.238
  -1   -2      6.448      8.588    -56.310
  -1   -2    -11.482     -9.471    -68.448
  -1   -2    -11.679      5.288    -68.741
  -1   -2      3.445     10.053    -76.216
  -1   -2     -5.399      3.616    -60.103
  -1   -2      1.961     -7.356    -68.375
  -1   -2    -10.480     -2.802    -77.839
   8   -2      0.441     10.190    -71.188
  17   -2      1.162      3.082    -72.907
  56   25      1.458      6.680    -72.369
 403   47      1.245      3.067    -65.623
 238  589     -3.981     -5.844    -74.194
 505  150      7.468     -7.065    -72.171
 508  793      8.750      4.398    -71.409
  67   -2     15.004      4.238    -67.972
 277   -2     -5.206     10.904    -65.022
 443   -2      7.200     11.402    -63.564
 488   -2     -5.435      8.927    -64.150
  99  285      0.800     -2.808    -72.750
 286  450     -9.223      5.415    -66.190
 222  635     14.219     10.568    -70.256
 655   -2     -9.164    -11.006    -69.742
 279  322     -5.260      2.010    -66.235
 710   -2      5.171      3.148    -65.216
 384   27      5.227      2.458    -66.403
 667   -2     13.471     -9.119    -74.749
 586  583     17.106     -5.992    -68.997
 464  549     14.548     11.353    -73.157
  40  378      3.428      5.401    -67.810
 491   -2     -3.422      1.364    -58.431
 486  509     10.414    -12.822    -68.126
 517   -2     -0.900     -5.115    -59.242
 601  799     10.318    -13.255    -68.869
 497  366     -1.708     -8.378    -71.797
 752   -2      8.849      3.404    -61.340
 588  798      2.600    -12.747    -62.378
 468   -2      9.836     -6.094    -63.501
 734  818     13.055     10.419    -73.745
 463   -2     14.659     11.612    -77.191
 798  808     16.322      8.102    -67.505
 438   -2    -15.879      3.409    -77.510
 109  344     -5.275     -9.329    -71.124
 242   -2     11.179     10.251    -74.087
 745   -2     15.522     -3.455    -61.196
 534  819     -2.019      1.359    -62.531
 793  807     12.831     -0.917    -73.629
 790   -2     -2.382     10.709    -73.079
 118  500     -8.948      3.067    -64.072
 122   -2     -2.806     -7.437    -64.919
 220   -2      0.463    -11.832    -65.220
 228  460     -7.497     -0.628    -70.358
 346   63     -6.937     -4.252    -73.653
 455   -2      0.966     -1.914    -74.167
 794   -2      4.650    -10.679    -75.555
 803   -2      8.203      4.142    -59.318
 810  820     17.325      8.298    -71.664
 816   -2     17.042     -7.493    -75.233
