825
   3    0     -9.082      2.618    -73.514
   0   36      2.493      7.183    -71.039
   2  100     -6.173      6.256    -71.452
   4   10     -7.772      2.422    -71.568
   1    6      1.831     -2.921    -72.960
  11    7      9.001      1.617    -70.488
  10   23     -8.158     -3.545    -71.857
 363  118    -14.484     -6.133    -76.717
  70  117     -3.496     -8.953    -68.856
  12  367     -3.763     10.214    -71.736
  14   17      8.292      0.295    -69.590
 362    1     -2.369     -1.603    -70.665
 254  191    -11.910     -1.722    -73.834
  26   12     -5.860      5.966    -68.508
 172  164      7.435      8.901    -72.928
 410    5      0.022      3.819    -66.156
  63    2      1.260      2.139    -70.038
  45   11      3.562      2.673    -69.734
  32   13     -0.745      2.354    -68.257
   9   14      4.106      3.528    -67.812
  33   41    -11.757      1.012    -72.261
  67  374     -6.096     -6.206    -69.587
  13  199      8.183     -2.143    -72.638
  22    8      9.737     -2.465    -71.090
 140   62     -5.281    -10.970    -72.126
  18   54      1.542     11.338    -70.027
 144  186      9.421     -5.134    -74.118
 174   24     12.189     -3.106    -68.967
   7   44     -2.938     -8.223    -73.811
  25    9      4.325      8.467    -67.977
  30   42      4.689     -0.974    -66.262
  15   27      2.418      6.808    -73.580
  29   34     -6.734     -9.530    -70.464
  74   78      6.671     -1.882    -67.105
  39  209     -3.160      5.425    -72.145
 118   38      8.846     10.414    -67.818
  19   64     -2.037     -0.516    -70.677
  56   25      4.259     10.558    -65.277
 776   31      4.301     -3.923    -67.683
  51  377     12.211      2.918    -68.775
  31   26     -2.530      2.363    -65.807
 111   63      6.119      4.708    -71.376
   6   95      3.894      8.985    -72.494
  17  414     -7.418     -4.075    -77.758
 197  238     13.936     -4.346    -72.735
  83   29     -4.572    -10.393    -69.123
 162  210      3.878     -1.181    -62.569
  99  121    -10.921      2.947    -71.823
  42   48     -6.681     -1.459    -68.132
  62   47      2.402      4.867    -64.557
 184  142    -14.883     -9.232    -73.364
 630   75      8.923      4.736    -67.401
 274   86      3.475     10.412    -72.091
 181  107      5.617      3.301    -70.430
  82   67     -5.229     -2.673    -67.062
  34   88     -0.337     10.781    -64.651
  84   59    -14.408     -7.435    -70.293
  65   77     -8.517      7.615    -64.292
 115  214     -2.471      0.259    -74.915
 376   93     -2.742      4.084    -66.093
  40   51    -10.407      5.458    -66.814
 796   87     -6.147      8.387    -63.729
 199  101     -3.634     11.831    -65.401
  59   57      3.921      7.274    -65.335
  36  398     -3.813     11.197    -72.287
  94   49      6.806     -1.059    -66.464
 402  241     -2.538    -12.458    -63.570
  35  423     -1.467     11.708    -66.600
 403   55      9.705      3.498    -65.167
  57  106     -7.338      4.429    -70.088
 215  102     14.735     -7.642    -72.395
 145   74     -8.171     -0.705    -66.345
  -1   -2      4.360     -7.446    -75.236
  88  429      7.284     10.797    -71.219
  55   60     -5.132     -2.044    -67.566
  79  137     -4.642      1.929    -67.956
 110  131     -6.704     12.202    -64.051
 164  224     14.377     -0.387    -71.082
 364  433     -6.023      9.054    -74.347
  66  127    -14.118     -0.970    -68.667
  77  162      1.930      8.320    -68.326
 125  407     -0.805      8.715    -73.003
  -1   98      5.931      2.196    -73.336
 207  133     14.913      9.780    -72.632
 119   84     11.970      6.131    -67.801
  48   -2      1.647      3.764    -70.981
 171  172      3.504    -12.090    -69.410
  72  159      1.938      8.911    -62.773
 122  113      0.417      7.501    -66.252
  -1  449     -3.969      3.849    -62.137
  -1   85     -1.201     -7.363    -63.770
 149  122      5.915      7.859    -70.353
  96   83     -0.027      0.012    -66.881
 394   32      1.022     -6.142    -69.750
  58  206     -3.226      6.888    -65.640
 183  431    -10.119     11.363    -67.690
  60  272      7.926      7.644    -72.445
 765   99     -5.098      2.043    -64.224
  76   69     -8.719      9.093    -63.986
  -1  103      1.167     -6.163    -62.539
  -1  151      1.810      4.522    -70.048
  95   71    -10.376     -5.384    -69.172
  21    3     -3.755     -2.049    -69.945
 134  158     -5.909     11.004    -72.616
  41   18     -2.120      4.112    -69.821
  -1  130     -0.440     -5.831    -62.453
 104  109      0.462      5.147    -61.238
  64   81      7.972     -5.683    -67.028
  -1   61     -9.407     -6.254    -62.767
  91  140     -7.483     -1.038    -67.085
 206  335      8.962      8.518    -70.372
  86  166      0.723    -11.806    -68.165
 130  379     12.287      3.374    -65.208
 245  155     17.923      3.131    -70.925
 221  306     12.322     -3.113    -71.776
  37  132      4.081      9.744    -72.476
 446  401     -8.697      7.543    -67.274
  68   58      8.183      6.267    -67.693
  98   52      1.016    -10.035    -66.880
 424   94      9.075      2.586    -67.720
 475  146     -7.341     -1.512    -63.815
  -1  280     13.489     -1.716    -72.501
 159  496      4.436     -5.767    -64.573
 231  228    -12.984      4.748    -68.275
 228  178     15.815      5.911    -68.025
 505  394    -10.617    -10.794    -69.344
 388   66    -11.362     -1.308    -65.848
 398   30      6.875     11.888    -72.917
  47  770      1.314     -3.131    -73.488
 563   -2     -8.988      3.348    -66.085
 161  149    -11.503      5.635    -66.263
 107  203     -3.905     11.335    -70.016
  -1  157     -8.130    -12.281    -71.647
  44  509      1.381     10.059    -70.802
  -1   -2     -5.099      4.289    -73.338
 219  169     -3.379      5.262    -67.447
 109  134      9.112     -4.116    -66.797
 179   46     -1.658     10.826    -68.742
  -1  161    -12.949      6.975    -66.662
 152  212     -0.493     -6.150    -63.774
 387  148     -2.466      7.562    -65.800
 135   40     -3.502     -0.964    -69.649
 117  278     -1.506     -8.964    -71.582
  -1  104      7.147      0.258    -66.638
 138  440    -10.751      9.753    -63.360
  97  184     -8.595     10.457    -68.961
 108  204      8.775    -12.415    -69.095
  -1   65     -2.909      4.701    -67.668
  46   20     -1.466      7.942    -72.690
 175  110     -9.652      9.693    -65.308
 189  494      4.742     -7.337    -65.780
  -1   -2     -6.008     -7.100    -75.312
 281  239      9.695    -10.614    -67.430
 124  179     13.639     -6.880    -67.569
 472   68     -2.216      4.485    -72.227
 146  235    -14.011      7.891    -70.712
 351  187     -8.544      5.390    -69.533
  52  456    -10.128     -0.695    -62.535
  89  247    -14.449    -10.730    -73.353
 460  152     -5.878     -5.427    -66.522
 168  201      4.140      0.212    -67.195
 173  236      8.895     -9.086    -64.971
  75  105    -15.692      0.885    -72.177
 209  463    -12.422      6.919    -72.570
 509  190      5.063     -4.776    -63.737
  90  119      1.847     -6.498    -64.843
 105  504      4.342      6.302    -61.116
 399  177    -12.056      0.716    -67.524
 160  441     10.796     -4.465    -65.325
  -1  501     -1.109    -10.044    -64.434
 211  215     -6.328      5.708    -68.462
 533  223     -0.963      1.529    -64.669
 103  144     -7.245     12.093    -67.140
 589  383      6.036     -7.833    -68.739
 468   -2      8.083     10.130    -62.258
 559  189      0.624      8.647    -72.863
 230  265      4.713     -7.878    -63.906
  -1  128     -6.463      1.425    -62.947
 132  125    -14.327      8.367    -76.887
 194  387    -11.578      7.718    -68.963
 204  774      6.584     -8.892    -71.993
 258  781     18.054      4.406    -68.880
  -1   -2     10.723     -1.009    -63.105
 165  250      0.428      0.067    -63.635
  92  466    -12.774      9.712    -70.996
 202  303     -5.753     -3.480    -67.243
 294  216     15.152      6.927    -64.832
 185  213     -8.559     11.899    -64.256
  -1   -2     16.527     -5.849    -72.986
 317  409     -8.823      0.051    -77.799
  -1   73     11.445     12.712    -69.131
 225  295    -12.323     10.669    -65.336
 114   -2    -12.924     12.166    -72.802
 147  124    -11.249      2.159    -68.831
  -1  269    -11.084      6.839    -64.304
 560  207      6.012    -12.952    -69.922
  69  170     -6.260     -7.577    -69.536
 496  794      4.484      4.323    -60.852
  85   79      3.601     -8.331    -66.248
 255  208      0.128    -12.844    -66.767
 169  618      9.706     -5.952    -70.593
  -1   -2     -8.712     12.495    -67.047
 210  160     10.444     -3.095    -64.292
 198  174     -8.239      1.346    -67.153
 311  276     -7.114     -3.999    -67.678
 338  165      9.426      6.506    -64.316
 557  145     -9.097      5.798    -73.769
 190  245     -5.873    -10.014    -72.159
  -1  171     -6.968     -4.955    -68.997
  -1  244      2.011     -4.959    -64.015
 278  812    -15.560     -7.952    -73.961
 268  229      6.133      5.095    -65.552
 453  487     -2.460     -7.759    -68.161
 217  232     14.738     -0.606    -65.438
  -1  147      2.970     10.424    -66.547
 309  202      8.197     -6.706    -65.510
 141  195     14.437      2.707    -72.659
  -1  521      9.195     -8.919    -64.087
  -1  260      7.536     -8.720    -66.288
 658  803      5.966     -0.537    -66.519
 801  198     -9.150     -9.714    -67.723
 218  649      7.800     -9.853    -64.786
 226   -2      8.608    -11.988    -64.443
 519  331     -3.479     -0.864    -73.932
 478  813    -15.295      8.459    -76.137
 205  775     10.042      6.514    -62.856
 302  205    -13.590     -0.257    -70.408
 275  182      0.288     -3.346    -65.520
 298  279     14.556      1.390    -66.981
 200  230     -0.502    -11.938    -73.783
 192  240      2.593     11.264    -73.122
  -1   39     -1.661     -4.546    -72.989
 248  481    -11.828     -4.470    -77.275
 187  226     -4.068      9.305    -67.240
 213  450     11.360     -2.906    -72.622
  -1  436     -8.737     -9.006    -62.866
 196  302    -13.913     -4.688    -68.776
 564  243     -7.962     -2.215    -59.142
  93   82     -8.062      6.396    -71.418
  -1   -2     -9.755     10.104    -75.190
 193  185     15.633     -3.118    -72.887
 502  225     10.517    -10.768    -71.328
  -1  194      2.804    -10.851    -71.782
 236  777     -9.104     -4.652    -65.054
  -1   -2    -13.851     -0.080    -66.158
 700   -2    -13.890    -11.240    -74.203
  -1   -2    -13.029    -10.412    -75.112
 575  799     -4.457     -3.783    -63.476
 279  253      5.540    -10.750    -65.106
 293  219     15.920     -2.366    -66.804
 257  323    -12.168     12.076    -66.148
 227  271     11.328      9.825    -69.744
 310  270    -14.740      4.470    -69.392
  -1   -2     -0.811      5.629    -54.074
 473  222     12.285      9.892    -64.976
 299  288      4.942      0.039    -64.486
 267  329    -10.673     -9.254    -73.553
  -1   -2     -6.293     -8.488    -60.012
 151  251     14.308      0.947    -71.186
 201  111     -2.010     -6.731    -64.091
 288  503     15.987      1.677    -71.765
 316  259     -5.282      0.344    -62.715
 296  782     13.219      9.603    -71.678
 766  139     -5.189     -1.679    -75.260
 177   43     14.076     -1.601    -71.631
 325  254     -4.040     -7.508    -65.982
 495  355     -7.284     -5.983    -72.113
 400  249     -7.345     -4.779    -68.461
 277  603     -1.655     -5.570    -65.858
 308  571     11.588      7.600    -66.026
 656  348     -4.785      1.583    -73.385
 290  467    -14.439      9.781    -67.708
 390  362      0.416     -6.400    -70.140
 286  500     -6.920     -5.683    -65.441
 251  780      8.900      5.809    -65.277
 263   37      7.579     -4.208    -70.051
  50  513      5.293     -3.237    -69.398
 188  308     -4.747      6.258    -63.453
 479  267    -13.550     12.590    -66.893
 322  262     12.573      8.936    -66.209
 176  196     -2.183    -10.035    -64.240
 191  538     -6.874     -8.705    -74.489
 525  274     -9.875      3.104    -75.335
 327  690     11.698      4.264    -63.250
 282  814    -11.244     10.448    -65.269
 306  783     -1.273      8.380    -68.413
 586  356      0.957    -12.044    -76.268
 102   91     12.155      3.226    -73.074
 272   -2     15.439     -3.760    -72.988
  -1  283     14.993      4.642    -65.351
 246  666     14.714     10.709    -68.532
 645  497     -9.624     -5.824    -60.092
 315  231     -8.217     12.722    -67.397
 260  345      0.157     -2.416    -70.448
  -1  495     -0.612      7.110    -73.208
  -1  275     -8.898      1.798    -60.605
  -1  385     -3.892     10.041    -75.211
 269   -2     13.391      1.627    -72.997
 153  547     10.312      8.614    -64.065
 408  708      1.612     -2.234    -68.194
 332  237     10.947      1.489    -66.477
 106  558      8.231     -1.020    -69.927
 266  296     15.774      8.638    -69.520
 158  615     -6.351     -1.948    -62.152
 252  602    -15.959     -3.668    -72.308
 283  282      5.641    -10.281    -68.243
 243  221      9.042      9.930    -73.132
  -1   -2      6.995     -6.065    -73.263
 549  472      5.463      6.000    -66.280
 307  273     13.021     -2.353    -66.386
 280  263    -12.943     -3.425    -69.091
 182  346      1.941     -0.536    -68.519
  -1  297     -5.322     -9.444    -74.064
 344  315     10.977      5.808    -64.027
 448   -2     15.908     -9.548    -71.079
 339  318    -11.267     10.086    -69.670
  -1  156      8.526     -9.338    -66.852
 285  815      0.323      8.744    -64.689
 289  298     -8.972      8.630    -74.773
 287  256      0.664     -2.542    -73.575
  -1  506      0.227     -9.180    -77.053
 639  301     12.924     10.575    -67.578
  -1   -2     10.610      1.739    -54.340
 542  597     17.645      9.754    -69.140
 295  354     -5.134      1.842    -62.844
 234  234      2.931     -9.643    -65.281
  -1  598     -5.413      9.786    -68.964
 581  455     11.531      1.082    -60.141
 670  805     16.797      8.774    -71.534
  -1  294     11.805     -0.735    -70.852
 791  344     16.784     11.700    -68.199
 326  623     15.258      9.500    -65.539
 562  797     14.602     -6.359    -68.850
  -1  167     10.230     -2.589    -66.913
 551  359     15.590      5.097    -71.588
  -1   -2     -6.437     12.946    -67.782
 654  681     17.126     -5.119    -71.949
  -1   -2     -6.967     11.703    -60.968
 690  691     11.806      1.363    -63.904
 667  670     14.501     -1.279    -65.018
 345  761    -10.313      6.908    -63.702
 758  508     -2.710      8.666    -68.057
  -1   -2     -3.626      7.803    -71.686
 301  626     -6.952      5.484    -69.660
 565   -2    -12.574      0.033    -71.929
  -1  325      5.125    -10.960    -67.883
 799   -2     14.989     12.103    -71.732
  -1  341      1.905     -3.429    -66.271
 354  816      4.811     12.942    -66.940
  -1   -2     -3.650      0.562    -62.384
 347  328      6.889     -6.901    -68.061
 336  706     15.166      8.938    -65.274
  -1   -2    -11.984    -11.002    -74.690
 593  801      7.918      8.076    -62.581
  -1   -2     -6.788     -9.171    -62.990
  -1   -2      3.259    -10.335    -70.450
  -1   -2     -0.478    -10.465    -68.090
  -1   -2     -8.698      4.571    -67.780
 697   -2     12.387     -5.491    -74.264
  -1  363     16.035      5.762    -63.671
  -1  393     -9.272     -8.268    -75.423
  20   -2    -10.404      2.964    -71.894
 367   28      7.910     -0.465    -68.975
 360   33     -1.678     -2.956    -71.641
  -1   -2    -11.863      2.636    -62.085
  43   22      8.661      7.324    -69.316
  -1   -2      3.856      0.569    -70.043
  -1   -2    -12.650      2.232    -73.088
  23  768      2.881     -4.596    -74.001
  73  233     16.009      9.361    -72.865
  -1   -2     -7.351     -9.195    -68.099
  71   15     -3.051     11.030    -65.793
 434  527     16.089     10.870    -72.313
  54  390     -8.244     -5.551    -67.883
  -1  116     -8.318     -9.440    -70.036
  -1   53     -2.089      9.877    -70.788
  -1   -2     -4.457      2.295    -77.327
 112  406     -7.317     11.905    -71.378
  24   21    -10.755     -3.948    -70.776
 433  789     -1.449      0.436    -68.468
  -1   -2     -3.993     10.845    -78.004
 373   -2     -0.179      4.398    -74.262
 474  391      3.854      3.329    -64.504
 166   -2    -12.161     13.210    -65.036
 178  773     -6.529     -0.136    -65.304
 379  126      5.066     -8.412    -66.485
  -1  129     -5.863     -2.036    -75.080
  -1  437      2.042     -7.645    -75.555
 705  428     17.751      4.020    -71.413
 120   76     -7.440      0.800    -65.742
 273  349      6.247      7.117    -75.085
 493  793     -6.633     -9.076    -76.332
  -1   -2    -13.121    -10.918    -77.080
 661   35     -5.579      8.438    -77.366
 372   -2     -8.750      9.691    -63.488
  -1   -2     -7.706      6.686    -59.899
 611  123     -3.286     -1.641    -64.883
 382  338      6.417     -1.582    -72.889
  -1   -2     -0.512      3.574    -60.904
 427  424     -0.943      5.061    -59.870
 131  771      4.745     -0.506    -74.113
 793    4     -5.174     -1.690    -69.627
 436  408      7.610     -6.877    -62.437
 484  412      6.692     -8.059    -64.736
  -1   -2     -4.428     10.832    -61.926
  -1   -2      6.108    -11.779    -77.987
 414  459      8.023    -11.740    -61.247
  -1   72      3.119      9.542    -64.480
 488  255     16.769    -10.055    -68.873
  -1   -2     -3.120      7.989    -66.356
 471  464    -10.429     -9.571    -61.403
 420  150    -15.441      6.958    -74.292
 377  399     -1.152    -12.500    -70.111
  -1   -2     -5.932      4.053    -65.786
  -1   -2     -4.966    -10.110    -58.385
  49   56      7.995      6.816    -71.602
 423  788     -4.266     -4.343    -60.303
  -1   -2     -0.504     13.189    -64.283
 404  163     -4.971     -9.185    -66.832
 578  439      8.706      2.693    -62.012
  -1  422     -4.702     -2.883    -62.060
  -1   -2     -8.992    -10.886    -65.819
 795  402      6.621     -6.452    -71.740
  -1   -2     -9.687      2.383    -77.755
 494  646      2.201     12.093    -60.890
  -1   -2     11.300     12.720    -66.345
  -1  425    -11.220     -0.808    -75.873
  80  289     -6.543      0.740    -71.561
 438  458    -12.039     -3.803    -63.805
 163  183    -12.632      2.178    -63.689
 136  469     -9.702     -5.966    -74.380
  -1  403     -1.729     11.477    -61.378
  -1   -2      1.753    -11.605    -67.242
 556  432     -8.447     -9.694    -61.869
 652  610     -5.529      3.989    -62.456
  -1   -2      3.296      7.483    -60.102
 212   -2      3.763      7.657    -66.534
 411  430     -5.992    -10.380    -64.055
 595  438     12.258    -13.283    -64.295
  -1   -2    -15.727    -12.451    -71.788
  -1  502     -6.897     -0.823    -64.485
  -1   -2    -11.242     -3.805    -61.161
 492  792    -14.587     -2.269    -67.380
 467  617     -9.027     -1.612    -66.501
 121   80     12.111     -0.199    -73.200
 303  340     13.992     -3.780    -74.444
 261   -2     12.367      6.081    -67.049
  -1   -2     -5.551      0.574    -74.958
 418   -2     -0.639    -11.859    -68.453
  38  388      3.436     -2.832    -68.289
  -1   -2     12.944      5.402    -63.437
   8  767     -4.233      6.816    -70.736
  -1  112     -6.395      0.044    -66.355
 413  483      2.471     -4.221    -61.988
  -1   -2      3.584      1.538    -62.483
 271  369     -4.364     12.350    -63.559
  -1   -2     -5.320      1.366    -54.112
 406  373      7.891     10.924    -72.780
 321  590      6.785     -9.506    -71.325
 444  791     14.477     -9.252    -64.844
 143  138      4.936     -3.755    -70.247
  -1   -2     13.452     -6.340    -74.752
 469  304     -0.251     -3.058    -64.842
  -1   -2      1.603      4.832    -61.241
  -1  370     -5.142     -2.523    -69.377
 100  114      1.493      2.584    -66.083
 157   -2     -8.222      2.944    -61.210
  -1   -2     -7.940     -8.217    -65.149
 133  281      5.366      6.213    -63.285
  -1   -2      8.331      1.441    -71.578
 464   -2      5.405    -11.842    -65.748
 521  532    -11.410     -5.789    -63.885
  -1   -2      1.068    -10.151    -62.363
 419  544     -2.542     -3.590    -70.905
  -1   -2      3.706      9.232    -65.596
  -1   -2     -5.054      0.856    -74.734
  -1  448      0.887    -12.985    -67.039
  -1   92     -7.620      8.355    -63.815
  -1   -2     -0.449    -10.557    -59.990
  -1  384     -5.108     -7.291    -77.060
  -1   -2    -10.735     13.373    -64.071
  -1  451      7.101     -1.537    -59.923
  -1  154      1.766      2.319    -75.803
 508   -2     -4.448      3.471    -57.663
  -1   -2     -2.127     11.084    -60.241
  -1   -2      1.195      9.708    -53.364
  -1  600    -13.718     10.317    -76.706
 545  643      4.308      3.780    -69.011
  -1  561      3.086    -11.823    -71.364
 619  613      4.317     -8.111    -73.978
  -1  551     -4.294     -2.818    -74.490
 389  572      6.402     10.303    -59.568
 503   -2     12.228     -6.979    -65.212
  -1   -2     -8.319     10.792    -78.896
 432  291      8.758     -2.776    -65.330
 498  546     12.582    -10.584    -65.238
  -1   -2     -8.626     -1.981    -56.327
  -1   -2      7.011      2.286    -59.531
  -1   -2     10.026     11.359    -63.937
 486  470     18.021     -4.370    -68.213
 487  489     10.666     -4.391    -62.024
  -1   -2      7.349      8.491    -64.093
 101  375     -1.314     10.002    -74.268
  -1   -2      4.421      7.526    -56.883
 625  510    -13.401      4.942    -64.163
  -1   -2      8.775     -0.917    -60.729
  -1   -2     10.509     -6.663    -70.325
  -1   -2      0.742     -7.776    -74.287
 378  333    -13.928     10.194    -74.062
  -1   -2     11.021      8.363    -67.277
  -1   -2     15.161     -9.944    -74.610
  -1   -2     -7.728      0.235    -77.293
 572  153    -14.485      8.412    -72.154
  -1   -2     -9.584     10.484    -55.048
  -1   -2      2.295      0.246    -54.340
  -1   -2     -7.337    -12.186    -62.104
 195  217      2.864    -12.439    -66.620
 462  573      9.099     -2.101    -77.273
 422  246      2.999     11.195    -65.925
  -1   -2     -7.384     -2.380    -77.779
  -1  192     -2.703     10.012    -59.649
  -1   -2     -4.586      6.909    -72.320
  -1   -2      8.216     -3.962    -60.934
  -1  549     -3.506     -1.834    -62.678
 284  607     11.029      9.473    -64.170
 443   -2     -4.285      3.613    -66.710
 490  305    -10.240     -2.734    -61.008
 585  514     10.277     10.659    -63.650
  -1   -2     12.448     -1.594    -62.525
 384  337     -3.283      2.896    -73.081
 695   -2     16.573    -12.542    -68.154
  -1  218     -9.401     10.288    -76.013
  -1   -2     14.607     -5.673    -66.610
 203  637     10.448     -8.499    -68.839
 457  471      3.041      2.817    -60.594
 532   -2     -9.454      8.114    -64.408
 229  638     11.636      0.929    -77.148
 530   -2     -9.246      7.652    -66.280
 329   -2      5.659     10.737    -71.520
  -1   -2      0.772     -7.565    -77.030
  -1   -2    -13.808      6.040    -67.800
  -1   -2      3.934    -12.410    -64.426
 477  586    -13.184      2.201    -77.297
  -1   -2     -2.069      0.288    -76.380
 785  361     10.353      2.867    -76.566
 540   -2     11.596     -4.579    -65.622
  -1  326    -11.530     -4.469    -75.225
 265  312    -11.410      0.629    -73.119
 499  795     12.306    -12.667    -64.546
 566  380     13.483      4.692    -73.755
 249  593      5.488     12.226    -72.377
 170  173    -10.362     -6.102    -72.522
  -1   -2     -0.722     -6.906    -51.880
  -1   -2      2.673     -8.006    -75.424
  -1   -2     -8.767      6.377    -58.760
  -1   -2     -0.655      2.984    -58.423
  -1   -2      5.764    -12.671    -65.953
  -1   -2      2.582     -5.175    -70.808
 772  320     15.615     11.602    -72.947
 324  784      8.505      2.989    -70.168
  -1   -2      4.017    -11.414    -86.622
  -1   -2     -1.973     -7.885    -61.159
 276  712     -1.977     -7.292    -76.414
 337  108     -2.457     -5.656    -68.162
  -1  674      6.125     -5.582    -75.193
  -1   -2      7.222     -7.791    -65.166
  -1   -2     12.713     -9.728    -64.087
  -1   -2    -13.855      7.462    -75.636
  -1   -2     -1.450      9.157    -63.647
  -1   -2      8.133      9.114    -66.800
  -1   -2     11.944     11.290    -61.893
 314  314    -15.798    -11.390    -75.510
 605  200     -3.905     -8.591    -73.282
 150  772    -14.385     -9.748    -77.882
  -1   -2     -1.300     -6.238    -87.251
  -1   -2     -0.263      7.470    -62.912
 516  557     -4.894    -11.937    -68.601
 664  804     12.250      4.879    -74.983
 512  817    -15.096     -6.844    -73.615
 640  531    -14.173     -2.979    -66.504
  -1  310     -0.231      0.219    -58.858
  -1   -2      0.346     -9.774    -59.064
  -1   -2    -11.419      0.756    -77.961
  -1   -2     -6.584     10.388    -68.934
  -1   -2     12.179     -3.966    -62.323
 368  143      1.486      1.254    -71.278
 569  636     14.419     -5.004    -65.750
 240  285     -8.761      9.349    -74.749
 361  287     -8.638      7.021    -73.398
  -1   -2      0.358     11.689    -75.984
  -1   -2     -6.829     -3.494    -69.764
  -1   -2     11.300      6.552    -86.419
  -1  723      7.080      6.369    -67.407
 775  818    -10.635     -7.764    -70.165
  -1   -2    -14.893    -10.555    -69.895
  -1   -2      7.016    -11.316    -74.869
  -1   -2      5.763     -9.122    -72.985
  -1   -2      2.920      3.699    -75.473
  -1   -2     13.901     -2.166    -63.272
  -1   -2     16.881     -0.934    -71.311
 582  286     10.734     -0.232    -65.897
 330  601      3.734     -3.662    -67.894
  -1   -2     -4.626    -11.657    -69.809
 601  630     14.038     11.178    -61.639
  -1   -2     -6.629     -6.357    -77.219
  -1   -2      2.621     -3.170    -75.892
  -1   -2     17.673      6.427    -71.252
  -1   -2     11.596      9.615    -69.642
  -1   -2     -1.376      9.240    -69.698
  -1   -2      8.827     -8.572    -55.890
  -1   -2      9.358     -8.516    -58.039
  -1   -2     12.901      7.863    -63.178
  -1   -2     14.952     -8.032    -60.539
 264  711      3.767      0.863    -63.532
 763  400      9.139     -2.191    -71.396
 514  566      6.857     -2.723    -71.837
  -1  300     -3.312     -5.747    -67.485
  -1   -2      3.016     -8.598    -68.741
  -1   -2      1.441     -8.335    -52.499
  -1   -2    -12.976     -9.357    -62.121
  -1   -2      2.859    -11.680    -74.431
 591  800     11.725    -13.286    -70.985
  -1   -2      2.873     -0.127    -63.478
  -1   -2     -3.279     -7.367    -58.061
  -1   -2     13.940     -8.728    -73.407
  -1   -2    -15.371    -12.241    -68.868
  -1   -2     -3.752     13.308    -64.923
  -1  266     -1.011     -3.204    -62.206
  -1  702    -13.751      5.355    -65.324
  -1   -2     -6.537      5.259    -58.197
  -1   -2     10.809      5.132    -76.838
 524  525     -9.197      4.893    -58.203
  -1   -2    -11.004     -4.388    -59.844
  -1   -2    -10.655      2.767    -59.287
  -1   -2     -5.129      9.288    -59.785
  -1   -2     -0.556     11.380    -79.783
  -1   -2     -5.292     -2.757    -64.709
  -1   -2     10.155     -3.394    -64.979
  -1   -2     -0.196    -12.245    -63.252
  -1   -2     -3.233     10.264    -54.127
 636   -2     10.011     10.285    -75.344
  -1   -2     -3.311      4.817    -60.269
  -1   -2     -1.837     10.122    -53.447
  -1   -2     -7.887     12.877    -62.636
 588  700      8.530     -5.173    -74.133
  -1   -2     13.500     -4.134    -71.755
  -1   -2    -13.767     11.775    -67.772
 497   -2     18.775      5.764    -72.192
 224  120      3.477     -5.206    -69.379
 450  721     -8.675     -9.463    -59.703
  -1   -2     10.660      5.746    -52.716
  -1   -2     13.149      5.447    -62.830
  -1   -2     12.452     10.521    -68.543
  -1   -2      0.176     -7.961    -69.379
 631  802    -14.534     -8.740    -72.269
  -1   -2    -12.728    -12.202    -64.304
  -1   -2     -6.491      5.464    -76.103
 541  656     12.733     -6.047    -68.382
  -1   -2     -3.014     -5.948    -77.711
  -1   -2     13.940      9.074    -58.380
  -1  211      8.880      4.376    -57.540
  -1   -2     17.865    -11.316    -67.912
  -1   -2      6.794     10.299    -71.983
  -1   -2    -12.846      8.774    -72.734
  -1   -2      2.907      1.064    -60.963
  -1   -2    -13.291     -9.743    -71.784
  -1   -2     11.533     12.744    -64.798
  -1   -2    -13.297     -7.297    -65.521
  -1   -2     -5.156     -6.040    -58.487
  -1   -2     -6.638     11.896    -67.509
  -1   -2     18.109     -1.677    -82.663
  -1   -2     -7.688     -8.489    -69.084
  -1   -2      9.316      1.264    -56.369
  -1   -2     10.517     -6.363    -67.791
  -1   -2     14.745     -7.220    -75.640
  -1   -2      3.721     11.042    -55.570
 416  819     15.633     -5.413    -72.173
  -1   -2    -10.179      7.521    -64.692
  -1   -2    -13.844     -2.447    -84.110
  -1  257     -9.185      1.995    -63.363
 623   -2     17.196     -6.942    -75.404
 728  668     -5.418     10.831    -70.196
 485  556    -10.967     -0.761    -62.621
  -1   89      8.904     10.677    -72.700
  -1   -2      3.953     -6.320    -74.630
  -1   -2     -4.030      7.127    -58.636
  -1   -2      5.475     -9.520    -77.339
  -1   -2    -15.290     -5.652    -69.495
  -1   -2     -5.578     -8.172    -59.782
  -1   -2    -10.930     -6.275    -78.140
  -1   -2      1.689      7.957    -60.666
  -1   -2     10.856      5.202    -65.607
 341   -2     16.124     10.985    -66.917
  -1  579      2.784    -11.688    -73.006
 262  445    -12.160      3.606    -67.693
 774  351     -7.726      7.927    -75.155
  -1   -2      3.122      8.964    -60.562
  -1   -2      6.001      4.648    -58.802
  -1   -2     11.068     -9.748    -58.302
  -1   -2     12.232     -3.522    -75.721
  -1   -2      6.717      2.720    -60.014
  -1   -2      1.657      8.551    -77.003
 602   -2     15.637    -12.158    -68.467
  -1   -2      0.559    -11.646    -60.859
  -1   -2     -2.505     -0.210    -59.252
  -1   -2     15.080      1.829    -59.706
  -1   -2     10.412     -6.715    -60.687
  -1   -2      1.607      7.928    -69.447
  -1   -2     11.307      0.286    -63.471
  -1   -2     -0.451      8.210    -53.000
  -1   -2     -2.339     -7.739    -66.647
  -1   -2     -5.901     11.004    -56.979
  -1   -2    -13.982     -7.636    -85.345
  -1   -2     15.283     -0.345    -79.672
  -1   -2     -8.856      7.281    -68.558
  -1   -2      0.043     -6.603    -56.509
 707  676    -13.718      7.597    -74.776
 688  334    -13.992      4.553    -71.385
  -1  569      0.495     10.674    -72.563
  -1  358      0.623     -8.114    -65.037
  -1   -2    -10.948     -8.247    -61.372
  -1   -2     14.583     -1.060    -60.332
  -1   -2    -10.582     -4.078    -79.578
  -1   -2    -10.068      2.079    -64.963
  -1   -2     -3.251      5.340    -60.239
  -1   -2     -6.324     -8.748    -54.404
 789   -2     -5.727     -9.455    -67.277
  -1   -2    -16.290      1.344    -75.895
  -1   -2     11.563     11.972    -71.887
  -1  332    -11.072    -10.229    -67.802
  -1   -2     17.576      1.459    -71.709
 767   -2     11.356     11.219    -74.442
  -1   -2     -3.705     -8.426    -58.574
  -1   -2      6.811      9.375    -71.186
  -1   -2      3.693      7.823    -73.839
 348  786     16.572    -11.012    -72.581
  -1   -2     15.949     10.306    -74.803
  -1   -2     -4.997     -1.826    -61.904
  -1  758    -11.944     11.952    -71.587
  -1   -2      9.780     -6.922    -64.597
  -1   -2     -9.374     -8.087    -66.828
  -1   -2     -8.788    -11.126    -60.240
  -1   -2     13.295     -2.042    -63.251
  -1   -2     16.260    -11.675    -65.129
  -1   -2    -13.118     10.598    -64.285
  -1   -2      1.093      4.042    -74.850
  -1   -2      1.823     -5.293    -86.563
  -1  264     -5.821     -9.079    -70.375
  -1   -2     -6.366      4.083    -83.172
 555  796     12.617    -12.772    -67.247
  -1   -2      4.728     10.642    -54.799
 754  736      0.426    -11.904    -65.808
 698  365     11.276     -6.627    -71.092
  -1   -2     -1.904      2.435    -69.852
 312   -2    -13.959      2.909    -74.111
  -1   -2      2.408    -12.582    -72.975
  -1   -2     -3.564    -10.154    -59.642
  -1   -2     -6.753     -9.175    -63.462
 335  785      7.566     -0.346    -61.298
  -1   -2    -12.962    -12.071    -64.063
  -1   -2     14.751    -10.065    -64.145
  -1   -2     -7.757      9.713    -87.464
  -1   -2     17.932    -10.443    -71.467
  -1   -2     -5.711     -6.191    -61.094
  -1   -2     -0.043      0.457    -63.362
  -1   -2     -5.655      7.269    -61.619
  -1   -2     12.321     -6.155    -62.697
  -1   -2     -5.534      0.007    -67.636
  -1   -2     10.602     -0.019    -56.559
  -1   -2      2.183     -5.768    -62.984
  -1   -2    -11.967     12.530    -61.783
  -1   -2    -13.402      1.657    -85.319
  -1   -2     -2.780     -8.631    -52.131
  -1  313     -1.544      8.316    -66.201
  -1   -2    -15.685     11.354    -73.396
  -1   -2      9.550     -7.892    -66.565
  -1   -2     -2.328      7.488    -74.246
  -1   -2     -8.020     -0.966    -64.011
  16   -2      1.556      4.239    -71.045
 395   -2      7.959      6.463    -66.412
 139   -2      2.990      9.396    -65.468
  27  769    -10.037      3.731    -70.063
 216  776     -1.317    -10.462    -65.535
 129  427     -4.666     -1.972    -71.804
 757  806      4.064      2.174    -67.893
 386  787      8.273    -11.786    -66.082
 365  378     -2.870     -3.662    -73.795
 113   50      6.660     -8.566    -63.824
  81   -2     -0.911     -1.774    -64.258
  -1   -2      5.405      5.910    -66.233
 244  779     -3.002     -1.800    -64.219
 214   -2     -7.221      5.436    -62.134
 442  460     -4.179      5.052    -69.540
 435  790     11.666      6.398    -75.688
 235  518      5.505     -2.080    -73.439
 447  389     -1.368      1.737    -74.527
 208  115      1.047     -1.395    -75.591
 237  778      4.235     10.493    -76.794
 773  820     -5.203    -10.206    -71.485
 771  808      4.744     11.720    -72.841
 721   -2     15.482      8.203    -62.836
 677   -2    -12.672      1.410    -78.213
 392   19     -9.422      3.157    -67.844
 760  807     -4.447     12.971    -70.732
 489  512     -4.039     -8.953    -61.738
 780  809      1.281      4.685    -72.516
 220   -2      6.274      2.394    -74.926
  61   -2      8.932     -1.647    -73.174
 561  642    -14.629     -2.586    -66.862
 722   -2     15.987    -10.127    -67.813
 567  798      8.721    -12.536    -61.278
 710   -2     -8.241     11.856    -76.548
 671   -2      0.890      7.118    -66.661
  53  443     -4.056      2.851    -69.075
  28  381     -8.128      9.887    -70.226
 783  717    -12.802    -10.112    -70.329
 666   -2     -5.937      2.652    -66.459
 792  810     -2.477     -0.634    -68.513
 794  811     14.268     -3.063    -75.364
 123  477     -7.238    -11.205    -68.290
 154   -2      2.985     10.141    -72.271
 241  136      7.661    -12.336    -70.017
 292   -2     13.237     -2.289    -74.816
 374  821     -0.047     -0.612    -60.915
 430  822     -3.053     -9.057    -67.425
