819
   0    0     -0.509      1.075    -72.391
   1   16      5.661      0.104    -72.155
 788  346     -6.609      3.207    -71.661
  -1  202      9.765     -6.790    -73.561
   6    3      1.647      5.964    -69.825
  -1    7      1.174      6.691    -68.283
 341    2      5.741      4.512    -70.358
   2   10      2.954      2.110    -72.785
 223  195      4.530      6.473    -72.298
   3    5     13.294      1.857    -71.882
  -1    8      1.732      3.578    -69.224
  17  347     -1.873    -10.360    -71.611
  53   27     -5.595      1.584    -72.117
   5   73     -3.994      5.237    -69.809
  -1   -2    -13.013      3.444    -73.265
 774   15      3.120      4.730    -68.158
   8   17      0.170      3.718    -67.874
   7    6      4.393      2.372    -68.592
 344  110     -1.559     11.210    -70.650
  64  139      7.373      4.628    -71.059
 481   12     -0.961     -9.600    -70.691
  71  114      0.972     -4.938    -74.915
 491   40      1.032      0.667    -69.244
  38  176      3.896      8.047    -70.153
 163    4     11.159     -0.342    -68.710
   4  427     -1.580    -11.896    -69.329
  54   18     -8.968      2.438    -71.409
  30   13    -10.667      3.181    -69.508
  23   60     -8.661      6.943    -68.136
 219   67      7.841      8.511    -70.661
  49   -2     -3.940     -8.219    -69.774
  19    1      6.649      5.765    -68.375
 196   14     10.424      6.462    -71.319
 117    9      6.981     -0.651    -69.275
 214   39      6.442     -6.695    -67.786
  25  359      7.208      5.627    -75.857
  46   21     -6.835      5.449    -67.386
 364   66      7.398     12.797    -68.313
  42   89      7.184      3.643    -68.534
  18   29     -1.343      2.289    -65.590
  15   35     -7.951      5.321    -69.475
  37   37      6.832     -1.938    -70.252
 190  153     13.679      0.473    -72.968
  44   54      1.533     -5.084    -68.459
  68   61     -5.461      5.862    -65.627
  -1   24      3.601     -5.884    -65.991
 114  122     -1.854      1.414    -67.569
 417  383     -0.190     -6.974    -68.719
  36   34     11.244      1.232    -69.376
  14  360     -2.865      9.505    -67.977
 327  163     -0.067     -1.825    -73.688
  24  183      0.533     -5.685    -65.583
 141  184     14.591      6.414    -70.835
  41  228     -2.674     -6.520    -69.496
  -1   74     -1.724      5.565    -68.995
  -1   -2     15.010      4.917    -69.829
 176   22     -3.747      2.161    -63.814
  -1   -2     -7.033    -12.088    -69.117
  10   90      2.485      6.474    -75.654
  85   47      5.446      5.606    -69.355
  28   59      9.052     10.338    -68.986
  51   -2      4.495     10.660    -67.669
 334   41      2.096      7.423    -68.767
  -1   -2     -4.600    -10.753    -69.287
  78  773      1.136      8.889    -69.959
  40   38      3.753      8.029    -68.320
  -1  403      3.250     -0.723    -69.331
  92  160      8.684      9.937    -69.706
  82   65     14.320      1.622    -69.477
  16   64      1.907     -8.747    -64.844
 399   78    -13.510     -7.929    -68.106
  -1   -2     -8.989     -5.475    -65.771
 104   -2      9.822      8.439    -68.943
 384   31     11.416     -7.224    -66.453
  69   85      8.095      1.526    -63.134
  -1  151     -5.343     -9.377    -62.205
  99   62     -5.724     -9.145    -69.141
 115   92      2.880      9.394    -65.372
  62   56     -0.334     -0.779    -69.379
 175   11     -2.583      8.689    -71.800
  20   -2     -6.688      8.856    -69.142
 154  113     -1.295     11.738    -66.521
  -1   -2     -9.356     -5.488    -59.142
   9   28     -6.099      5.099    -75.052
  12  109      9.461     11.155    -70.113
  -1   -2     -2.485     -8.373    -67.734
  63  116      4.874     -1.845    -64.368
  -1   50      9.034     -0.761    -67.763
 349  414     -3.349     -1.532    -69.285
 331  146      4.756     -9.719    -65.207
 170  173      1.723      6.770    -68.329
 346   84     -3.098     -3.237    -62.168
 129  256     -6.440     -0.045    -70.660
  86  774      4.798      1.209    -73.146
 411   -2      1.813     -2.594    -71.711
 393  786     -0.742     -3.647    -63.634
 124   94     12.127      3.501    -68.227
  -1   -2     -4.291     -8.156    -66.744
 103  302      0.903      6.518    -70.663
  -1   -2      0.030     12.425    -72.678
 140   97     15.195      8.481    -67.528
  26  491      9.075     -2.883    -71.026
  -1   -2      0.350      3.576    -61.662
 199  489     16.692      4.289    -68.703
 133  389      0.503     -2.394    -66.137
 125   77    -11.440     -3.177    -67.192
 146  100    -12.535     -5.298    -64.079
 520  421     -5.092      5.694    -65.535
 112   81      3.922      7.000    -68.887
 633  266     -5.147     10.241    -73.602
 575  108    -12.913     -7.583    -68.724
 360   -2    -11.879     10.584    -63.453
  -1   -2     -2.132     -8.454    -59.237
 108  124     -0.858      7.303    -63.699
  -1   -2    -10.957      1.723    -71.247
 792   -2    -12.274      3.845    -64.589
  -1   87      2.854     -7.113    -67.849
 456  379    -11.439      9.378    -66.435
 136  115     -2.247    -10.273    -68.162
 118  148     11.283      4.584    -66.499
 120  169      2.866     11.117    -67.421
 243  386     -8.067      6.910    -62.860
 113  126      2.069    -11.142    -67.359
 164  381      0.216     -7.234    -63.203
 228  362    -13.864     11.840    -70.370
 495  208     -2.868    -12.587    -69.171
  -1   -2    -10.151      6.357    -65.206
 198  135     -4.983     10.189    -66.067
 300  161      1.216     -5.268    -70.232
 132  101     -3.809      2.124    -66.650
 225  144     14.130      4.171    -70.731
 390  387    -10.490     -1.627    -64.492
 339  221     -6.746      5.729    -65.358
  74   79     -1.173      6.222    -63.282
  59  772    -11.671     -3.140    -74.244
  -1  197      1.325      0.155    -61.926
  11  367     -9.722      4.095    -72.057
  -1   -2     14.306     -2.545    -71.735
 147  350     -5.793      9.218    -71.127
 782   51    -12.388      3.241    -69.166
  -1   -2      5.654      7.362    -62.661
 181  145     -1.661     -0.375    -61.308
 107   45      7.741     -4.140    -70.080
  94   80     10.832     -4.855    -65.405
  89   30      3.028      4.198    -66.631
 142  207      5.137     -3.638    -66.516
  -1   -2     -7.706     -6.416    -70.363
 312  563    -12.312      9.910    -72.820
 130  226      5.696      8.283    -65.467
 160  443      4.903      9.265    -62.557
  -1  662      4.988     -7.328    -70.409
  65   32     -7.585      6.304    -69.730
 197  182     11.663    -10.361    -68.826
  -1  133      1.547     -4.551    -64.154
 403  117     -6.386     -3.056    -61.990
 155   58     -2.424      0.933    -67.751
  -1   -2      0.023      5.788    -60.287
 143  111      4.680      5.174    -65.325
  -1   -2    -14.365     -1.196    -70.500
 178  118     11.792     -3.941    -71.548
 585   -2     -3.601     11.932    -63.171
  76   99     11.817    -11.027    -72.398
 119  364     -7.571     -4.773    -64.933
  70   69      6.401      5.390    -68.374
 781  170      4.918      7.843    -75.010
 166   42      4.601      3.053    -66.099
 156  178     -7.669    -10.331    -66.416
 465  787     13.202     -0.520    -73.375
 309  492      7.406      5.589    -74.264
 498  467      7.575      2.600    -62.883
 379  784     -6.177     -0.780    -66.760
  -1   -2    -12.664     -3.154    -73.706
  -1   93     -1.500      5.707    -67.248
 270  804     -6.281    -10.316    -70.367
  -1  201      8.471     11.499    -76.446
 171  225      3.473     -9.552    -67.797
 183  142     10.046      2.582    -71.980
 101  473      1.159     -1.614    -67.864
 168  483      7.750     -4.094    -74.734
  98   75     -8.899     -4.210    -64.883
  73  103     10.723      2.830    -67.843
 126  775      2.208      3.014    -66.248
 105  293     15.108     -3.321    -71.146
 279  780    -15.797     -8.094    -74.826
 191   98     -1.366     -7.539    -67.130
 424  233      5.354      1.682    -62.576
 111  222     -8.493     -8.806    -67.318
 453  216     -8.398     -7.002    -65.835
 122  494     16.714     -4.288    -72.773
 165  776      5.518      5.153    -63.520
 148  189     -2.331    -10.160    -63.058
  -1  165    -11.155     -8.447    -66.323
  -1   -2     17.429     -2.443    -74.897
  35  286      7.051      0.441    -71.976
 135  542     13.654      4.526    -69.998
 472  205    -11.762     12.022    -68.242
  91  214      3.313      4.604    -72.796
  -1   -2     -9.369     -8.977    -70.881
 153  258      3.640     -8.841    -63.816
  -1  129     -0.464     -4.430    -70.930
  -1   -2     -9.677     -4.497    -71.524
  -1  154     -3.887      1.327    -62.980
 394  255     -0.827      0.592    -61.350
 184   88     -4.815      2.694    -63.597
 145  462     -5.217     -7.550    -67.684
  39  257    -11.110     10.421    -74.378
  13  252      6.693     -9.081    -71.251
 127  143     -4.456     -4.248    -65.253
  -1   -2      6.613      2.149    -68.518
 158   48     15.904      6.343    -73.221
 293  250      6.611     -1.833    -70.421
  -1   -2     -1.343     -6.716    -73.498
 522  456      1.647     -1.171    -63.355
 458  247      7.863     11.699    -68.067
 206  254     -9.363     11.438    -69.925
  -1   -2      2.801      9.881    -71.648
 533  171     13.251    -12.546    -73.409
 621  180     14.218      4.671    -63.237
  83  459     12.585      9.992    -71.028
  84   44      2.115     -3.606    -65.701
  80  287     -7.425     -6.065    -75.833
  -1  192      5.477     -2.847    -61.922
 139  312     15.526      7.820    -68.573
  -1   -2     -3.978     -1.641    -69.152
  -1   -2      6.150     -7.439    -61.788
 244  584     -5.039    -11.142    -69.212
 254  597    -10.627      3.490    -61.707
  -1   -2      3.752     11.169    -75.005
 162  681     -4.896     -9.512    -68.273
  48  105     -1.671     -1.611    -72.728
 210  181      6.981      4.875    -63.475
 221  779     -1.389     -0.911    -72.402
 257  733      6.273      8.781    -65.955
 207  167      6.194     -5.614    -70.603
 249  232    -10.141     12.910    -64.303
  -1  177    -12.443     -0.417    -62.385
 531   -2     -2.698      2.428    -61.049
 281  251      8.730    -11.993    -69.765
 499  253      8.487     -0.600    -68.692
 567  503     11.984      2.665    -66.609
 273  203     -8.145      9.184    -63.642
  -1   -2    -11.557     -7.432    -69.523
  -1  525     -2.397     -5.919    -70.062
 233  532      5.404     11.014    -64.680
  -1  179     14.844      8.210    -68.826
  -1  248      4.431      2.245    -61.691
 271  137     -9.423      9.138    -67.084
 222  185      5.823    -12.448    -66.217
 209  236     -0.274      8.673    -70.022
 123  141     -0.515     -8.110    -69.076
  -1   -2     -5.402     -6.733    -58.600
 220  152      8.239    -12.375    -69.316
 131  382     15.100      7.938    -74.109
 568  164      7.141    -13.080    -68.850
 200   52      2.686     -2.888    -73.285
 473  168     -4.648      6.129    -75.857
 149  555    -10.181      1.876    -72.912
  -1  284     12.634      6.192    -64.321
  87  267      7.805     -7.928    -71.308
  -1   -2     -8.155    -11.197    -74.264
 116  444     -0.197     10.297    -72.642
 669   72      5.375     -6.867    -61.862
 259  314     12.616      3.908    -64.537
 138  300     12.876      0.697    -71.905
 509  199      1.915     -3.599    -70.732
  -1   -2      3.652      5.656    -62.494
 159   -2      0.555      1.491    -71.256
 255  297      8.894      2.276    -71.149
  34  573     -2.502     -4.766    -71.366
 180  246    -11.362      7.868    -69.609
  -1   -2      2.764     -7.916    -71.406
  -1   -2     -5.401     -3.741    -70.493
  -1   -2     -2.443     11.034    -57.137
  -1   -2     15.075    -12.558    -67.886
 297  587     -4.885     -7.760    -70.328
  -1  239    -13.872      8.910    -72.947
 282  599     12.717      8.750    -70.841
  -1   -2      3.179     -2.645    -74.336
 423  722     -2.166     -1.531    -63.098
 262  234    -13.332      8.668    -68.410
 267  683    -12.826     -6.070    -74.465
 235  316      9.487     12.243    -65.764
 392  120     -2.267      6.826    -64.821
  -1   -2    -13.120      9.435    -76.597
  -1   -2     -8.975     -9.649    -71.128
  -1   -2     -4.045     -9.211    -63.558
 238  622      5.063     -1.013    -67.110
 445   -2     -8.860      6.438    -74.866
  -1  190    -11.407     -9.579    -70.688
  -1  292     -0.560     -3.313    -66.187
 283  342     -1.886      2.576    -72.327
  -1  561    -11.249      3.086    -62.538
 402   -2    -10.552      7.415    -71.286
 208  538    -10.790     12.224    -67.684
 172  245      6.352     -6.790    -69.517
  -1  260    -11.579    -11.307    -63.683
 576  220     15.234      3.967    -67.080
  -1  512      7.647      2.278    -62.651
 631  805     -2.974      7.284    -57.724
 716  472     14.570     -1.416    -73.534
 242  310     -9.018     12.245    -67.369
  -1   -2     -7.654      1.152    -54.241
  -1   -2      6.207     -9.049    -62.391
 500  789    -12.555      4.281    -68.161
 213  249     10.700    -10.773    -72.716
 449  134      3.744    -10.413    -71.682
 643  806     -3.173     -2.950    -66.381
  -1   -2     13.274     -1.215    -69.554
 110  172     14.336      0.976    -67.072
 274  407    -11.069     10.206    -68.740
  -1   -2      3.710    -12.520    -76.484
 584   -2      1.135      8.668    -75.331
  -1  211     -2.058     10.511    -69.971
 775   -2     -0.839      5.165    -71.134
 121  288     -6.549     -5.896    -64.502
 234  544     -5.899     10.980    -64.796
 597  313     12.721      9.403    -64.649
 307  621      0.339      7.503    -73.995
 247  224      8.120      3.968    -62.419
  -1  268      4.154     11.005    -64.903
 106  438     -1.926      2.832    -61.501
 756  343      5.571     -4.248    -64.590
  -1  296      4.685     -1.007    -61.928
  -1  654    -11.369      4.013    -76.878
 182  147     -9.684      0.844    -75.926
 229  328    -13.008      7.244    -71.703
  -1  634     12.765     -3.277    -66.426
  -1   -2     13.962      5.387    -60.184
 265  506     10.979      1.409    -56.431
  -1  436     12.262      9.968    -63.947
  -1  318     10.297      6.783    -62.965
 128  132     -7.260     -3.122    -63.129
  -1   -2     -9.414    -10.655    -67.131
  -1  685      9.474    -12.022    -70.071
 308  309     12.464      8.820    -65.920
 695  311     16.501      0.660    -65.234
  -1   -2     15.173     -6.976    -72.293
  -1   -2     14.602     -5.259    -75.928
 709  344     -8.665      1.643    -66.044
  -1   -2     -3.541      8.786    -66.313
  -1   -2    -10.112     -7.266    -79.858
  -1   -2     -2.719     -3.088    -73.428
  -1   -2     -3.132     -2.651    -63.126
  -1   -2    -14.691      7.142    -70.067
  -1  481      0.622    -11.568    -69.031
  -1   -2     -8.910      5.606    -66.972
 320  751     13.555      5.646    -63.998
  -1   -2      3.864      7.147    -66.426
  -1   -2      2.525      6.434    -66.945
  -1   -2     -9.790     -7.565    -67.808
  -1   -2     -2.235      4.911    -53.365
 803  736    -12.398      5.085    -76.951
  -1  305    -12.524     -4.914    -76.589
  -1   -2      5.307      6.859    -76.444
  -1   -2     -9.171     -1.606    -62.317
 671  341     10.062     10.626    -69.645
  -1   -2      7.636     -4.848    -56.036
 333  650      1.436     -1.774    -74.350
 201  128     16.740      8.313    -70.303
  -1   -2    -12.136    -10.117    -74.551
 478   -2     -8.344     12.735    -60.502
  -1  530     12.980     -2.787    -59.073
 174   68     10.724      9.201    -69.557
  47  348      2.348      5.538    -69.533
 778  107      0.063     11.022    -72.173
 443   82     -5.697     -2.840    -74.350
 340  351     15.011      9.537    -72.261
 381  349     -1.956      6.921    -70.579
  21   55     -8.716      7.802    -72.999
  90   19     -0.169     -9.809    -71.364
  -1   -2     -8.365    -11.572    -64.124
 354  361     11.620     -9.690    -64.771
 337  166     -6.771      6.334    -72.874
  -1   -2     -2.010      4.563    -60.699
  32   95     -5.622      3.743    -66.449
  -1   -2     -7.197     -0.412    -65.110
 205  778     -8.415      5.499    -62.152
  -1  261    -13.678    -11.393    -69.413
  93   20      6.761      1.597    -68.369
  -1  508      0.033     -2.702    -62.215
  -1  198      0.388     -8.934    -69.122
  -1   -2      2.630     -1.268    -72.143
  -1  140      7.611      7.112    -64.460
  -1   -2     -9.285     -0.807    -57.722
 617   36     -2.276      4.071    -72.166
  22  807     -3.863     11.523    -73.137
  -1   -2     -7.731     -2.433    -76.179
 329  371     11.337     -4.765    -70.239
 604   43     -6.504      3.872    -66.738
 284  206     -7.991     -3.248    -75.386
  57  102      6.287    -10.288    -73.838
 188  200     14.220      7.573    -68.997
  -1   -2     15.212     -8.073    -64.830
 313   -2      3.324      2.479    -69.419
 285  781      8.553      7.635    -72.427
  -1  119      2.563     -6.881    -67.787
 352  432      8.344      9.893    -62.311
 212  586     11.695      3.115    -70.045
 618  191      5.752     -6.424    -77.083
 305   -2      9.031    -10.730    -72.815
 374  217     -9.768      0.354    -66.761
 386  138      3.394    -12.851    -66.575
 144  480      0.494     10.251    -74.881
  -1   -2    -12.176      6.011    -73.426
 179  162     11.623     -5.832    -70.475
  -1   -2     -7.425    -10.730    -64.157
  -1   -2      2.673     10.782    -73.432
  -1   -2     -3.366    -10.110    -61.508
 471  471      0.484      0.784    -60.884
  -1  396     17.505     -8.611    -70.139
  75  196      2.697     -5.713    -76.005
 398  410    -10.884     -4.196    -61.058
 375  399     -4.498     -9.928    -63.764
  -1   -2     -7.143     -7.620    -70.412
 268  430      8.364     10.043    -66.966
 369   -2    -16.083      3.081    -74.293
  -1   -2     -8.026    -11.926    -76.057
 383  785      3.068     -5.249    -60.900
  -1   -2     -6.981     13.169    -65.259
 441  401     11.499     -4.736    -67.063
  -1   -2     -7.947     -8.122    -61.498
 418  465     -5.108     -2.390    -62.231
 556  150     -8.995      3.399    -68.257
  -1  451     11.820     11.780    -61.756
  -1  175     -0.916     -4.807    -61.887
  -1   -2     -1.248     -9.305    -76.983
  77  229     -1.106     11.545    -71.401
  -1   -2      9.703      8.878    -60.023
  -1  524      8.177      7.369    -65.634
 192  417      0.266     -4.507    -65.699
 430  213     11.484      1.330    -61.136
 348  445      0.878      1.549    -62.049
  -1   -2     17.156    -12.100    -81.149
 476  370     17.852     -9.084    -69.366
 373   -2      3.932    -11.651    -62.553
  -1   -2     -6.026    -11.258    -61.949
  -1   -2     -3.624     -2.079    -61.211
  55  174     -6.646      9.674    -76.184
  96  437     -3.720     -5.588    -68.158
  -1   -2     -5.741    -12.506    -70.006
 452   -2      5.437     12.321    -62.382
 536  262      6.621     10.850    -65.801
  -1   -2     -7.495     -3.638    -60.836
  -1   -2      1.605     -6.020    -60.560
 777   26      1.006     -5.970    -65.747
  -1  231     16.010     -3.199    -71.161
  -1   -2      3.561    -10.765    -59.580
  -1   -2     -6.718     11.180    -65.498
  -1   -2     10.461    -12.034    -73.366
  -1   -2      3.206     -5.744    -63.406
  -1  131      2.494     -5.543    -70.763
 502  790     15.698      4.642    -69.602
 295  453      5.128     -4.210    -73.263
  -1   -2     -0.244     -2.410    -60.974
 385  398     14.118     -5.168    -67.081
 203  777     -8.806     10.203    -72.283
  -1   -2     15.463     -9.258    -65.118
  -1   -2    -10.941      0.331    -61.732
 728  808      8.371     10.258    -59.072
  -1  369      0.303    -10.219    -74.932
  -1   -2      6.903      8.034    -67.891
 428  285      8.460     -9.169    -63.419
 406   -2    -13.779     -7.507    -75.714
  -1  486     14.009      9.307    -66.904
  -1  435      1.645      2.119    -63.661
 366   -2     12.517     -3.200    -74.516
 591  368      7.633     -4.259    -60.347
  -1  457      8.720     -3.417    -62.963
 588  646     -4.458      4.287    -69.021
  -1   -2      6.018     12.836    -64.608
  -1   -2     -7.289    -10.280    -57.298
 435  227     -4.687      3.933    -62.421
 137  441     -4.128    -11.797    -65.998
  -1   -2     -9.102     -6.795    -73.355
  -1  384     -1.591     -9.768    -69.712
  -1   -2      6.259      2.169    -60.867
  -1  487    -10.948     -8.708    -65.284
 187   49     -1.714      0.711    -72.496
  -1   -2     16.634      2.578    -68.756
 683  629     12.179      1.469    -74.289
  -1   -2     -7.048    -11.288    -63.235
 239   -2     14.518     -7.694    -70.169
  -1   -2     -1.678    -12.095    -65.425
  -1   -2     10.410     -4.626    -60.478
  -1   -2    -12.986     11.051    -75.005
  -1   -2     12.761     -6.317    -60.766
  -1   -2     -9.483      1.464    -62.180
  -1   -2     -5.971      0.506    -72.008
  -1   86     -9.684      1.462    -62.075
 291   -2     -9.004    -10.370    -71.958
 380  522     -6.694      0.635    -64.165
  -1   -2     -4.689      5.089    -60.655
  -1   -2      6.807     -4.483    -61.221
  -1   -2     -6.224     -6.615    -84.055
  -1   -2     -5.475     -6.480    -53.200
 606  277    -10.252     11.772    -73.568
 506  495     11.353     -0.850    -61.570
  -1   -2     -6.837      2.971    -59.334
  -1   -2     13.592    -12.306    -70.505
  -1   -2     -3.649     -3.782    -57.809
  -1   -2     -7.684     -6.344    -53.907
  -1   -2     -5.915     -8.206    -77.420
 252  298      0.124      3.271    -73.777
  -1   -2     -0.197    -10.334    -74.838
  -1   -2    -12.597     -8.995    -70.916
 512  155      3.101     -0.837    -64.616
 227  536      5.270     -1.115    -62.466
  -1   -2    -14.798      2.384    -75.736
  -1   76     -3.489      5.826    -64.472
  -1   -2     16.842     -0.699    -68.538
 194  243     -0.161     -8.067    -75.271
 485  434      8.104    -10.453    -63.241
  -1   -2     12.295     11.136    -78.806
  -1   -2    -12.500      0.800    -69.755
  -1   -2     -4.231     -4.672    -76.514
 519  791     -6.007     -7.155    -62.894
  -1   -2     17.771     -2.928    -69.186
 673  671     10.617      9.758    -71.915
  -1   -2     10.923     -5.915    -59.862
  67  358     15.747      2.834    -68.645
  -1   -2     16.099      2.712    -64.921
 446  238     -9.743    -10.158    -65.535
  -1   -2    -13.710     -5.136    -77.973
 216  504      5.335     -6.481    -65.083
  -1  212     -1.525     -3.193    -60.078
  -1  649     12.609     -6.802    -71.203
 691  230    -15.666     11.356    -73.834
  -1   -2     -2.652     11.568    -61.396
  -1   -2     -5.172     11.320    -58.858
 560  156     15.029     -4.415    -67.931
  -1   -2      2.144      4.586    -58.503
  -1   -2     11.194    -10.175    -79.477
 535  581    -14.888     -7.148    -68.679
 515  237     -3.577    -10.146    -64.592
  -1  531      1.585     -8.717    -65.542
  -1   -2     12.251     -5.243    -64.332
  -1   -2     -4.534     -9.382    -58.293
  -1   -2      0.985    -12.766    -63.282
  -1   -2     -4.781    -11.480    -71.924
  -1   -2     15.183    -13.222    -71.632
  -1  608     -0.519     11.789    -62.438
  -1   -2      0.878      9.088    -60.572
  -1   -2     -7.996     -2.800    -62.828
  -1   -2     -9.565      7.944    -65.000
  -1   -2      9.425     -2.751    -58.020
  -1   -2     11.367    -10.344    -62.030
  -1   -2     -1.954    -12.079    -65.485
 250  324    -10.768     11.283    -65.656
  -1   -2     14.460     -8.762    -76.566
  -1  582     11.715     -6.998    -69.317
 516   -2      2.027     11.807    -60.067
  -1   -2     -2.929     10.165    -61.804
  -1   -2     12.027     12.385    -75.007
  -1   -2      4.942     -8.576    -58.691
 639  795     -0.431     -7.373    -74.275
  -1   -2     -0.949      1.141    -59.522
  -1   -2    -12.049      3.842    -83.586
  -1   -2      3.927     -5.647    -53.196
  -1   -2      9.297     -9.974    -56.377
  -1   -2     -7.948    -10.925    -64.168
  61  335     -9.859     -6.021    -73.891
  -1   -2    -12.393      0.079    -63.023
  -1  570     14.454      0.071    -64.627
 440  411     16.465    -11.315    -69.340
  -1   -2     -5.641     10.245    -67.859
  -1   -2     15.494     10.965    -75.635
 278  533      5.872     -5.976    -64.100
  -1   -2     15.379      1.412    -70.911
  -1   -2     17.096     -6.487    -73.475
  -1   -2    -12.255     -8.466    -61.129
  -1   -2      0.681      6.369    -68.480
  -1   -2     10.270     -5.016    -67.491
  -1   -2     -0.369     -6.210    -56.816
  -1   -2     -0.152      5.002    -59.982
  -1   -2     -6.697     -0.331    -55.923
  -1  280      4.818     10.104    -65.602
 232   -2     13.803     10.071    -68.987
  -1   -2     10.289    -10.044    -63.261
  -1   -2     -1.937    -10.900    -84.033
 462   -2      0.693     -4.289    -70.744
  -1   -2      0.806      3.170    -56.829
  -1   -2    -12.002     11.637    -78.125
  -1   -2      8.269     -6.339    -58.572
 370  447    -12.316    -11.099    -67.039
  -1   -2     12.884      6.545    -61.743
  -1  534     16.714     -7.351    -70.302
  -1   -2      6.180    -12.182    -76.487
  -1   -2     -0.509     -8.827    -59.079
 280  304     13.423    -10.035    -70.741
  -1   -2      1.392     -0.288    -61.191
 596   -2     -5.871      7.650    -78.179
 580  289     12.743      7.416    -67.224
  -1  550     -9.767      7.385    -73.389
 804   -2     17.015      8.290    -70.841
  -1   -2    -12.006      1.489    -75.944
 720   -2     12.492      1.727    -63.960
  -1  149      0.280      8.742    -76.517
  -1   -2     -7.311      2.271    -59.500
 421   -2     -4.671      4.042    -74.910
 318  632      8.772     11.473    -66.368
  -1   -2    -15.239      5.577    -76.187
 538  600     17.722     -5.944    -72.362
  -1   -2     12.740      8.884    -57.340
  -1   -2      8.846     -2.036    -62.571
  -1   -2      1.938      0.127    -58.692
  -1   -2    -13.620      2.171    -69.258
  -1   -2     -7.188      6.480    -73.126
  -1   -2     -7.008     -0.233    -56.363
  -1   -2    -14.871     -3.440    -69.085
  -1  566      9.196    -11.717    -64.097
  -1   -2      5.883      2.823    -53.835
  -1   -2    -11.125      9.580    -60.712
 323  594     -2.612    -11.495    -65.823
  -1   -2     16.361      6.299    -80.367
  -1   -2     -6.232      7.544    -71.173
  -1   -2     -7.069     -1.604    -70.535
  -1   -2      6.933      3.533    -74.892
  -1  609     -2.451    -12.820    -69.281
  -1   -2     16.874      9.560    -70.179
  -1  259      5.661     12.917    -67.910
  -1   -2     -9.213      2.908    -61.479
  -1   -2     13.451     -8.947    -61.411
  -1   -2     -0.145     -7.542    -70.919
 809   -2      2.108      6.072    -76.931
 603  616    -12.953     -3.165    -62.795
  -1   -2    -12.381      7.796    -63.069
 427  682    -12.470    -12.480    -65.392
  -1   -2    -12.902      3.672    -70.926
  -1   -2     16.040     -7.201    -68.689
  -1   -2     -7.254     -4.651    -69.241
 102   -2     -4.117     12.864    -65.761
  -1   -2      3.290      5.512    -74.610
  -1   -2     -6.850     -0.417    -74.421
  -1   -2    -12.803     -7.035    -76.449
 447  431     -8.447     13.465    -61.615
  -1   -2     -8.618     -1.815    -87.654
  -1   -2      0.840      3.717    -63.297
  -1   -2      8.526     11.612    -60.572
  -1   -2     17.054     -5.131    -64.807
 807   -2    -12.359      1.516    -69.290
  -1   -2      9.672      8.904    -78.158
  -1   -2     14.765      5.028    -87.320
  -1   -2     -8.221     11.857    -63.296
  -1   -2     13.653     -5.703    -66.634
  -1   -2     -8.922      2.405    -86.914
  -1   -2      1.740     -9.548    -61.654
  -1   -2      7.403     -0.764    -55.902
  -1   -2     15.437      3.278    -71.919
  -1   -2     12.324     -3.901    -63.975
 511  121     -7.341     -2.329    -63.185
  -1   -2      4.057     -9.297    -64.042
  -1   -2      6.543     -5.960    -58.697
  -1  514      5.994     11.793    -61.340
 276  291      9.766      7.659    -70.726
  -1   -2     -3.255      4.970    -57.548
  -1   -2     -8.751    -11.496    -80.055
  -1   -2      3.499     -7.971    -69.288
  -1   -2     -8.081     -5.355    -70.119
  -1   -2      7.085     10.834    -76.022
  -1   -2      1.570     -8.491    -57.650
  -1   -2      0.957      7.902    -70.118
 689  329     -6.630      1.727    -74.763
 601   -2      6.928     -5.766    -73.090
  -1   -2      2.734      0.377    -76.373
  -1   -2    -14.219     10.089    -67.894
 317   -2     11.726      6.220    -62.243
  -1  306      3.277      5.532    -76.867
  -1   -2     13.216     -7.104    -61.112
  -1   -2    -11.604    -11.424    -73.757
  -1   -2     -4.125     -8.317    -56.694
  -1   -2     16.316     11.894    -67.498
  -1   -2     -5.639      2.629    -58.572
  -1   -2    -12.657     -8.901    -66.451
  -1   -2     10.524     -9.749    -53.294
  -1   -2     -0.828     -7.699    -63.261
  -1   -2     12.487      4.405    -60.427
  -1   -2     12.370      4.286    -68.446
  -1   -2      9.660      6.794    -56.233
  -1   -2    -14.859      4.432    -69.282
  -1   -2     16.658      3.230    -73.570
  -1   -2     13.383     -2.779    -66.586
  56  580     -8.540     -1.153    -75.056
  -1   -2    -14.810     -4.333    -87.576
 539  792     15.516     -5.114    -64.450
  -1   -2     -8.606    -12.741    -69.992
 319  333     -6.405     -0.049    -64.507
  -1   -2     19.176      8.838    -79.844
  -1  716     15.149    -12.110    -65.960
  -1   -2    -14.231      2.451    -75.770
  -1   -2      2.935    -10.480    -85.194
 301  281     -3.808     12.005    -72.890
  -1   -2     -4.191     11.069    -66.592
  -1  633     13.880    -12.656    -65.693
  -1   -2     17.277     11.909    -71.574
 799   -2      8.057     -4.282    -70.990
  -1   -2     -8.161     -6.430    -58.329
  -1   -2     13.640     10.316    -56.951
  -1   -2    -12.892      2.547    -66.785
  -1   -2     17.180      5.317    -66.247
  -1   -2     -3.712     -8.169    -68.151
  -1   -2     -2.399      2.698    -74.682
  -1   -2     -4.286      1.505    -84.747
  -1   -2     11.784      7.469    -59.875
  -1   -2      9.886      2.021    -69.529
 712  710     13.920    -13.096    -65.390
  -1   -2      5.879     -5.912    -81.678
  -1   -2    -11.773     -5.562    -85.904
  -1   -2     -5.583      2.586    -57.719
  -1   -2      3.400     -1.730    -72.714
  -1   -2     -0.968     -5.565    -52.901
  -1   -2    -12.652      3.076    -65.882
  -1   -2      6.994     11.739    -59.421
  -1   -2      1.590      1.132    -55.510
  -1   -2      3.212      0.885    -64.288
  -1   -2     -4.496     -6.531    -66.081
 236   -2     11.418      3.755    -74.413
 569  793     15.050      6.568    -74.347
  -1   -2     -7.370    -10.863    -76.292
  -1   -2    -10.654    -12.180    -76.214
 796  803      7.861    -10.975    -72.092
  -1   -2    -13.299      9.909    -86.975
  -1   -2     -6.496      0.184    -58.015
 717  799     -3.299      6.736    -66.909
 790  802      5.567     10.041    -68.551
  -1   -2      0.727     12.322    -65.369
  -1   -2     14.207     -3.166    -75.282
  -1   -2     -9.327    -10.000    -76.542
  -1   -2     -1.151     -7.551    -53.373
  -1   -2      8.754     -3.095    -58.558
 645  127      3.151      5.489    -64.109
  -1   -2     15.946     12.826    -67.965
  -1   -2      2.713     -8.049    -58.748
  -1   -2      0.288      8.477    -61.982
 746  758     -9.018      0.805    -67.915
  -1   -2      4.044     10.649    -61.557
  -1   -2      6.182     10.840    -57.024
  -1   -2      4.032     -0.343    -58.108
 573   -2      1.216     -1.965    -70.992
  -1   -2      9.910      6.945    -57.032
  -1   -2      7.719     -9.341    -74.623
  -1   -2      6.174      5.002    -59.640
  -1   -2     -1.396      1.493    -76.224
 634  794      1.031    -12.230    -75.186
  -1   -2     -9.003    -10.933    -66.656
  -1   -2      4.353      0.076    -64.199
  -1   -2     -7.397      1.959    -82.863
  -1   -2     11.455     -0.581    -69.398
  -1   -2     -0.749     -8.032    -66.868
  -1   -2    -13.507      0.977    -72.434
  -1   -2     -1.208      0.237    -70.466
  -1   -2    -14.404      7.662    -70.513
  -1  345      8.401      8.257    -67.633
  -1   -2     16.108      6.104    -71.444
 700   -2    -11.766     -0.179    -66.857
  -1   -2     -2.007     -9.315    -58.935
  -1   -2     16.259      5.048    -68.403
  -1   -2     -5.785     -6.316    -68.961
  -1   -2     -7.102     10.143    -66.924
  -1   -2     10.609     10.405    -86.192
  -1   -2     -6.562     -6.652    -64.434
  -1   -2     -2.284     -3.882    -81.473
  -1   -2     -3.070      9.107    -64.126
  -1   -2      4.563     -5.542    -81.096
  -1   -2     -0.351      2.483    -53.921
 504   -2    -11.846      6.857    -77.667
  -1   -2      4.438      5.251    -58.946
  -1   -2     -8.667     -7.876    -80.785
  -1   -2      2.955     11.758    -68.093
  -1   -2     -7.407     -3.804    -75.691
  -1   -2     -1.399     -8.321    -60.989
  -1   -2      9.182      9.259    -54.811
  -1   -2      2.688      8.487    -72.923
  -1   -2    -11.689      2.440    -63.912
  58  159      4.566      6.445    -68.077
 355  419     -2.670    -11.348    -67.666
 400   23      5.755      0.381    -68.775
  72   -2     -0.379      9.871    -66.006
 109  106      0.447    -10.595    -68.890
 256   63     -2.345      5.540    -71.745
 779  800      6.023      5.763    -70.007
 322  692      6.854     -6.541    -68.913
 785  801     -7.191     12.322    -75.448
 275   -2    -10.127    -11.469    -73.047
 496   -2     17.663     -3.124    -71.078
 457   -2     -9.960     -8.432    -60.845
 729   -2      6.309      2.731    -73.254
 195  809    -14.604     11.515    -71.946
 204  276     -9.181      3.043    -61.451
 298   -2    -12.845      1.774    -67.409
 578  548    -14.513    -11.466    -71.743
 653  796      8.057      1.624    -73.531
 713  301      3.625     -6.939    -70.551
 488  353     -0.453     -0.408    -73.703
 292   -2     16.790     10.612    -75.072
 202   -2      4.897     -1.878    -61.486
  45  112     -3.119     11.183    -71.466
 347  783    -12.370     11.350    -72.767
 776  325     -4.705     -0.931    -73.531
 356   -2      1.621      6.219    -66.631
 261   -2      3.618     10.010    -55.527
 226   -2      3.424     -0.097    -60.522
 361   -2      1.606     -9.619    -60.505
 460   -2      9.355    -11.889    -69.682
 802   -2      4.619     -9.976    -72.816
 558   -2     16.216     -7.662    -70.995
 489  788      6.303      1.908    -60.778
 797  477     10.323     -8.826    -60.739
 586   -2      0.717      6.020    -68.322
 714  798     14.207     -1.769    -73.466
 688  797      4.412     -3.587    -74.035
 644   -2      2.251     -3.195    -70.947
 316  334      7.208     10.068    -69.564
 311   -2     10.490      8.922    -64.772
 328  782     -1.535      3.893    -69.901
  33   -2     -5.819      9.668    -72.790
 167  204    -10.539     11.264    -70.980
 173  378     -7.847      5.365    -62.589
 321  810     -9.981     -1.844    -64.895
 810   -2    -15.055      3.724    -67.117
