811
 104    0     -0.660      0.885    -72.271
   1    1      5.383     -0.072    -71.841
 347    7      2.714      1.911    -72.597
   4    9     13.313      1.512    -71.755
  28   25     -1.573    -11.826    -69.091
 356   13     -4.178      5.067    -69.675
   7    4      1.619      5.962    -69.594
   5   17      4.404      2.332    -68.555
   9   16      0.125      3.578    -67.766
  29   83     -6.040      4.777    -74.866
  33   58      2.318      6.348    -75.324
   8  136    -10.035      3.934    -71.854
 141   84      9.575     11.419    -70.075
  82  206      6.544     -9.210    -71.235
  17   49     -2.704      9.394    -67.982
  13   40     -8.120      5.187    -69.366
 350   69      2.047     -8.747    -64.663
  60   11     -2.033    -10.527    -71.548
  40   39     -1.654      2.150    -65.313
  32   31      6.472      5.529    -68.082
  15   80     -6.513      8.802    -69.046
  12  368     -8.766      7.683    -72.738
  84  385     -3.676     11.174    -73.147
  34   28     -8.546      6.896    -68.013
 361   51      0.636     -5.793    -65.241
  11   35      7.121      5.576    -75.405
 123  101      8.877     -2.866    -70.635
  -1   -2     -6.962     -4.050    -71.995
  23   60      8.929     10.527    -69.113
 182   -2     -4.681    -10.828    -69.488
 532   27    -10.775      3.022    -69.500
 607   -2      0.395      5.970    -65.244
  41  374     -5.928      3.494    -66.524
 469  814     -5.799      9.302    -72.525
 222  268     -2.535     -4.790    -71.331
 116  193      6.893      0.361    -71.760
  31   48     11.100      1.090    -69.003
  37   41      6.650     -1.971    -70.058
 245   23      3.912      8.139    -70.107
  43  205    -11.150     10.214    -74.080
  44   65      3.811      8.104    -68.212
  63   53     -2.980     -6.617    -69.341
 125   38      7.175      3.528    -68.307
  -1   -2     -4.017     -8.987    -63.353
 359   43      1.539     -5.109    -68.054
 353  795     -2.849     11.155    -71.485
  25   36     -7.221      5.282    -67.254
  35  363      2.284      5.556    -69.414
 509  229     -1.843     -1.819    -72.552
  47   30     -3.941     -8.299    -69.688
   3   -2     -4.276     -4.599    -70.244
  66   61      4.553     10.750    -67.800
 487   -2      2.486     -5.554    -70.418
  48   12     -5.838      1.340    -71.911
  20   26     -9.246      2.278    -71.276
 358  437     -6.669      9.464    -75.940
 126  681     -8.601     -1.279    -74.944
  27  390      6.127    -10.409    -73.741
  61  773      4.405      6.483    -67.948
  30  134    -11.696     -3.218    -74.062
  -1   -2    -14.380      1.715    -74.801
 783  560    -10.218     -6.197    -73.709
 121   78     -0.616     -1.023    -69.079
  51   86      4.747     -2.048    -63.940
  85   19      7.308      4.363    -70.761
  75  151     -7.710      6.145    -69.552
  -1   -2      4.417     -7.315    -67.877
 124  519     16.004      2.367    -68.516
  78   44     -5.656      5.573    -65.696
  83   74      8.159      1.610    -62.943
 257  163      6.181      5.205    -68.118
  -1   21      0.912     -5.019    -74.797
  93  776     -0.061      9.901    -66.004
 408  180     10.524      2.629    -67.734
 102  133     -1.342      6.192    -63.284
 261  410      2.583     -5.803    -75.936
 178  161     11.753    -11.227    -72.336
  91  426     -0.765     11.486    -71.399
  54   64      1.225      8.886    -69.896
  -1   -2    -13.179     -3.247    -73.677
  -1  220     -7.571     -6.133    -75.769
 372   -2     -0.397     -2.445    -60.821
 170   68     14.450      1.556    -69.456
 106  218     12.487      9.892    -70.887
  64  219      2.192     -3.460    -65.244
  69   59      5.164      5.484    -69.166
 592   93      4.593      0.994    -72.894
  21  258      7.644     -8.018    -71.215
  -1   -2    -13.097      3.066    -73.211
  68  144      2.953      4.111    -66.395
  57  369     -0.195     -9.887    -71.245
  22  196      3.170      4.538    -72.368
  73   67      8.573     10.081    -69.632
  76  378      6.774      1.633    -68.229
  -1  143     10.502     -4.842    -65.026
  -1   -2    -10.884      6.373    -65.475
 635  438     -4.133     -5.901    -67.826
  72   -2     -9.981     -8.312    -67.282
  -1  179     -9.131     -4.301    -64.731
 127   76     -5.907     -9.354    -69.080
  -1   -2     15.119      4.447    -69.846
 111  177      0.860     -1.792    -67.348
 423  630     -3.879     12.733    -65.693
  38   98      0.905      6.518    -70.413
 352   72      9.808      8.562    -68.831
 139  182     15.000     -3.359    -70.843
 378  320     -2.151      2.726    -61.190
  50  142      7.559     -4.057    -69.576
  77  113     -1.015      7.224    -63.707
  97  777      0.134    -10.676    -68.858
 302  308     14.538      1.091    -67.079
 130  186     -8.578     -8.979    -67.086
  16  108      3.944      7.074    -68.728
  -1  122      1.773    -11.092    -67.116
 105   46     -2.094      1.306    -67.321
 210   77      2.877      9.307    -65.414
 355  260     -0.114     10.198    -72.649
  58   33      6.839     -0.664    -69.070
 483  119     11.237      4.423    -66.526
 114  162     -7.710     -4.988    -64.672
  52  120      3.034     11.170    -67.351
 108  314     -6.557     -6.042    -63.931
 169  188     16.614     -4.323    -72.354
 251  249     -0.932     -8.221    -68.837
 208   96     12.201      3.456    -68.181
 374  105    -11.624     -3.289    -67.313
 138  181      2.091      3.081    -65.907
  -1  207     -4.551     -4.303    -64.787
 425  331     -7.305     -3.280    -62.628
  -1   92     -6.671     -0.302    -70.512
  -1  148      5.463      8.124    -65.315
 238  252     14.913      7.742    -73.854
 167  129     -4.100      1.995    -66.553
  -1  104      0.330     -2.479    -65.700
  -1   -2      2.848     -0.901    -68.756
 100  194     13.675      4.352    -69.898
 413  118     -2.492    -10.316    -68.099
  -1  472     -4.474    -11.820    -66.011
  49  263     12.712      0.486    -71.561
 115  222     15.348      7.625    -68.430
 110  100     15.051      8.345    -67.307
  59   52     14.449      6.111    -70.566
 275  145      4.996     -3.768    -66.060
 194  157      4.669      5.112    -65.218
 381  402      0.615     10.196    -74.640
 309  204     -5.464     -7.762    -67.526
 154  106    -12.640     -5.443    -63.980
  14  138     -5.658      9.005    -70.905
 405  190     -2.390    -10.151    -62.988
 480  256    -10.349      1.631    -72.896
  -1   -2     -8.980     -5.669    -65.657
  86   -2     -8.381     -2.781    -63.873
  -1   -2     -3.847      5.566    -64.321
 146  198      3.730     -8.860    -63.783
  94   81     -0.966     11.849    -66.809
 113  155     -2.702      0.834    -67.440
 188  166     -7.709    -10.342    -66.156
  -1   -2      1.503      2.278    -63.528
  39  209     15.701      6.029    -72.968
   2  266      0.333      1.160    -70.845
 112  149      4.728      9.250    -62.668
  -1   -2     -2.211      4.387    -60.865
 192  228     -5.189     -9.691    -68.335
  -1   24     11.009     -0.414    -68.189
 411  123      0.271     -7.159    -62.812
 176  189      5.632      5.277    -63.434
 195  165      4.728      2.760    -65.735
 455  815    -10.429     11.222    -70.750
 382  178      7.561     -4.156    -74.591
  -1   -2     -4.316      1.369    -63.162
  92   90      1.715      6.759    -68.154
 527  175      3.278     -9.560    -67.512
 304  294      6.246     -6.959    -69.659
 145  816     -8.182      5.190    -62.791
  53  362     10.644      9.265    -69.484
  56   79     -2.551      8.585    -71.494
  -1   56     -3.820      1.838    -63.732
 759   -2     -5.104     -6.136    -71.135
 384  159     11.524     -3.925    -71.282
  81  404     11.448     -5.850    -70.048
 118  269    -11.371      7.647    -69.518
  42  141     -1.804     -0.526    -61.031
 504  324     -9.797      0.662    -75.709
   6  176     10.183      2.491    -71.763
 166  203     -4.943      2.485    -63.444
 203   -2     14.585     -8.744    -70.190
 277   -2      7.450      7.187    -64.220
 260  477     -1.852      0.331    -72.265
 228  391     14.097      7.395    -68.945
  -1   -2     -7.208    -10.741    -68.754
 119   42     13.580      0.157    -72.684
  -1  184     -1.644     -7.466    -66.805
 157  429      0.291     -4.535    -65.190
 202   -2     11.928     10.315    -65.696
 763  510     -0.255     -8.107    -75.088
 225  786    -14.748     11.082    -71.915
  67   32     10.228      6.561    -71.156
 172  152     11.518    -10.398    -68.803
  62  127     -4.841     10.075    -65.949
  -1  103     16.781      3.985    -68.613
 242  254      2.620     -3.095    -72.974
 181  358     16.509      8.065    -70.138
 323  794      4.782     -2.059    -61.264
 551  455     -8.761     10.132    -72.058
 226  787     -9.329      2.754    -61.569
 523  376     -8.701      5.266    -62.297
 244  214     -9.300     11.350    -69.725
 216  233      6.044     -5.532    -70.324
 377  293    -10.829     12.243    -67.588
 161  248     -0.192      8.611    -69.963
 196  230      7.036      4.860    -63.382
  -1   -2    -13.143      2.168    -66.747
 218  397     11.761      3.149    -69.996
 248  304     10.641    -10.795    -72.630
 253   34      6.353     -6.981    -67.785
  -1   -2     -9.033      1.587    -55.846
 399  523      5.213     -6.560    -64.801
  -1   -2     -5.353      0.547    -74.687
  -1   -2      3.868     -3.265    -69.833
  96   29      7.769      8.631    -70.539
 197  251      8.131    -12.488    -69.339
 122  231     -1.560     -1.161    -72.260
  -1  247      5.636    -12.587    -66.385
 204    8      4.448      6.387    -71.937
 175   -2      9.719     -6.704    -73.194
  98  130     14.264      3.904    -70.604
 417  800      3.291     -0.232    -60.274
 614  506      5.072     -1.294    -62.010
  -1  124    -14.051     11.534    -70.147
 499  325    -13.143      7.279    -71.482
  -1   -2     -3.331    -10.797    -66.963
  -1   -2     15.154     -8.117    -64.657
 187  576     13.735      9.860    -68.811
 173  243      5.394     11.010    -64.799
 155  315     -5.798     10.799    -64.719
  -1  281      9.625     12.522    -65.891
 288  715     11.275      3.748    -74.018
 186   -2      3.083     -9.470    -62.362
 250  286      4.927     -1.039    -66.902
 457  481     14.509     -7.641    -70.094
 265   -2     -6.866     -8.788    -73.507
  -1   -2     14.052      0.449    -60.314
 230  300     -9.005     12.112    -67.249
 452  121     -8.074      6.635    -62.816
 249  225     -5.248    -11.313    -69.205
 183   -2      8.082      7.338    -65.695
  -1   -2     -1.266      2.512    -65.819
 306  318      8.150      3.890    -62.256
  -1   -2     -3.842      7.050    -77.504
 535  234    -10.126     12.747    -64.362
 327  547    -10.931     11.262    -65.624
  -1   -2      3.059      5.241    -76.306
 550  502      0.026      3.149    -73.467
  -1   -2      0.089      8.396    -62.266
 397  226    -10.758      3.265    -61.756
 213  267      8.903      2.333    -70.955
  99  778     -2.330      5.309    -71.478
 482  232      6.123      8.659    -65.971
  -1   -2     -5.153     -0.871    -76.761
 243  262     12.758      3.879    -64.512
 149   -2     -6.812     13.030    -65.342
 396  799      3.545      9.861    -55.933
 313  279    -13.433      8.519    -68.221
  -1   -2    -12.600    -10.308    -70.421
 227   -2     13.423    -12.276    -70.213
  -1  328     10.967      1.240    -56.213
 642   -2     15.880      2.977    -67.942
 153  280    -13.052     -6.367    -74.580
 338  414      8.226     10.280    -67.175
  -1   -2      2.280      7.625    -61.341
 594  173     -6.556    -10.320    -70.134
 246  246     -9.358      9.090    -66.971
  -1   -2     12.215     -5.630    -69.024
  -1  240     -8.322      9.029    -63.764
 403  309    -11.036     10.025    -68.584
 220  782    -10.313    -11.617    -73.157
 168  653      9.585      7.741    -70.657
  -1   -2      3.627     -2.116    -71.001
  -1  566      5.689     -6.011    -63.783
 392  183    -16.060     -8.243    -74.815
 305  588     13.333    -10.012    -70.677
 199  237      8.561    -12.104    -69.735
 451  276     12.647      8.554    -70.696
  -1  290     -2.154      2.221    -71.957
 255  389     -7.929     -3.319    -75.226
 131  394      8.343      7.751    -72.273
 128   -2      0.643     12.711    -62.709
  -1   -2     -4.407      5.132    -82.690
  -1   -2      5.357     -3.269    -60.951
 771   -2     -8.783      7.664    -62.643
 453   -2     13.967     -2.597    -71.042
 485  489     -9.276    -10.472    -72.015
 321  793     16.535     10.506    -74.818
 307  210      6.506     -1.825    -70.230
  -1   -2    -13.136      9.120    -76.354
  71  452      4.806     -4.438    -73.084
  -1   -2     -8.170      5.699    -62.465
  -1  274     -5.047     -7.863    -70.405
 235  788    -12.881      1.401    -67.352
  -1   -2      5.411      7.530    -77.173
 299  128      1.033     -5.359    -69.939
  -1  690     -3.606     11.706    -72.836
 303   -2     13.483     -4.209    -74.715
 460   -2     16.580      7.162    -73.739
  -1   -2    -13.147      3.746    -78.119
 247  399      8.794    -10.755    -72.624
  -1   -2      6.174     12.555    -63.970
  -1  317      0.283      7.378    -73.681
  -1  334     12.580      8.818    -65.834
  -1  168      7.251      5.454    -73.894
  -1   -2     -1.723     10.478    -70.111
 742  812     10.461      8.850    -64.754
  -1  147    -12.284      9.674    -72.503
 190  393      3.128      2.090    -69.126
  -1   -2      0.590     11.901    -64.224
  -1   -2    -12.642     -5.260    -76.692
 732  811      7.182     10.188    -69.574
 339  665     11.804      6.234    -62.207
  -1  599      8.882     11.679    -66.447
 259  685     -6.549     -0.250    -64.378
  -1  346     13.591      5.454    -64.005
 329  817    -10.050     -2.114    -64.560
 189  780      6.621     -6.713    -69.098
 387  612     -2.949    -11.529    -65.847
  -1   -2      9.939      6.029    -76.776
  -1   -2    -13.180      6.154    -68.146
  -1   -2    -11.624     13.145    -65.397
 348   50     -0.294     -1.974    -73.441
 765  813     -1.560      3.693    -69.637
  -1  387     11.076     -4.710    -70.044
  -1   -2     -2.571     -3.699    -60.999
 514   89      4.795     -9.802    -65.280
  -1   -2      4.366     -8.000    -75.655
 332  357      1.280     -2.033    -73.838
  19   62      2.096      7.457    -68.606
  -1   -2     -5.288     -4.682    -53.437
  -1   -2     -4.303     -1.962    -68.858
 436  372     -6.961      6.058    -72.706
  -1   -2      2.226      3.978    -70.998
 369  132     -6.935      5.588    -65.392
 675  366     14.895      9.437    -72.010
  46    6      5.630      4.313    -70.105
  -1   -2     -8.328    -11.313    -74.435
 132   -2      1.416     -0.236    -60.852
 556   18     -1.372     11.170    -70.670
  -1   -2      4.606    -10.646    -87.716
  -1   91     -3.125     -3.387    -61.682
 368  796    -12.503     11.142    -72.351
 380  431      0.843      1.833    -62.048
  36   88     -3.709     -1.866    -68.980
  -1   -2      6.111     -7.525    -61.673
  -1   -2     -1.562     -9.383    -58.348
  -1  396      8.192      9.767    -62.316
  -1   -2      0.511     12.428    -72.527
 450  371     11.436     -9.816    -64.868
  65  774     -2.931    -11.417    -67.656
 395  798      1.545      6.264    -66.328
 367   -2      0.887    -12.532    -63.239
  -1   -2      8.781     -4.121    -75.200
  -1   -2      2.840      9.890    -71.503
 431  111    -11.891     10.555    -63.542
 447  801      1.694     -9.605    -60.518
  -1   -2     -2.928     -8.546    -67.441
  -1   -2      1.182     13.377    -63.866
  -1   37      7.461     12.948    -68.283
  -1   -2     -2.409     -7.327    -56.036
 433  465     12.259     -3.015    -74.146
 619   -2     12.573     -6.895    -70.973
  -1   -2     -9.861      1.493    -61.402
 462  415    -16.164      2.811    -74.225
 373  583    -12.464    -11.147    -66.747
  -1   -2    -13.095     -9.012    -70.800
  -1   -2      2.633     -6.868    -67.317
 144  434      4.006    -11.700    -62.527
  88  400    -10.041      0.037    -66.697
 184  412     -4.729     -9.852    -63.815
  -1   -2      0.093      5.680    -60.218
  -1   -2     -6.315    -12.207    -70.835
  -1   -2     -8.104     -8.117    -72.758
 198  170     -6.495     -1.143    -66.477
 429  490     -6.929      0.508    -64.082
 233  367     -1.964      6.730    -70.262
  -1   -2     -6.294      5.068    -58.431
  -1  417      2.912     -5.377    -60.265
 432   73     11.556     -7.274    -66.266
 393  454     13.966     -4.938    -66.667
 464  401      3.198    -12.895    -66.574
  -1   -2    -11.993      4.295    -68.451
  -1   -2      4.739      1.134    -56.323
  -1   -2      9.530     11.781    -61.135
  95  131    -10.580     -1.916    -64.362
  -1   -2     17.913     -2.750    -69.121
  -1  282     -2.629      6.623    -64.559
 109   95     -0.951     -3.803    -63.108
 649  202     -0.809      0.459    -61.084
  -1   -2     12.568    -12.452    -63.608
  -1   -2    -13.193      1.874    -69.967
  -1   -2     11.206     -0.917    -69.743
 427  411    -10.995     -4.210    -60.851
 107   70    -13.586     -8.068    -67.765
  74  775      5.592      0.176    -68.543
  -1   -2     10.672     -3.717    -64.382
 515  292    -10.622      7.362    -71.078
 785  154     -6.449     -3.138    -61.685
  -1   -2     -0.788      1.202    -59.223
 150   -2      6.395     -9.089    -62.271
 142  462    -13.929     -7.738    -75.683
  -1   -2     -8.415     -7.939    -62.538
  -1   -2    -11.857     -9.970    -77.426
  -1   -2     -2.212     -2.730    -71.198
  -1   -2     -8.792     -6.689    -62.870
 611   94      1.637     -2.781    -71.482
  -1   -2     10.807     -8.053    -60.844
  -1   -2      4.933     11.841    -61.293
  -1   -2      6.567     -4.576    -60.523
  -1   -2     -3.150    -10.412    -63.998
  -1   -2      3.432      9.806    -73.435
 117   47     -0.662     -7.063    -68.361
 404  421     -5.171     -2.469    -61.925
  -1   -2     12.655      6.186    -64.182
 449   -2     17.513    -10.533    -70.129
 231  598     -4.796      3.807    -74.722
  -1   -2      0.277     -8.740    -56.821
 215  278     -2.387     -1.633    -62.687
 191  185      5.175      1.514    -62.534
  -1   -2     -4.409     -8.993    -65.302
  -1   -2      1.442     -5.979    -60.104
 434  626    -12.490    -12.584    -65.426
  -1  461      8.678     -9.080    -63.316
  -1   -2     11.795     11.635    -62.077
  -1  430     11.494      0.925    -60.690
  -1   -2    -12.941     -2.152    -76.682
  -1   -2      3.913     -1.878    -59.850
  -1   -2    -11.070      9.387    -60.837
 370   -2      7.912     -5.273    -75.442
 219  471     -4.878      3.763    -62.055
  -1   -2     -4.150     -8.619    -60.808
  -1   -2     -5.295     11.152    -58.726
  -1   -2     -0.808     -4.599    -70.240
  -1   -2     13.037     -1.637    -71.183
  -1  563     16.467    -11.139    -69.342
  -1  419     11.269     -4.767    -66.744
 506   -2     -6.217    -12.703    -65.440
 749  365     -5.840     -3.054    -74.149
 439   -2    -13.701    -11.324    -68.981
 406  287     -8.906      6.266    -74.677
 536  521     -9.713    -10.221    -65.244
 420  634     -8.487     13.242    -61.642
 473   -2     17.420     -4.718    -65.477
 751  305      3.535    -10.478    -71.604
  -1   -2      9.495     -0.954    -64.201
  -1   -2      4.857     10.083    -65.669
 289  440      5.481     12.297    -62.633
 201  187     -8.514     -7.045    -65.662
  -1   -2      8.682     10.036    -74.029
 212   -2     -0.718     -9.610    -71.444
 164  117    -11.434      9.184    -66.392
 223  784     -9.953     -8.374    -60.428
 135  213      8.035     11.994    -68.210
  -1   -2      5.702    -10.558    -66.445
 474  802      9.250    -12.025    -69.623
  -1   -2     -9.872     -6.135    -83.278
 466  579      0.467     -4.321    -70.316
  -1   -2     -1.877     -8.626    -58.982
  -1   -2     -9.991     -8.617    -69.634
  -1  167     13.118     -0.716    -73.084
  -1   -2     -3.322      1.658    -60.209
  -1   -2    -11.153      1.281    -71.303
 158   -2     -8.150      3.663    -61.603
  -1   -2     -4.736     -8.192    -66.527
 271   -2    -13.755      8.751    -72.465
  -1  408      0.520      0.829    -60.824
 151  195    -11.818     11.792    -68.184
  -1  255     -4.785      5.786    -75.696
  -1   -2      7.717     12.386    -70.219
  -1   -2      4.902      9.914    -86.007
  -1  433     17.986     -8.888    -69.311
  -1   -2    -12.089      1.143    -75.692
 620  360     -8.542     12.449    -60.547
  -1   -2      7.257     11.124    -75.791
  -1   -2      3.201     -6.996    -72.538
  24   20     -1.077     -9.840    -70.851
  -1   -2     -4.497      8.224    -64.182
  -1   -2     -7.597    -10.527    -63.888
  -1   -2    -12.031    -11.743    -71.574
 421  511      8.113    -10.478    -63.195
  -1   -2     -2.524     10.899    -57.269
  -1   -2    -14.944     -1.246    -70.512
 320  792     -0.438     -0.594    -73.646
 537  805      6.388      1.828    -60.654
  -1   -2      9.020    -11.823    -64.059
  -1   22      0.677      0.621    -68.932
 134   -2      0.323      8.658    -76.560
  -1   -2     16.056     -2.907    -70.848
  -1   -2    -14.340     -7.858    -65.639
 428  125     -3.047    -12.656    -69.140
 221  783     17.838     -2.890    -70.903
  -1   -2    -10.528    -11.983    -70.683
 491  169      7.745      2.642    -62.670
 762  238      8.340     -0.676    -68.461
  -1  303    -12.699      3.839    -68.245
 534   -2     -5.527      0.223    -61.538
  -1  451     15.917      4.367    -69.520
  -1   -2     -3.921      8.547    -55.359
 648  764    -11.922      6.652    -77.596
  -1   -2    -11.975     -7.429    -69.332
 236  496     11.147     -0.984    -61.227
 147   -2      8.746     -0.828    -67.175
  -1   -2     -7.653      3.772    -53.084
  -1  264      1.878     -3.728    -70.516
  -1   -2      4.819      1.068    -65.196
 416  649     -7.342     -2.424    -62.698
  89  505      2.993     -0.729    -64.555
  -1   -2      9.498     -7.947    -62.293
  -1   -2     -7.134      0.048    -56.998
  -1  533     -3.812    -10.147    -64.427
 520  550      1.956     11.638    -60.173
 279   -2     11.758     -6.802    -69.089
  -1   -2    -15.277      5.107    -75.985
 665  515     -5.848     -7.172    -62.438
  79  107     -5.342      5.411    -65.613
  -1   -2      4.143      2.035    -72.056
 588  212      1.606     -1.107    -63.224
  -1   -2      6.908     -7.900    -54.370
  -1   -2     -3.127     -2.431    -59.013
 263   -2     12.151     12.128    -74.861
 475   -2     14.008     11.933    -71.403
  -1   -2     -0.167      1.786    -59.887
  70   -2      5.189      6.693    -75.929
 362   -2     -2.646     -6.048    -70.148
 780   -2     -4.806      9.235    -59.004
 292  236     -2.668      2.238    -60.755
  -1   -2     -5.342     -6.627    -58.310
 234  216     13.187    -12.505    -73.225
  -1   -2      6.104     11.774    -61.235
 546  532    -14.969     -7.295    -68.499
  -1  441      6.674     10.916    -65.912
  -1   -2    -13.624    -12.334    -66.041
  -1  601     17.996     -5.786    -72.280
  -1  683     15.358     -5.030    -64.187
  -1   -2      5.630      7.465    -62.704
  -1   -2      2.784     -8.217    -58.526
  -1   -2     -9.616      7.647    -64.917
  -1   -2      1.218     -5.245    -57.702
  -1   -2      7.853     -9.353    -74.914
  -1   -2     -5.785     -2.985    -77.115
  -1   -2     17.563     -8.498    -70.360
  -1   -2    -10.481      5.959    -72.805
  -1   -2     -7.494     -6.090    -53.407
 547   -2     -7.961     -0.981    -66.909
  -1   -2      3.466      5.125    -61.556
  -1   -2      4.471     -0.144    -79.287
  -1   -2     -9.293    -11.952    -67.531
  -1   -2     -0.402      4.565    -67.523
  -1   -2     -1.464     -7.792    -67.181
 160   -2    -13.228     10.702    -74.457
 284  422     -9.179      3.338    -68.003
  -1   -2    -11.477     -5.774    -61.613
 513  804     16.332     -7.482    -70.693
  -1   -2     16.523      9.441    -69.840
 394  529     14.922     -4.347    -67.642
  -1   -2     17.103     -6.508    -73.345
  -1   -2    -11.743     -9.728    -64.730
  -1   -2     -9.630     -4.863    -70.100
  -1   -2     -6.632      1.905    -57.647
  -1   -2     -5.768     -4.147    -70.590
  -1   -2     -0.599     11.623    -62.633
 319  239     11.649      2.594    -66.768
  -1  253      6.987    -13.222    -68.850
  -1  716     14.967      6.398    -74.092
  -1   -2      8.187      2.585    -58.030
  -1   -2     13.073     -1.462    -68.885
  -1   -2    -12.862    -10.183    -64.869
 262  737      0.986     -2.112    -70.616
  -1   -2      4.859     -0.288    -57.474
  -1  110    -12.934     -7.706    -68.494
  -1  296     15.380      3.853    -67.160
  -1   -2      0.582     -4.701    -73.795
 272  789    -14.520    -11.493    -71.457
  -1   -2     17.853    -11.935    -75.895
 280  591     12.497      7.220    -67.054
  -1   -2    -14.488    -10.493    -71.077
  -1   -2      1.855     -8.236    -71.672
  -1   -2     -4.334     -5.818    -56.541
 493  311      1.049      8.548    -75.292
 331  160     -3.460     11.803    -63.403
 579  807      0.730      6.035    -68.054
  -1   -2    -14.855     -1.492    -78.519
 574  468     -4.522      4.084    -68.809
  -1   -2     -3.771     -3.649    -57.231
  -1   -2     -9.608     -3.491    -68.582
 445  466      7.338     -4.362    -59.812
  -1   -2      0.744      3.092    -57.184
  -1   -2      0.218     -6.797    -59.366
  -1   -2    -11.244      3.872    -76.593
  -1   -2    -14.736      2.012    -76.108
 333  590     -5.947      7.451    -77.942
  -1  316     12.832      9.474    -64.661
  -1   -2      3.810     11.333    -74.991
  -1   -2      9.874     -5.778    -59.112
  -1   -2     16.051     11.955    -67.677
 691  662      6.659     -5.891    -72.966
  -1   -2     12.611      3.902    -79.303
  -1  624    -13.042     -3.302    -62.531
  -1  388     -6.679      3.652    -66.909
  -1   -2     17.406      2.211    -68.509
 324  495    -10.202     11.668    -73.380
  -1   -2      9.853     -4.538    -55.232
  -1   -2      7.112    -13.065    -70.529
  -1   -2    -13.172    -12.043    -72.801
  -1   -2     -9.085      9.829    -54.337
  -1   -2      2.424     -7.097    -66.131
  -1   -2      2.488     -7.907    -71.417
  -1   -2      2.647     -0.025    -75.876
  -1   -2      1.817      0.151    -58.270
  -1   -2     13.432     -8.840    -61.543
  -1   -2     -4.834     -3.964    -87.103
  -1  384     -2.375      3.761    -71.932
 543  398      5.499     -6.472    -76.926
  -1   -2    -12.100     11.428    -77.686
  -1   -2     -9.660     -1.240    -62.179
 298  217     14.300      4.542    -63.293
 525   -2      7.721      2.395    -62.610
  -1   -2    -14.688     -7.359    -84.758
  -1   -2     12.451      9.996    -63.699
  -1   -2     11.548     11.931    -60.291
 276   -2     -2.236      2.080    -69.711
  -1   -2     17.003     -6.702    -68.482
  -1   -2    -15.109      6.745    -70.225
 641   -2      4.130     -0.829    -67.892
  -1   -2     -3.307      8.453    -65.739
 443  298     -2.998      7.163    -57.809
  -1   -2     12.218      9.040    -76.131
 587  109     -5.190      9.879    -73.279
  -1  742      0.829    -12.262    -75.017
  -1   -2     -0.413     -8.958    -68.952
  -1   -2      6.535     -6.423    -57.566
  -1   -2     -1.585     -1.055    -67.544
 568   -2    -12.345     -0.263    -62.778
  -1  554     -0.535     -7.454    -74.088
  -1   -2    -10.730     -9.311    -67.240
  -1   -2     -8.866     -1.866    -88.051
  -1   -2     16.687      4.249    -69.258
 679  306     -3.277     -3.217    -65.879
 718  810      2.136     -3.283    -70.736
 293  729      3.262      5.241    -63.909
  -1   -2    -10.078     -5.299    -67.544
  -1   -2     -8.845     -6.706    -75.454
  -1   -2     -2.961      9.057    -64.729
  -1   -2    -14.517     -3.559    -75.961
 768   -2      6.119      3.218    -75.360
  -1   -2    -13.910     -8.021    -79.799
  -1   -2     -6.440      7.671    -69.014
 273  790      7.890      1.372    -73.086
  -1   -2      0.809      8.734    -60.017
  -1   -2     17.196     -6.944    -72.820
 274   -2     11.615     -9.052    -69.729
  -1   -2      9.183      3.600    -60.587
  -1   -2    -12.033     -2.760    -76.427
  -1   -2     15.931     -5.480    -62.752
  -1   -2     17.753     -2.380    -73.345
  -1   -2     11.604     -0.324    -58.802
  -1   -2     13.689     -0.562    -57.303
 637   -2     13.372     12.333    -63.264
  -1   -2     15.953     -7.127    -68.584
  -1   -2     -8.214      1.455    -79.506
  -1   -2      7.560     12.574    -61.423
  -1   -2     -3.998     -9.297    -57.500
  -1   -2     11.367    -10.113    -62.419
 533  261      5.452     -7.071    -61.824
  -1   -2     -3.512    -11.625    -60.892
  -1  355      9.887     10.697    -69.530
  -1   -2     12.423      4.208    -68.387
 756  517     10.423      9.712    -71.765
  -1   -2     -3.745      3.939    -76.604
  -1   -2     -3.343      5.663    -80.822
  -1   -2     -8.303     -6.729    -63.290
 300   -2    -14.939     11.481    -75.751
  -1   -2     -7.449     -6.478    -88.079
  -1   -2     -1.011    -10.683    -68.619
  -1   -2     -0.011     -8.860    -58.838
  -1   -2      8.377     -4.352    -63.067
  -1   -2      1.338    -11.185    -69.614
  -1  479     12.198      1.158    -73.889
  -1   -2      9.485      8.650    -59.310
  -1   -2      0.644     -1.793    -62.487
  -1   -2     15.702    -11.620    -66.596
  -1   -2      7.077      1.430    -72.836
 609  809      4.118     -3.798    -73.820
 330  661     -6.527      1.561    -74.498
  -1   -2      8.865     12.574    -62.229
  -1  526    -15.900     11.019    -73.604
  -1   -2     12.356      9.630    -61.103
 488   -2     -3.745    -10.116    -68.904
 669   -2     17.189     -9.158    -64.743
 554  335     16.567      0.479    -64.956
  -1   -2     12.898      9.792    -55.968
  -1   -2    -11.184     10.467    -76.926
  -1   -2     16.777     -8.741    -73.260
  -1   -2     10.528      7.823    -54.516
 740  753    -11.884     -0.451    -66.798
  -1   -2    -10.118      5.545    -67.233
  -1   -2     13.199     -2.674    -59.753
  -1   -2      8.342     -7.506    -69.901
  -1   -2     -1.977      9.935    -53.479
  -1   -2     -1.334     11.231    -61.728
 572   -2     15.033    -12.460    -68.227
  -1   -2      1.764     -8.582    -57.393
  -1   -2      4.763     -6.708    -52.017
  -1  338     -8.866      1.297    -66.081
  -1   -2     16.711     -1.499    -71.346
  -1   -2     -6.071      9.252    -78.090
  -1  704     13.913    -12.967    -65.303
 312  791      3.470     -6.860    -70.337
 601  808     14.077     -1.906    -73.033
  -1   -2     -6.781      3.301    -66.576
 325  299     14.529     -1.591    -73.140
  -1  722     -3.464      6.659    -66.809
  -1   -2      9.623      9.630    -59.802
  -1   -2     -9.245      7.815    -78.798
 730  595     12.534      1.648    -63.681
  -1   -2     -8.973      8.679    -70.427
  -1   -2      9.335    -11.359    -87.318
  -1   -2      8.151     -0.271    -56.771
  -1   -2     19.449      8.728    -80.769
  -1   -2     10.171     -9.008    -57.631
  -1   -2     11.600     11.189    -77.267
  -1   -2      4.725     12.112    -64.530
 471  458      8.468     10.197    -59.248
 224  785      6.075      2.448    -73.012
  -1   -2     -9.000     -8.576    -84.071
  -1   -2      4.946      8.037    -78.976
  -1   -2     18.228     -7.125    -67.933
  -1   -2     15.189     -1.227    -68.096
  -1   -2     16.922     -5.075    -64.730
  -1   -2     -9.479     -9.615    -71.081
  -1   -2    -15.057      9.906    -78.285
  -1   -2     -9.507    -11.359    -65.093
  -1   -2     10.920     -4.490    -75.781
  -1   -2     -0.400      2.249    -71.284
  -1   -2     -0.718     11.204    -74.050
  -1   -2     -9.117     -1.694    -61.583
  -1   -2    -12.468    -12.501    -64.277
  -1   -2     11.658      7.330    -58.442
  -1   -2      4.147      8.875    -66.070
  -1   -2      2.398      6.221    -66.343
  -1  733     -9.218      0.527    -67.958
  -1   -2      2.708      5.209    -55.999
  -1   -2     12.333    -11.019    -76.336
  -1   -2     12.247      5.185    -62.462
  -1   -2    -14.734    -11.808    -73.860
  -1   -2     10.749     -5.840    -60.487
  -1   -2     -0.528      4.933    -84.812
  -1   -2     -1.973     -6.981    -73.914
  -1   -2    -13.041      7.759    -87.206
  -1   -2      2.353     -9.928    -59.367
  -1  321      5.425     -4.269    -64.392
  -1   -2      7.464     -9.447    -74.693
  -1   -2    -10.213      7.186    -73.146
  -1   -2     14.505     -6.153    -69.925
  -1   -2    -10.357     -5.945    -58.287
  -1   -2    -10.615      6.470    -62.546
  -1   -2     -3.021     -2.725    -63.873
  -1   -2     10.468     -4.959    -57.839
  -1   -2     11.923     -3.858    -63.601
  -1   -2     15.755      7.043    -80.408
  -1   -2     11.377     -2.134    -65.915
  -1   -2     -5.617     11.609    -61.780
  -1   -2      7.842      3.429    -69.268
  -1   -2    -16.065      2.793    -77.986
  -1   -2     14.574     -5.650    -76.258
  -1   -2      6.310      3.597    -81.999
  -1   -2      8.368      9.147    -65.687
  -1   -2     -6.089     11.875    -71.740
  10   15      3.021      4.708    -67.963
  18  313     -0.843      5.050    -70.896
 375  797     -4.754     -1.174    -73.244
  55  444      1.099     -6.146    -65.175
 281  364      0.435     11.051    -72.014
 165  779      5.894      5.505    -69.804
 163   -2    -12.247     -3.477    -73.710
   0  164      4.778      7.874    -74.692
 755  139    -12.429      3.014    -69.275
 268   -2      8.217    -10.236    -69.648
 193   -2     14.969    -13.112    -71.329
 200  781     -7.141     12.003    -75.174
 297   -2     -2.587      3.919    -75.791
 290   -2     10.286      6.859    -62.945
 314    2     -6.679      3.045    -71.522
 316   -2     -0.773     -3.557    -65.904
 345  723      5.637     10.247    -68.669
  80   -2      4.655      7.263    -73.975
 376  115    -12.506      3.594    -64.377
 180   -2     -7.701    -10.511    -64.219
 232   -2     -2.415      6.712    -64.525
  -1   -2     14.050    -12.645    -65.717
 278  719      7.650    -11.067    -72.090
 549  806     10.484     -8.847    -60.565
 207   -2    -11.805     -9.661    -70.793
 564  694      7.862     -4.294    -70.642
 668   -2     -5.276     13.132    -59.879
 559   -2    -13.706     -8.648    -76.027
 476  803      4.486    -10.037    -72.744
  -1  351    -12.389      4.939    -76.941
 770  593     16.805      8.099    -70.607
 481   -2      5.131      8.789    -76.662
  26   -2      4.831     -7.224    -70.380
 492  639    -12.365      1.108    -69.440
 643   -2     10.372      6.259    -78.258
 758  623      1.980      5.920    -76.670
 773  818    -14.971      3.403    -67.344
