850
   4  386     -7.739     -2.252    -73.161
   0    1      2.236      6.588    -70.542
  20    6    -14.619     -3.789    -74.763
   2  282     -5.644     -0.882    -71.480
   1    3     -9.565      3.670    -71.387
  80  147     -0.091      1.496    -72.160
  26   59     -0.048      9.545    -74.343
  39   15      6.640     11.736    -71.188
   6   40     -3.492    -10.167    -71.534
  18    5     -5.999      3.750    -70.171
  10   93      4.382      1.833    -70.542
  12    9      3.204     -5.397    -72.944
   3   54    -10.340      6.715    -70.944
  28   24     -2.919      4.174    -69.290
  25   34      4.200      9.089    -69.978
   9  517      3.691     12.082    -71.800
  45   11     -0.904     -2.898    -72.139
  15   21     -0.570     -8.128    -74.319
  58    7    -11.496     -5.580    -70.075
 453   64    -10.857     -7.688    -71.698
  -1  389     -3.743     -3.779    -72.783
 254   27    -14.773    -10.313    -71.811
  13  800     -4.296     -2.922    -74.742
  -1   13      0.969     -4.667    -70.365
  23  135      1.069      3.784    -67.386
  30  802     -4.985      3.321    -69.535
   8   12     -2.492     -3.692    -75.523
  24  388      3.748      8.705    -70.316
  14  392     12.013      5.670    -69.992
  33  425      5.080     -2.546    -74.729
  19  119      1.041     -5.858    -75.983
  50   25     -4.535      9.781    -68.329
  -1  132      4.936      3.174    -68.542
  56  251     13.378      2.673    -69.225
  52  202     12.108      1.236    -69.163
 124  396      3.479     -0.788    -77.037
  29    2     -2.085      4.393    -69.532
  17   45     -4.349     -8.937    -72.010
   7   85     -4.750      3.845    -74.113
  47  138     -5.037     -8.677    -71.112
 276  187    -15.914     -3.201    -73.004
  69   49     -7.020     12.418    -66.539
  48   10      7.514      4.665    -68.834
  51   63      4.685      1.229    -65.513
 429   26     -0.945     10.132    -66.582
 174   50    -12.174      6.382    -72.690
  79   58     -5.850     12.376    -67.199
  53   83      4.821     -0.578    -65.481
  76   41     11.737     -3.879    -69.786
  90  104      4.520      9.987    -66.551
 805  402      1.714     -7.196    -71.219
  94   56     -3.347     -3.087    -65.886
  60   65      5.454      1.024    -66.849
 260   23     -8.969      7.493    -71.688
 626  105     -7.530      0.394    -64.380
  81   70    -12.528      1.957    -69.541
 440   42     -0.784      3.535    -60.799
 193  219     12.334     10.930    -74.530
 415  408     -6.002     -1.015    -65.510
  31  162     -6.288     10.451    -70.041
 287   89      2.400      1.458    -67.038
 411   80      6.393      7.748    -66.136
  -1  439     -0.620     -4.639    -64.346
 126   97    -12.473     -7.318    -69.984
 115   62      7.782      9.668    -65.114
 284  177      8.701      2.007    -70.356
 638    0      6.410      4.175    -70.014
  64  121     -4.258      0.131    -64.787
  75  170      2.311      5.989    -63.259
  -1   -2     -3.147     -4.543    -67.815
 280   52      1.599     -2.785    -74.995
 125   51     13.736      5.125    -67.141
  89   71      6.745     -6.773    -69.147
 179  846      1.277     -7.953    -69.457
 116   46     -3.961      1.363    -67.252
 803   -2     -3.253     -1.419    -72.164
 112   67     10.868      3.976    -65.508
 336  115      7.898      0.317    -63.985
  66   84     -7.696     12.011    -70.239
  86  126      8.812     12.453    -67.607
 245   82    -10.669     -2.145    -71.444
 410   36     -1.364     -1.414    -67.025
 414   -2    -12.004     11.831    -73.515
 486  111      0.292      9.578    -63.556
 108   94     -9.877     -1.761    -64.469
  61   33     10.779      2.946    -71.847
  -1   -2     11.413     -6.828    -70.444
  40  288      5.275      9.267    -70.979
 257   29    -12.316      6.205    -71.080
  96   99      9.127     -8.256    -67.941
 356   55     12.836      6.894    -70.217
 103  442      0.290      1.546    -65.995
 133  102    -11.539     -8.591    -71.613
 109   75    -11.494      0.135    -66.163
 416   86      7.592    -11.575    -69.126
  -1  144     -3.439     -6.563    -74.069
  74  100     -7.196     -3.906    -69.846
 183  203    -14.514     -3.003    -71.542
 675  120     10.968      7.926    -68.176
  46   -2      1.443     11.372    -68.024
  -1   -2     -5.945      7.848    -76.732
 187  206     -2.247      4.379    -75.148
  -1   76     -4.128     -0.852    -67.483
 106   95      6.165     -1.899    -65.815
 167   44     10.876      7.333    -72.615
  78  400    -12.331    -10.450    -72.300
  77   30      6.604      2.666    -73.961
 430  470     -0.750      8.672    -67.532
  -1  401     -0.920      9.289    -69.023
 131  113     -6.908      3.370    -60.825
  43   38     -1.709      8.775    -68.992
  63  803     -3.512     10.630    -74.097
 113  179     -0.958    -10.425    -68.044
 151  133      5.004    -11.343    -68.017
  37  188      8.777      6.534    -73.409
 448   69     -0.875     -0.769    -63.559
  16  801      4.180     -2.031    -73.093
 297  424     -5.314      5.262    -72.054
  -1   -2      6.356      9.512    -75.007
  67   43      1.869     11.890    -67.810
  -1  243      5.877     11.666    -70.475
 178  130      0.939      6.352    -74.552
 122  198     -9.184      1.303    -65.264
 267  463     14.852     -0.956    -69.254
 540  107     -2.191      3.860    -67.864
 162  245    -10.292      0.868    -66.585
 102  261     -6.813     10.428    -62.926
  93  237      3.949     -8.347    -68.927
 173  152    -12.689     -1.358    -69.781
  44   32     -3.248      8.239    -69.193
 121  150     -9.271      9.969    -63.534
  82  140    -11.241      2.788    -62.263
 192  236    -12.021      7.462    -69.269
 140   -2      3.395     -0.279    -68.774
 123  145    -11.063     10.493    -70.617
  84   -2     -8.802     12.696    -62.892
  85  101      7.163      0.044    -66.392
  38  415     -4.419      9.013    -69.064
 110  166      4.371      3.470    -72.941
  11   19     -7.302      5.457    -71.237
 466   -2      0.034      3.069    -60.152
 256   22     -6.598     -4.832    -70.544
  59   31      7.496      9.646    -69.289
 188  194     -0.888     -0.504    -71.887
 163  116     13.391      0.496    -67.567
 326  309     -5.982      6.627    -74.517
  73  301     -9.290      4.358    -66.058
  -1  278     -3.266    -12.743    -67.703
 403   81      4.427      6.796    -75.544
  -1  197      6.680     -5.445    -68.939
  65  334     -1.894      9.908    -70.538
 334  229      8.302      2.083    -69.982
  98   53      7.620      5.531    -68.125
 273  209     -8.266      6.563    -66.061
 810  139      4.202      5.257    -65.008
 177  172    -14.502      4.838    -75.116
 513  453     -9.300     -2.627    -74.671
  -1  213      7.336     -5.626    -66.447
 190  487      5.732     -0.263    -72.381
 191  416      5.824     -8.384    -67.437
  88  406    -10.509     -3.718    -71.107
  -1  129     -8.676    -11.507    -69.711
  97   48     -9.577      7.426    -72.120
 458  446      1.215     -9.034    -64.353
 241  491     11.730      3.627    -67.118
  87  414     -5.663     -8.664    -71.698
  68   37     -8.452     -5.881    -70.015
 198  154      3.925    -12.358    -65.990
  -1   -2      3.269    -11.821    -69.733
 227  106      5.425     11.858    -66.341
 149  489      9.651      8.508    -67.836
 441  124    -10.428      3.407    -66.403
 155  183      1.229     -0.923    -65.581
 293  190     -8.477      4.047    -74.177
 200  131      9.892    -10.963    -67.743
 445  169     -0.388      7.874    -74.159
 194  199      7.836      1.084    -64.913
  36  193      8.230     -1.312    -71.756
 119  232     16.642      7.059    -68.014
 255  109     -7.829     -7.048    -71.006
  71  141     11.179      9.377    -66.461
  -1  289     10.089     -6.817    -69.129
 196  218      8.046    -11.165    -68.436
 479  165    -12.509     10.893    -66.301
  54  292     -7.170      9.342    -73.114
 160   90     -1.483      7.082    -61.865
  34   77     -5.383     10.803    -74.526
  -1  250      6.081      1.354    -71.947
 206  260      9.221      9.701    -66.392
 114   87    -10.159    -11.765    -70.646
 169  125     -0.537      2.260    -66.115
 101  192     -9.946      4.921    -67.360
 231  168      3.463     -9.499    -64.946
 428  658     -5.435     -2.678    -72.860
 161  308    -14.689     -5.438    -69.563
 228  581     -7.923      8.249    -75.170
  21  847     -1.413     -7.886    -71.497
 164  429     15.690     10.324    -68.537
 182  267      1.646      7.763    -70.372
 537  259     12.218     10.558    -72.489
 218  255     16.716     -0.566    -68.069
  -1   -2     -7.243    -10.772    -66.805
 145  481     17.329      1.029    -69.210
 261  142     14.855      4.154    -68.232
  -1   -2    -11.570    -10.656    -73.330
  49   72     -9.576      3.646    -68.936
  -1   91     -6.777     -6.729    -67.400
 269  246    -10.191      9.707    -64.697
 154  440     14.754     -8.488    -70.158
 270  118      3.458      1.453    -70.401
 225  651      2.113     -8.440    -72.303
 180  149     -5.839      5.145    -65.139
 243  164     -5.722      9.310    -61.643
 159   88     -7.781     -3.396    -75.251
 165  421      3.971     -0.688    -63.884
  -1   -2     10.154     -3.236    -74.238
  -1  151     -6.070     11.119    -74.948
  -1   -2     -6.344     -8.128    -76.177
 138  291     -4.667     -6.604    -65.423
 158   28      4.319      3.833    -67.159
 529  848      9.907     -1.507    -74.190
 294  112    -11.229      4.543    -67.743
 157   18      4.440     10.874    -70.561
 600  242      2.467     -5.189    -64.021
 283  128     10.801     -5.328    -66.497
 147   -2     -7.192      7.919    -62.914
  91    4      5.098      9.748    -71.876
 181   -2      3.936     -6.345    -65.925
 132   61      4.143    -12.499    -70.096
  -1  370     -6.221     -1.220    -63.717
 175  167     -2.170      9.545    -66.907
  -1   -2    -15.120      6.599    -72.001
 135  214     -0.400     -5.457    -68.284
  -1  212     -7.187     -3.121    -72.020
 222  305     13.301     -1.100    -74.301
 452  299      6.128     12.053    -71.083
 105  186      1.275      0.034    -66.179
 266  726     -3.090      9.306    -64.210
 526  509     -8.599      0.613    -63.602
 195  252      9.724     -9.264    -68.522
 205  244    -12.497     -0.201    -68.141
 230   -2      1.902     12.979    -65.683
 344  324     14.345     -0.413    -67.196
 463  823    -15.825     -8.478    -72.754
 189  127      0.133     -0.565    -66.749
  -1  178      5.711      8.659    -62.821
  -1  217      3.423      1.461    -62.380
 359  483     15.664      1.905    -71.982
 236  266      9.953      2.283    -75.270
 330  271      9.446     -1.802    -68.077
  -1   -2     -6.587     -0.390    -70.012
 478  257     13.070      5.521    -74.937
  -1   60     -8.184     -3.707    -65.485
 176  136     -9.817     -3.939    -68.378
 226  559      2.733     12.699    -65.103
  -1  210      4.970     -6.925    -65.373
 697  501     -2.328      4.809    -61.561
  -1   -2     12.457     -0.347    -74.446
 204  506      1.896     -0.609    -74.225
 292  395    -13.820     -8.929    -76.667
 237  196      5.151     -4.797    -66.907
 313  290     10.170     -3.278    -62.584
 335  296      2.185      9.141    -77.188
  -1  325      0.127     12.572    -66.548
 248  459    -12.744     -6.768    -66.679
  -1  221     10.236    -12.673    -70.927
 369   -2      0.947     -0.424    -60.263
 322  235     10.679     -4.783    -68.873
 242  457      8.507      7.926    -76.092
 265  316      5.645     10.588    -63.937
 219  159      1.099     -8.435    -62.185
 136  326     12.524     12.260    -72.630
 274  444     14.987    -10.683    -69.317
 168  809     -4.570     -4.377    -71.833
  -1  329     -4.481     -5.861    -71.779
 510  137     13.041      3.227    -68.672
  -1  228     -8.173      8.188    -73.079
 301  225     16.776     10.614    -69.882
 523   -2     -8.752      3.823    -76.059
 307  189     17.115     -1.631    -69.408
 357  342      7.071    -10.297    -69.777
 213  277     10.925      5.122    -63.480
 310  323     13.262     -1.667    -68.675
  -1  306     -5.783     -0.309    -61.335
 211  241      8.479     11.918    -64.913
  -1  516     14.533      7.651    -66.352
 208  311    -13.674      8.178    -69.239
 232  176      9.226     -4.596    -73.715
 128  230      0.493      8.199    -65.884
  -1   -2     -1.368     -9.593    -76.904
  -1   -2     -2.082     -7.012    -66.240
  -1  479      7.745      9.905    -73.776
 518  314      0.256     -9.270    -65.979
 339  618     -5.882      3.584    -62.168
  -1   -2      6.443      0.810    -62.483
 238  811    -10.782     -3.345    -73.652
 568   -2     -2.432      0.531    -60.176
 487  205      5.880     -6.157    -70.604
  -1   -2     -5.510      6.098    -61.772
  -1   -2      1.493     -4.379    -70.296
  -1   -2     -6.910     -3.481    -62.432
  -1   -2     -9.422     -3.040    -62.185
 353  817     -2.008     -0.531    -74.075
 305  341      9.054    -10.608    -70.457
  -1  321    -13.144    -11.364    -68.460
 651   -2     -2.536      7.620    -73.993
 350  668      6.955      9.462    -62.567
 148  485     -9.228    -10.165    -66.336
 705  539     12.206    -10.225    -67.512
 223  346     -2.861      2.803    -69.797
 549  492      1.921      2.267    -68.308
  -1  338     -0.531      8.744    -69.556
 522  741    -15.201     -4.428    -75.839
 143  275      7.786     -5.361    -72.810
 329  312     12.103     -7.213    -70.697
  -1  521      2.581     -9.385    -67.945
  -1  226     -4.247     10.443    -76.050
 377  702     16.344     11.357    -68.139
  -1   -2      8.212      8.301    -66.479
 363  295      0.088      7.393    -67.414
 278   -2      6.333      3.035    -62.445
  -1   -2     11.728     -4.689    -75.288
 451   -2      6.130     -3.102    -74.359
 150  807    -13.174     -4.061    -70.140
 385  254     10.507      8.103    -64.322
  -1   -2    -12.899     12.258    -68.350
 332  286    -12.551      1.888    -63.669
  95   -2      3.820    -12.919    -70.072
 279  813     -0.898      3.835    -64.668
 351  332    -11.744      0.764    -71.521
 354  293     10.507    -10.533    -65.812
 199  181     -2.177      4.393    -60.570
  -1  279     11.749      5.099    -64.263
  -1   -2     -7.794     10.270    -64.991
  -1  361     12.837      4.222    -61.467
 314  357      8.667     -5.646    -71.265
 142  536     -7.588      9.545    -71.695
 514   -2     -9.325     10.987    -59.454
 393  821     -7.089     -7.415    -67.227
 593  307     12.308     -4.621    -74.489
  -1  280     17.397      7.501    -67.982
 234  160     12.502      7.989    -71.122
 347  606      5.099     10.827    -67.956
  -1  208      8.795      9.071    -65.557
 315  570     -7.169     11.784    -73.882
 325  284     -3.773     -0.692    -61.527
 316  364     16.127     -1.339    -67.926
  55   47      0.698      5.275    -67.841
 118  264     -6.913      8.077    -66.860
 201  358     -9.147     11.486    -68.287
 388  185     15.335      8.096    -66.821
 349  438     -0.094    -11.278    -75.037
 671  373      5.460      7.306    -59.106
  -1  276      9.291     -4.798    -71.288
 584  345    -12.717      8.826    -63.393
  -1   -2     16.609     -4.320    -72.801
  -1   -2     13.025      6.153    -64.347
 328  375     13.544      3.945    -68.012
 348  607      2.720     -3.510    -71.208
 550  520     -8.187     -8.683    -71.875
 319  484      9.980     -9.986    -65.235
 296  330      8.420     10.882    -65.650
 308  498     14.029      2.479    -69.630
  -1   -2      1.102     -6.305    -72.552
 367  528      8.809    -10.725    -72.198
 244   -2    -13.120    -11.615    -67.449
 389  379      4.201      9.266    -66.186
 302  356    -11.518     -4.938    -71.122
 654   -2     13.854      6.540    -61.811
  -1   -2      2.846      5.063    -77.748
 759  385     14.248      5.658    -64.765
 703  368     12.318    -10.204    -71.601
  -1  716     14.132      1.265    -63.593
  -1   -2      0.745      9.428    -66.135
  -1   -2      5.480     -5.043    -61.992
 288  619     10.383    -11.426    -71.308
  -1  596      5.062     -7.040    -71.736
 412  849    -14.116     -2.349    -78.131
 233  476      0.887    -11.898    -68.794
 343  445     -2.153     -1.954    -70.882
 400  381     12.308      6.455    -63.371
 812  842      1.984      9.049    -70.604
 286  302    -11.483     -7.757    -72.921
 621   -2     -7.768     -3.093    -71.914
  -1   -2     12.582     10.328    -67.387
 847  845      5.495      9.533    -74.322
 769  850     -3.213      4.049    -62.505
  -1  369     12.251     -4.917    -71.883
 258  727    -11.114     -0.998    -69.122
  -1   -2     -2.678      8.373    -58.667
  -1   -2     -9.082      4.204    -65.783
 722  371      4.011      5.450    -69.827
 648  575      3.262    -10.721    -70.785
 844  335      3.831      7.151    -70.932
  -1   -2      1.843     -2.674    -73.850
  -1   -2      3.246      4.151    -66.962
  -1   -2     -1.892      6.688    -64.875
 391  820     -2.341      1.664    -66.268
 324  331     -5.779      4.374    -73.087
  -1  731     -8.120      1.299    -64.638
 765  841      1.357      3.258    -64.021
  -1   -2     -0.246     10.948    -77.281
 362   -2     -0.532     -6.408    -75.029
  -1   -2      4.075     -4.319    -77.395
  -1   -2     -6.030     -2.719    -68.479
  -1   -2      7.630     -9.302    -62.155
 271  812     10.296     -5.667    -67.347
  -1   -2     -8.726      2.167    -68.181
 700  367     -6.958      1.063    -61.585
 251  204     12.176     -7.452    -69.388
 401  393     -5.260      1.083    -71.113
   5   74      4.993     -3.897    -70.621
 557   92     12.557      5.309    -72.105
  -1  397     -2.295    -11.806    -77.386
  70  804     -8.171     -9.395    -66.619
  -1   -2     -6.398     -0.866    -70.726
 420   14      6.240    -10.706    -73.892
  -1  390     -6.414      7.306    -70.213
 100  434    -12.226      9.537    -70.128
  41  405    -11.673     10.278    -74.707
 456  403      5.530     11.033    -67.892
  -1   -2     -6.997    -11.571    -65.696
 424   -2      5.996     -1.926    -72.727
  99   57     -4.010      9.744    -64.757
  -1   -2     -5.634     -5.225    -72.088
  -1   -2    -11.172     -4.624    -63.474
 345  407     -7.330     -9.029    -70.081
  -1   -2    -10.807     12.846    -63.754
  -1   -2     -2.247    -11.868    -74.190
  72   98    -11.950     -2.876    -67.984
 480  825      8.735     -1.470    -63.739
 404    8     -1.541      6.076    -69.306
 573   -2      2.780     -6.196    -62.277
  -1  417     -3.750     -8.556    -72.983
  -1   -2     -4.601    -10.498    -71.651
  -1   -2     -5.347    -11.116    -74.361
  42   35     -4.895     12.215    -68.811
  -1  473    -12.272     11.352    -65.289
 449  201     -5.195     -3.780    -68.274
  -1   -2    -11.229      4.060    -59.931
  -1  427      5.587     11.547    -65.641
 421  822     -4.274     -8.369    -73.707
  -1   -2      6.722     -7.104    -77.352
 134  806     -7.594     -9.815    -69.555
 450  449     16.604     -4.714    -64.769
 431   -2      2.938     -9.900    -64.637
 152   20     -7.528     -1.162    -70.297
 482  448    -10.732     -3.075    -62.782
 250  387     -3.869      2.134    -72.823
 413  310     -9.444     -8.917    -58.203
 561  556      9.157    -10.419    -63.248
  -1   -2    -12.095     -5.221    -59.170
  -1   -2     -9.909     -1.185    -58.787
 464  824    -11.253    -11.968    -66.419
  -1   -2     10.237     -9.572    -60.763
 477  117     12.949     -2.718    -67.938
  -1   -2      0.903     12.056    -60.529
  -1  616     -5.968     -5.038    -60.487
  -1   -2      0.543     -1.387    -82.502
 509  598     14.191     -8.675    -65.568
 840  455     -4.256     12.728    -66.257
 202  222      6.837     -4.319    -67.273
  -1   -2     -9.712     -7.492    -73.359
 470  511     -7.774     -3.062    -59.741
  -1  508     -3.646      9.887    -63.002
  -1   -2     13.557     -9.384    -71.800
  -1   -2      8.878     10.779    -65.688
 171  207     16.044      4.382    -72.834
 627  495    -13.084     -6.503    -65.027
  -1  211     -3.205     -1.455    -61.010
  -1   -2      8.174     -2.792    -79.167
 459  493      8.436    -11.830    -67.816
 542  467     13.344     -7.325    -73.925
  -1   -2    -10.830      3.972    -69.740
  -1   -2     15.742     -2.119    -70.556
 483  512     14.091    -13.076    -66.265
 212  263    -10.365      3.587    -61.785
 461  148    -10.023      4.243    -66.385
 485  268     -8.465    -12.830    -66.550
  -1   -2     -3.465     -7.007    -69.313
 519  285     -5.980      8.698    -70.755
 402  103      2.665      4.838    -68.939
 418   -2      7.170    -10.718    -73.457
 443  523      8.411      5.845    -65.099
 471  635    -11.000      0.833    -75.943
  -1   -2    -11.042     -3.378    -76.324
  -1   -2     -1.240     -8.292    -87.278
 365   -2    -13.649     -9.903    -67.865
 497  504      9.580    -11.780    -66.188
  -1  399      0.955     -6.822    -71.279
 494  146     13.480    -11.153    -65.907
 815   -2      5.435      4.480    -63.024
  -1  477      0.893      4.034    -62.634
 565  163     14.277     12.158    -72.027
  -1   -2     -4.737     -9.431    -66.385
  -1   -2     -5.861     -8.014    -55.625
  -1   -2    -13.317      5.178    -66.782
  -1   -2     -6.831     -4.604    -74.093
 277  465     -8.041      9.027    -64.168
  -1   -2     -7.468     -8.043    -62.552
  -1   -2     -4.370     -1.789    -75.731
 524  430     14.757     12.003    -66.503
  -1  494      3.404      2.382    -61.415
  -1   -2      6.391      5.812    -59.420
 809  351      3.578     11.074    -71.332
 632  319     -6.012     -6.606    -68.243
  -1   -2      8.078     -6.804    -62.592
  -1  287     -2.418    -12.719    -71.376
 289  391     -2.184     -1.330    -75.381
  -1  428     -5.397     -0.384    -63.832
 492   -2     -3.940     -9.014    -60.960
  -1   -2     -5.753     -6.120    -74.832
 506  157     -9.870     -6.035    -69.257
 538  827     -8.469      8.194    -71.364
 504  475     17.537     -0.105    -72.868
 220  283     13.973     -8.147    -69.534
 462  366     12.211     -8.595    -73.852
  -1   -2    -11.584    -11.942    -71.068
 503  478    -11.667      8.135    -64.865
 417  409      8.259      8.119    -66.462
 613  340     11.115      8.789    -71.321
 203  239     -5.933      3.662    -71.504
  -1   -2     10.260      9.429    -62.147
 501  182    -12.303      5.874    -63.707
  -1   -2      3.679     -6.016    -78.375
  -1  175      1.687      1.933    -57.444
  -1   -2     16.710      5.176    -74.565
 264   39     -2.394     11.153    -69.206
  -1   -2      3.617      6.947    -58.933
  -1   -2     -1.672     -8.860    -80.875
  -1   -2      2.481      0.188    -56.411
  -1  636     12.618    -10.338    -86.469
  -1   -2     -7.191      9.861    -57.032
 304  597     -1.364    -12.460    -68.061
 511  437     -8.905    -10.014    -66.980
  -1   -2     -1.076     -6.782    -59.992
  -1   -2      4.904     -5.606    -66.044
  -1   -2     10.302     -1.299    -62.638
  -1   -2    -10.440     -8.922    -73.605
  -1   -2     -9.735     -8.097    -68.623
 596  240      2.784      3.728    -58.293
 701  647     -3.016      3.113    -69.708
 327  815     -5.170     -8.942    -77.707
  -1  549     10.487     11.799    -60.984
 558  505     11.134     -2.595    -62.481
  -1   -2      0.308    -10.495    -60.191
 525  535     12.803     10.057    -64.209
 553  355     16.398     -6.857    -67.348
 214  313    -14.492      5.981    -70.245
  -1   -2      9.173     -7.600    -72.993
  -1   -2      6.530      0.307    -56.609
 569  447      7.756      5.953    -61.018
 489  155    -13.300      2.084    -77.928
  -1  574    -10.356     -6.116    -59.418
 531  641    -13.575     11.755    -65.951
  -1   -2     -2.205     -2.166    -57.099
 508   -2     17.651    -10.765    -65.576
  -1   -2     -7.588     -7.998    -77.793
 606  529     -1.338     13.341    -61.792
  -1   -2     -9.548     -4.965    -58.988
  -1   -2      9.097      8.339    -61.124
 534  533      9.992     -3.555    -63.986
  22  347      0.301      6.296    -74.074
  -1   -2      8.306     -7.345    -58.288
 581  538     10.395     -1.855    -68.558
  -1   -2      6.539    -12.247    -81.038
  -1  410      5.804      2.798    -71.592
 562  256      7.568    -10.443    -73.980
 281  215     -1.579    -11.677    -66.293
 587  562     -7.383     -0.805    -63.415
  -1   -2     15.892     -6.421    -61.585
  -1   -2      8.508     10.038    -62.809
 821  577     11.390     -5.035    -63.638
  -1   -2     -3.397      0.144    -76.853
  -1   -2      7.541     -9.357    -56.160
  -1   -2      5.966    -10.931    -65.093
 603  831     12.164     -9.482    -64.311
 460  441     12.789     -3.411    -64.572
 642  835    -15.529      0.616    -69.321
  -1   -2     12.686      8.158    -61.346
 615  851     12.612      2.709    -66.716
  -1   -2     11.360     -6.857    -62.259
  -1   -2      7.582    -10.409    -57.300
 262  359     -8.261      2.344    -75.604
  -1   -2     12.621     12.349    -64.225
  -1   -2     -6.182     -7.893    -63.124
  -1  456     -7.612     -7.547    -57.043
 559   -2    -12.583     11.691    -68.416
  -1  223      0.345     -4.844    -64.687
  -1  466      6.919     12.191    -61.551
  -1   -2     -9.879     -2.472    -57.777
 104  805      8.036     12.935    -69.341
 376  774     10.288     -1.381    -65.024
 129  412      6.692     -1.249    -70.552
 247  262    -14.903     -8.931    -70.453
 586  297     14.628    -13.223    -69.869
  -1   -2     18.011    -10.309    -67.165
  -1   -2     -6.211     -3.107    -65.031
 300  156    -13.287      6.510    -70.839
 373   -2     10.316      9.536    -67.078
  -1   -2     -9.282      4.213    -80.445
 358   -2     15.457     11.017    -70.183
  -1   -2     -7.575     -7.613    -65.745
 649  404     15.750     -6.979    -73.590
  -1   -2     -9.616     -2.320    -86.090
 481  300     -8.360      9.342    -75.485
  -1   -2      6.280      9.328    -56.127
  -1   -2      8.259      2.761    -53.442
 731  420     -5.328      3.806    -67.023
 826   -2     11.582     -0.116    -72.258
 541  348     -5.323      8.301    -61.644
  -1   -2     -6.290     10.869    -57.993
  -1   -2      4.883      0.823    -65.141
  -1   -2      0.965     -9.386    -58.456
  -1  180      1.745    -12.089    -64.012
  -1   -2      5.284    -10.637    -62.504
  -1  655     -7.879     -1.421    -65.267
  -1   -2    -10.485     -7.887    -56.387
 442  852     14.966     -7.693    -70.933
 535  701      9.897    -10.279    -62.061
 366  818     -2.528      6.421    -71.429
  -1  469      8.775     12.689    -69.562
 484   -2      2.683     11.448    -59.378
 837  609     -6.350      0.406    -72.114
  -1   -2      1.872      2.823    -59.240
 170   -2     10.168      3.095    -71.219
  -1   -2     -8.795     -5.463    -61.995
 656  837     -2.240      9.333    -63.226
  -1   -2     -7.655     -4.133    -58.262
  -1  510      0.468      9.464    -66.221
  -1   -2     -4.450    -10.183    -57.898
 285   -2     -4.361      4.405    -75.186
  -1   -2      1.860    -10.881    -57.662
  -1   -2     -6.549      9.496    -75.614
  -1   -2      6.414      6.010    -77.218
  -1   -2     12.974    -10.741    -59.469
  -1   -2     -4.910     -9.669    -87.511
 619  832    -15.323     -6.555    -76.693
  -1   -2     -8.745     -5.997    -63.916
  -1   -2      9.202     -9.109    -65.114
 820  216      0.731     -2.699    -74.966
  -1   -2      7.443     -4.606    -69.565
 139  707     11.789      3.876    -71.547
 668  838     17.674     10.190    -70.563
  -1   -2      4.293     -7.001    -74.182
  -1   -2     -6.924     -9.982    -69.813
  -1  688     17.415    -12.768    -70.199
 555  828     -0.690     -0.008    -60.428
  -1   -2      2.607      2.883    -78.299
 604   -2      0.284     -3.731    -71.008
  -1   -2     16.357    -12.347    -68.934
  -1  637      4.442    -11.723    -70.963
 712  682     13.892     10.970    -65.925
  -1   -2      2.029     -4.556    -58.750
 320  602      5.921     -5.720    -68.456
  -1   -2     16.716     -2.664    -71.593
 733  322     14.311      9.236    -74.185
  -1  660     11.005      8.438    -67.233
 698   -2      9.642      3.253    -60.069
  -1   -2     -9.956     -4.791    -63.947
  -1   -2     -3.089     -8.576    -52.662
 342  816     -0.671     -3.021    -57.104
  -1   -2      4.762     -3.655    -63.686
 645  836     18.656     -7.707    -68.397
  -1   -2      0.169      7.126    -63.901
  -1   -2    -10.706     -5.932    -61.366
 598  830     16.599    -10.245    -68.040
 527  233     -6.299    -11.610    -74.703
 317  814      2.861      9.510    -62.054
  -1   -2     13.261     10.188    -74.409
 599  480     -7.185    -12.444    -72.274
  -1   -2     -5.781     -6.493    -69.680
  -1  490     17.219     -2.610    -73.966
 835  336     -3.995      4.106    -66.665
  -1   -2      5.651      9.001    -57.040
  -1   -2     16.274      8.124    -76.473
  -1   -2    -10.593     11.354    -60.053
 368  696      0.474     -5.628    -69.069
  -1   -2    -11.399      4.579    -84.246
 591  829     11.414     -5.930    -73.073
 321   -2      8.766      5.021    -76.197
  -1   -2     -4.603      1.385    -60.187
  -1   -2     -3.800      8.779    -58.049
  -1   -2      9.795     10.202    -63.692
 299   -2    -11.778     -6.645    -73.804
  -1   -2    -10.111     -8.158    -76.097
  -1   -2     -0.570     -6.186    -66.251
  -1   -2     -2.046     -7.700    -55.268
  -1  382    -14.625     11.028    -69.727
  -1   -2      5.068     11.485    -82.704
  -1   -2     -9.966     -5.810    -75.782
  -1   -2      4.621     -0.427    -61.212
  -1   -2      0.316     -7.069    -74.025
  -1   -2     -4.934     -9.782    -84.504
  -1   -2    -12.014     12.269    -66.972
  -1   -2     10.325      3.491    -62.053
 435  496     -6.836      3.799    -72.334
  -1   -2     -1.236      8.766    -59.728
  -1   -2    -12.414      9.336    -78.189
  -1   -2      4.313     -2.468    -57.270
  -1   -2    -13.053     -0.172    -85.800
  -1   -2      8.641     -2.173    -60.533
  -1   -2     -6.832      1.229    -75.431
  -1   -2     -5.002      3.625    -66.708
  -1  763     12.964     -8.510    -59.987
  -1   -2      1.040      9.095    -67.432
  -1   -2     15.298      8.313    -63.786
  -1   -2     10.800     -3.362    -59.142
 379  819    -14.290      3.187    -67.988
  -1   -2     -2.854     -3.143    -58.713
  -1   -2      1.125      0.345    -54.664
  -1   -2     13.419     -6.426    -57.173
  -1   -2      2.818     10.153    -58.510
 252  640      5.369     -7.960    -61.587
 395   -2    -12.719      6.982    -68.610
 829  723     14.776     11.231    -70.520
  -1   -2    -12.408    -11.683    -70.313
  -1   -2    -14.193     -8.844    -66.311
  -1   -2      9.356    -13.186    -61.802
 730  840     14.702     -0.612    -72.621
  -1   -2      8.213    -12.488    -77.488
  -1   -2     -7.190      5.048    -68.421
  -1   -2     12.576     -7.643    -65.114
  -1   -2      3.894      0.589    -69.600
 631   -2     -5.416     -1.765    -61.599
  -1   -2    -15.026     10.568    -77.368
  -1   -2     -2.163     -6.835    -66.134
  -1   -2      9.662     10.113    -54.185
  -1   -2     11.549     -1.574    -56.287
  -1   -2     11.153     10.101    -56.922
  -1   -2      5.520     -9.371    -58.817
  -1   -2     -6.619    -12.303    -76.380
  -1   -2      5.012     -2.177    -75.746
  -1   -2      7.677     -1.425    -54.394
  -1   -2    -15.224      7.943    -79.259
  -1   -2      6.964     -0.955    -66.172
  -1   -2      6.796      9.311    -52.522
 748  753     17.289     -5.449    -72.707
  -1   -2     -6.544     -5.409    -79.352
  -1   -2     -3.141      1.622    -58.474
  -1   -2     10.496      5.627    -59.393
  -1   -2     12.871     10.358    -58.266
  -1   -2     11.693      8.993    -52.566
  -1   -2    -12.104      8.869    -73.559
  -1   -2     -9.450     10.050    -58.907
  -1   -2      5.071    -11.781    -66.957
  -1   -2    -14.803     -2.508    -84.763
  -1   -2    -14.375      8.067    -77.018
  -1   -2     -6.771     -0.045    -55.443
  -1  690     17.253     -2.993    -71.265
  -1   -2     -8.130     -5.654    -67.652
  -1   -2      6.305      5.557    -61.295
  -1   -2     -0.135      6.989    -64.059
  -1   -2     -9.858     -3.038    -59.998
  -1   -2      6.934     -8.597    -54.622
  -1   -2     16.054     -4.985    -70.803
  -1   -2     12.673    -12.013    -75.028
 789   -2    -10.067      4.207    -74.222
  -1   -2    -14.603     -1.371    -87.171
  -1   -2      7.508     -7.823    -53.552
  -1   -2    -16.208     -3.954    -75.322
  -1   -2     10.023     -2.023    -61.561
  -1   -2      3.933      9.452    -53.798
  -1   -2     -2.317      0.322    -55.104
  -1   -2     17.054     -8.674    -81.945
  -1   -2     -6.361      4.144    -59.800
  -1   -2    -15.211      0.748    -77.983
 371   -2    -10.301      1.884    -77.425
  -1   -2      3.117     11.719    -66.083
  -1   -2      0.846     11.396    -64.016
  -1   -2    -10.213    -11.475    -66.616
  -1   -2     14.896    -10.082    -66.256
  -1   -2     11.268    -13.486    -62.488
  -1   -2      4.060     -7.121    -85.757
  -1   -2     -7.647     -4.683    -66.115
  -1   -2     -3.827     12.266    -65.955
  -1   -2      3.059     -9.060    -88.142
  -1   -2    -14.241     -6.402    -80.290
  -1   -2    -11.628    -10.514    -75.429
  -1  540      9.190    -11.202    -61.623
 355  563     -5.051      7.233    -70.353
  -1   -2      7.600     -8.963    -60.968
  -1   -2     15.094      4.090    -60.517
  -1   -2     -2.801      7.574    -65.708
  -1   -2     -1.778      6.053    -81.035
  -1   -2      2.080      8.946    -63.416
  -1   -2      3.147     -7.978    -59.155
  -1   -2     16.581      1.317    -64.736
 602  853     -5.667    -10.069    -73.152
  -1   -2     -2.655     -9.336    -83.235
  -1   -2      5.620     -4.830    -67.722
  -1   -2    -12.372      3.998    -78.334
  -1   -2     13.909     11.675    -66.699
  -1   -2     -8.863    -12.762    -65.314
  -1   -2      1.608    -12.519    -64.806
  -1   -2      7.030      6.223    -58.492
  -1   -2    -10.976     13.133    -67.505
  -1   -2     -3.810      1.868    -57.727
  -1   -2      9.151     -4.881    -53.524
  -1   -2      8.679     10.357    -65.923
  -1   -2     -1.672     -2.947    -52.444
  -1   -2     -7.961      4.601    -72.114
 498  110    -11.898     -4.874    -75.353
  83   16     -2.372     -5.487    -70.164
 408   -2     -8.884     -3.961    -65.409
 488  161     13.719     -1.289    -67.533
 156  808     11.610     -7.042    -68.722
 172   -2     -3.752    -12.263    -67.362
 272   -2     -4.227      1.507    -61.744
 813  363     10.905      2.137    -66.063
  -1   -2      0.076     -6.801    -62.426
 185  274     11.792      6.930    -68.954
 396  854     11.981     -0.773    -74.237
 298   -2    -12.768    -10.682    -68.902
 499  452     10.337     -6.690    -63.664
 215  568      7.091     -3.116    -62.057
 239   -2     -2.861     12.555    -62.695
 728  839    -14.133     -3.208    -74.408
 694  339     -4.477      4.999    -67.118
 830  843      7.024      1.028    -75.446
 507   -2     18.075    -12.259    -70.492
 572  855      3.211     -9.750    -73.190
 495  328     -6.597     -4.379    -75.373
 827   -2      3.460      2.370    -60.852
 137  253     -9.706      3.303    -76.338
 570   -2     15.592     -5.628    -73.919
  -1   -2     -6.217     -3.845    -75.502
 397  856    -10.364     11.245    -72.058
 595   -2      7.357     13.508    -67.692
 676   -2    -10.461      1.609    -72.367
 833   -2     -1.302    -12.177    -76.232
 609  857      5.584    -11.008    -63.052
 624   -2    -16.066    -11.781    -74.304
 839  844    -14.574     -5.187    -65.871
 637  834      7.798      3.331    -77.383
 754   -2      3.179     -2.470    -67.172
 405   -2      3.264      4.328    -67.017
 737   -2     18.050    -11.801    -66.921
 750  625     -8.834      9.340    -62.832
 746  779    -15.556      4.477    -70.269
 811  582      6.932      3.813    -73.396
 818   73      4.904     -2.576    -69.562
 838   -2     11.719      6.983    -74.629
 146   -2     -9.835     12.002    -61.310
 409  272    -13.975     -5.227    -73.980
 580  858      8.932    -11.587    -62.776
 669  349    -13.339      7.496    -67.580
 678  599     -1.650     11.313    -75.543
 806  503     15.288      0.270    -70.290
 842  604      3.135     -3.506    -62.753
