811
   6    0     -6.974      5.986    -72.369
  28    4     -1.652      2.292    -70.237
   2    5      5.749      9.561    -72.190
  13   29      3.305     -5.500    -70.760
  27    2      5.090     -1.663    -71.394
   3   18      0.673      8.091    -70.260
 143    9     -0.156      6.129    -69.358
   7  163      2.750     -1.143    -73.121
  14   21      1.557     10.166    -66.757
 181    8      0.299      5.520    -68.660
  70   28     -9.904      5.795    -71.476
  12   98      0.865      7.242    -67.416
  25   38     -9.427      0.241    -71.916
  15   20      4.306     12.657    -68.098
   8   51      8.351      3.521    -70.155
  22    7     -0.365      4.283    -75.709
  19   16     -5.795      1.712    -70.631
 107   13      0.724      9.461    -68.091
  52   11      3.828     10.723    -70.294
  16   66      3.999      8.805    -68.978
 370   31      4.557     -0.472    -69.360
  18   55     -3.888     -2.538    -70.960
  55   74     -1.454     11.484    -74.315
  40  752    -11.079     10.867    -72.619
  51   14     -2.222     -0.291    -71.098
  26   23      6.255      1.876    -65.458
 189  158      3.514     -2.105    -68.091
  37   26      8.192     -3.384    -67.829
 369  776      5.277      8.328    -74.137
  34  278     -8.188      3.391    -75.718
 151   50     10.282      5.847    -73.503
  10  750     -2.602      7.579    -69.075
  72   61      1.887      2.841    -69.117
 483  155     -0.611     -1.743    -68.008
  21   75     -1.418     10.070    -68.210
  24   59      4.322      2.218    -70.971
 115   33     10.576     -1.932    -68.173
 106  220     -1.966    -10.873    -66.499
  33   41     -1.483     11.573    -65.848
  43   32      6.970      3.042    -67.617
  53   44     -1.552     -6.636    -67.270
  94   90      5.106    -10.442    -70.421
  58   48     -3.775      4.320    -68.312
  48   46     -1.304     10.159    -64.533
  29  142     -1.738     -7.312    -69.670
 372   73      6.266      1.733    -68.777
  -1  179     -3.440     11.457    -66.085
 387   57      2.964      6.200    -64.743
  -1   -2      2.230      8.855    -65.173
  65   81      5.702     11.371    -74.034
 449  114      3.678     -2.304    -70.515
  68  177      4.268      7.324    -71.288
  54  425     -4.285      8.372    -64.392
  95   83     11.480     -0.806    -66.806
  44  249     -8.119     -1.817    -74.086
 374   27     -1.218      9.214    -66.693
  74   63     -1.146      0.936    -64.828
  49   52     -8.349      8.175    -66.713
 100  134    -13.605     -7.809    -71.959
  67   70      0.790     11.623    -64.291
 219   62     13.903      3.731    -70.000
 413  170     -2.282      3.322    -72.466
  59  253     -8.874     10.294    -69.231
 117  106     -5.829      7.086    -61.699
  61  366    -10.676     10.368    -70.519
 157   12      1.553      5.625    -71.976
  83   77      9.391     11.743    -66.475
  79   60      0.937     -8.878    -65.436
  76  804     -7.366     -3.597    -75.568
  17  365      2.890      3.946    -70.291
  69   15      8.223     -1.869    -66.158
  -1   -2     -5.267      5.469    -62.964
  84   64      3.736     -9.900    -67.802
 418  367      5.805     -1.377    -70.694
 145  113     -7.925      1.773    -68.394
 114   68     -6.382     -0.153    -66.584
 198  760     -7.580     -6.193    -72.590
  89   65     -0.690     -9.434    -69.893
  57  150     -5.135      3.035    -64.554
 162  373     -1.835     -9.233    -69.556
 250   53      7.208     -9.993    -67.207
  82   85      6.077      6.982    -64.851
 480   37     10.351    -10.969    -66.286
  86   93      7.006     -3.943    -67.846
 382   30     -9.795      9.004    -66.197
 266   86     16.310      1.390    -74.756
 631  407     17.339      9.807    -74.063
  87  186     11.240      9.966    -69.617
  75   72      2.976      4.874    -65.467
 508  101     -4.161     -8.109    -64.527
  92   67     -3.401      4.398    -64.177
  -1   54    -12.202      7.661    -67.084
 391  212      4.481     -5.498    -73.493
  -1   45      9.693      9.201    -67.674
 120  176     13.600      2.195    -66.681
 121  120     -8.969      8.881    -71.795
 131  397     -3.294      7.267    -62.348
  78  159     -6.021      7.872    -61.926
  -1   97     -6.009     10.808    -66.631
  -1  240     -3.250      1.621    -60.812
 470  412      2.993      0.038    -65.853
 204  140     -6.872      7.862    -75.875
 129   87     -3.942      7.665    -63.301
 101  146     -5.235      8.165    -66.072
 126  252      6.182     10.461    -69.629
 154  103      4.587    -12.077    -68.979
 486  111      7.475      5.226    -67.792
  77  386     -0.893      0.578    -71.333
 116  110     -4.507     -6.334    -63.261
 170  410    -14.040      9.862    -72.512
 119  105      1.623    -10.625    -67.059
  71  130      3.537     -9.170    -67.931
 388   79     -4.282      6.130    -65.182
  81   95      0.518      4.787    -62.507
  63  201     -6.977      4.068    -64.729
 125  143      8.441     -0.943    -63.325
  41   10     -2.989      9.868    -71.558
 233   96      3.970     -4.676    -74.135
 184  145    -12.919      0.323    -68.500
 178  100     -1.439    -11.203    -65.378
 136  144     -8.469     -9.087    -66.236
 180  126     -4.828      6.479    -61.220
 182  125      3.392    -11.308    -66.942
 113  115     12.723      5.437    -66.199
  -1   -2    -12.612     -0.088    -75.850
 786  107     -2.902     10.498    -63.248
 221  227      9.388     -9.133    -69.329
 255  109    -14.204     10.387    -74.139
 168  192      9.260     -3.737    -66.611
  -1   -2      0.904     -9.205    -56.368
  91   82     14.347      7.900    -70.272
  64  463     -2.322      4.462    -65.506
 123  153     -0.498     -0.421    -62.276
 176  129      6.767      1.845    -64.731
 146  131    -12.064     -8.705    -66.927
 109  457    -14.371      8.248    -69.936
  -1  458     14.637     -5.209    -70.520
   1  506      2.230      2.247    -68.811
  -1   -2     -4.396    -11.279    -63.990
 186  148      2.626      4.056    -65.029
 148  121     -8.490     12.801    -66.519
 253  160     -9.557     11.337    -64.704
  23   22      8.432      0.718    -68.695
 630   71      0.149      7.097    -65.386
 139  178      0.776      9.371    -61.741
 141   -2     -7.489      9.450    -61.834
 211  206      1.047      0.916    -61.761
 447  416      0.363     -7.322    -65.238
 205   69      6.002     -3.720    -68.526
 621  792    -15.060      9.626    -74.218
 152  162     -3.061     -8.555    -69.041
  90  133    -13.767     -5.153    -69.699
 124  755      4.222      5.396    -71.363
 590   34      4.883     -2.388    -71.545
 147  117    -12.209     -1.111    -65.594
  73  606     16.362     10.759    -73.044
 158  219     -9.923     -0.588    -70.939
 241  169      5.225     -5.151    -64.704
  -1   -2    -12.440      4.076    -77.057
 110  139     14.280      6.371    -66.867
 224  151    -12.951     -4.713    -69.590
 133  187    -10.209     -9.212    -67.093
  -1  387     -9.513     -7.082    -67.793
 194  208     -5.922     -7.528    -64.016
  45   43      6.538      8.029    -74.680
  -1  214      6.729     -4.711    -66.189
 169  238      1.936      5.917    -64.655
  -1  422    -12.338     -5.464    -74.225
 509  182     -6.705      3.094    -62.628
 137  154    -10.873     -4.688    -71.751
 263  420     -1.479     -4.663    -64.616
 188  190      5.263    -12.695    -65.664
 171   -2      5.816      3.484    -73.972
 196  298    -13.710     11.149    -74.715
 134  235     11.698      1.004    -65.284
 264  127      7.545      9.688    -68.732
  -1  215     -3.703      0.168    -71.635
 248  378    -10.266     -6.186    -72.843
  -1   -2    -15.188      9.841    -77.881
 175  597    -12.535     12.477    -71.654
 446  161     -3.666      2.057    -61.034
 242  264     -9.359     -1.769    -68.204
 200  761     -3.756     11.597    -74.471
 519   -2      1.637     -6.821    -72.448
 272   -2    -11.427      6.857    -69.471
 405  437     -1.199     -1.781    -62.056
 132  213    -12.462     12.958    -67.751
 187  759     16.179      7.134    -67.015
 433  128     -8.299     -2.856    -66.324
 465  783      8.164     -6.659    -65.444
 490  485    -10.245      0.579    -70.686
 460  223    -11.384     10.353    -66.520
 228  430     -9.471      1.485    -59.510
 165  756    -14.216     -9.661    -72.877
 138  265     11.902     -3.450    -69.084
 279  405    -13.546      5.937    -70.175
 243  218    -15.026      5.059    -71.123
 135  175      6.626      8.966    -74.690
 341  305      2.537     -8.271    -73.613
 155  157     -6.414     -8.886    -66.466
 325  774     11.518      4.081    -75.383
 156  448      5.707     -3.207    -64.269
 530  207     -9.432      2.668    -71.822
 249  191    -13.866      8.704    -69.359
 212  471     -3.543    -11.714    -64.288
 210  269    -12.881      9.581    -66.839
 290  333      4.008     -1.084    -60.261
 230  587    -13.607      0.132    -66.060
  35  382      4.071      9.996    -69.964
 240   39     -0.850     10.178    -70.312
 161  413     -1.040      3.962    -65.173
 213  200      8.669     10.217    -65.262
 527  605      9.337    -11.402    -64.235
 217  242     10.612     -1.683    -64.945
 275  282      3.520     -4.625    -71.876
  -1   -2     -2.617     -7.453    -68.770
 127  171      8.023     -6.296    -67.690
 438  116     -5.531     -3.160    -67.909
 393  780      1.340     -6.733    -76.331
 270  281     -9.889      2.724    -63.135
  -1  267    -12.111      2.294    -74.494
 144   -2    -10.061    -10.892    -73.189
 507  521     12.460      1.025    -66.795
 390  308      5.020     11.383    -61.393
 532  195      2.910     12.795    -66.705
  -1  204     -7.807     -5.327    -66.159
 193  231     -4.997     -8.070    -67.620
 381  289     10.137    -11.554    -72.077
  98  286      4.181      2.124    -65.340
 190  183     14.524      6.283    -69.300
 356  650      1.666     -4.051    -63.246
  39  168     -5.586     -3.461    -69.524
 259  225      9.998      3.404    -61.466
 302  283     -8.147     -4.911    -77.588
 257  764      0.733    -10.059    -75.500
 345  136      4.365     -4.167    -73.314
 283  314     10.052      1.037    -62.253
 214  180      9.920     -6.785    -65.946
 195  243     -9.105     -9.075    -66.154
 237  248     -3.898     -3.512    -65.814
 604  261     16.621     11.571    -68.605
  -1  254    -14.247      3.331    -73.630
 246  310     15.028      9.582    -70.337
  -1  135     -6.495     -5.732    -76.003
  47  433     10.979      0.783    -70.698
 759  799      1.772      3.743    -72.719
 177   -2     -9.470     -7.452    -64.538
  -1  173     16.961      1.093    -72.689
 554   -2     -8.331     11.094    -76.499
 303  217     12.505      8.249    -68.331
  -1  216    -15.039     -2.019    -75.288
 553  470     -6.981     -5.415    -76.420
 183  512    -12.669     11.167    -65.877
 552  271    -12.001     -1.625    -64.479
 282   78     -9.580      1.004    -67.791
 611   -2     -5.746     -9.894    -77.251
 557  517     11.471      7.077    -76.556
 251   -2     13.855     12.450    -68.997
 484  785      2.774     -9.736    -77.546
 261  341     -2.686    -10.570    -64.949
  -1  548      5.502     -1.272    -65.308
 320  569      8.896     -2.036    -66.466
 321   -2      2.577      2.258    -68.233
 312  255     17.326      2.346    -68.785
 304  284     16.904     11.111    -67.787
 277  566     -7.605      6.736    -63.214
 592  805     -3.887     -1.018    -68.581
  -1  287     11.050      5.655    -65.133
 333  257     -3.831      2.614    -67.831
  -1   -2      9.815     -5.339    -60.878
 567  258     -6.248    -12.126    -75.892
 360  197     -5.616    -10.361    -70.311
 245  237     16.227      3.905    -70.967
  -1  222    -10.766     -2.994    -69.468
 274  302     13.266     11.124    -69.008
 206  763     -1.265     11.673    -70.792
 334  497      2.830     11.457    -62.146
 718  229     -1.437     -4.339    -64.664
 222  671      8.790     -8.664    -73.202
  -1  303      1.192     -4.352    -65.395
 526  193     -6.771    -10.691    -73.670
 298  771     12.135     -2.828    -65.338
  -1  429     11.914     -0.998    -71.573
  -1  614     16.517     -6.879    -71.175
  -1   -2     14.849      1.629    -75.166
  -1  505     -2.092    -11.242    -68.991
 268  250      0.844     -1.781    -71.870
 296  769     -0.348     -0.373    -76.560
  -1   -2     -1.912     -0.787    -60.510
 327  293     -5.905     -8.522    -72.138
  -1  209     -0.673     -6.820    -62.876
 675  260     16.229      6.456    -66.257
 775  275     11.230     12.598    -65.931
 314  322     11.661     11.175    -68.449
 191  210      8.983     11.318    -73.112
  -1  189     -0.630     -0.931    -63.091
 348  600      9.582     -4.691    -64.904
 550  311     12.479    -10.257    -68.040
 440   -2     -2.513      2.357    -74.090
 332  232    -15.279     -6.195    -75.242
 799  543     13.447     -7.402    -64.114
 227  347     -4.447     -7.262    -69.490
 254  321      5.797    -12.598    -65.622
 104  245      8.258      2.659    -68.752
  -1  617      1.372      6.093    -61.203
  -1   -2      9.706    -10.959    -72.885
  -1   -2     -4.425     12.474    -61.551
 235  246     -7.780     -1.049    -62.618
  -1   -2     -2.395      9.566    -81.106
  -1  312    -14.342     -0.848    -74.919
 368  132      6.477     -0.529    -68.557
  -1  579     17.049     -7.220    -69.477
 331  658    -13.890      7.915    -65.839
 318  295     -3.618     -8.122    -74.076
  -1   -2     -3.665     10.964    -76.002
 350   -2      4.555     12.083    -68.210
 105  753     -0.826     -5.249    -72.779
  -1  274     -4.605      8.812    -72.127
  -1   -2     -1.595      4.294    -67.782
 580  730     -8.583      8.527    -69.295
  -1   -2     -6.491     -4.444    -75.779
  -1   -2     -0.428     -4.912    -66.467
  -1   -2      9.252     -0.368    -67.167
 517   -2      4.386      8.187    -72.219
  -1   -2     13.284      7.624    -64.276
 721  670     -6.611     -0.348    -69.965
   0  359     -6.348      5.469    -72.580
  -1   -2     11.364     -3.323    -86.361
 456   89      2.879     -8.605    -72.425
 365    1     -4.690      1.161    -72.533
  -1  112      3.824     -0.890    -69.192
  60   -2     -3.697     -4.697    -71.188
  11  361     -4.315      5.254    -70.091
 377    3     -0.518      5.252    -68.653
 430  360    -16.191     -8.104    -75.244
 419  406     12.196      6.882    -76.687
 452   17     -8.211      1.420    -70.413
 416  445    -16.338     -6.634    -73.571
  -1   92      4.110     -0.358    -68.368
   9  156      6.092      6.656    -72.156
   5  749     -8.935     -0.929    -74.619
 762   -2     -2.850     -9.686    -67.703
  66  141     -5.540      8.746    -68.561
 307  772     12.701     -5.730    -73.770
  -1  596     -6.618     -4.797    -66.532
  -1   -2     -5.069     -2.078    -63.658
 386  779      1.197      5.604    -68.035
  -1   -2      3.826      3.747    -73.456
 534  355    -15.117     -4.639    -69.016
 760  375     -5.103     -1.410    -66.642
  85   76     -5.880      1.204    -64.451
 299   35    -11.781      5.476    -71.226
  -1   -2      7.096    -11.367    -64.233
 366  489     -9.229     -0.060    -73.553
 384  391     13.950     -4.968    -65.365
  62   49     -5.584      4.494    -63.737
 396  415     14.480     -9.011    -67.205
 373  396     11.998     12.456    -73.482
  20   24     -5.815     -0.577    -73.096
 410  414     17.968     -5.870    -67.844
  -1   -2     -7.283    -12.274    -74.415
 807   56     -1.493      7.444    -68.982
  -1   -2     -9.107     -7.694    -71.013
 112  118     11.401     -7.857    -66.121
  -1  228      9.799     -9.563    -63.749
  -1   -2     -0.694      7.078    -57.578
  -1   -2      3.465     -4.089    -63.430
  97   58      5.076     -6.269    -66.571
  -1   -2    -15.653    -10.943    -74.522
  -1   -2      4.303     13.202    -65.324
 108  138    -13.513      1.584    -67.634
 397  381     16.174      3.873    -65.407
  -1   -2     -5.535      5.080    -72.310
 376   -2     -0.651      3.704    -73.604
  88  119      4.533     -9.860    -66.146
 140  296      7.122      7.937    -74.397
 102  196      7.526      1.061    -64.699
 128  555     12.538    -10.920    -73.017
 455  426      4.007     -1.210    -64.929
  -1   -2    -10.108      2.246    -69.734
  -1   -2     -7.377      9.456    -59.838
 122  262     -9.066      2.001    -69.047
 766  400     -1.726      2.691    -64.205
 475  530     -3.828    -11.350    -68.061
 453   91    -10.089      3.068    -68.288
 769  181    -13.011      9.010    -68.187
  46  389      8.339      3.617    -59.569
 309  773     14.570     -6.974    -74.083
  -1   -2     -6.442     -8.727    -52.968
  96  203     14.827      2.378    -68.402
 394  372     -2.345     -4.262    -63.721
 608  395      5.591    -11.765    -74.035
 231   -2      6.342     -6.306    -75.783
  -1   -2     -4.669     -4.552    -57.578
  -1   -2     -2.766     -6.312    -73.143
 423   -2      7.269      5.703    -75.809
  -1   -2    -10.950     -9.606    -67.286
  -1   -2     -6.148     -8.846    -60.143
  -1   -2      8.350     -9.199    -75.835
 346  383     -5.762      5.498    -74.097
 427  123     -2.388    -12.016    -64.687
  -1   -2    -16.401      4.900    -74.240
  38  404     -3.172     -7.483    -72.709
  -1   -2     -4.797      4.953    -60.582
  -1   -2      5.608     -5.829    -55.735
  -1  449     -7.268     -4.914    -62.509
 402  394      4.964      3.601    -62.865
 404   -2     -2.414     13.132    -64.584
  -1   -2      3.936     -6.014    -87.753
 271  268    -13.716     11.529    -67.689
 258  765     -2.758      9.016    -68.401
  -1   -2      5.498      2.048    -84.237
 163  411      3.624    -11.811    -65.866
 451  427      2.715      0.511    -64.423
 421  244     16.990     -0.697    -67.405
 426  782      3.306      0.319    -62.115
  -1   -2     -3.940     -9.791    -56.472
  -1   -2      2.048      2.966    -58.318
  -1   -2     -3.684    -10.998    -71.747
 457  236      9.337     -6.176    -62.444
  -1   -2      7.540     -1.048    -66.260
  -1   -2     -1.282     -7.551    -62.480
  -1   -2     -6.854    -10.194    -56.385
 287  453     -1.051      9.769    -71.692
  -1   -2     -5.155     -6.219    -55.038
 265  657     -2.023    -10.372    -65.824
 310   -2     -7.880    -10.237    -68.279
 758  363    -10.875      3.360    -70.309
  -1   -2     -0.604     11.366    -66.604
 236  806      3.959     -5.128    -71.597
  -1   -2    -12.243      8.640    -62.612
 767  439    -10.919     -1.017    -70.589
 442  434    -10.653     -9.185    -64.391
  -1   -2     15.353     -3.202    -61.153
  -1   -2     -4.166     11.862    -65.347
 810  377     -0.100     -7.001    -72.982
 504   -2      4.388      9.898    -60.734
 267  767     10.806      5.029    -68.603
  -1  194      2.397    -12.510    -64.375
  -1   -2     -5.511     -1.928    -71.611
 500  198      1.955    -10.402    -64.642
  -1   -2      0.666      9.812    -53.643
 565  807      5.639     -6.236    -72.110
  -1   -2    -13.085      4.614    -66.002
 149   -2     -6.677     -9.601    -64.903
  -1   94      2.020    -12.119    -73.614
 203  552     -5.785     11.326    -60.840
 439  399      1.755     -5.816    -62.222
 223  188     -9.830      4.078    -64.278
 496  473    -16.030     -6.126    -70.599
 595  790     15.087    -10.086    -68.524
 201  762     -9.007     13.266    -66.576
  -1  480     14.753     12.985    -67.937
 256  468      4.150     10.401    -74.227
  -1   -2    -15.302    -11.671    -76.951
 805  482     -1.753     10.315    -65.844
 492  285    -14.190    -12.033    -72.503
  30   -2     -5.291      0.126    -69.264
 574   -2    -14.474      1.474    -67.508
 815  465     -7.606      0.409    -63.032
 780  694      1.483      8.113    -69.006
 435  226      9.353     -3.088    -69.966
  -1   -2     -1.242     -2.000    -58.743
 448  629      3.110      5.457    -75.200
  -1   -2     -6.632    -11.118    -61.141
  -1   -2      7.855     -5.032    -61.869
 494  490     14.601     -4.729    -62.827
  -1  280      7.515     13.010    -65.865
 392    6     -2.279      8.628    -76.661
 260  645      3.701     -4.999    -60.464
 477  259     12.387     10.696    -67.373
  -1   -2    -11.422     -8.599    -64.099
  -1  529    -11.545     -5.598    -72.182
 774  800      0.638      2.639    -76.110
  -1   -2      0.677      8.744    -52.279
  99  205     -3.784      4.174    -61.813
 797  518     -7.243     10.797    -74.885
  -1   -2     17.568      1.606    -75.984
 286   -2     -4.056      6.419    -75.523
 521  688      8.293    -12.810    -62.038
 216  421     -5.127      4.137    -64.068
  -1   -2     -0.449     -6.801    -60.628
  -1   -2     11.871     -3.767    -63.997
  -1   -2     -5.531    -10.728    -59.123
  -1  398      3.036      8.166    -58.588
  -1   -2     -9.856     -5.245    -61.062
 495  147      5.985      3.502    -63.121
 791   -2      3.472      6.941    -61.864
  -1   -2      5.309     -7.484    -70.142
  -1   -2     11.718      6.301    -61.119
  -1  326     15.101    -12.456    -73.546
  -1   -2     12.685    -10.969    -68.300
 160  152    -11.152      9.659    -70.080
 467   -2      8.617     -0.991    -61.277
 150   -2     -3.044      7.157    -73.610
 232  536     -9.195    -10.484    -75.902
  -1   -2      2.988      2.464    -57.283
 771  556     13.967      0.244    -68.253
 542  537     14.038     -5.163    -63.162
  -1   -2      2.784      1.723    -71.214
 166  230      9.894     -5.992    -67.934
  -1   88    -13.775      0.983    -77.170
 234  234      7.324      5.361    -63.570
  -1   -2      2.418    -13.077    -67.102
 412  590     -9.117     -4.219    -62.139
 297  770      3.980      1.817    -71.034
 520  787      6.107     -2.739    -70.861
 300  221     11.934      8.290    -71.881
 280  436      6.991     10.256    -61.889
  -1   80      7.214    -11.705    -64.872
 493  786      8.054     11.660    -64.572
 549  279      6.964     -8.143    -71.481
 385  778     15.644    -10.938    -74.599
  -1   -2     -5.532     12.823    -63.253
 547  488    -12.969     11.162    -67.988
  -1   -2    -11.537      2.037    -60.727
 499  304     -2.488      6.368    -60.428
 566   -2     13.523     -1.892    -61.512
 294   -2     13.435     11.221    -66.095
 459  369     -4.824      3.114    -76.509
 813  803      1.195      2.816    -61.742
 544  788    -14.384    -10.087    -72.977
  -1  124      0.581     -3.071    -68.316
 420   -2     -1.467     10.372    -58.151
  -1   -2     -1.000      4.788    -76.916
 218  184    -15.444      2.959    -71.294
  -1  476     13.176      0.327    -63.454
 792  808     -8.758      4.089    -60.248
 570  340      3.976     -7.483    -60.338
 593  502     -9.432     -9.146    -73.515
 770  493     -3.898     10.542    -72.336
 506   84     -0.457     -0.279    -72.556
  -1   -2    -11.849      9.097    -61.303
  -1   -2     -8.638     -7.733    -57.742
  -1   -2     -3.997    -12.331    -73.026
  -1   -2      6.238    -10.371    -76.511
 326  483     11.017     -5.224    -67.114
  -1   -2    -15.419     -9.404    -74.886
  -1   -2     -4.847     -3.741    -58.778
  -1   -2      9.761     -7.354    -61.216
 207   -2     -9.482      3.487    -62.253
  -1   -2    -10.206    -11.553    -61.653
 172  122     -1.448     -1.265    -64.008
  -1   -2     -3.066     -8.864    -67.148
 814   -2    -11.476     -8.325    -74.553
  -1   -2      0.445    -10.282    -64.201
  -1   -2    -12.246     -8.567    -65.067
 529  662     -9.375     -3.418    -72.943
 588  573      9.055      2.114    -59.891
  -1   -2      7.406      3.755    -60.831
 539  276      8.718     12.459    -68.628
  -1   -2      6.950      6.427    -61.507
  -1   -2     -0.896     -1.036    -63.988
 344  775     11.666     -0.737    -62.792
  -1  723     13.158     -7.802    -65.867
 511  266     -4.527      4.972    -77.417
 289  307    -12.191     -5.875    -72.183
 293  306     10.061     -1.344    -66.117
  -1   -2     -2.277      5.792    -70.472
 422  661     -5.931     12.458    -63.724
 468  672      0.067     -1.936    -74.335
  -1   -2     -2.979     -5.732    -77.613
  -1   -2    -11.380     12.401    -63.352
  -1  456     -6.745     -1.696    -59.244
  -1   -2     -3.086     -7.096    -54.249
 601  542    -13.242     -1.048    -63.415
  -1   -2    -15.799      7.221    -73.757
  -1   -2     15.446     -2.149    -76.295
 623  526      5.637     -8.220    -71.601
  -1   -2      3.533     10.344    -60.948
 414  459     14.428     -9.644    -64.894
  -1   -2     13.474     11.429    -60.328
  -1   -2      9.293      8.700    -58.864
  -1   -2      2.975     -4.256    -72.312
 515  602     16.785     -1.380    -67.070
 510   -2     -4.302     -7.351    -76.393
  -1   -2      9.611      7.259    -80.762
  -1   -2     -1.705      3.677    -68.702
 615  558      8.329     -3.932    -60.514
 639  793     12.063     -6.611    -65.260
  -1   -2      9.951      8.866    -57.257
  -1   -2     -9.958     11.106    -60.262
 585   -2     17.557     -7.072    -65.379
 725  643    -13.822      5.036    -76.930
  -1   -2      3.206     -0.914    -61.448
  -1   -2     -6.838     -6.233    -63.090
 319  627     10.382      6.896    -66.871
 179  683     -1.466     -0.885    -64.657
  -1   99     -0.959     -1.917    -67.335
  -1   -2    -10.697    -12.048    -65.479
  -1   -2    -14.001     12.678    -69.735
  -1   -2    -13.052      1.161    -73.924
 174  758     11.743    -11.777    -70.167
  -1  323     11.937      2.697    -61.148
 361  528      7.400     -0.704    -60.578
  -1   -2      6.889      3.186    -75.489
  -1   -2      7.313     11.572    -62.655
 712  574      9.990     -8.099    -64.273
 330  332    -12.864      6.942    -72.009
  -1   -2    -10.833    -10.742    -66.802
 406  781     -4.748     10.462    -74.021
  -1   -2    -10.096    -11.598    -66.370
  -1  728     -5.477     11.205    -68.272
  -1   -2     -7.055     -3.804    -81.033
 339  338      4.236      8.679    -74.106
 717   -2    -13.977     10.970    -73.002
  -1   -2     -2.208      2.512    -62.210
 541   -2     13.483     -6.680    -64.505
 523  379      1.842     -8.806    -69.988
  -1   -2     11.993     -0.751    -66.909
  36  300      3.306     -8.817    -73.468
  -1   -2    -15.533    -10.834    -81.525
 454  315      9.544    -12.386    -71.197
 658  794     -3.196     12.320    -72.746
  -1   -2    -10.597     -1.522    -59.148
  -1   -2    -13.505    -12.318    -75.380
  -1   -2    -12.415      8.951    -77.510
 597  423      5.062      5.528    -61.725
  -1  256     12.923      3.537    -70.816
  -1   -2     -6.241      5.782    -62.575
  -1   -2      7.271     -4.939    -65.750
  -1   -2      2.200     -7.024    -76.833
  -1   -2     -0.292     -5.929    -57.155
  -1  541     12.739     -7.074    -63.617
  -1   -2    -12.199     -9.452    -73.097
  -1   -2      2.997     -4.911    -59.144
  -1   -2     10.610     -5.076    -62.620
  -1   -2    -11.415     12.417    -65.081
  -1   -2     -4.527     13.192    -63.762
 613  659     16.761     -5.581    -68.440
  -1   -2    -13.508    -10.258    -67.865
  -1   -2     10.612     -4.612    -70.013
  -1   -2      2.557      8.435    -65.329
 564  371      0.743     -6.318    -61.124
  -1  358      0.447      3.449    -75.930
  -1   -2      9.430      7.390    -54.957
  -1   -2    -13.211     -9.965    -74.016
  -1   -2      6.329      1.491    -79.653
  -1   -2     -2.648     -3.348    -57.986
  -1   -2     -2.437     -0.506    -68.036
 518   -2     12.404      1.288    -61.277
 702  325     -0.243     -5.718    -67.574
  -1   -2     -5.467    -11.762    -67.100
  -1   -2    -12.048     -1.616    -75.017
  -1  174      1.711     -1.471    -64.198
 690  639      3.928      4.650    -57.420
  -1   -2     11.817    -11.564    -66.640
  -1   -2     -8.758     -7.627    -53.689
 804   -2      3.974     -9.933    -67.021
  -1   -2     11.211     -8.334    -55.012
  -1   -2      2.813      5.668    -58.340
  -1   -2     -9.663     -5.931    -60.618
  -1   -2      5.207     12.536    -65.413
  -1   -2    -13.895     -3.059    -83.673
 748  292    -12.890      5.165    -78.254
 252  646     14.755      6.940    -73.820
  -1  527     12.566      4.787    -70.131
  -1   -2     -5.645    -10.807    -75.331
  -1   -2     -5.172     -5.730    -53.236
  -1   -2     -6.782     -0.082    -74.773
  -1   -2     -7.514    -11.648    -63.857
  -1   -2     -2.703      0.751    -61.036
  -1   -2     -1.263      8.533    -74.714
  -1   -2      6.698      3.804    -59.549
  -1   -2      2.355     11.068    -54.898
  -1   -2     -0.914     -5.142    -61.183
  -1   -2     -1.595     -5.667    -77.973
  -1   -2      3.154    -11.515    -61.499
  -1   -2      6.863     -0.125    -68.927
  -1   -2      6.926     -7.955    -67.392
  -1  607      1.451      0.331    -64.161
  80   -2      2.722    -12.135    -68.623
  -1  680     14.673     10.233    -69.565
  -1   -2     -2.343     -3.867    -58.597
  -1   -2      4.041     -8.923    -56.960
 803  809      7.405      2.667    -65.010
  -1   -2     16.125     -1.762    -74.814
 192   -2      8.025    -12.162    -76.951
  -1   -2     15.983    -10.048    -69.623
  -1   -2    -10.159      6.238    -86.306
  -1   -2    -13.404     -3.949    -75.583
  -1  233      2.346     -9.861    -72.132
 324  290      3.671      2.045    -73.095
  -1   -2      4.754     11.339    -67.429
 576   -2     10.924     10.951    -65.700
  -1   -2     -5.753      0.772    -55.131
  -1   -2     -0.421      9.745    -57.778
  -1   -2     -0.753    -10.996    -60.542
  -1  589     15.880     10.186    -64.745
  -1  319     13.645      6.756    -70.017
  -1   -2      4.157     10.631    -59.268
  -1   -2     13.674     12.901    -66.570
  -1   -2     11.410    -12.851    -73.986
  -1   -2      8.304     -9.963    -61.222
  -1   -2     -6.862     -2.780    -66.842
  -1   -2      1.642     -9.805    -66.745
  -1   -2     -6.506      2.156    -62.783
  -1  346     -3.884      0.446    -67.144
  -1   -2     -4.843      9.758    -74.385
  -1   -2      4.959     -1.898    -53.965
  -1   -2     -4.154     12.495    -72.479
 362  331     -6.378     -7.812    -66.974
  -1   -2      0.055     13.359    -63.654
  -1   -2     18.408     10.182    -71.245
  -1   -2      1.995      3.823    -85.662
  -1   -2      1.199    -11.648    -76.124
 328   -2      1.842    -12.303    -67.168
 575  789    -10.745      8.188    -71.908
  -1   -2    -12.135     -8.140    -77.127
  -1   -2     10.520     -6.019    -56.674
  -1   -2     -6.812     12.427    -57.855
 722  320      6.183      7.736    -65.672
  -1   -2     10.708      4.933    -60.328
  -1   -2     -3.298     -3.645    -71.780
  -1   -2     -2.641     -9.400    -54.843
  -1   -2     14.385      1.647    -59.457
  -1   -2    -10.251     -9.427    -61.215
 676   -2     -9.157      0.847    -63.287
 657   -2     12.943     10.175    -63.833
  -1   -2     14.386      2.584    -73.146
  -1   -2      6.612     -7.461    -63.668
  -1   -2     13.245      1.662    -66.708
  -1   -2     -1.930     -0.817    -60.853
  -1   -2      5.412      2.637    -56.195
  -1   -2     14.851     11.488    -62.802
 724  701     14.165     -1.559    -65.833
  -1   -2    -12.883      6.246    -66.683
  -1   -2     -6.643     -1.096    -65.286
  -1   -2     -0.777     -9.217    -53.989
  -1   -2     10.467     -2.607    -65.913
  -1   -2      0.094    -11.536    -73.630
 750  798      3.524     -0.403    -60.488
  -1   -2     11.702    -12.515    -59.959
  -1   -2     11.497     -0.499    -61.892
  -1   -2     -9.204     -9.059    -64.652
  -1   -2      0.842     -9.745    -77.553
  -1   -2     -8.969    -10.212    -59.350
  -1   -2     -8.609      0.841    -52.083
 795  700     -7.454     11.615    -69.303
  -1  544    -14.315     -3.286    -65.799
 357   -2      9.698     -7.421    -65.756
  -1   -2     -5.217     12.119    -71.600
  -1   -2     -4.477     10.528    -56.337
 616  791     18.006     12.067    -72.982
  -1   -2    -12.646     -7.377    -86.502
  -1   -2      7.493      1.264    -56.320
  -1   -2     -7.110      1.833    -56.137
  -1   -2     -7.693     -0.018    -71.994
  -1  733    -10.664     11.901    -68.049
  -1   -2      4.671      3.252    -74.865
  -1   -2      8.354     -4.758    -69.388
  -1   -2      0.831      4.406    -71.272
  -1   -2     -5.455     11.453    -74.363
 655   -2      2.880     -5.610    -70.720
  -1   -2     -0.127     -7.736    -71.202
  -1   -2     -7.709     -1.381    -60.832
 313  424      6.475     -6.748    -73.296
  -1   -2    -13.204      6.770    -67.591
  -1   -2    -11.607      3.964    -70.886
  -1   -2    -11.094     12.805    -63.051
  -1  746     -7.360      7.251    -68.181
  -1   -2     15.943      0.894    -65.232
  -1  350     -0.041    -12.156    -63.844
  -1   -2     15.091     -1.092    -62.301
 199   42      2.978    -12.071    -64.393
 378   -2      1.239      9.933    -69.695
 367  401     12.524     -0.975    -75.833
 409  108     -8.566     -6.731    -67.035
 167  166     -2.691      2.949    -62.080
 173  757     -2.810      1.917    -62.419
  -1   -2     -5.560     -1.582    -61.434
 262  766     10.729      5.407    -67.039
 560   -2     -4.540      5.873    -68.670
 301  477      7.263      6.612    -71.448
 239   -2     -7.321      0.627    -61.653
 777  565     10.229      8.504    -65.108
 429  390      5.316     -1.968    -72.265
 322   -2      5.041     12.604    -66.346
 247   -2     -5.556     -4.784    -71.254
 665   -2     12.553     -3.959    -69.670
 273  768     12.369     -3.419    -71.852
 431   -2      3.505     -8.345    -64.849
 305   36     -6.404    -12.383    -71.569
 202   -2     -6.575      3.677    -61.641
 783   -2     -3.668     -8.586    -72.856
 528   -2     13.767     -5.642    -70.539
 538   -2     -5.360      2.041    -59.376
 481  784     -1.932    -12.356    -64.584
 789  802     18.836    -11.328    -71.040
 225  478    -10.457     -7.173    -76.746
 776  801     -5.559      0.606    -63.515
 238   -2     -4.803     -9.599    -59.595
 659  795     -9.835     11.735    -59.780
 710  797     17.056    -11.760    -73.503
 380  777      0.524      7.149    -76.181
 311   -2      9.554     -5.533    -61.781
 669   -2      9.283     -0.082    -76.829
 802  318     -2.546     10.460    -69.718
 603   -2     -6.005     -1.264    -74.552
 679   -2    -11.720      9.243    -61.574
 696  796      2.753      7.016    -68.539
 545   -2      4.684      4.586    -52.083
 757   -2     -5.695     -0.290    -60.787
 503   -2     11.689     -6.164    -61.884
 306   47      1.303      3.369    -70.929
 111  754     -9.180      4.224    -65.458
 291   -2      7.630      5.407    -66.321
 229  251     -0.515     -7.320    -64.606
 640  335     -1.095      7.892    -74.228
 801  810     12.265     -1.208    -75.113
 816   -2     -5.563     13.560    -69.373
