841
   1   16      3.790      5.036    -71.223
   0    1      2.111      3.971    -71.374
 192   57      2.253      7.024    -73.145
 359    7      0.241      2.182    -71.908
   9    2      3.613      4.886    -68.472
  36    5     -6.731      6.720    -69.890
  39    6     -0.113      3.063    -69.694
   8   11     13.740      0.399    -71.173
 393   17    -10.823      5.266    -75.407
   5   21      7.564      7.642    -69.024
   6    4     -0.664      6.691    -68.263
   7  109      1.632      5.615    -70.232
   2  382    -12.586     -3.219    -73.881
 548  176      8.072      7.889    -73.414
  19  136    -11.332     -3.216    -73.877
  85  410      0.979      8.178    -72.577
  17   34     -7.877      4.558    -70.130
  -1  432     -9.778      6.692    -72.259
 101  170      2.963      3.538    -72.767
  32   36     -1.480     -5.167    -69.924
  64   18     13.894      2.512    -70.338
  37  151      3.516    -10.881    -72.115
  47   72     -2.465      4.260    -68.143
  -1   -2     -1.038     -1.367    -66.568
  -1   -2      6.403     -4.613    -71.170
  11  556      5.664     -4.228    -77.238
  13   26     -3.976      6.380    -67.214
  76  130      0.176     -7.394    -68.730
  86    9     -0.465      9.673    -72.028
  10  529      2.429     12.421    -71.527
  -1   19     -0.721     -2.660    -71.927
  -1  631      2.165      2.785    -63.430
   3   87     -6.964      4.964    -71.932
  38  237      5.374      3.523    -71.618
 110   27     -4.362      0.901    -69.020
  41   35     -5.692     10.476    -64.832
 373  225      1.069      6.085    -70.387
  -1   -2    -15.139     -5.396    -70.683
 385  389     -1.037     -2.795    -69.638
 176   37     -8.074      4.022    -73.445
  22    3      7.552     10.205    -71.639
  -1  373     -8.576     -4.218    -72.333
  -1  381      1.028     -1.549    -72.452
  89   -2      4.317     -1.213    -65.440
  -1   -2      0.331     -3.212    -66.914
 162   50     -8.329    -10.030    -68.275
  62  185    -15.847      0.141    -72.751
  15   25     -8.549      6.539    -70.184
  -1   45      9.064     10.284    -68.374
  -1   -2      7.212     -5.041    -65.360
  -1   -2     -3.605    -10.551    -73.085
  57   53     -4.475      9.646    -64.929
 361  838      0.330      1.113    -70.351
  24   24     -9.836      3.829    -68.061
 135   73     13.180      2.242    -67.038
 133   86      4.243      8.519    -69.586
  84  392     -5.097      5.328    -66.506
 189  286     -3.984      1.480    -74.180
 794  836     -8.181     -5.841    -69.975
  46  412     -0.392      1.566    -63.988
 395   52      3.021     -5.116    -71.067
  58  408     -3.477      0.894    -66.658
 567  146     -7.938      7.393    -71.230
  73   10    -13.234      2.172    -74.898
 214   29     -6.852     -2.928    -72.857
  -1  388     -9.178     -0.201    -72.064
 105  256      3.645    -10.946    -69.461
  44  449     -8.548     11.596    -64.638
  -1   -2     -0.338     12.616    -66.802
  25   41      4.602     -1.686    -74.233
  65   56     -1.646     11.656    -69.094
 178  192     -8.732      8.058    -70.762
  49   54     11.485     -2.834    -67.840
  55   97      0.476      3.154    -67.994
  29   67      0.251     10.800    -68.558
  78   69     -0.636     -3.934    -71.639
  -1   47     -2.598     -8.433    -67.177
 209  417     -2.915     -0.400    -65.394
 152   82      4.675     10.721    -68.232
  60  116      1.475    -10.243    -64.892
 205  114     -1.107      0.585    -67.846
  34   71      4.206     -9.331    -68.579
  56  111    -14.686     -6.107    -71.735
 324   90     11.418      7.433    -68.316
  -1   23     -0.545      7.552    -68.033
  16   20      0.437      9.330    -71.151
 118   32    -10.158     10.758    -76.808
 489  386    -15.000    -10.805    -74.554
 326  394      5.384     -0.211    -67.455
 154   -2     -5.603    -11.651    -66.113
 465  121     13.876      4.201    -66.502
 128   85     -0.649     -6.344    -68.483
 140  119      2.869     -5.864    -66.019
 100   42     15.785      2.953    -69.432
 112   91      3.485      5.605    -65.034
  63  100     13.746      7.845    -69.025
 102   88     10.065      9.418    -67.584
 113   77     -3.073      2.432    -64.748
 125   65     -5.801     -3.789    -65.680
 812  157    -10.099     -0.033    -65.788
  72   58      0.094     -3.826    -68.317
  66   61    -11.931     -7.255    -71.194
  -1   -2     -1.157     -6.175    -65.059
  27  446      2.417     -0.699    -69.974
 143   -2     12.956      4.108    -66.198
  -1  209     10.512     12.285    -69.102
 658  403      2.222     -9.249    -68.408
  54  165     -0.125     -1.963    -72.053
 554   -2      6.374      4.341    -71.917
  -1   -2      2.872     -4.350    -65.907
  -1   -2     -9.216     11.357    -72.210
  -1   -2     -1.118    -11.861    -63.756
  79  501      3.234     -9.986    -62.577
 132   74     -9.529     11.397    -62.941
  33   89     -8.755     -1.832    -67.100
 256  345     10.847     -6.900    -73.668
 198  106     -8.279     -3.722    -66.695
  90   59      5.536     -5.636    -64.784
 103  152     -7.376    -12.401    -67.142
 150  141     12.835     -4.157    -68.610
 396  813      1.193      0.571    -72.360
 109  434     -5.613      9.566    -62.092
 213  120      6.877      0.090    -62.694
  -1   -2    -10.149     -3.137    -74.695
 168  419      2.295      7.790    -66.268
  -1   -2      0.661     -7.238    -65.743
 106   84     11.476     12.408    -69.338
  -1  139     -3.290    -12.477    -68.498
 153   -2     -1.007     -5.070    -67.052
 129  164     -4.665     -1.779    -63.046
  48  168     -9.087      9.552    -74.294
 801   55     -6.976      2.435    -72.137
 817  625    -15.430     -3.652    -72.075
 124  126      3.636    -11.272    -64.233
  -1  258     -4.753      4.379    -62.311
  -1   -2     -4.885     -7.715    -77.145
 196  254      0.652     -5.818    -75.460
  -1  395     -7.955     -3.836    -72.985
 799   76     -3.357     -7.549    -67.099
 134  154      4.295      1.754    -64.550
  96  135      3.511     -2.959    -64.884
 240  581    -15.665      2.209    -75.605
 159  128     -9.874     -2.956    -68.851
 202  188      2.163     12.400    -64.686
  -1  228     -2.342     -9.158    -70.626
 401   -2     -8.764      9.409    -66.047
 479  818    -11.289     12.579    -70.967
 174  155      3.011     10.565    -68.181
 211  140     16.665     -1.139    -68.675
 145  194      2.016     -7.134    -63.578
 115  113    -11.831      2.957    -66.056
 228  308    -13.914      7.119    -71.973
  -1   -2     11.575      5.022    -63.717
  80  398     -0.541      7.385    -69.408
  42  160    -14.659     -7.389    -71.838
 151  193      3.042      5.112    -64.780
 146   96     12.077     -3.490    -68.507
 388   48    -13.162      7.169    -67.869
 382  122      5.063     -7.758    -69.642
  -1   -2     -0.480     -9.965    -64.973
 286   33     -1.262     -7.627    -70.692
 123   94     -8.165      7.761    -64.918
 186   51    -12.963      5.620    -75.897
 410  186    -11.290      6.573    -73.637
 416  149     -2.711    -11.402    -63.652
  -1  211      5.909      1.157    -62.126
 179  127      7.097      1.750    -64.155
 203  799      9.028     -9.988    -72.988
  92  178     10.225    -12.678    -66.548
 229  466     -7.588     -6.030    -73.292
  -1   -2      2.464      9.793    -63.550
 121   78     -0.897      7.552    -72.779
 164  274      9.509    -12.991    -67.589
 172  210     -2.099     11.318    -75.540
 413   80     14.072     -4.575    -67.361
 397   12      5.388      6.182    -70.192
 435  251    -10.689      1.503    -70.470
 566  105    -10.460      8.864    -66.305
  93  792      3.336     -8.337    -64.657
  50   13      1.143      5.761    -74.036
 419  213     10.901     -4.435    -66.529
 136  190     10.309     -1.979    -65.937
 207  147      5.509      0.327    -73.098
  23  198    -11.185      6.768    -68.671
  31  400     12.769      9.601    -72.150
 477  207     -0.955     10.093    -65.937
  -1  118      7.050     -5.344    -75.306
  -1   -2     -5.436     -1.352    -76.046
  -1   43      9.046     -3.681    -69.741
  -1   -2     -3.073     -6.243    -66.473
 160   39     -0.494    -11.406    -74.604
 244  802     -5.813     -7.532    -68.691
 250   -2     -9.453      0.064    -75.239
 297  250     11.459      5.154    -68.998
 114  322      3.486     -1.673    -65.819
 111  658      2.318      5.648    -64.905
 157  586      7.491      2.643    -64.250
  87   38      9.479     -0.733    -68.564
 194  158      3.857      7.549    -63.745
  -1  235      6.728     -2.544    -67.769
 320  807     -5.918     -9.624    -72.580
 284  374     -6.719     -5.034    -72.354
  95  443     -6.109     -9.200    -69.641
  -1  183     -6.546     -4.036    -65.163
  18   15      7.016      2.964    -69.538
 180  797     14.017      6.448    -74.512
  68  238    -14.151     -2.133    -76.630
 148  285     -2.429      5.311    -65.754
 191  249      8.145      6.578    -63.391
  98  793     -7.889      3.091    -68.554
 446  199      7.988      0.913    -74.645
  70  124     -4.535     11.097    -69.478
  -1   -2    -11.842      2.012    -65.393
  40  137    -10.338      9.974    -68.538
 798  167    -10.709     -1.162    -70.913
 675  179     -6.569    -10.616    -71.183
 204  230     14.231      0.530    -67.541
 185  798      2.385      4.442    -65.867
 471  180     13.438    -12.555    -67.041
 821  231      4.146      5.043    -68.818
 262  200      8.931    -11.923    -70.413
  -1   -2     -8.963     -0.848    -60.816
 246  148      0.208     -8.249    -68.349
 126  123    -11.177    -10.319    -69.524
 131  458     10.903     -1.031    -73.411
 212  800     -1.491      7.975    -66.016
 458  470      1.182     -5.700    -62.205
 201  344     -5.108     -6.469    -72.179
 170  191      4.613     -1.767    -64.765
 422   -2      5.963     -7.824    -73.543
 375  262     -5.293      7.779    -63.730
  99  275      7.858      1.638    -67.663
  -1   -2     -2.928     -5.389    -63.627
  94   -2      5.454     -0.542    -65.864
 383  103      7.839     11.803    -68.343
 171  324     -1.452      9.107    -72.828
  -1   -2      7.971     -7.233    -62.042
  -1   46     -1.056     -2.757    -66.400
 805   -2     -5.694     -4.400    -73.160
 235  233    -10.307     -8.924    -70.939
 293  215    -12.801      5.304    -65.132
  -1   -2     -7.783     -4.144    -63.320
 503  197    -11.257     -9.867    -62.860
  -1   -2      4.578     -8.596    -61.614
 249  515      7.406    -10.035    -67.453
 466  656     -7.754      9.043    -78.229
  -1   -2      7.669     -3.057    -67.293
 238  279     15.442     -7.730    -69.381
 290   -2     13.904      0.347    -64.820
  -1   -2      7.035     12.600    -65.403
 119  102     -7.368     12.722    -68.313
 200  134     11.317    -11.340    -70.209
 175  721     -2.902     -2.848    -75.226
 305   -2     15.015      2.400    -66.960
 259  302      4.200      5.281    -62.867
 271  184      9.389      9.213    -68.686
 348  411      5.760     -1.145    -73.679
  77  144     -7.675      7.565    -68.886
 236  839     -1.931     -8.333    -59.256
 266   68      9.068     -0.059    -70.307
 243  229     10.593      1.679    -64.885
 231  264      9.191      2.371    -61.906
 498  150     -0.130     10.371    -72.876
 173  241      9.612     10.068    -72.017
  -1   -2      1.137    -12.335    -75.525
  -1   -2     -4.097    -10.485    -65.190
 264  227     15.128      5.404    -66.780
  -1   -2    -14.218      9.304    -74.847
 560  332      5.776    -11.427    -69.555
 193  520    -14.137     -7.511    -72.927
 190  319    -13.529     -5.705    -70.556
 575   -2     -6.579     -1.572    -65.270
 497  196    -12.723     11.019    -66.720
 294  303      9.881     -1.425    -67.451
 279  313     13.383     -9.705    -72.960
 602  253     11.727     -9.867    -73.998
  -1   -2      7.515      9.363    -59.151
  88  252      3.197     -8.494    -74.879
  -1  214    -12.972      0.368    -65.004
  -1   62     -2.945     -5.326    -70.780
 221  287    -10.618     -8.908    -72.918
 182  224      3.482     -2.729    -68.435
 764  748      0.193    -11.717    -74.228
  -1  266     -4.712      1.904    -73.428
 253  840     16.111      4.872    -75.341
  -1   -2      5.604      2.248    -69.123
 165  175      9.291     -9.483    -71.813
 291  312     -8.032    -12.498    -66.638
  -1   -2     -8.715    -11.655    -74.278
 493  533     17.087     -2.192    -67.265
 323   66     10.680      3.948    -71.149
 814  837     -3.616     -1.052    -72.660
 797  485     -0.951      4.586    -77.091
 313  242    -14.624      0.850    -73.411
  -1   99     11.681     12.222    -67.733
 230  153     -0.323     11.864    -73.335
 163   92     -3.341      0.049    -72.813
 184  629    -10.480      6.792    -73.515
  -1  329      4.142     -8.256    -71.721
 533  305     -9.233      4.159    -77.933
  -1   -2     -5.656      8.183    -64.030
 666  311    -15.538     -0.589    -74.803
 314  363      4.761     -0.663    -65.779
 791  208    -11.563    -11.344    -72.275
 274  459    -10.608     11.227    -66.177
 269  281      1.165     -1.483    -70.079
 312  276     -8.429      6.529    -72.591
 335  104     -2.495     -6.214    -70.438
 247  803     12.906     -5.402    -69.745
 689   -2     16.508      8.641    -70.937
 311  476     16.256     -4.719    -69.713
  -1   -2    -11.280    -11.685    -72.542
  -1   -2    -14.199      6.832    -73.810
  -1   -2     -5.581      1.081    -61.890
 188  674      7.354      2.868    -73.603
 592  300     -0.251      4.986    -66.280
 328  315     11.414      9.655    -70.794
 619  354      5.631     10.266    -66.615
  61  223     -4.492     -2.599    -71.778
 598  327      6.024      5.259    -61.814
  -1  259      2.531      8.557    -76.809
 239  619      5.305     -9.681    -71.534
  -1  307     -3.794      8.293    -72.711
 215  552     11.025     -1.630    -70.922
 670  829    -14.991     -5.525    -75.828
  -1   -2     -4.117      7.746    -62.093
 755  357     10.876     -0.540    -64.946
  -1   -2     13.510     -6.853    -70.120
 337  295     -3.567    -12.098    -74.526
  -1  531    -11.887     -5.231    -77.161
 339  330     11.634      8.966    -65.127
 386   40      0.520      0.155    -74.758
 402  565    -10.567      2.297    -74.434
 325  350      5.157      8.403    -66.403
  -1   -2    -13.070     11.739    -67.687
  -1   -2    -13.618      3.900    -70.164
 144  334     10.333      4.975    -75.755
 309  243      8.737      3.631    -66.956
  -1  639      9.950      7.212    -61.684
  -1   -2    -12.880      2.868    -70.309
  -1   -2     12.521     11.038    -72.640
  -1   -2    -12.787      8.171    -66.659
 546   -2     17.469    -10.516    -71.319
  -1   -2    -12.661      2.988    -68.454
 770  763     10.199      2.936    -67.544
  -1  142     12.219      8.691    -70.456
 344  635     12.588      8.248    -62.750
 272  232     -0.105     -7.073    -64.097
  -1   -2      7.988     -9.745    -73.605
 648  331     10.922     -9.530    -69.402
 351  366     -0.837      2.101    -68.365
  -1  222     -8.344      6.480    -76.677
 644  346    -10.702     -5.187    -70.052
 751  277     -3.196      8.648    -68.980
 295   -2      9.853     -6.867    -70.364
 319  321    -10.141      4.788    -64.915
  -1   -2     12.937     -4.504    -59.445
  -1   -2     -6.704    -11.241    -77.861
 688  206     14.505      3.887    -66.564
 354  691     -1.384     -6.810    -69.035
 639  573      2.133      7.544    -74.890
  -1   -2    -14.936     -4.285    -69.248
  -1   -2    -10.717     -9.800    -67.293
  -1   -2      1.968     -8.758    -82.586
  -1   -2     12.792      3.696    -61.449
  -1   -2    -15.880     12.037    -72.627
  -1   -2     -2.305      7.452    -63.619
  -1   -2      4.424    -12.598    -66.755
 833  391     -0.182      4.071    -68.492
 183   -2    -12.569      0.763    -77.643
  -1   -2    -10.525     -1.828    -61.954
  28  380     15.279      3.243    -70.914
 155  564      1.729    -11.511    -71.755
 360    0     -2.206      5.112    -70.011
  -1   -2     -2.553     -8.242    -54.204
  71  407     -6.703     11.245    -63.321
 500  819     -6.357    -12.252    -65.012
  -1  553     13.162      3.591    -62.196
  -1   -2     12.118     11.226    -66.430
  35  431     12.217      0.386    -67.796
  81   -2     -1.690     12.726    -70.146
   4  205      4.296      1.549    -72.573
 137  174     -2.823    -11.892    -69.883
 368   70      6.568     -9.364    -64.002
  -1   -2     -9.548      0.170    -55.434
  -1   -2     -6.753      5.578    -61.105
  21   14      3.396      0.089    -72.772
  -1  171     -4.327    -12.414    -74.855
 227  293      6.598      7.468    -73.738
  14  298    -14.533     -0.616    -76.699
 424  816     -4.456     11.988    -65.940
  51  405     -7.909     -0.416    -67.100
  -1   -2     -6.420     -9.225    -57.271
  -1  426     -6.682      3.529    -60.524
  -1   -2    -13.075     -3.751    -72.160
  -1   -2     -9.371     -6.459    -58.175
 104   95     12.704      4.218    -67.710
 350  594     -8.700     -3.697    -75.131
  -1   -2     -4.172     -8.298    -61.072
 169  500      3.259     -6.474    -71.638
 187   -2     -5.346      3.933    -62.327
  59   -2     15.939      1.552    -68.110
  -1  448      0.941      4.450    -65.133
 306  473     13.669     12.342    -72.844
 596  548      4.403      9.392    -59.873
  -1   -2     -4.484      7.498    -58.624
 473  406     11.995     -7.200    -67.035
 425  416     -1.976      0.862    -60.445
 378  514     -4.196     12.043    -71.238
 450  817     -3.385      3.375    -63.556
 406   79     -1.510     -7.895    -68.910
  -1  163    -13.876     -1.172    -68.089
  -1   -2     -9.291      5.614    -60.277
 389  471     -9.775     -6.228    -65.160
 117  172      2.242     -9.852    -69.321
  -1  435    -10.334     -2.374    -75.831
 702  203      3.418    -12.753    -71.721
  -1  418     -6.777     -4.374    -68.429
 711  747      3.426     -9.273    -62.998
  -1  401      4.017     12.845    -71.223
  -1  101      6.807     -1.003    -73.779
 537  257     -9.200     -1.990    -63.486
 116  463     -1.322     10.657    -62.786
  97  474      2.747     12.956    -62.976
  -1   -2    -14.176    -11.331    -71.463
  -1  156      7.688     -0.128    -70.765
 336  809     14.294     -6.764    -72.087
  -1   -2     -3.349     -6.076    -64.517
 404  270     -0.971     12.084    -64.442
  -1  551     -4.197    -10.511    -57.530
 407  182    -15.126     -3.162    -75.973
 457  499      0.262     12.919    -65.238
 421  815     -7.184     -8.262    -66.451
 280  436      5.717    -10.669    -65.184
 434  425    -16.115      9.054    -72.771
  -1   -2     -7.464     -1.410    -59.659
 526  582     13.955     11.992    -64.678
 108  469      5.018      7.595    -63.185
 790   31      1.254      3.543    -66.818
 391  812     12.304    -12.024    -68.833
 447   -2     17.402     -6.655    -65.891
  -1   -2      9.952     11.753    -61.781
 206   -2      6.212     -7.644    -69.907
  91   49     -0.290      4.651    -64.215
  -1  461     11.581    -10.916    -67.169
 149  702      0.538     -0.943    -69.732
  -1   -2     -0.204      7.031    -72.069
 459   -2     17.905     10.163    -67.771
  -1   -2      2.720     -9.305    -56.573
 442  129     -4.489      2.717    -63.576
 219   -2      9.172      5.979    -62.839
 525  495      1.290     -9.706    -73.711
 380  112     -0.247    -11.442    -65.284
  -1   -2      7.928    -10.590    -75.693
 469  481      1.572      1.086    -60.679
 303  245     -2.848     -9.619    -72.449
 429  420    -11.467     -7.781    -62.162
 107   64      3.086      8.627    -69.711
 653  323     14.961      1.659    -70.957
 557  596     -0.742     -5.015    -61.890
 252   60     -0.761     -1.651    -72.246
  -1   -2     -2.224     -9.763    -62.205
  -1   -2     -0.563      2.248    -77.407
  -1  108      3.675    -10.634    -74.685
 452  115     -8.363      9.570    -65.428
 484  125     12.349      1.983    -67.438
 482  294     -9.322      8.536    -62.129
  -1   -2     -6.078     -2.139    -64.706
 536  508      7.355     -4.203    -75.751
  -1   -2     -5.321    -12.735    -66.362
 161  795      4.323     10.706    -62.497
 263  138      6.542     -8.538    -71.609
  -1   -2    -11.896     12.052    -62.504
  -1   -2      7.531     11.052    -63.999
  -1   -2     -3.473      1.284    -61.110
  -1   -2    -10.109    -11.891    -68.013
  -1   -2      9.373     11.098    -80.955
 127  794      0.596      6.651    -61.520
 273  475      5.829    -11.762    -65.155
  -1  218     -0.774     -6.364    -65.068
  -1   -2     -3.041     -9.164    -55.246
  -1   -2     -4.235     12.444    -61.727
  -1  239      4.735    -12.546    -71.346
 631  681      8.835      3.706    -73.958
  -1   -2      4.272     -9.002    -61.599
  -1   -2     -3.853      0.395    -85.743
  -1   -2      2.823     -0.524    -61.116
 490  216     15.566      4.532    -68.392
  -1   -2    -13.153     11.720    -65.758
 652  376     17.834      1.212    -72.293
 837   -2     11.400     -8.186    -62.299
 486  220     -0.438     -9.007    -63.178
 649  825    -11.971     -0.306    -66.657
 514  518    -13.662      5.818    -74.422
  -1   -2     17.204     -2.544    -85.312
  -1   -2     -7.571    -11.198    -70.753
 517  433      4.759     12.842    -63.594
 544  841     11.526     -4.791    -75.736
  -1   -2      5.855    -10.961    -62.060
 510  487     -7.812     11.499    -58.348
  -1   -2    -13.568      2.588    -71.022
 394  387      1.507     -7.642    -63.047
  -1   -2     13.430     11.005    -65.122
 340  489     -0.855     -8.490    -75.537
 524  314    -15.372      9.572    -73.631
 321  273      9.452     -7.634    -69.130
  -1  452     -8.456    -11.983    -65.278
  -1  627     16.951     -7.564    -73.385
  -1  563      6.122     -0.805    -62.029
  -1   -2     -7.095     -6.537    -59.840
 210  181     -3.481     11.698    -70.564
  -1   -2     -2.753     -9.844    -58.453
 492  491      9.282     -8.633    -64.771
  -1   -2     -7.767     -1.751    -67.878
  -1   -2      6.264      5.139    -66.322
  -1   -2     -1.378     -2.166    -72.804
  -1   -2     16.375     12.418    -73.277
 515   -2     -4.035     13.106    -61.010
  69   -2      5.702     -3.158    -71.611
  -1   -2     -2.830    -12.464    -67.551
 427  523     -4.080     10.706    -63.437
  -1   -2     -6.280      7.309    -61.640
 277  621      3.441     -7.627    -72.637
 374   -2     -3.491     12.282    -73.116
 330   -2     13.563      0.771    -75.112
 299   -2     -0.054      2.601    -75.163
  -1   -2     15.809      7.846    -76.166
  -1   -2     -1.759      6.258    -56.007
 462   -2     11.493     11.882    -62.092
  -1  131      8.891     -1.064    -63.055
  -1   -2     16.765     11.977    -73.807
 343  278     -2.080     -5.751    -74.750
  -1   -2     13.699      8.964    -62.103
  -1   -2     -9.665    -11.447    -63.873
 467  282      2.928     -5.097    -62.293
  -1  632    -15.608      4.239    -71.803
  -1   -2      7.881     -7.383    -75.652
 251  290     -7.511     10.162    -77.082
 257  261    -15.789     -5.815    -72.328
 398  244     -9.443     -7.978    -73.006
  -1   -2     12.374     -0.193    -63.328
  -1   -2      7.602     -1.745    -72.593
  83  528     -8.993      1.601    -72.749
 622  824      6.060     -4.996    -62.891
 550  536     16.672     -2.012    -65.282
 147  615      1.454      6.100    -63.955
  -1   -2     11.923     -6.978    -54.365
 538  472     10.896    -10.912    -64.619
 502  842     11.792     -4.245    -61.096
 195  166    -10.982     -0.865    -65.036
  -1   -2      2.771      4.295    -79.250
  -1   -2     -9.671    -11.319    -75.604
 552  820    -10.077     13.073    -61.345
 315  843    -12.679    -10.096    -71.823
 267   -2    -10.884     -0.332    -64.970
 433  309     13.769     -6.809    -66.114
 834  246      0.662     10.167    -71.076
 480  483    -11.407      5.805    -66.974
 559  659     17.281     -5.345    -67.277
 660  826      3.868     -1.419    -63.252
 431  844    -12.600      1.563    -67.810
 412   -2     -7.762      8.272    -72.344
 594  297      7.968      8.731    -68.849
  -1   -2      0.822     12.880    -64.667
  -1  189     -9.391     -4.937    -76.291
  -1   -2    -13.589     -8.980    -68.243
 444  430     14.896     -5.032    -64.202
  -1   -2     -4.211     -1.211    -57.099
  -1   -2     -8.661    -11.290    -76.800
 454  486     -4.499    -12.430    -69.142
  -1  292      0.371      4.011    -60.968
  -1  496      8.192    -12.131    -65.217
  -1   -2     -4.040     -8.167    -62.397
 804  598    -11.160     10.196    -64.993
 695   28      2.667     -1.645    -69.375
 692   -2     -1.067     10.514    -64.693
  -1  683      1.179      4.852    -64.107
  -1   -2     -2.561     -6.059    -76.199
  -1   -2      7.912      2.377    -65.789
  -1   -2      9.114     -4.173    -63.846
  -1   -2     -5.763      6.444    -78.041
  -1   -2     -6.838     -5.087    -68.293
  -1   -2     11.146    -12.257    -65.976
 829   -2      3.852      3.365    -77.539
 818  585     15.754     -4.853    -63.305
  -1   -2      9.196     -2.203    -62.825
  -1  201      6.404     -0.240    -71.713
 576  822      0.163    -12.536    -69.302
  -1   -2    -14.187      1.513    -82.658
 138  595      7.988     -5.741    -71.211
 222  801    -12.820      7.449    -74.120
  -1  143     -5.775     -5.515    -65.435
 838   -2     14.425     -9.782    -63.637
  -1   -2      0.953     -8.689    -78.330
 572  638      4.004      1.364    -68.370
  -1   -2      3.743      2.805    -56.740
 476  464    -10.186      9.647    -69.960
  -1  653     -6.283      3.031    -74.998
 512  511      7.377      4.335    -69.446
  -1  456     -0.192     -2.096    -75.455
  -1   -2     15.659     -6.440    -72.705
  -1   -2    -12.490     11.170    -76.692
 449   -2     11.385      7.415    -71.431
  -1  353     16.289     11.473    -72.142
 637   81     -4.651     -8.907    -67.690
  20  384     -1.856      0.550    -73.594
 258  559     11.508      1.368    -75.087
  -1   -2      2.359     -6.375    -56.123
  -1   -2     13.480     10.869    -59.945
  -1   -2     12.060      8.251    -65.363
  -1   -2      6.484     -7.088    -85.208
  -1   -2      9.866      9.060    -60.979
  -1   -2     12.796     11.310    -69.348
  -1   -2     -1.234      4.422    -58.642
  -1   -2      7.027      9.095    -85.494
 208   -2     -3.426      8.017    -64.645
  -1   -2     -4.123     -6.992    -59.765
 629  752     13.842    -10.972    -63.159
  -1   -2     -4.746      3.740    -63.278
  -1   -2      9.280     -4.826    -66.832
  -1   -2     13.665     10.855    -59.422
  -1   -2     -1.976      7.721    -67.491
  -1   -2     -2.766     -8.316    -55.340
 254  338      8.096    -10.257    -73.421
 357  662     -3.241     -1.726    -73.020
  -1   -2     -1.726      6.045    -73.846
  -1   -2      5.460     -5.463    -77.372
 571  821     12.919     -8.944    -63.131
  -1  535     -9.711     -6.914    -65.662
 224  204     -2.738     -7.583    -67.044
  -1   -2    -15.495    -12.157    -73.864
  -1   -2     -8.083      1.826    -56.065
 586  823      9.236     -3.925    -65.602
  -1   -2     16.129     -2.620    -65.155
 617  707     14.372     -5.099    -68.992
  -1  145     -1.352      0.904    -62.405
 661  827      2.733    -10.248    -75.875
  -1   -2     -0.284     12.783    -65.682
  -1   -2     -2.634     -5.053    -65.921
  -1   -2     12.600      3.164    -59.078
 445   -2     12.340     -9.974    -64.228
  -1  579      2.636     -7.494    -74.738
 441  676     11.120     -5.902    -67.402
  -1   -2    -12.362    -10.777    -62.426
  -1  248     -5.828     -3.282    -71.626
  -1   -2     -1.299    -11.224    -58.695
 836   -2     -1.506      7.652    -60.155
 322  808      6.556      1.201    -68.697
  -1  360      8.707     13.265    -66.220
  -1   -2      3.720     -8.442    -81.331
  -1   -2    -10.276     -5.604    -56.468
  -1   -2     -0.086      9.683    -62.271
  -1   -2     10.599      0.465    -61.417
  -1   -2    -12.767     -8.869    -76.685
  -1   -2     18.282     -1.981    -68.024
  -1   -2      1.226     -2.169    -72.088
  -1   -2      4.828     -8.906    -55.680
  -1   -2      1.018      2.047    -63.686
  -1   -2     -2.017      1.932    -59.970
  -1  737     10.280     -7.310    -63.080
  -1   -2     11.005     -6.198    -54.658
 400   -2    -11.343      2.339    -62.243
  -1   -2     14.136      1.478    -58.077
  -1   -2     -2.188      4.291    -53.261
  -1   -2     -1.932     -9.265    -54.483
 690  742      1.040    -12.357    -68.216
  -1   -2    -10.521     10.752    -62.254
 615  606    -15.359      9.452    -71.481
  -1   -2    -10.875     11.304    -77.546
 565  437     12.118     -6.183    -60.570
  -1   -2     14.216     -6.948    -64.330
  -1   -2     -0.771      9.266    -61.387
  -1   -2     15.204      0.728    -68.140
  -1   -2     -8.051     -5.354    -67.630
  -1   -2     -6.654      1.832    -59.227
  -1  272    -14.999      9.964    -70.523
  -1   -2    -12.550      1.372    -62.257
  -1   -2      9.489     -3.596    -69.261
  -1   -2     -9.510     -9.843    -75.284
 534   -2      5.190    -10.107    -71.445
  -1   -2    -15.140     12.020    -73.386
  -1   -2     -7.787      1.714    -75.043
  -1   -2     12.504      7.385    -77.856
  -1   -2      9.078     10.630    -76.711
  -1   -2      8.324     -3.112    -64.321
  -1   -2      8.712     11.763    -63.155
  -1   -2    -15.729     10.406    -71.720
  -1   -2     -0.950      1.038    -71.238
  -1   -2     -5.187      3.135    -52.839
  -1   -2     -5.678     -8.078    -55.827
 686  830    -14.054     -8.958    -72.912
  -1   -2      7.185      3.666    -51.902
 761  371      1.873      0.372    -74.623
  -1  613      0.952      5.131    -74.073
  -1   -2     -7.293      6.867    -62.138
  -1   -2    -13.857    -11.449    -68.175
  -1  667     11.158    -13.198    -62.722
 300  805    -15.603     10.908    -74.842
  -1   -2     14.689     -3.466    -71.451
  -1   -2      2.670     -5.232    -60.428
 667  828     13.044     10.998    -61.156
  -1   -2     -5.690     -4.509    -60.540
 332  741      8.110      8.323    -61.864
  -1   -2      0.527     -1.979    -57.201
 341  810      8.472     -6.400    -69.591
 716  831      9.298      9.486    -62.978
  -1   -2     -1.736     -9.911    -65.167
  -1   -2      0.912      4.502    -61.093
  -1   -2      9.732     10.749    -63.142
  -1   -2      8.472     11.123    -64.085
  -1   -2     11.028      0.074    -61.911
  -1  727     16.323     -3.545    -66.783
  -1   -2     16.978     12.028    -66.776
  -1   -2     -3.523     11.140    -54.264
  -1   -2      4.544     -6.887    -59.191
 346  811     -4.435     -4.211    -76.601
 796   -2      8.589     -7.318    -74.908
  -1   -2      1.190     -3.176    -82.694
 721  832      7.428    -11.994    -63.300
 647  678      0.741     11.558    -61.631
 347  687      6.159      4.805    -71.316
  -1   -2     -7.724      4.240    -54.144
 722  833     -8.789     10.940    -69.896
  -1   -2     13.890     -9.196    -61.598
  -1   -2      5.671     13.028    -67.940
  -1   -2     15.212    -11.365    -79.863
  -1   -2      7.005     -1.036    -68.586
  -1   -2     14.818      3.940    -63.117
  -1   -2     17.455      5.521    -72.765
 773  835     -9.489     -4.341    -72.845
  -1   -2    -12.126      8.238    -70.927
  -1   -2     -1.757      3.652    -63.264
  -1   -2     10.147     11.104    -59.912
  -1   -2    -15.494      7.982    -78.302
  -1   -2     -6.765     -7.398    -58.252
 677  703     16.975    -10.425    -73.339
  -1   -2      9.979     -6.796    -70.372
  -1   -2     -8.714     -3.385    -73.202
  -1   -2     -8.207     -8.689    -82.123
  -1  326     14.310      7.087    -71.457
 370  161      4.643     11.874    -71.260
  -1   -2     -4.287    -11.992    -66.219
  -1   -2      2.062      0.823    -60.995
  -1   -2     -1.080      4.977    -64.638
  -1  725     -9.868      5.495    -75.624
  -1   -2      7.418     -6.897    -60.333
 698  370      6.962     10.452    -71.069
 740  661     -6.693      4.650    -68.705
  -1   -2     -1.419      0.505    -56.219
  -1   -2     -6.747      2.993    -53.858
  -1   -2    -15.073     -8.237    -78.594
  -1   -2      9.884    -12.185    -68.463
  -1   -2     -7.727     12.958    -64.738
  -1   -2      3.671     -3.260    -58.616
  -1   -2     10.787     10.814    -60.757
 769  722      1.851      5.995    -64.685
  -1   -2     -2.856      8.477    -60.732
  -1   -2     -2.010      0.833    -75.298
  -1   -2      0.026     -5.212    -61.106
  -1   -2    -13.579    -11.436    -77.471
  -1   -2     13.447      5.796    -66.316
  -1  779      7.571      0.368    -62.559
  -1   -2     -9.652     -8.886    -57.885
  -1   -2    -10.218     -9.891    -61.413
  -1   -2      7.281    -11.255    -82.405
  -1   -2      1.397     -9.150    -86.178
  -1   -2     14.849     -3.029    -74.675
  -1   -2     -8.967      3.344    -59.984
  -1   -2      3.545     -9.919    -81.411
  -1   -2    -12.591     -7.916    -71.302
 308   -2    -10.808      3.217    -74.464
  -1   -2    -13.911     -7.293    -86.779
 723  834     12.813    -11.033    -60.919
  -1   -2     10.172     -3.683    -68.514
  -1   -2      2.845     -7.749    -72.836
  -1   -2     10.453    -12.373    -61.857
  -1   -2      8.082      0.079    -65.814
  -1   -2     -2.068     -8.413    -74.537
  -1   -2     16.428      8.688    -73.159
  -1   -2      4.632      8.836    -55.920
  -1   -2      8.795      9.503    -52.967
  -1   -2    -15.162      5.614    -74.394
  -1   -2     13.866     -7.349    -78.052
  -1   -2    -14.501      1.151    -83.569
  -1   -2     -5.702      9.428    -72.862
  -1   -2      9.511      1.278    -76.164
  -1   -2      6.779     11.294    -70.471
  -1   -2     11.281     10.623    -57.107
  -1   -2     -7.071     -2.607    -52.377
 623  541     -3.953      4.001    -68.186
  -1  759    -16.000      1.485    -76.283
  -1   -2     12.239      0.298    -67.922
 453   -2     -4.178    -11.237    -68.247
  -1   -2      1.519      6.184    -63.780
 142   -2    -10.736     13.507    -64.940
 423   -2     -3.567     13.501    -66.296
 426   -2     -6.213      1.806    -61.330
 167  796     -0.853     11.912    -70.607
  52  845      4.867     -1.174    -68.472
 232   -2    -11.615     12.827    -68.719
 289  341    -12.324      6.054    -66.588
 285   -2     16.502     12.034    -72.028
 439   -2     11.770     11.421    -65.576
 234   -2      1.545     -0.022    -63.453
 820   -2     -6.552      0.896    -68.810
 292  316      4.551      9.070    -65.856
 304  806    -14.124      7.698    -70.286
 338   -2     -4.872     -9.157    -70.877
 223   -2      8.386     10.012    -61.307
 803  219    -11.719      2.986    -74.812
 483  846     11.658     -1.671    -69.716
 822   -2     12.902      1.869    -73.452
 828   -2     -6.346      3.307    -66.870
 377   -2      3.486    -11.826    -62.211
 656   -2     -9.139     -4.380    -76.599
 800   -2     -0.912      2.859    -70.789
 199   -2      2.109     -5.322    -67.027
 809   -2     -7.604     -8.697    -67.439
 638   -2     -5.518      8.242    -63.945
  43   -2     -7.681     -5.990    -68.727
 481   -2     -8.743     13.369    -60.021
 529  710     -4.343    -11.275    -74.903
 694   -2     18.600      6.453    -70.718
 582   -2     10.749     -9.477    -62.490
 420  814     -8.861      8.189    -77.916
 569   -2      2.902     11.583    -66.008
 712  716     15.812     -0.348    -64.232
 681   -2     14.990     -3.253    -73.396
 580   -2     -3.763     -9.865    -77.363
 665  263    -12.568     -5.290    -69.712
 260   -2     12.976     -9.474    -73.170
 276  847     11.279     -3.225    -70.932
 288  288     -1.082      4.650    -64.337
 302  848     10.679     -4.360    -67.925
 349  849     15.642     -3.605    -74.441
 390   30      7.343     -2.966    -65.228
 468   -2      1.553     -1.825    -70.786
 470  850      2.967      7.405    -65.112
 558   -2    -14.418     -3.303    -77.017
 741  851     14.104    -10.548    -72.902
 811  852      2.624      9.630    -60.402
