811
   0    0     -6.891      6.106    -72.361
 329   45     -4.557      1.451    -72.620
   4   19      5.304     -1.398    -71.629
 333  374     -0.475      5.466    -68.588
   1    3     -1.617      2.504    -70.222
   2    4      5.755      9.669    -72.239
 468  426     -2.283      8.758    -76.668
  15   38     -0.349      4.435    -75.795
   9   43      0.335      5.766    -68.648
   6    9     -0.064      6.387    -69.355
 116    1     -2.780     10.058    -71.650
  18  378      3.728     10.892    -70.323
  65   18      1.621      5.789    -71.975
  17   59      0.784      9.613    -68.071
  24   20     -2.069     -0.056    -71.200
  70   31      8.284     -1.483    -66.274
  16    6     -5.689      1.880    -70.684
 336    7     -8.055      1.638    -70.500
   5   23      0.755      8.374    -70.188
  -1   26     -1.979      7.461    -67.006
  13  419      4.264     12.829    -68.162
   8   28      1.541     10.333    -66.633
 142    5      8.535      0.942    -68.927
  25   17      6.309      2.181    -65.631
 358   13     -5.715     -0.340    -73.172
  -1   12    -10.734      6.102    -74.197
  27   22      8.233     -3.112    -67.854
  55   25     -1.147      9.485    -66.636
  10  812     -9.855      6.009    -71.384
   3   14      3.456     -5.297    -70.884
  84  179     -9.804      9.437    -66.203
  20   32      4.718     -0.251    -69.590
  39   27      7.142      3.253    -67.739
  36   24     10.512     -1.871    -68.168
 153  103      5.046     -2.149    -71.727
 351   40    -11.714      5.702    -71.204
 782   73     -6.289    -12.242    -71.609
  82  388     10.461    -10.904    -66.427
  12    8     -9.434      0.462    -72.045
 209   11     -0.816     10.365    -70.315
  -1   -2     -2.603     -9.703    -67.968
  38   70     -1.409     11.752    -65.822
 764  111      3.072    -11.938    -64.471
 164   98      6.536      8.304    -75.015
  40   87     -1.354     -6.483    -67.518
  93   47      9.665      9.370    -67.776
  43   51     -1.279     10.401    -64.476
 804  196      1.380      3.589    -70.827
  42   10     -3.635      4.619    -68.344
 355   37     -5.600      4.744    -63.663
  30  186     10.305      6.054    -73.694
  14   60      8.495      3.716    -70.317
  57   50     -8.276      8.362    -66.685
  80   54      7.286     -9.769    -67.388
  91  238    -12.309      7.955    -67.216
  21   91     -3.862     -2.289    -70.950
 361  128     -1.353      7.636    -68.991
  47   46      3.119      6.399    -64.744
 367  215      5.272     -6.054    -66.863
  35   33      4.541      2.534    -71.037
  67   41      1.142     -8.702    -65.556
  32   29      1.987      3.095    -69.143
  60  263     14.047      3.916    -70.136
  56   76     -1.071      1.147    -64.946
  72  764      3.878     -9.756    -68.059
  77  216     -0.449     -9.180    -69.851
  19   34      4.047      9.034    -68.984
  90   66     -3.475      4.605    -64.130
  75   48     -6.364      0.059    -66.494
 148   93      6.083     -3.454    -68.833
  59  383      0.796     11.914    -64.213
 143   79      0.184      7.307    -65.263
  88   -2      3.057      5.014    -65.453
  45  379      6.487      1.947    -69.010
  22  292     -1.521     11.551    -74.487
  34  144     -1.372     10.255    -68.159
 350  783     -5.805      1.449    -64.407
  66   82      9.402     11.811    -66.417
 254   30     -9.469      1.337    -67.930
 112   56     -4.136      6.376    -65.078
 509  172      7.282    -11.601    -65.040
  49  422      5.635     11.394    -74.242
 130  301     14.464      7.954    -70.501
  53  140     11.575     -0.677    -66.862
 531  209     -0.328     -0.024    -72.805
  81   71      6.177      7.099    -64.917
  85  229     16.295      1.557    -74.978
 102  766     -3.868      7.840    -63.121
 501   97    -13.582      1.062    -77.174
 328  549      3.065     -8.463    -72.721
  41  387      5.252    -10.318    -70.829
 384  786    -10.103      3.334    -68.287
 338   36      4.202     -0.134    -68.630
  83   39      7.115     -3.738    -68.194
 445   65      2.110    -11.943    -73.836
 113  106      0.538      4.935    -62.566
 117  153      4.080     -4.465    -74.171
  98   44     -5.821     11.054    -66.598
  11   67      0.934      7.440    -67.353
 588   77     -0.754     -1.655    -67.460
 119  395     -1.237    -11.071    -65.430
  89  199     -4.011     -8.044    -64.733
  -1   -2      1.741      5.975    -62.725
 105   -2      4.683    -11.902    -69.269
  -1  211      5.897      3.854    -74.233
 110   88      1.767    -10.535    -67.179
  63   -2     -5.859      7.182    -61.656
 125  175     -2.790     10.683    -63.158
 767  503     -8.492     -6.633    -67.383
 127  188    -14.126     10.450    -74.071
 108  185     -4.432     -6.247    -63.401
 106  102      7.628      5.411    -67.892
 330  163      3.976     -0.673    -69.477
  74   68     -7.842      1.950    -68.554
  50  133      3.766     -2.081    -70.695
 123  125     12.881      5.562    -66.368
 217   95     -5.453     -2.925    -68.122
 154  146    -12.212     -0.780    -65.905
 363   86     11.468     -7.779    -65.944
 374  157      4.670     -9.735    -66.376
  95   75     -8.938      8.972    -71.750
 140  122     -8.346     12.904    -66.564
 542  792     -1.300     -0.896    -63.983
 400   -2     -2.166    -11.959    -64.815
 522  104      0.802     -2.797    -68.494
 122  112      3.515    -11.240    -67.177
 121  432     -4.804      6.549    -61.221
 175  252      7.544      9.758    -68.861
 188   63     -8.131     -2.680    -66.653
 133   69      6.831      2.229    -64.864
 111  132      3.667     -9.013    -68.224
 134  134    -12.010     -8.620    -66.997
 310   89      6.662     -0.290    -68.815
 151  148    -13.819     -4.964    -69.837
  58  266    -13.580     -7.619    -72.123
 243  259     -6.271     -5.585    -75.942
 235   15      4.534     -3.992    -73.448
  -1  423     -0.660      8.887    -63.971
 370  145    -13.483      1.807    -67.722
 159  100     14.418      6.518    -66.976
 101  219     -6.775      7.942    -75.842
 342  203     -5.397      8.825    -68.473
  44  683     -1.573     -7.068    -69.799
 115   -2      8.403     -0.611    -63.192
 120  173     -8.499     -9.009    -66.435
 118  194    -12.865      0.564    -68.658
 103  109     -5.137      8.414    -65.826
 486  508      6.042      3.744    -63.087
 139  170      2.688      4.206    -65.186
  -1   -2     -8.793     -1.502    -65.561
  78   -2     -5.048      3.403    -64.611
 160  143    -12.956     -4.544    -69.798
 492  545    -11.055      9.839    -70.066
 132  155     -0.397     -0.314    -62.291
 169  204    -10.789     -4.402    -71.864
  33  117     -0.305     -1.460    -67.999
 339  558      6.047      6.849    -72.312
 199  813     -6.351     -8.871    -66.702
  26  126      3.634     -1.950    -68.314
  97  178     -6.094      8.030    -61.781
 141  120     -9.443     11.540    -64.597
 180  451     -3.621      2.275    -61.110
 150  408     -2.929     -8.403    -69.089
   7  160      2.876     -0.947    -73.204
  -1  400     -2.357     -2.938    -75.579
  -1   96     -6.640     -9.596    -65.304
 768  272     -2.684      3.207    -61.951
  -1  486      5.522     -7.391    -70.452
 231   62     -5.573     -3.137    -69.629
 157  138      5.576     -4.945    -65.062
  61   58     -2.169      3.504    -72.417
 216  258      7.958     -6.181    -67.753
  -1  191     -1.770      3.478    -67.369
 247  298     16.947      1.104    -72.828
 644   90      1.845     -1.198    -64.134
 197  137      6.658      9.067    -74.798
  94   -2     13.740      2.342    -67.064
  51  189      4.221      7.552    -71.342
 144  101      0.850      9.609    -61.835
  46  165     -3.348     11.692    -66.098
 237  124     10.000     -6.583    -66.078
 385  284    -13.045      9.312    -68.263
 168  440     -6.742      3.234    -62.684
 229  234     14.667      6.481    -69.512
 525  123    -15.361      3.092    -71.207
  -1   -2     -5.450     -6.178    -63.233
  87  167     11.309      9.773    -69.652
 161  174    -10.247     -9.190    -67.182
 448  193     -9.829      4.360    -64.253
 295  187     -0.530     -0.769    -63.048
 171  152      5.285    -12.613    -65.862
 203  228    -13.923      8.820    -69.392
 128  141      9.314     -3.524    -66.671
 280  161     -6.625    -10.521    -73.635
 438  164      2.509    -12.300    -64.612
 224  617      2.833     12.999    -66.745
 376  197      7.571      1.375    -64.785
 271  447     -5.427    -10.196    -70.429
 440  225      2.215    -10.235    -64.877
  -1   -2      1.697      0.545    -77.148
 211  282      8.723     10.344    -65.308
 114   49     -6.971      4.323    -64.749
  -1   -2     -2.190      1.246    -59.573
 389  339     14.817      2.395    -68.587
 225  271     -7.583     -5.180    -66.516
 475  184     -3.748      4.365    -61.910
 146   -2      1.150      1.130    -61.953
 202  399     -9.542      2.858    -71.831
 163  245     -5.721     -7.568    -64.367
 290  283     -0.536     -6.541    -63.044
 294  276      8.918     11.410    -73.367
  -1  210    -14.445      1.712    -67.491
  92  226      4.618     -5.382    -73.651
 186  290    -12.430     13.011    -67.676
 165  552      6.882     -4.484    -66.392
 176   94     -3.687      0.490    -71.723
 250  620    -15.029     -1.815    -75.548
 249  287     12.518      8.254    -68.312
 196  297    -15.019      5.164    -71.245
 156  255     -9.870     -0.374    -71.038
  37   -2     -1.837    -10.752    -66.667
 507   55     12.105      8.344    -71.962
 273  265    -10.630     -2.866    -69.683
 191  202    -11.405     10.536    -66.438
  -1   -2    -15.260      9.877    -77.962
 232  218     10.076      3.696    -61.616
 461  607      9.407     -3.038    -70.038
 126  268      9.413     -9.059    -69.406
 364  784     10.003     -9.458    -64.130
 277  308     -1.290     -4.146    -64.930
 500  244     10.014     -5.991    -68.055
 226  270     -4.904     -7.983    -67.588
 299   -2    -15.357     -5.928    -75.327
 681  249      2.547     -9.699    -72.575
 502  230      7.463      5.546    -63.595
 174  181     11.660      1.290    -65.357
 419  110      9.492     -6.010    -62.740
 272  220     16.295      3.938    -71.168
 166  768      2.047      6.074    -64.657
  -1   -2     -8.852     -4.583    -66.712
  99  384     -3.206      1.892    -60.931
  -1   -2     -6.238      5.479    -57.999
 213  251     10.665     -1.327    -64.901
 238  166     -9.084     -8.976    -66.289
 414  200     16.934     -0.613    -67.506
 303  147      8.457      2.872    -68.977
 307  115     -7.750     -0.856    -62.818
  -1   -2    -11.274      7.306    -69.313
 239  177     -3.750     -3.316    -65.934
  54  139     -7.984     -1.654    -74.182
 286   -2      0.986     -1.563    -71.960
 807  239     -0.410     -7.166    -64.833
 104  206      6.163     10.574    -69.749
  62   35     -8.695     10.401    -69.199
 241  327    -14.093      3.346    -73.818
 263   -2     17.353      2.363    -68.847
 618  314     13.106      3.676    -70.969
 268  312     -3.634      2.887    -67.855
 270  445     -6.088    -12.063    -75.972
 470  195     12.304     10.640    -67.534
 291  254     16.441      6.659    -66.413
 240  235     16.753     11.515    -68.681
 381   -2     -8.939      2.206    -69.050
  -1  319      8.836     -6.650    -69.776
 181  221     -9.159     -1.369    -68.277
 194  250     11.835     -3.384    -68.956
 555  198     -4.478      5.009    -77.598
 220  248    -11.981      2.450    -74.596
 409  492    -13.734     11.630    -67.596
 205  286    -12.975      9.887    -66.812
  -1  309     10.569      2.832    -74.338
 253  233    -11.944     -1.361    -64.885
  -1   -2     -4.015     10.605    -74.268
  -1   -2     -5.485     13.145    -63.414
 317  296     -4.520      8.964    -72.079
 292  243     11.220     12.432    -65.925
 550  458      8.587     12.488    -68.689
  -1   -2     -7.276    -10.205    -60.015
  29  222     -8.138      3.435    -75.740
 511  790      7.213     -8.041    -71.775
 467  315      7.513     13.177    -65.666
 219  158     -9.871      2.979    -63.181
 214  772      3.660     -4.485    -72.056
 233  520     -8.112     -4.850    -77.689
 264  281     17.102     11.151    -67.942
 456  332    -14.165    -11.990    -72.850
 228   -2      4.211      2.317    -65.466
 267  535     11.244      5.789    -65.268
  -1   -2     -2.862     -5.706    -77.897
 227  295     10.356    -11.558    -72.013
 682  803      3.814      2.289    -73.090
  -1   -2      6.519     -6.086    -75.957
 654   -2    -12.822      5.229    -78.207
 289  779     -5.829     -8.357    -72.079
  -1  246      8.311     -3.117    -71.455
 313  814     -3.550     -7.967    -74.140
 375  361      7.077      8.089    -74.588
  -1  300      7.800      5.497    -66.228
 173  285    -13.682     11.353    -74.565
  -1   -2     10.566     -4.574    -64.227
 610   -2      3.588     -8.673    -73.795
  -1  700      5.696     -8.184    -62.710
 274  543     13.364     10.855    -69.223
 279  340      1.418     -4.212    -65.695
 516   -2     -2.417      6.502    -60.474
 198  679      2.686     -8.158    -73.864
 557  274     10.074     -1.114    -66.208
 556   -2    -12.097     -5.641    -72.059
 223  773      5.110     11.681    -61.289
  -1   -2     -4.991     -6.617    -62.821
 242  774     15.221      9.543    -70.454
 297  333     12.564    -10.104    -68.044
 309  350    -14.347     -0.735    -74.926
  -1  634    -13.215      6.019    -64.042
 236  267     10.138      1.364    -62.327
 612  612      9.728    -12.294    -71.164
  -1  613      5.726    -10.577    -61.472
  -1  313      8.121     -3.897    -61.909
 797  240     -2.503     10.551    -69.697
 689  293     13.760      6.893    -70.190
 711  336      6.233      7.874    -65.649
 302  656      5.759    -12.522    -65.858
 293   -2     11.725     10.974    -68.499
 593  798     12.001      3.034    -61.591
  -1   -2    -15.042    -10.674    -72.681
 641  360      0.001     -5.619    -67.686
 490  537     15.217    -12.477    -73.567
  -1   -2     -3.244      3.007    -62.438
  -1   -2    -13.566     -2.502    -77.020
  -1   -2     10.434      7.087    -57.985
  -1   -2    -12.293      8.732    -62.562
 701   -2     -6.268     -7.652    -67.377
 598   -2    -12.861      6.954    -72.125
 206   -2      4.193     -0.950    -60.318
  -1   -2     -1.652    -10.037    -74.565
 808  306     -1.008      8.126    -74.284
  -1  331     11.078      2.742    -55.003
  -1  353    -12.046      2.664    -62.081
 604  799      4.143      8.870    -74.306
  -1   -2      3.099     -4.015    -72.477
 528   -2      4.086     -7.353    -60.581
 259  328     -2.504    -10.533    -65.154
  -1  735     15.039      9.876    -64.370
  -1   -2     -1.566     11.648    -69.625
  -1   -2     -9.212    -10.731    -70.537
  -1   -2     -6.744     -6.244    -63.680
 697  346     -3.744      0.681    -67.037
 301  780     -4.287     -7.072    -69.406
  -1  365      9.781     -7.134    -66.082
  -1   -2     -6.242     -4.351    -75.855
 762  738      0.184    -12.176    -64.004
  -1   -2     -8.691      5.241    -74.827
  -1   -2    -13.510      6.899    -68.823
  -1   -2      4.242      0.028    -60.674
  -1  450     13.511      1.135    -74.939
 348  377    -15.082     -4.362    -69.137
  -1   -2    -10.312    -12.531    -71.497
  -1   -2     -5.080     -2.074    -62.648
 634  156      0.511      3.634    -75.937
 326    2     -6.275      5.587    -72.579
 334  427    -16.239     -7.829    -75.314
 332  236     -4.235      5.342    -70.078
  -1   -2     -2.448     -9.003    -57.405
 427   16    -10.977      3.645    -70.155
  -1  393     -5.987     -0.098    -72.312
  69  376      3.041      4.305    -70.384
  64  763    -10.536     10.527    -70.606
  73  142      6.001     -1.194    -70.986
  -1   74      2.336      9.103    -65.261
 519  337     -4.760      3.277    -76.623
  -1   -2      6.331     -2.746    -72.172
 633  800      1.059     -6.165    -61.517
 390  386     -2.282     -4.102    -64.118
  79  509     -1.709     -9.107    -69.746
  -1  623     -5.103      0.269    -69.091
 349  392     -5.025     -1.191    -66.699
  -1   -2     -6.507     -2.570    -65.306
 435  169     -0.064     -6.861    -72.964
 177   92    -10.158     -5.981    -73.098
 608  529      2.076     -8.579    -70.238
  -1   -2     -5.332     -8.672    -51.815
 371  105     16.362      3.885    -65.447
 208  375      4.044     10.255    -69.944
 399  127     -5.697      5.632    -74.081
  -1   -2     -0.712      7.394    -57.839
  -1   -2      4.198      1.547    -66.303
 107  279     -0.739      0.761    -71.500
 162  256     -9.428     -7.074    -67.911
  -1  129    -12.263      4.733    -74.005
 386  380      8.419      3.902    -59.769
 776  808      5.482     -1.675    -72.572
 354  525     14.131     -4.859    -65.290
  -1  278      1.737     -6.717    -72.597
  -1   -2     -9.678     -5.120    -61.416
 406  116      5.002      3.881    -62.957
 391  734      5.847    -11.663    -74.310
 357  334     11.939     12.323    -73.538
  96   81     -3.127      7.573    -62.264
 484  541      3.000      8.391    -58.762
 447   -2      2.122     -5.700    -62.535
 382  118     -1.760      2.876    -64.188
 766   -2     12.580     -0.908    -75.998
  -1   -2      1.750      1.965    -66.657
  -1   -2     15.851      6.277    -73.093
 402   83     -3.234     -7.276    -72.730
 195  262    -13.528      6.278    -70.249
 335  324     12.326      6.952    -76.997
  86   -2     17.475      9.892    -74.232
  -1  407      9.725     12.676    -69.372
  -1   -2     -8.959     -9.726    -72.321
 109   -2    -13.947      9.880    -72.428
 412  349      3.768    -11.790    -66.054
 100  765      3.053      0.242    -65.960
 210  771     -1.046      4.128    -65.135
 359  454     18.074     -5.830    -67.931
 356   -2     14.608     -8.895    -67.191
 147  398      0.499     -7.172    -65.464
  -1   -2     -7.854    -10.249    -58.912
  -1  247     -9.480    -12.735    -65.674
  -1   -2     -4.304    -11.227    -64.077
 170  182     -1.321     -4.459    -64.813
 480  149     -5.141      4.393    -64.053
 167  289    -12.210     -5.204    -74.249
 617  338      5.084      5.737    -61.723
 756  555      6.775     -6.649    -73.426
  52   53     -4.184      8.596    -64.163
 378  429      4.178     -0.946    -65.075
 413  452      2.819      0.648    -64.458
  -1   78    -12.292     -7.542    -66.280
 282  303     11.904     -0.859    -71.604
 192  441     -9.528      1.751    -59.737
  -1   -2     -4.313     -4.548    -58.083
  -1   -2     -1.545    -11.486    -64.817
 244  775     11.077      0.897    -70.853
 432  787    -10.548     -9.115    -64.492
  -1   -2      2.875     -0.160    -63.692
 508   -2      6.981     10.451    -61.902
 185  394     -1.065     -1.818    -62.309
  -1   -2     11.957     -3.178    -67.060
 431  113    -10.888     -0.827    -70.804
  -1   -2     -8.682     -9.982    -62.698
  -1   -2    -15.516    -10.851    -74.632
  -1  237     -3.702     -8.389    -72.748
  -1   -2     -5.995    -11.702    -60.748
  -1   -2    -14.313     -9.568    -72.695
 337  390    -16.277     -6.510    -73.648
  -1  154    -12.961      3.597    -72.798
  -1  119      8.749     -8.372    -62.796
 201  481      5.945     -2.899    -64.500
 405  151     -7.011     -4.814    -62.892
  -1   -2     -9.275    -11.148    -66.424
  -1  330     -4.926      0.746    -65.952
  -1   -2      1.156     -9.117    -56.642
 423  444     -0.968      9.946    -71.781
  -1   -2      8.039     11.332    -75.927
  -1  550     -4.872      5.032    -60.210
 563  491     -6.755     -1.631    -59.426
 135  527    -14.535      8.320    -69.942
 136  223     14.769     -5.126    -70.511
 570  796     14.731     -9.437    -64.936
  -1  397    -13.105      1.385    -73.633
  -1   -2     -6.109     12.948    -66.825
  -1   -2     -9.901    -10.152    -71.908
 131   -2     -2.212      4.730    -65.624
  -1   -2    -15.320     -5.309    -81.890
 459   -2     -7.593      0.574    -63.051
  -1   -2    -15.469    -11.573    -75.485
  -1   -2    -11.114    -11.945    -67.168
 453  304      4.058     10.508    -74.330
  -1   -2     13.623     -1.681    -61.765
 251  467     -6.890     -5.283    -76.529
 204   -2     -3.416    -11.618    -64.266
  -1   -2      8.565     -9.044    -76.061
 449  461    -15.962     -5.893    -70.646
  -1   -2      2.552      8.662    -61.120
  -1   -2    -16.449      4.862    -74.124
 526  635     13.226      0.592    -63.142
 773  227      7.292      6.774    -71.597
 789  121    -10.407     -6.995    -76.754
  -1  208     11.337     12.679    -69.886
 452  455     14.721     12.898    -67.806
  -1  524      2.784      2.566    -68.170
 455  168     -1.686     10.492    -65.806
 536  744     11.126     -5.123    -67.079
  -1   -2    -13.394    -12.004    -75.203
 190  769    -10.278      0.845    -70.884
  -1  484     -5.205     -1.840    -64.027
  -1   -2     -1.503     -8.652    -60.402
 514  578    -12.988     11.338    -67.943
 353  585     -9.131      0.152    -73.686
 466   -2     14.756     -4.550    -62.792
  -1   -2     -3.201     11.583    -70.217
  -1   -2      0.192      1.261    -52.767
 530  791     -3.920     10.677    -72.362
  -1   -2     -1.750     10.956    -59.359
  -1   -2      1.151     -9.484    -62.366
  -1  640      7.202    -11.105    -64.173
 276   -2      2.990     11.711    -62.016
  -1   -2      4.838      1.286    -63.342
  -1   -2      0.870     -7.009    -68.054
  -1   -2     -7.324     12.476    -60.308
  -1  685     10.444     -2.917    -71.671
 529   -2     -9.349     -8.984    -73.619
  -1   -2      3.027    -12.010    -68.981
  -1  506     -7.417      3.387    -63.181
 285  231     -1.921    -11.181    -69.272
 137  171      2.366      2.506    -68.931
  -1   -2      5.511      5.660    -57.276
  -1  511      5.187     -5.820    -58.539
  -1   -2     -6.907     -3.557    -80.957
  -1  207      3.159     -4.066    -67.628
  -1  675      0.244    -11.300    -70.184
 252  232    -12.550     11.332    -65.790
  -1   72      7.697     11.604    -63.974
  -1   -2     -2.220     10.539    -73.423
  -1   -2    -11.413     12.561    -63.437
  -1   -2      7.668     -0.714    -66.326
 256   -2     11.610      7.222    -76.889
 476  465     -7.217     10.919    -74.938
  -1   -2      0.932     -6.424    -58.806
  -1  566     16.277     -3.653    -63.295
 222  162     12.638      1.135    -67.039
  -1   -2     13.801     12.263    -68.744
  -1   -2      8.138      7.597    -67.016
  -1   -2      4.388    -12.472    -60.453
  -1   -2     -0.522      8.214    -56.872
 568   -2      5.827     -8.170    -71.865
 656  802     12.706      4.938    -70.339
 594  568      7.580     -0.441    -60.635
 472  789    -11.371     -5.400    -72.274
 383  785     -3.596    -11.253    -68.324
  -1  213     -7.296    -11.569    -63.917
  -1   -2     -8.603      5.920    -59.147
  -1   -2      9.533     -9.489    -63.325
  -1   -2     -5.368      2.248    -59.341
  -1   -2     10.662    -11.191    -62.281
 495  406     -8.928    -10.370    -75.990
 498  724     14.173     -4.974    -63.091
  -1  504     -4.987     -2.522    -61.970
  -1   -2     -9.987    -11.659    -66.584
  -1  159      1.356      3.009    -61.684
 623  595     12.987     -6.864    -63.655
 565  553    -13.247     -0.800    -63.882
 300  692     13.655     -7.285    -64.304
 739  533    -14.207     -2.879    -65.904
  -1   -2     -0.967      4.960    -77.253
  -1   -2    -11.107    -12.062    -77.260
  -1  489     11.888      5.709    -61.182
 260  519      5.652     -1.104    -65.510
  -1   -2     13.341     11.277    -66.127
  -1   -2      3.277     -6.549    -53.207
  -1   -2    -10.981     -1.778    -62.420
 446  581     -5.817     11.547    -60.901
  -1   -2     -5.457    -10.647    -59.284
  -1   -2      2.200      8.360    -67.368
 377  277     12.722    -10.929    -73.025
 497  316     14.023      0.310    -68.254
  -1  625     11.552     10.763    -60.730
 578   -2      8.497     -3.718    -60.700
  -1  632      7.163     -3.027    -64.803
  -1   -2     11.264     -2.705    -69.348
  -1   -2    -12.383      3.577    -75.868
  -1   -2     15.391     -2.759    -62.653
  -1   -2     -7.272      0.826    -61.495
  -1   -2      8.271      4.487    -69.302
 775  329     10.331      8.609    -65.020
 265   -2     -7.577      7.072    -63.115
  -1   -2    -10.576     -1.311    -59.278
  -1   -2     -7.321     -6.420    -54.971
 261  341      8.925     -1.738    -66.518
  -1   -2    -11.701      9.480    -61.738
  -1  699      4.583      6.455    -71.495
  -1   -2    -13.147     -8.189    -75.100
 548  588      9.162      2.392    -59.956
 597  352     10.167     -7.952    -64.413
  -1  584    -12.469      4.122    -77.251
  -1   -2    -12.781     -6.529    -72.130
  -1  571     -9.337      6.906    -75.617
  -1   -2      2.372     -9.462    -79.919
 311  342     17.043     -7.127    -69.446
  -1   -2    -10.842     12.005    -62.395
  -1  320      4.036      4.227    -62.976
  -1   -2     -4.780     -9.240    -58.798
  -1   -2     16.150    -10.156    -69.769
  -1   -2     15.227    -11.768    -65.586
  -1   -2    -10.321      0.399    -87.761
  -1  518    -11.391     -8.103    -74.712
 207  770    -13.517      0.492    -66.334
  -1   -2     -3.126     -1.985    -81.357
 688  804     16.020     10.322    -65.097
 504  658     -8.798     -4.009    -62.587
  -1   -2     -2.299     -8.691    -52.468
  -1   -2     -5.708     -9.811    -77.550
  -1  661      2.759     -4.457    -58.099
  -1   -2      4.453     10.142    -60.570
  -1   -2     10.376     -4.060    -60.005
 344  561     -6.293     -4.635    -66.766
 179   -2    -12.456     12.633    -71.466
  -1   -2     -5.814     -5.780    -58.361
  -1   -2     -8.192     -5.627    -59.027
 296   -2      9.725     -4.430    -65.030
  -1   -2      9.323     -4.603    -59.443
 574   -2     16.836     -1.327    -67.004
  -1  600     13.524      7.918    -64.156
  -1   -2     -1.079      9.981    -52.685
 212  664      9.470    -11.305    -64.396
 155  253     16.570     10.907    -73.145
 670  302      1.587      0.547    -64.164
  -1  642    -12.712     -7.782    -70.097
  -1  498     14.903     -4.736    -66.858
  -1   -2     -9.103      0.515    -77.557
  -1   -2     -1.571      4.452    -67.795
  -1   -2      5.560     -6.906    -75.499
  -1  652      2.698     12.517    -69.584
 283  534     16.543     -6.828    -71.195
  -1   -2      0.226     -4.306    -64.841
  -1   -2     11.981     -3.350    -73.801
 304  781      1.360      6.247    -61.315
  -1   -2     -2.522     -9.320    -54.671
  -1   -2     -3.423    -11.154    -75.829
  -1   -2      1.836     -0.463    -57.371
  -1   -2      1.392     10.189    -68.829
  -1   -2     -6.651     10.715    -66.140
  -1   -2      8.430      1.963    -60.535
  -1   -2    -12.847    -11.534    -62.211
  -1   -2     -7.834     12.519    -57.196
  -1   -2     -6.683     -2.555    -66.670
 586  797     10.435      7.003    -66.971
  -1   -2     -8.605     -1.964    -63.398
 463   -2      3.189      5.713    -75.210
  -1   -2      4.985     11.692    -65.954
  -1   -2      7.820     -0.941    -61.855
  -1   -2     12.354     10.603    -75.088
  -1   -2     13.475     -7.183    -76.208
  -1   -2    -14.203     13.042    -67.835
  -1   -2    -10.069      0.632    -84.265
  -1   -2     -1.172      4.892    -75.283
  -1  242    -15.655      7.202    -76.340
  -1   -2     -4.890     11.533    -59.160
 645   -2      4.009      4.904    -57.498
  -1   -2     14.392      1.892    -59.619
  -1   -2     -4.920      0.440    -72.610
  -1   -2     -7.910    -11.871    -76.485
 583  748    -13.904      5.231    -77.020
  -1   -2      5.220     11.840    -77.287
 469  421      3.680     -4.810    -60.639
 655  801     14.984      7.054    -73.989
  -1   -2      9.556    -10.440    -76.545
  -1   -2     13.331    -10.259    -76.588
  -1   -2      5.351      5.663    -58.186
 230   -2      1.899     -3.865    -63.528
  -1  150      0.136    -11.395    -73.522
  -1   -2      9.776     -5.615    -77.175
  -1   -2     13.413      2.478    -58.580
  -1   -2     -6.861      9.214    -59.757
  -1   -2     -8.380      9.303    -55.665
  -1   -2     -3.006    -11.085    -60.329
 425  671     -1.840    -10.293    -66.143
 312  626    -13.976      7.884    -65.845
 629   -2     16.889     -5.520    -68.410
  -1   -2     -8.474     -5.042    -58.528
 559  795     -5.863     12.833    -63.576
 547  217     -9.228     -3.230    -73.070
  -1  708     -9.068      1.094    -63.439
  -1   -2     -2.688     -6.047    -73.029
  -1   -2     -0.542    -11.194    -74.644
  -1   -2    -12.160     -9.381    -73.604
  -1   -2     -8.800     11.058    -65.499
  -1   -2      6.511    -10.479    -77.091
  -1   -2     -8.002    -10.009    -55.765
 325   -2     -6.522     -0.210    -70.013
 278   -2      9.021     -8.625    -73.335
 560  815      0.174     -1.710    -74.457
  -1   -2      8.385     -5.666    -56.539
  -1   -2      3.347     -3.604    -63.088
  -1   -2     -4.557     13.377    -63.275
  -1   -2     -9.561     -7.446    -63.199
  -1   -2    -10.469      4.434    -70.777
  -1   -2     14.915      3.750    -59.466
  -1   -2     -1.138      3.931    -67.088
 672  667     14.849     10.003    -69.666
  -1   -2     -1.122     12.638    -64.834
  -1   -2    -15.039     -4.533    -67.885
 587  294     -1.355     -0.476    -64.722
  -1   -2    -13.393     -6.801    -68.387
  -1   -2     15.016    -10.727    -69.040
  -1   -2     -0.018     -9.960    -66.133
  -1   -2     -6.337     -9.646    -55.178
 479  495      8.436    -12.765    -62.409
  -1   -2      3.148      8.161    -55.569
  -1   -2    -12.571     -4.286    -75.568
  -1  311      2.873    -13.062    -65.548
  -1   -2     18.537     10.336    -71.424
  -1  573      3.475      8.519    -71.626
 460  521      1.606      8.247    -68.966
  -1   -2     -8.477     10.543    -56.685
  -1  347     15.116      0.920    -64.089
  -1   -2      5.019     12.722    -66.149
  -1   -2     14.973     11.657    -62.882
  -1   -2    -10.767      7.269    -68.350
 738  326     -7.310     11.675    -69.303
 725   -2     14.212     -1.416    -65.807
  -1   -2     12.516     10.562    -82.220
  -1   -2    -13.915     10.992    -73.182
  -1   -2      8.207     -9.800    -60.394
  -1   -2     -9.698    -10.873    -80.372
  -1  742      3.116     -0.912    -67.053
  -1   -2      1.856      0.048    -70.478
  -1   -2      8.982    -10.986    -77.158
  -1   -2    -10.977     12.121    -67.829
  -1   -2     -0.642      4.587    -64.289
  -1   -2     -2.517      1.403    -76.836
  -1   -2     -8.212     -7.814    -56.570
  -1   -2     -7.935     -2.121    -60.682
  -1   -2     10.372     11.201    -62.535
  -1   -2    -16.354      5.209    -73.442
  -1   -2     12.180    -11.721    -78.383
  -1   -2      2.707      2.815    -58.163
  -1   -2    -13.391      6.340    -68.236
  -1   -2     15.411     -4.845    -70.392
  -1   -2    -10.499      9.725    -60.825
  -1  367     -6.482      2.236    -62.624
  -1   -2    -10.659     -4.298    -86.371
 554  794     13.292     -7.669    -65.773
  -1   -2     17.327     11.818    -71.353
  -1   -2      8.413     -7.602    -55.452
  -1   -2     -8.150      1.294    -62.992
  -1   -2     11.452     -1.407    -70.065
 602  730     -5.313     11.318    -68.214
  -1   -2    -10.037    -12.468    -72.550
 319  816     -8.347      8.567    -69.337
  -1   -2      2.419    -10.839    -67.887
  -1   -2     11.727     -3.578    -57.793
 748  805    -10.636     12.025    -68.068
  -1   -2     12.227      0.482    -76.671
  -1   -2     13.923     -5.327    -76.893
  -1   -2      6.988     11.168    -65.955
  -1   -2     -6.185      2.953    -57.956
  -1   -2     -1.919     13.052    -63.038
  -1   -2     -8.110     -7.205    -56.950
  -1   -2     -6.836      2.565    -60.147
  -1   -2     -3.655     11.415    -72.788
  -1   -2     15.345     -0.327    -64.475
  -1   -2      5.380     -1.588    -66.163
  -1   -2     -2.560      6.897    -70.643
  -1   -2     16.411     -5.562    -72.153
 760  806     -7.229      7.280    -68.114
  -1   -2      1.778      8.042    -68.830
  -1   -2     -1.160     -3.253    -64.281
 340   21     -8.787     -0.766    -74.707
  31  762     -2.474      7.822    -69.075
  -1   -2     -8.178      3.523    -75.804
  23   -2    -11.056     11.077    -72.694
 316  359     -0.774     -5.002    -72.774
 805   61     -9.128      4.513    -65.506
 152   84      4.296      5.647    -71.368
 193  817    -14.153     -9.470    -72.909
 769  807     -2.783      2.073    -62.400
 592  717     11.876    -11.696    -70.171
 187  439     16.334      7.394    -66.956
  76  205     -7.419     -5.999    -72.641
 182   -2     -3.831     11.679    -74.468
 451   -2     -8.929     13.310    -66.516
 275  776     -1.328     11.833    -70.857
 234   -2      0.869     -9.940    -75.534
 410   -2     -2.681      9.143    -68.432
 771  818     10.931      5.503    -67.064
 437  431     11.015      5.151    -68.817
 780  809     12.487     -3.295    -71.921
 287  778     -0.358     -0.288    -76.530
 505   -2      4.207      2.113    -71.063
 281  777     12.151     -2.604    -65.416
 343  668     12.854     -5.684    -73.828
 387   -2     14.592     -7.043    -74.009
 200   -2     11.578      4.407    -75.508
 553  793     11.713     -0.491    -62.787
  28  317      5.162      8.550    -74.359
 794  108      0.527      7.326    -76.203
 512   -2     15.692    -10.951    -74.653
 346  782      1.263      5.825    -68.007
 218  107      1.472     -6.689    -76.464
 600  665     -4.818     10.525    -73.998
 415   -2      3.412      0.469    -62.041
 189  288      8.290     -6.436    -65.652
 787  505     -1.744    -12.319    -64.681
 258   -2      2.891     -9.619    -77.668
 510   -2      8.109     11.821    -64.253
 506  559      6.347     -2.517    -71.209
 521  321    -14.355     -9.976    -73.147
 707   -2    -10.672      8.254    -71.975
 450  650     15.272     -9.992    -68.642
 743   -2     18.181     12.151    -73.246
 149  767    -14.893      9.550    -74.123
 579   -2     12.212     -6.466    -65.005
 613   -2     -3.204     12.421    -72.843
 792  811     -9.776     11.903    -59.948
 800  666      2.846      7.154    -68.459
 793   -2     17.265    -11.743    -73.449
 731   -2      3.662     -0.191    -60.382
 245  373      1.817      4.033    -72.649
 473  201      0.688      2.789    -76.083
 790  449     -5.490      0.832    -63.480
 788  810     19.034    -11.304    -71.098
 520   -2      1.219      3.042    -61.728
  68  403     -7.172     -3.464    -75.744
 266  382     -3.800     -0.629    -68.765
 429  523      4.112     -4.967    -71.774
 442   -2      5.824     -6.137    -72.213
 527  819     -8.748      4.223    -60.267
 675  614      7.567      2.919    -65.198
 809  554     12.343     -1.135    -75.421
