813
   8   18     -1.617     11.891    -72.216
  35    3      5.750      1.387    -71.499
   0    4      4.969      0.790    -71.249
   1    6      1.160     10.079    -69.707
   5  151     -9.779      1.140    -71.903
  93    1      9.525      2.393    -70.935
   2    2     -1.260      4.017    -70.295
  29   10     -7.652      0.777    -67.584
   6    8     -0.092      7.105    -68.318
  15   11     -0.095      5.560    -76.488
  19    0     -1.271      5.143    -71.925
  14    9     -6.904      3.607    -69.680
  10   13      1.119     -7.020    -70.106
  22  355      8.798     -0.524    -68.573
  12   19     -1.591      9.868    -68.635
   9   31      4.914      1.506    -70.487
  55   32      1.631      7.527    -67.807
   3  121     -7.689      0.536    -75.293
  18   23      1.231     10.661    -67.593
  33  146     -1.282     11.683    -67.716
  61   12     -9.046      8.296    -69.992
  46   41     -4.788      3.257    -71.338
   7  127      5.661     10.468    -72.812
  16   25      6.711     -1.496    -71.348
  74  382      9.417     11.408    -70.496
  13   15      4.838     -3.769    -72.342
  50   16      1.847      5.122    -70.293
  23   24      1.725      0.641    -68.768
   4   38     -6.600     -3.814    -72.880
  20  236     -2.957      2.251    -69.214
  84    7     -6.964     -0.547    -75.154
  34  109    -10.592      5.432    -68.385
  -1   30      4.772     -7.629    -70.679
  52   14      5.566      8.688    -73.765
  24  125      1.352      9.035    -66.622
  17   17      0.564      8.279    -69.302
  96   26    -16.064     -8.987    -74.177
  28  218     -2.929      6.775    -68.724
  43   29     10.065     -1.090    -68.165
  26   54     -3.075     -1.571    -67.099
  88  362     -4.264      9.689    -67.974
  54   44     -4.230      0.598    -67.084
 248   -2     -7.082     -9.173    -69.265
  39  183      4.600      7.233    -71.872
  -1   -2      1.199      6.863    -55.254
  47   49     -0.614      2.735    -65.780
  41   -2      6.194      4.959    -71.873
  21  140      8.587      1.667    -66.705
 380  804     -5.758      6.686    -72.369
 107  168    -11.891      5.272    -72.673
 431  368     -2.696     -4.753    -60.374
 140  786     -5.192      6.816    -73.965
  73   58     -0.705     11.635    -65.948
  42   65     -0.666      2.007    -71.894
 120   45     -7.523     11.246    -68.893
  49  378      1.534     11.503    -65.666
  83  182     -6.661     -1.284    -68.819
  64  453     -3.899      9.792    -62.419
  -1  103    -13.119     -3.050    -66.784
  69   51      4.040      6.038    -66.463
  31  369      0.549     11.790    -69.336
 100   63     -2.771     -0.857    -63.471
 389  420     -3.197      8.325    -63.914
  -1   -2     -4.838     -9.318    -57.250
  76  233    -13.429     -5.972    -73.090
  32   28      6.482     -4.099    -69.146
  58  114      8.774      6.727    -68.456
 125  136     -0.635      5.078    -66.899
  87  415      6.895      8.082    -65.285
  56   72      2.984     -7.185    -66.703
 122   68     -5.966     -0.335    -64.358
 110  199    -10.524     10.406    -69.142
 240  671      8.289      1.334    -70.636
  91  779      3.629      1.795    -64.786
 184   52     -7.705      4.241    -69.933
  -1  446      9.211     -2.363    -62.354
  80   76    -10.883     -5.994    -67.008
 185  393      0.422      0.094    -63.276
  62   71     -1.720     -2.721    -66.557
 102  115      3.614     12.048    -70.061
  63   61      0.576      7.589    -68.365
  86   82     15.054      3.045    -68.313
 198   80    -14.989     -3.889    -70.501
  77   90     -4.517      6.199    -65.048
 271  173      0.383     -5.662    -73.387
 114  468     -6.413      8.000    -62.557
  -1   -2     -6.868     -8.960    -59.813
 148   48      0.692      6.080    -63.257
 144  513     -6.127    -11.999    -70.274
 226  506     15.282      5.107    -71.214
  98  781     -6.778     -1.966    -65.850
 149   79      9.709     -1.866    -67.240
 143   55     -4.942     -4.034    -66.263
 106   64      9.331     -3.188    -69.013
 103   -2      0.472     -1.291    -65.417
 115  287      7.979      4.229    -65.350
  40   40      8.443      4.874    -68.736
 201   94     -5.843      7.155    -63.247
 150  379     -0.779     11.818    -70.367
  82   81    -13.115     10.546    -68.026
  81   -2     -0.858     13.267    -65.349
 118   -2      0.635     -4.805    -64.565
  -1  139     -0.399    -12.385    -67.533
 285  485     -3.157      7.453    -75.768
 145  188     11.849     -6.822    -65.726
 208   97     -3.172     -6.871    -67.780
  72  107     13.596      8.076    -73.278
  27  135      6.611      0.018    -73.703
 460   -2     -7.309      4.971    -61.706
 129  363     -7.659     -3.612    -66.772
 162   27     -0.467      9.059    -68.796
 147  123      5.890     -2.417    -65.258
  -1   -2     -5.127     -1.151    -61.848
 146  476      7.382     12.535    -69.416
  -1   77     -0.216      0.975    -63.961
  -1   -2     -4.077     -6.846    -65.958
 109   33      7.719     -2.283    -69.081
 164  271     -8.680      9.685    -71.350
 444  186      6.137     -5.729    -60.327
 530   46      2.187     -5.693    -74.111
 435  193     -8.496      2.607    -63.833
 132   92     -2.621      3.230    -62.757
  67  255    -11.117      7.755    -71.192
  44  511      7.737     -1.892    -71.172
 119  163     10.897     -5.280    -69.675
  51  204     -9.044      6.741    -74.190
  75   42      6.965      0.846    -73.626
 131  537     -0.678    -10.768    -70.792
  85  232     -1.703     -7.576    -69.411
 101  157     12.771     -2.084    -68.626
 152  177     12.371      0.385    -67.057
  -1   62     -6.672     -9.108    -66.987
  68  105      7.238      4.727    -66.128
 138   67      0.787      0.276    -68.374
 176  787      2.742      7.445    -65.020
 194  294    -10.150     -3.532    -72.729
 158  389     -2.053      4.525    -64.311
 449  120      4.616    -11.743    -67.710
 239   87     -7.785      1.872    -69.822
 183  141      8.915      6.071    -61.002
 128  172      3.841    -13.030    -66.265
  -1   78      9.189     -2.852    -64.537
 291  532     15.921     -4.478    -70.212
 199  573     -6.963      6.231    -64.788
 265   84      8.424     -8.687    -67.527
 202   95     -5.529    -12.045    -70.170
 671  288    -10.057     -1.865    -70.585
 112   -2     -4.093      7.436    -68.156
 126  117     -7.536      0.941    -64.246
 415   93     11.725      7.818    -70.229
  36   47     -1.535      3.705    -73.824
 139  118      5.547     -8.707    -68.951
 105  782      5.132     -8.318    -70.527
  -1  436     -3.699    -10.887    -64.388
 108   85      4.081     10.696    -68.997
  99  132     -8.558     -0.149    -65.243
 447   57      4.215      7.998    -64.857
  60  131     -3.342     -6.115    -65.050
 161  142     16.640      0.009    -67.649
 189  231      9.597     -4.641    -67.324
 193  143      4.883     -2.798    -74.678
  92  202      2.664      5.002    -69.407
  -1  442     -4.993      1.721    -73.855
 171  184     -0.359    -10.468    -65.240
  79  303    -12.773      3.323    -66.757
 422  101     -7.569      9.952    -63.584
  30  358      3.752      9.662    -71.529
 385   34     -9.567     11.721    -70.776
  -1  450      4.138    -10.812    -65.776
 133  152      9.553     12.180    -65.925
 167   96      5.537     -8.285    -67.237
  -1   -2     -5.348      6.496    -63.691
 206  386     -1.021     11.046    -62.800
 200  789     14.345      6.529    -67.608
 620   -2     -8.740     -7.924    -74.781
 130  626    -11.111     12.297    -72.494
  48  460      3.329      4.595    -69.107
 448  138     -8.495    -12.467    -67.438
  66  445     11.751     10.800    -70.824
 321  800     -8.827      6.961    -65.771
 160  122    -13.532     10.111    -72.173
 165  234      2.518      0.281    -63.831
 571  261     -3.541    -11.093    -68.183
 142  274     -9.956     12.314    -66.078
 252  203     -1.901    -12.881    -67.053
 433  491     -0.545    -11.416    -65.338
 368   37     -2.453     -2.017    -71.733
 214  129      8.657      1.966    -63.227
 295   75     10.187     -1.839    -72.355
  -1   -2    -10.929     -5.236    -76.945
 186  401     13.981      9.705    -67.862
 405  385      3.777      1.026    -64.474
 136  161    -15.020      5.875    -72.419
 210  251    -14.282      3.463    -68.625
 540  220      5.785      0.276    -61.287
  -1   -2      7.234     13.232    -64.313
 288  263      3.643      2.180    -66.643
  11   50      1.681      7.490    -71.853
 220  522     -4.779      7.136    -60.587
 211  227      1.102    -12.787    -68.304
 477   -2      9.893     -5.915    -70.493
 173   -2     11.575     -2.656    -68.376
  57  376     -5.525     -0.713    -70.069
 216  110      3.131      5.195    -66.366
 181  788     -7.743      1.634    -63.446
 565  815     -8.594      4.183    -68.691
 196  827      9.869     -6.586    -64.538
 249   59     -3.624      6.070    -69.601
  -1   -2     -1.686     -3.725    -65.521
 188  276     -3.551     -6.178    -69.293
 241  512     -9.071     -7.186    -66.079
 277  464      4.050      6.157    -63.755
  53   83      5.596     -2.363    -74.244
 228  440    -14.944      4.901    -71.002
 113  222     15.369     -4.813    -67.442
 178  113     -3.472      6.121    -61.942
  -1   -2    -10.854     -3.505    -61.723
 558  256     -1.113     -3.075    -75.696
 137  481      9.630      3.667    -66.715
 180  335      9.110      1.178    -66.955
 197  205    -12.544     -6.342    -72.370
 577  247      2.762    -10.645    -75.483
 384   89      7.631     -3.083    -67.774
 182  374     -7.352      2.268    -61.568
 245  164      2.768     12.195    -70.498
 205  277    -12.916      3.573    -68.283
 151  244      6.883      9.933    -75.642
 298  126    -10.572      0.621    -72.495
  97  780     -5.116    -10.909    -71.873
 403  467     -0.039    -11.891    -68.119
 408  116      2.193      3.134    -62.463
 187  514      2.881     -9.357    -63.938
 127  404      7.182    -10.990    -67.180
 174  192    -10.232     11.362    -70.591
 303  111     -3.767     -6.977    -72.997
 309  828      4.622      4.595    -71.880
 212   -2     10.625    -10.118    -65.410
  -1  367    -10.678     -9.477    -61.410
 154  148     -0.710      1.906    -64.993
 609  817     -4.397      6.431    -63.358
  65  601      0.459      1.911    -74.034
 496   -2    -10.256     -1.077    -65.851
 169  443     -0.447      0.929    -76.941
 218  455      5.538    -12.093    -67.580
 191  291     10.395      1.042    -66.562
 470   -2     15.732      7.723    -68.094
 229  170      0.481      8.885    -63.907
 300  145      9.466     -2.647    -70.701
 284  257     -8.030      6.012    -60.969
 233  102     -1.927     10.781    -67.254
 175  178      2.102      5.984    -72.542
 262   69      4.956     -4.259    -66.416
 232  613      4.388     -0.274    -72.090
 768   -2     -9.678     -9.950    -74.885
 467  195      4.603    -10.614    -69.417
 195   -2    -11.650     12.054    -65.341
 286  214     -1.039    -10.198    -66.681
 484  433     -0.216      9.124    -58.400
 203   -2    -13.346      3.633    -73.045
 505  622     -6.854     -6.029    -67.133
 323  252     14.433      9.207    -70.936
  -1   -2    -15.357      9.892    -78.031
 340  607     -3.250    -11.882    -74.575
 155  239     -1.087      3.212    -61.070
 302  174     -4.539     -5.655    -62.740
 390  307      1.644     -2.111    -75.426
 231  293      9.832     -8.364    -69.942
  -1  286     15.019     12.431    -67.496
 339  489     11.955      9.807    -68.366
 312  582      4.054      7.620    -75.927
  -1   -2    -13.246     12.341    -66.055
 179  714     15.722     -5.140    -69.949
 221   -2    -13.090      3.502    -75.235
 281  284      9.175      6.741    -66.438
 273  390    -11.706      5.563    -71.037
 104   35      4.628     -0.764    -69.686
 350  285     -3.516      6.414    -64.579
 628  344      8.323      7.282    -64.087
 410  225     -8.989      8.206    -75.325
  -1  237      2.472      2.271    -64.451
 635  228      8.980     11.089    -65.446
  -1  493     11.953    -10.167    -65.570
 311  226      4.738      4.415    -73.412
 242   -2     -4.540     12.987    -68.004
 230  213     10.203     10.490    -68.546
 153  570     10.615      7.689    -75.444
 255  302      1.785      4.769    -61.684
 283  462     12.792     -3.691    -68.907
  -1   -2     -1.454     -0.414    -62.717
  -1   -2     13.608      3.135    -60.598
 421  150    -13.742      1.255    -76.040
 594  409      9.304      3.599    -65.259
 135  267      4.309     -9.036    -66.534
 349  180     15.802      7.827    -71.108
 319  679     10.632     -2.455    -65.957
 334  270     17.229     -6.194    -69.570
  -1  238      7.729      8.983    -62.698
 575  531    -13.573      8.031    -65.792
 299  299     10.733      3.629    -62.684
 655  500      3.379     10.262    -76.121
 506   -2     11.984     11.270    -65.424
  -1   -2     11.571     -8.761    -65.785
 532  597    -10.293     -0.077    -60.977
 455   -2      9.785    -12.280    -77.490
 320  799     -0.715     10.070    -74.799
 224  586      7.648    -10.452    -66.432
 441  437      4.846     11.750    -75.804
 310  253      8.757      5.019    -65.990
 331  312     -3.628      0.255    -70.789
 258  595      8.238     -0.821    -73.480
 326  340     10.406    -12.049    -70.676
  -1   -2      9.862      4.614    -60.390
 250  304    -11.486      6.175    -74.606
 502  305    -13.414     11.633    -72.281
  -1  311     -0.483     -6.899    -66.449
 276  484    -13.984      9.457    -73.449
 234  792     12.176      5.774    -69.930
 213   -2    -10.007      5.975    -62.579
 335  210     12.920     -2.308    -72.364
 545  219     -8.444      1.780    -74.369
 666  346     -2.727     10.675    -68.685
  -1   -2     -4.941     -6.774    -66.291
 774  211     -0.348     -3.416    -66.987
  -1  313     12.617     -4.660    -64.743
  -1   -2     -7.262     -7.553    -74.667
 511  516      4.966     -7.793    -75.429
 475  262     10.921     -4.965    -67.407
  -1  248     -8.068     -1.851    -74.584
 638  829     16.659     10.176    -71.754
  -1   -2     -0.679      6.267    -67.571
 344  196     -1.254      6.967    -64.958
 333  295     15.261      1.067    -66.878
 701  338     10.945     -8.473    -73.853
 383   -2      3.740    -11.145    -65.480
 337  282     14.769      7.614    -71.222
  -1  197      7.996     -8.557    -69.143
 322  603     -6.036      8.690    -75.756
 345  322     11.134     -3.607    -62.915
 168   -2      5.762     11.223    -70.667
  -1  567     -6.569     -9.585    -58.774
 679  337      1.992     -5.030    -68.405
 797  824     -7.927      6.512    -75.080
  -1  317      5.830      8.095    -63.597
 279   -2      2.936     -3.166    -68.056
  -1   -2      2.899     -9.012    -68.066
 327  339      3.527    -12.273    -66.523
 297  215    -11.044     -4.034    -72.452
  25  459     11.701      0.284    -71.973
 543  812    -13.029     -5.311    -74.551
 358   -2      7.487      4.434    -59.856
 261  332     12.706      8.525    -67.902
 610   -2     11.434     10.709    -64.711
 341  670     -6.205     12.141    -69.245
  -1   -2      1.821      1.795    -60.285
 361  352     12.401     -0.946    -65.276
 767   -2    -11.361      1.408    -67.678
 353  802     17.051     12.750    -67.492
 726  673     13.312     -8.894    -68.391
 354  315     16.857     -6.462    -71.593
  -1  316     12.811     -0.457    -77.292
 777  349      6.453      9.195    -65.248
 739  614     -0.050     -3.150    -72.750
  -1   -2    -10.632    -11.762    -65.133
 227  158     -7.886     -6.290    -74.573
  -1   -2     10.435    -10.287    -67.592
 684  328      5.800     10.815    -67.890
 338  578     -2.464     11.387    -73.680
  -1   -2     -5.470     12.851    -67.421
 685   -2      3.975     12.712    -67.746
  -1  430     -7.556    -10.032    -58.346
 366  554     -6.351      7.184    -72.289
 372  356    -11.733      6.344    -69.547
  -1   -2      4.368     -4.894    -64.728
  90  375     -6.944      7.388    -75.544
 378  380    -11.057     -8.516    -66.446
 223  541     11.043     -6.050    -74.078
  78   -2     -4.994      3.315    -64.168
  94   20      0.433     -5.102    -68.882
 388   60      9.594      4.994    -71.750
 124  785      4.085      6.999    -70.883
  -1   -2     -8.322     -8.616    -52.065
  -1   -2     -3.857     -5.571    -52.415
  -1   -2      8.348    -12.129    -63.443
 564  361    -14.202     -8.541    -73.865
  89  387    -10.170     -1.905    -72.613
  38  133     -0.739      6.172    -69.301
 375   -2    -15.087     -4.772    -70.825
 765   21      5.105      6.022    -74.340
 507  811     -0.486      5.507    -73.159
  -1   -2     -7.220     -9.714    -72.436
 418  128      5.253     12.323    -63.335
 116  783      6.689      4.457    -67.077
 412  807      1.135      4.109    -76.464
  -1   -2     -0.310     -9.885    -67.437
 427  451     -9.713      3.402    -59.892
 215  366     -8.460     11.936    -76.261
 217  790     13.851      2.550    -67.506
  -1  360      2.832     11.211    -64.154
 392  104      9.694      4.224    -70.709
 394   66     -2.049      9.385    -60.583
 451  402      0.984     -6.642    -76.886
  -1   -2     -6.973     -8.768    -64.296
 391  384      1.714     -5.931    -66.713
  -1   -2     -4.590      5.321    -81.715
  -1   -2     -0.945     -1.173    -63.093
 397  806     -0.587     -7.976    -71.160
  -1   -2      8.062     10.791    -65.470
  -1   -2    -12.406     -7.328    -79.623
  -1  406     15.008     -0.230    -62.857
 483  808     12.833    -11.304    -69.956
  -1  154      3.153     -9.697    -68.025
  -1   -2    -12.103    -10.162    -74.846
 328  398      5.279     -2.792    -68.429
 237   -2     -5.602      5.651    -60.336
 406  373      5.118      6.062    -63.422
  -1   74      5.421      0.950    -66.368
 225  153      9.143     -5.525    -69.235
  -1  391     -6.165      8.539    -61.598
 466   -2     -1.390     -9.352    -68.753
  -1   -2     -9.517    -10.173    -62.400
 263  410    -13.512     11.195    -73.336
 446   -2     -0.633    -11.294    -61.180
  -1  428     -7.896     -5.811    -66.866
  -1   -2      2.728     10.102    -61.388
 465   -2      7.219      9.914    -70.032
 539  416     12.055     -9.727    -64.641
 192   88    -13.130     -8.538    -65.706
 141  190     10.774     -4.493    -64.145
  -1  268    -10.642      2.755    -72.267
  -1   -2     -7.760     -9.654    -72.297
  -1   -2     11.525     -8.619    -65.865
 436  408     -7.891      9.670    -66.658
 293  797      6.794     -5.058    -76.715
  -1  441      6.876     -1.815    -60.009
  -1   -2     -9.486     -1.098    -86.432
 589  149      4.483      3.988    -65.903
  -1   -2     -7.219    -11.021    -64.112
  -1   -2     -7.381      4.897    -63.533
 209   -2     -1.409    -11.797    -65.099
  -1   -2      1.518     -3.483    -68.120
  -1   -2     -8.953    -10.411    -62.807
 204  535    -11.756     -6.662    -64.049
  -1   -2      3.394      3.848    -57.462
 190  198     10.340     -6.392    -64.040
 387  502     -0.033      7.019    -74.362
  -1   -2      2.825     -5.086    -58.848
  -1  206    -11.341     12.267    -64.346
 373   -2     -6.943    -11.060    -77.091
 493  809     -8.154     -9.644    -63.252
  -1   -2     -7.672     -7.616    -66.119
  -1   -2     -8.800    -11.270    -72.704
 815  826     -4.933    -10.309    -61.607
 163   98     -4.373     -0.720    -66.759
  -1   -2     -7.489     -5.431    -64.981
 453  492     -2.091     12.215    -62.098
 442  200     13.966     -5.142    -64.695
  -1   -2     13.598     -5.382    -73.520
 121   -2    -13.749     11.693    -68.891
  -1   -2     -5.024     -6.334    -54.511
 456   -2      7.277     -0.087    -67.043
 454   -2      3.420      0.364    -59.957
  -1   -2     10.256     12.834    -65.250
 251  275     -6.867     -3.247    -62.523
 588  223      5.358     -6.153    -62.394
 246   -2    -14.829     -9.857    -75.850
 469   39     -4.649     10.464    -64.495
  -1   -2     -2.661     -7.257    -66.350
 468  191     -4.281     -7.785    -66.935
 434  242    -10.026      5.229    -62.795
 518  463    -11.346     -7.752    -67.475
 157  137    -12.266      2.195    -68.827
  -1  540      6.543     -7.108    -72.996
  -1   -2     -0.573     -5.324    -61.292
  -1   -2    -13.712      0.322    -67.351
  -1   -2     14.781     -7.579    -74.024
  -1   -2     -6.362      2.401    -65.784
 304  336     -9.319      2.497    -73.074
 428  508     -8.069     11.361    -59.665
  -1  207      1.580     -6.069    -65.189
  -1   -2    -12.624    -11.707    -75.299
 423  457     16.913      4.150    -65.165
  -1   -2      2.509    -12.156    -78.272
 401  260     -1.302     12.432    -63.588
  -1   -2     -4.351     -9.959    -71.953
  -1   -2    -14.309    -11.306    -71.968
  -1  471      9.021     -2.024    -59.145
 561   -2      8.387      3.721    -70.726
 479  243     -5.993    -11.115    -65.584
 812  147    -14.073      0.334    -75.270
  -1   -2    -10.435     -8.785    -66.359
  -1   -2      6.986      3.599    -53.068
 526   -2     11.472     -4.312    -61.100
 407  167     -9.673      6.449    -74.596
 606   -2     11.216     -7.808    -65.417
  -1  155    -13.123     -0.186    -65.369
  -1   -2      2.292     -1.907    -56.004
  -1   -2    -10.621    -11.221    -61.768
 495  221     -0.455    -12.040    -65.335
  -1   -2     11.994    -11.976    -74.787
  -1  279     -5.568     -3.650    -69.241
  -1   -2      2.293      6.444    -57.159
  -1   -2     -4.697      2.453    -65.930
 222  630     11.192      9.458    -64.627
  -1   -2     -8.838      8.823    -55.506
 462   -2     16.124     -2.962    -62.621
  -1   -2      1.550    -10.959    -60.375
  -1  452     -4.864      2.132    -72.704
  -1   -2      8.421     -5.949    -60.857
 357  803      0.017    -10.356    -74.413
  -1   -2    -12.581      2.582    -70.018
 457   -2      1.874      1.817    -77.271
  -1   -2     -8.410     -5.633    -63.432
  -1  108     -9.218     -7.108    -69.401
 317   -2      9.457      8.727    -63.392
  -1   -2     -0.508    -11.020    -63.556
 159  273    -10.202     -8.824    -67.928
  -1   -2      3.010    -11.067    -80.576
 617  325     -1.961      7.558    -60.216
 280  795    -11.820     10.916    -61.115
  -1   -2    -14.964      9.776    -71.310
 773  557    -14.741      9.823    -69.068
  -1   -2     -9.052      3.014    -70.143
 520  171     -3.574      3.713    -73.035
 134   -2     14.544      2.516    -69.185
  -1   -2      2.271     -6.188    -59.317
 282  208     -4.943     -4.573    -75.935
 316   -2     16.251      3.994    -72.063
  -1   -2    -14.185     -2.914    -71.078
  -1   -2      4.864    -11.224    -71.271
  -1  187     -4.583     -1.378    -67.128
  -1   -2     -1.254     -1.220    -64.717
  -1   -2      3.973    -12.086    -83.512
 266  209     14.127      0.618    -68.424
  -1   -2     12.147     12.986    -62.598
  -1   -2     -4.018     12.134    -68.250
 244  160     -9.309    -11.406    -67.759
 274  515      4.322     10.095    -76.301
  -1  280     10.863      0.825    -61.127
 481  620     14.157     -6.462    -65.878
 548  813     -2.082     11.394    -69.757
  -1   -2      8.349     12.198    -75.589
 514  212    -13.828      8.487    -68.514
  -1   -2      0.301     -5.111    -55.639
  -1   -2    -13.255     -9.884    -65.380
 510  505     15.174     -3.859    -62.993
  -1   -2     -4.516      2.776    -55.749
 587  816      5.376     -4.706    -74.988
 509   -2     -7.026      6.378    -59.946
 576  588     -0.436     11.719    -72.342
  -1   -2     -9.478     -3.025    -65.508
 579  562    -13.587     -2.009    -64.510
  -1  548      4.946      0.863    -61.441
  -1   -2     -2.044      4.946    -55.870
 586  545     14.263    -11.495    -72.960
  -1   -2     -8.602     -9.205    -55.155
 308  327     16.449      0.792    -73.806
  -1   -2     -6.564     -4.317    -52.405
  -1   -2     10.728     -2.357    -62.681
 364  474     -0.244     -3.003    -67.075
  -1   -2     -6.581      6.491    -57.835
 566  596      1.115     11.388    -62.996
  -1   -2     -0.669     -8.480    -57.293
  -1   -2     -7.667     10.977    -60.641
  -1  553      7.367    -11.082    -63.224
 574   -2     17.770      9.013    -67.045
 508  524    -15.037     -8.660    -70.958
 659  581     17.701     11.438    -70.208
  -1  425    -12.851      1.829    -77.192
 692  106     -2.056      2.794    -69.028
 615  473     -3.985      2.081    -69.354
 294  130     -3.525     -5.540    -73.080
  -1   -2     10.140     10.715    -56.880
  -1   -2      4.577     -5.758    -54.830
 593  323     12.139      1.742    -63.626
 695   -2     14.667     -6.504    -65.231
  -1   -2      9.179     -3.364    -62.939
 775   -2      6.366      6.372    -75.613
 329  584    -13.838     12.905    -67.880
  -1   -2    -15.238      7.362    -70.347
  -1   -2      8.084      9.134    -77.281
  -1   -2      9.316     10.861    -56.693
  -1   -2     11.843      8.388    -64.551
  -1   -2      4.892      8.510    -56.125
 793   -2     -6.743     -0.842    -60.781
 307   -2      1.124      7.508    -61.791
 534  606     -4.210     11.773    -72.733
  -1   -2      6.294     -9.789    -54.037
  -1   -2     10.909     -5.340    -62.498
  -1   -2      1.852    -10.889    -75.854
  59  283    -12.975     -3.097    -71.188
  -1   -2     -0.885     -4.486    -55.882
  -1   -2      5.062     -7.701    -58.968
  -1   -2      0.036      7.836    -52.990
 259   -2     14.385     11.194    -68.426
  -1   -2     -7.293     -6.563    -63.804
  -1   -2      2.483      4.661    -59.832
 556   -2      7.923    -11.073    -76.318
 111  169     -4.349     11.523    -74.209
  -1  641     -7.173      8.785    -68.373
  -1   -2    -11.094     -5.149    -80.115
  -1   -2     -7.738    -10.857    -60.832
  -1   -2     -7.805     -4.322    -63.047
 621  663     14.869      1.858    -83.948
  -1   -2     10.999     -5.396    -67.773
  -1   -2     11.770     -5.229    -67.142
  -1   -2      8.830     10.765    -59.116
  -1   -2    -14.016      5.020    -76.473
 776   -2     13.882      6.080    -72.552
 313  798     12.593      5.444    -63.176
  -1   -2     -9.264     -5.520    -56.804
  -1   -2     -2.416    -10.891    -66.867
  -1   -2     12.272     11.277    -74.202
  -1   -2     11.872    -11.683    -71.430
  -1   -2      9.334      2.166    -58.664
 788  482     -2.056      8.411    -74.119
  -1   -2     10.926    -12.560    -69.740
 292  796      7.850    -12.803    -69.350
  -1  224    -13.315      8.904    -70.278
  -1   -2    -11.993    -10.074    -61.535
  -1   -2     -0.277    -10.162    -67.330
  -1   -2      3.508      7.968    -62.897
  -1   -2     10.822      7.748    -67.468
  -1   -2      9.217     -6.461    -52.871
 573   -2     -4.539     -4.584    -62.407
  -1   -2     -1.035     -8.851    -85.560
 332  689      6.841      0.422    -67.733
 769   -2     -2.689     -1.260    -72.053
  -1   -2     -0.276     10.350    -57.584
  -1   -2     -4.788     -7.802    -76.641
 808  825     -2.888      2.198    -67.105
 700  633     17.334     -0.763    -66.718
 785  634      0.348      2.590    -72.882
 425   -2    -15.811      7.163    -75.273
  -1  693     15.924     -8.155    -67.137
  -1   -2     -8.513    -11.201    -68.855
  -1   -2    -13.225      5.211    -77.191
 663   -2     14.959      9.737    -64.320
 531  593      6.164     -4.037    -55.420
  -1   -2     -5.551    -10.181    -58.520
  -1   -2     -8.901     -6.157    -64.261
  70  258      0.401     -4.779    -70.492
  -1   -2     -0.986      6.331    -83.119
  -1   -2     -1.437     10.587    -57.160
 352  330     -3.795     10.404    -72.486
  -1   -2     13.283     -0.373    -71.710
 549  814     -2.865     -7.744    -60.193
 359  602    -12.688      7.462    -72.680
  -1   -2     -6.235     -9.786    -73.359
  -1   -2     13.014     -2.774    -60.545
  -1   -2      8.201      1.580    -54.733
 289   -2     11.740      3.316    -65.789
  -1   -2      9.734    -13.140    -66.626
  -1   -2      1.262     -4.255    -66.347
  -1   -2     13.326     10.134    -61.831
  -1   -2    -14.500     -9.370    -72.864
  -1   -2      9.544     -1.395    -53.656
  -1   -2      5.782      9.553    -77.515
  -1   -2     13.972      3.262    -61.937
  -1   -2      0.873    -13.181    -64.874
  -1   -2      9.746     -7.762    -76.678
  -1   -2     -0.796     10.213    -67.271
  -1   -2     -2.796     -5.412    -66.414
  -1   -2     16.450     11.766    -65.329
  -1   -2      7.844     -0.530    -74.335
  -1   -2     17.337    -10.944    -65.308
  -1   -2     11.645      2.468    -60.975
  -1   -2    -15.460     -8.576    -69.962
 416  830     11.890     -1.782    -71.427
  -1   -2    -10.177     -6.416    -78.655
  -1   -2     10.934     -1.166    -82.682
  -1   -2      5.870     11.725    -76.824
  -1   -2      2.494      9.258    -55.618
  -1   -2     -9.453      5.733    -62.769
  -1   -2      2.234     -9.792    -79.107
  -1   -2     -4.869      1.949    -65.251
 730   -2     11.327     -3.848    -69.586
  -1  534     16.537     -9.937    -69.825
  -1   -2     -2.100     -4.283    -72.764
  -1   -2      1.403     -8.285    -56.338
  -1   -2     -5.442     -7.100    -69.490
  -1   -2     10.944     -3.990    -74.856
 625   -2     12.541      9.217    -70.519
  -1   -2    -11.598     -0.576    -75.723
 644  698     -4.459      2.853    -65.707
 269  831    -14.898     -0.809    -75.947
  -1   -2     13.771      0.901    -71.679
  -1   -2     15.580     -3.861    -64.489
  -1   -2     -8.169      0.046    -62.663
  -1   -2    -16.246     -6.601    -71.280
  -1   -2      7.512     -4.040    -77.143
 360  718     12.199     -8.626    -64.276
  -1   -2     -0.238      4.757    -66.714
  -1   -2      7.635    -10.862    -63.896
  -1   -2     12.862      3.409    -57.210
  -1   -2    -15.630     -4.130    -69.405
  -1   -2     -3.680      4.006    -59.596
 330  334      2.754      9.061    -68.609
  -1   -2      5.705     -0.419    -58.952
  -1  611    -14.914    -11.961    -75.067
  -1   -2      3.875      8.040    -58.333
  -1   -2     -2.941      4.055    -72.916
  -1  617     -7.702     -1.998    -68.365
 802   -2     -2.316      2.855    -62.010
  -1   -2     11.497     -4.547    -56.337
  -1   -2     -3.826     -9.904    -57.213
  -1   -2      6.401     -8.343    -59.722
 305  832     -5.085     10.653    -74.596
 603   -2      0.600      8.912    -76.991
  -1   -2      2.904      8.858    -68.481
 721   -2     16.069      0.531    -64.297
 715  711      5.080      7.227    -62.730
  -1   -2      7.337    -11.454    -83.434
 356  343     -6.272      3.353    -63.575
  -1   -2    -15.187     -2.324    -82.996
  -1  660    -11.563      1.084    -63.059
  -1   -2    -14.323    -10.860    -69.443
  -1   -2     -2.509     -3.894    -52.116
  -1   -2     13.177      8.136    -69.409
  -1   -2    -14.135     -3.960    -71.760
  -1   -2     -9.174     12.446    -67.552
  -1   -2    -12.053      0.150    -61.639
  -1   -2     11.047     -0.232    -69.567
  -1   -2    -15.463     -7.892    -78.843
  -1   -2     -5.114      3.776    -55.892
  -1   -2    -10.398     -7.353    -81.648
  -1   -2     -7.511     -6.309    -60.124
  -1   -2     -8.200     -3.058    -68.569
  -1   -2      4.509      8.031    -72.016
  -1   -2     -2.712      7.986    -54.936
 346  801     16.380      9.331    -71.353
  -1   -2     -9.063     -8.511    -76.975
  -1   -2      2.694      8.264    -65.262
  -1   -2     -4.661     -1.474    -69.396
  -1   -2     10.867      3.689    -59.644
  -1   -2      1.765      6.135    -76.773
  -1   -2     11.547     -3.257    -56.418
 243  156     -9.954      0.893    -65.807
  -1   -2     -0.025     13.003    -66.863
  -1   -2    -12.119    -10.356    -66.715
  -1   -2      6.817     -7.934    -59.669
  -1   -2     -9.544     10.471    -62.165
  -1   -2     -5.277     11.891    -55.027
  -1   -2      8.216      6.113    -62.260
  -1   -2      6.162     11.707    -62.974
  -1  755     -8.071     -1.855    -61.613
 689  833    -12.002      8.189    -71.571
  -1   -2     -5.536      1.963    -70.166
  -1   -2     11.011      1.613    -58.579
  -1   -2     -2.069     -9.894    -79.641
  -1   -2      9.543    -11.930    -59.081
  -1   -2     -0.804      1.510    -71.685
  -1   -2      5.978     11.675    -59.702
  -1   -2      8.621      0.910    -62.592
  -1   -2      8.907      3.932    -62.150
  45  185     -1.670      9.628    -66.377
  37  778     -2.771     13.340    -66.226
 371   -2     -6.735      3.307    -71.088
  -1   -2    -12.930     -3.204    -71.136
 267  793     15.650      8.298    -72.736
 781  469      1.109     -8.642    -63.119
  -1   -2     -1.553    -11.818    -64.996
 170   -2     12.311      6.760    -66.008
 247  644     -8.415     -5.056    -72.999
 278   -2      7.152     -6.246    -64.090
 306   -2     -5.368      2.587    -63.347
 533  194    -11.576     -5.853    -65.571
 611  289     -9.371      1.028    -77.706
 260  278      6.282     11.016    -71.922
 654   -2      9.215     -7.544    -73.716
 367  179     -3.936     -8.578    -71.408
 429  456     -9.614     -8.546    -65.329
 256   -2      5.009     -1.775    -66.610
 491  556      3.223     -5.629    -60.663
 268  245     -1.151      5.122    -64.534
 786   -2     -0.681    -12.771    -63.675
 443  472      0.795     -0.242    -62.007
 272   -2     -2.102      5.259    -68.191
 177   56     -2.044    -10.529    -69.757
 117  784      1.446     -4.038    -67.688
 675  820     18.233     12.376    -74.477
 504  810     -4.771     13.171    -66.571
 580  292    -15.587     -9.858    -70.958
 486  658     13.092     12.583    -65.385
 789   -2      2.244     -8.182    -65.018
 555  241     11.633      8.089    -61.741
 363  651      3.776     -9.381    -69.052
 567  724     -0.420    -11.640    -71.252
 682   -2      3.664      5.426    -76.470
 770  822    -14.685     12.361    -67.264
 596   -2     11.978     -2.488    -62.771
 716   -2     11.493      1.794    -72.186
 711  834     18.643     -7.385    -69.259
 749  821     -3.297      5.017    -62.352
 712   -2     -3.888     -7.194    -78.141
 667  819     13.289    -11.059    -76.393
 794  730      6.028    -13.068    -64.143
 424  165      4.337      1.560    -62.241
 787  823    -15.913      8.794    -69.393
 779   -2     -2.122     12.408    -75.820
 584   -2     16.086      2.939    -76.781
 806  510     -8.570     -8.000    -67.186
  95  488      2.489     -0.399    -69.920
 236  835     -3.478    -11.691    -77.186
 315  494     14.396      4.725    -72.025
 325   -2     12.266     -4.443    -66.970
 524   -2     -9.473     -3.866    -74.949
 572  411     -2.214      5.226    -62.191
 592  310      7.276     -5.307    -73.841
 735  836     -6.208      1.220    -61.408
 783   -2     -3.025    -10.047    -61.375
 803   -2    -11.132     -6.228    -75.602
 807   -2     -0.371      5.201    -66.634
 811   -2      5.970    -10.352    -72.169
