810
   8    0     -7.677      4.017    -72.589
  54   26      5.914      2.631    -70.487
   2    5      3.023     10.218    -70.938
   5  342     -2.305     -1.264    -70.200
  11    2     -0.084      9.866    -72.022
  26    1     -0.660      1.977    -69.240
   0    4     -6.644     -4.199    -71.565
   1   21      3.180     10.938    -71.297
   3   16     -4.636      3.274    -69.917
 359  101      4.919     -1.347    -71.132
  -1   -2     -3.816      8.833    -72.143
   6    8     -6.907     -0.398    -70.421
   4    6     10.726      4.842    -73.143
 393  156     -3.442     -3.500    -72.071
  69   12      0.409     -4.069    -71.238
 105   70     -1.502      2.624    -69.312
 455   90      7.574      1.990    -74.329
  32   11     10.623      6.528    -69.099
  41  127     12.388      1.071    -68.296
 357   53     -6.633     -2.879    -71.678
 397  148     -8.223      7.944    -68.994
  17   15    -10.049     -0.324    -71.324
  42   75     -5.607      8.067    -66.485
  10   94      6.418      4.892    -71.020
  24   30      7.760     -5.644    -68.548
  -1  126    -12.849     -8.952    -71.019
 358   10      3.774      2.383    -70.471
  45   33     -4.686     -3.114    -69.122
  40   25      6.065      0.371    -67.810
  -1  409      6.264     12.611    -64.802
  20   31     14.978      3.535    -69.519
 201  543      6.849      0.076    -73.065
  44   23      0.085     -5.028    -72.476
  60   89     -7.378     -4.429    -71.334
   9   44     -0.621      3.997    -66.975
 378   93     -2.212      8.935    -66.075
 172  340     -2.336      0.753    -73.686
  33  445      6.955     11.672    -67.502
 438  460      8.181    -11.005    -75.370
  -1  279      5.576     -8.557    -74.127
  43   24     -7.578      5.638    -65.023
  53   47      4.118     12.130    -67.467
  37   56    -15.390      9.247    -74.635
  46  345     -1.401      4.288    -71.065
 107   59      4.559     -6.563    -67.748
  25   54     -3.841      0.860    -73.611
  72   17     -2.163      5.906    -67.821
  16   55     -4.951      8.454    -71.134
 257  141     10.514     10.410    -70.043
  38   27     -0.587      7.685    -68.570
  14   39      3.843     -6.449    -67.745
 102   85     -2.650     -1.367    -66.393
  21   -2     -0.441      4.313    -68.540
 387  226     -5.541     -8.322    -71.132
  -1  206     -9.941     -3.964    -68.757
  55    3     -8.339      4.603    -72.244
  19  154      9.993     -3.028    -71.673
 564  792    -11.063     -3.123    -73.368
 154   71    -14.861      6.354    -70.653
  68   40    -10.853      8.890    -70.028
  31  214      0.030     -1.153    -68.174
 450  337     -5.804      4.913    -64.176
  70   62     -1.711     10.671    -67.408
 159   46    -12.653      8.763    -70.049
  62   78      9.170     10.288    -66.916
 408   -2     -3.380     12.941    -68.073
  56  401     -6.333      4.327    -64.662
  92  512     -5.731      1.261    -63.559
  -1   -2     -7.975     -2.656    -77.903
  75  760      0.650     -0.391    -69.126
 238   86    -11.623      8.965    -72.559
 536   57     15.855      9.989    -72.247
 135  260     10.763     -7.786    -68.108
  99  763     -2.452     -1.827    -63.559
  13   49      2.359      8.532    -72.375
 361  373      2.240     -8.500    -73.529
  36   83     -7.071      3.961    -74.082
  58   -2      7.216      4.481    -71.296
  49   66      3.517     -7.663    -71.451
 147  443     -5.546      3.163    -64.931
 101  111     -9.321      7.535    -66.816
  76   50     -3.403      3.632    -67.759
  -1   -2     -8.364    -11.312    -67.908
 374   -2    -10.022     11.987    -70.876
  52  501      7.623      0.975    -74.541
  61  378     -4.345     -5.529    -70.982
 109  355     -9.767     -2.201    -70.956
 140  463      0.320     10.826    -72.020
  79  105     10.074     -9.711    -67.398
  90  762    -10.741     -3.832    -68.652
  73   69     -9.566      5.564    -67.447
  65   92      2.576     -2.758    -66.417
  74   84    -10.378     -8.840    -70.776
 177   52    -11.675      8.724    -65.946
 155  116     13.614      3.787    -65.419
 215   82     -3.692     -5.400    -67.424
 532  802      0.525      6.446    -77.445
  91  406     -8.877     13.206    -64.204
  88  257      1.894     -7.155    -68.932
 529   81     -2.617      1.361    -64.979
 369  455      5.877      8.514    -68.392
 115  145      8.325     -3.162    -63.477
  35  352      8.894      9.511    -73.032
 110  112    -13.535     -1.272    -66.739
 436   51      2.414     -0.070    -73.383
  12   28     -0.109      2.073    -69.334
 383  178     -4.762      5.472    -61.652
 479  107      3.307     -1.169    -65.749
 265  583     -4.542     -4.197    -70.981
  -1   97     -3.278    -10.544    -67.912
  51  357     -9.526      4.055    -64.707
  87  108     -9.484     12.001    -66.294
  94  208     11.021      1.502    -69.493
 103  144      4.886      5.287    -64.749
  -1  481     -8.164     -7.360    -76.431
 121  138      5.873     -2.840    -62.463
 156  187     -8.680     10.435    -65.161
 179  134    -11.755     -3.527    -65.845
  95   60      2.840     -5.888    -68.238
 126   -2     -0.712      2.536    -75.379
 104  136     -7.316      0.995    -63.665
 130   -2      8.262    -10.318    -64.452
 171  106     -4.189      1.584    -64.345
  29   45      1.952      7.038    -69.778
  -1   -2      6.776      8.071    -62.684
 245  767      6.399    -10.141    -67.820
  -1  110      0.736      2.861    -64.130
  -1   -2      3.190     -7.610    -62.830
 114  120     -0.112    -11.853    -64.898
 116   43      5.061     -2.218    -63.170
 170  142      7.168     10.879    -66.639
 127  222     10.290     -2.318    -65.448
 119   37    -12.757      3.480    -71.287
 413  397     16.949      6.123    -66.319
   7  383     -5.911      4.006    -70.670
  81  153      3.506     -3.554    -67.691
 120  241     -2.770     -6.700    -66.293
 484  786     -6.699      7.325    -64.007
 231   72      3.979     -0.353    -66.055
 131  374     -5.035      7.476    -61.208
  97   35     -2.723      7.484    -68.941
  57  236    -15.346      9.864    -72.756
 174  104      1.404    -11.738    -64.137
 253  189     -3.794     -0.621    -62.934
 324  185      9.542     -4.779    -69.985
  89  152      9.597     10.985    -68.055
 144  137     -3.185      0.228    -65.892
 124  133     -8.963     -0.728    -65.856
  82  761     -3.872    -11.302    -66.670
 214  128     -2.985      7.866    -66.170
 181  418     -9.882      0.371    -63.533
 373  173     14.455     -0.481    -73.474
 195  248      3.042      9.157    -64.186
 150  163     10.206      8.907    -67.794
  -1   95     -7.521     10.173    -76.236
 246  768     -9.676    -11.420    -73.412
 196  249     -0.197      2.534    -60.690
  -1   -2     -7.737     -2.404    -62.107
 191  184      9.010     -4.983    -63.392
  -1  102      1.825    -12.197    -63.553
 236  766     -5.120     -5.301    -62.816
 166  146     10.374      2.641    -63.505
 139  191     -3.683    -12.012    -66.621
 206   -2     10.149     -6.162    -73.911
 419   96      0.120     -0.103    -61.462
 188  125     -7.271      3.212    -62.621
 138  182    -10.308     12.614    -65.382
 151  286      4.470     -6.347    -64.338
  93  224     -4.373     12.916    -64.953
 218  179      1.873      1.382    -62.487
 507  169      2.667     -8.361    -69.464
 234   -2     -4.392     10.884    -63.845
 242   99     -6.732    -10.646    -72.820
 169   76    -14.293      0.631    -73.300
 537   58      8.466     -7.191    -67.788
 199   42      3.038     -5.543    -68.452
 111  155     -7.291     -1.942    -66.112
 192  122     -1.880      1.444    -66.099
 149  252     -1.610      8.189    -70.054
 334  217      8.635     -0.418    -70.449
 338  243      7.877     -7.568    -67.578
 235  164    -11.642     -4.692    -74.017
 193  803    -10.853     -0.851    -67.090
 223  598      5.169    -11.178    -72.992
 371  293     11.267     -1.809    -73.912
  96  277     16.435      8.462    -69.156
 336  223     -7.473     -9.105    -70.894
 293  234     12.902      7.557    -68.510
 175   -2      3.910     -5.541    -66.016
 205   65    -10.767      0.100    -67.265
 143  171    -12.287      4.713    -66.221
 180  175     -7.823      0.915    -61.694
 423  523     -6.650      5.295    -67.333
 187   61    -13.306     -8.580    -71.844
  -1  245     -4.945      7.242    -65.010
 308  221     13.062     -3.528    -66.938
 197  287     15.917     -2.831    -68.867
 779  388     -2.650      1.081    -68.547
 815  529     -7.827      9.507    -67.800
  34  271     -4.953     10.899    -67.500
 465  235      1.987    -11.402    -64.169
 190  250      9.970     -4.402    -65.631
 198  577      7.235      7.840    -64.895
 133    9     -1.276     -4.698    -70.019
 123  176     -4.431      2.467    -62.503
 275  453    -12.162      7.163    -69.391
 232  165      2.268     -5.522    -67.817
 406  608      1.941      5.533    -69.421
 204  198      7.853     -7.863    -66.872
 326  261     -8.804     -0.293    -61.070
  -1   -2    -12.956    -11.440    -70.452
 261  200     -1.431     -4.761    -71.813
  98  162     -0.094      2.684    -68.515
 227  174    -10.347     11.480    -65.888
  63  520     -3.517     -2.251    -68.633
  -1  123    -15.674     -1.074    -73.387
 108  269      3.523      7.080    -61.227
 268  186      4.975      2.384    -65.608
 141   14     -5.705      0.465    -68.214
 249   -2      2.366     12.240    -68.957
 818  247     -2.364      7.313    -75.593
 182  216     -6.272     -8.747    -66.464
 212  500     -9.657    -11.732    -66.566
  -1  503     16.435      9.380    -71.333
 106   -2    -12.341      7.557    -64.726
 165  204     12.514     -0.448    -64.491
 735   -2     -4.104     11.604    -76.931
 136  183      4.603     -9.184    -66.579
  -1  199    -13.191     12.649    -68.811
 162   -2      4.904      5.437    -70.320
  -1  280    -15.283      3.338    -72.548
 317  775      0.131     -4.231    -74.782
 216  517    -10.248      4.263    -72.917
 163  655      1.907     -1.409    -61.662
 229  544      6.204     -0.147    -65.684
 390   20      9.861      2.587    -71.589
 798   -2     -0.628      3.113    -64.872
 152   63      6.797      8.385    -68.651
 475  486     15.414     10.348    -65.492
 567  438    -11.613     -8.110    -63.458
 217  203      6.896    -12.281    -72.702
 547  302     11.671     -6.641    -70.190
  -1  202     -6.604     12.681    -63.712
 723  622    -11.103      2.682    -68.195
 161  244     -0.532      8.167    -76.853
  -1  254      4.684      2.666    -62.547
 241  405     14.114     11.501    -69.591
 264  771     -5.465      0.424    -63.639
 329  124      0.549    -10.523    -70.205
  59  267      7.111     10.718    -74.379
  -1   -2     -5.719     -6.445    -67.359
  -1   -2     13.338     -9.249    -74.810
 650  276      3.504      0.450    -61.144
  -1   -2     -9.929    -10.958    -63.577
 296  262      8.828     -5.113    -66.143
 416  462     -9.979     -4.423    -72.919
 541  246     15.878     -0.075    -72.888
  71  157     10.847      0.666    -73.890
 137  117      3.736      5.719    -69.496
 292  227     15.500     12.543    -68.952
 495   -2      8.499      3.785    -65.782
 262  256     12.292     -4.781    -70.103
  -1   -2     -7.756     11.507    -61.867
 254  233     12.394     -5.256    -70.080
 389  255     -1.634     -8.599    -63.758
 301  210      7.138     -4.923    -72.430
 314  282      8.905     -0.779    -67.606
  -1   -2     -8.092      6.850    -75.960
 589  504     11.350     12.873    -68.538
 173  196      0.949     -2.039    -70.030
 290  212      1.484     -2.614    -63.276
  -1  568     11.241     10.263    -66.531
 313  251     -1.224    -11.404    -67.274
 289  281      9.011    -10.189    -68.932
 244  211      6.710    -10.939    -71.170
 462  756      3.687    -11.186    -66.674
  -1   80     -4.968      6.357    -73.378
 274  285     14.818    -12.567    -72.676
 240   -2      6.603     -4.697    -60.271
  -1   -2     -4.173     -8.930    -58.292
 281  230     12.363      8.113    -68.029
 128   -2      0.025    -10.080    -70.087
  15   -2      4.330     -3.648    -76.374
 228  317     12.214      5.670    -71.734
 478  572      8.399    -11.672    -71.623
 463  143     12.125     -0.654    -68.271
 315  218     10.610     -2.560    -68.006
 247  490    -15.639      4.145    -75.159
 531   -2      9.223     -7.272    -61.926
 747  656      7.012     -4.653    -68.845
 322  777     10.475      1.718    -66.711
 577  547    -11.038    -12.365    -64.364
 134  209    -11.405     -3.565    -67.541
 581  793     14.299     11.086    -66.149
 219   -2     -5.386      5.587    -75.410
 295  139     -6.649      2.703    -66.371
  -1  545     11.798     -9.326    -65.529
 638  320     16.324     -7.834    -70.858
 307  804     -1.643     -9.782    -65.629
 250  769    -14.195      9.523    -67.294
 148  172     -9.229      7.733    -72.523
  -1   -2     -1.674    -10.203    -57.513
 200  765     12.344      3.541    -66.389
 283  325      4.757      9.560    -68.011
 202  259    -14.178      1.836    -67.335
 285  447     11.970     10.734    -72.490
 337  258      0.770     -7.319    -69.832
 302  665    -13.701     -6.963    -67.437
  -1   -2     -0.334      6.689    -69.454
 316  536      9.882      8.009    -64.281
 802  331      8.586      5.836    -64.026
  -1   -2     -8.162      0.997    -66.396
  -1   -2    -15.042     11.461    -77.137
 710  576      9.769     -7.166    -68.553
  -1  228      0.812     -1.670    -76.574
  -1   -2      4.023     -3.570    -59.407
 294  773     -5.199     -7.869    -76.035
  -1   -2     14.314     10.224    -74.286
  -1   -2      0.802     -3.462    -58.690
 299  274      2.885      6.006    -63.372
 522  291     -2.934     10.103    -74.122
 255  181     -3.653      0.205    -74.381
 331  414     -6.549      6.732    -72.448
 303   -2     15.258     10.762    -66.144
  -1   -2     -6.695     -1.317    -62.633
 325  625     16.109      4.597    -66.476
 725  288      0.685      0.655    -72.093
 230   -2      5.354      5.180    -71.190
 339  321     11.128      4.917    -63.636
  -1  538      9.316      9.543    -61.737
 310  311     -9.191     10.965    -69.230
 534  283      5.742      1.137    -74.261
  -1  292      8.560     12.428    -66.127
 288  614    -15.856     -3.791    -73.549
  -1   -2     -2.784      2.994    -75.452
 248   -2    -15.463     -4.404    -76.958
  -1   -2     -3.791     -6.269    -78.145
 660  482     -3.873      8.873    -73.848
 342  315     15.348     -6.829    -69.375
 272  772     -8.121      2.502    -77.837
 351   -2     -6.645      7.661    -63.875
 346  300     12.445     -6.749    -66.934
 330  717     -1.218    -12.524    -64.763
  -1   -2      1.380    -11.890    -83.660
 768  299     -4.981      6.162    -64.268
 178   -2    -14.467    -10.975    -72.909
 353  335      3.841    -12.735    -68.239
  -1   -2      7.244    -11.061    -74.301
 611  306      1.343      8.059    -74.012
  -1   -2     -9.813     -4.453    -58.660
 493  552    -14.212      0.427    -72.081
 733  713     14.814      0.489    -63.203
  -1   -2     13.950     -4.151    -66.960
  -1   -2    -13.727      4.401    -70.301
  -1   -2     -3.787     10.004    -65.844
 813  801     -3.640     11.137    -70.869
  -1   -2    -11.421     -6.935    -70.376
 624  323     12.781      2.496    -69.920
  -1  333     -0.426     12.785    -64.824
  -1  305     11.947    -11.929    -68.968
  86   87     -0.943      4.605    -66.256
 448  783     -7.463    -11.896    -75.010
 365   29      4.818      7.991    -69.420
 364  338      1.438      8.657    -71.389
  -1   -2    -14.561     -8.881    -79.516
 362   19      5.050      3.982    -70.184
  -1   -2    -12.921      2.185    -68.534
  -1   -2     -1.783      6.344    -56.615
  -1   -2      2.117     -5.968    -71.292
 380  350      6.114      7.231    -73.367
  -1   -2     -9.812    -10.366    -57.068
  83  440      4.301     10.382    -67.182
 360    7     -5.389     10.295    -69.523
 277  301     -4.054      7.826    -69.080
  22  394      6.853     12.039    -71.845
 271  370      3.022     11.997    -67.969
  -1  194     -7.178     -6.699    -65.812
  -1   -2     -3.371    -10.689    -78.482
  -1   -2      7.170      6.036    -63.969
  -1   -2      1.272     10.043    -63.070
 783   -2     15.702      1.576    -64.181
  -1   -2     -0.732      1.201    -76.109
 471  130      6.764     -6.594    -64.211
  -1   -2      0.385      5.916    -87.969
 411  371     12.301     -7.709    -63.897
  -1  364      3.118     11.613    -61.923
  -1  289     11.192      6.561    -70.030
  18   38     -4.365      4.645    -66.175
 430  415      1.261      4.572    -66.177
 312  774     16.220     -5.752    -73.169
 118  557    -13.268     12.098    -74.942
  -1   73     -7.023     -2.961    -64.048
  -1  349     -5.901     -6.320    -58.797
 417  369      6.361     -3.308    -66.056
  -1  540     -1.262      8.895    -71.089
 368  365     -2.751     12.864    -61.333
 252  347     11.989     -1.972    -65.036
  -1   -2     -2.865     -7.587    -69.723
 377   77      0.332      7.793    -65.747
 785  384    -12.510      2.529    -70.852
 488  553     -0.104      0.936    -76.176
  80  100     -5.694      2.145    -61.196
 401  167     -2.583      9.612    -65.761
 184   -2     -3.834    -12.096    -64.270
 421  346     -2.365      7.776    -71.404
  -1   -2     13.611      1.016    -63.003
 210   91     -8.085      6.526    -68.420
 398   -2     -2.441     -5.479    -61.982
  64  109     -2.250      6.629    -65.822
 489   98      0.470     -6.595    -66.233
  -1   -2      0.633     12.113    -62.827
 142  764     -6.482    -10.588    -70.780
 402  410     -4.158      3.946    -60.817
  -1  780      0.983     11.577    -66.942
  -1   -2     -8.427      0.728    -73.132
 186   -2     -9.747      7.936    -61.180
 457  441    -11.945    -11.782    -65.109
 372  114     -5.474     10.466    -67.138
  -1   -2    -10.898     -5.485    -57.746
  -1   -2    -15.769    -10.642    -73.438
  -1   -2     -1.970     -5.366    -52.662
 422  782    -13.046     -6.506    -66.981
 366   36    -11.587      3.993    -65.636
 412   34      1.417     -7.074    -69.285
 207  376     -2.273      0.269    -62.756
  -1   74      0.758     -8.484    -67.921
 270  166     10.606     11.970    -66.854
 370  539      1.393      1.979    -76.269
 784  238     -6.272     -2.553    -68.337
 237  192    -14.348      5.287    -67.915
  -1  446      5.113     -6.951    -73.308
 444   -2     -0.472     -2.127    -76.465
  -1  160      2.654    -11.620    -62.753
  -1   -2     -4.592     -9.625    -58.195
  -1   -2      2.649      5.750    -60.825
 221  403     12.950      9.688    -63.714
 562  263     -8.231      4.635    -75.487
 414  147      0.254      3.260    -64.904
 569  498    -11.166      4.618    -76.193
 482   -2     10.234     -9.185    -62.898
 263   -2      6.339     -9.860    -72.192
 410  434    -11.609    -10.345    -62.906
 117  466     -1.844     -9.196    -62.776
  -1   -2      8.968     -0.695    -58.714
  -1   -2     -3.032      7.873    -60.360
 415  398     17.359     -1.696    -67.002
 145  118     -8.188     -2.173    -68.329
  -1   -2      6.297     12.615    -61.972
  -1   -2     -7.291    -11.990    -64.321
 477  785     -5.649     11.072    -69.021
 473  784      8.470    -12.673    -64.081
  -1   -2      0.849      9.650    -62.106
  -1   -2      7.950     13.026    -63.338
  -1   -2      7.875     -8.303    -83.587
 376  465    -12.553     13.026    -65.420
  -1   -2     -6.554     -8.588    -62.044
 483  390     -7.533     -6.226    -63.405
 213   -2     -3.956      8.606    -78.168
  -1   -2     -3.208    -11.211    -77.534
 816   13      3.389      1.801    -74.452
  -1   -2    -10.919     -4.283    -60.601
 167  393     -5.236     -9.812    -66.520
 703  628      8.664      7.489    -72.909
  -1   -2      1.250     -1.550    -52.762
 394  781     -9.343     -9.377    -65.304
  -1   -2     -3.283     -9.721    -61.331
  -1  344      6.237      3.668    -74.582
  -1   -2      1.284      5.066    -55.390
  -1  478      6.877      4.282    -68.929
  -1   -2     13.272     -5.678    -59.252
 113  372     -1.918     -8.486    -73.302
  -1   -2      8.278     -0.394    -59.626
  -1   -2      1.878     -4.581    -62.010
  -1   -2      0.406     -0.399    -60.828
  -1   -2     -3.183     11.146    -67.812
  -1   -2    -13.184    -11.175    -75.357
  -1  645      7.411     -6.331    -62.160
  -1  567      1.927     -4.151    -65.628
 476  135      1.604     -8.376    -62.568
 327  778     10.665      4.478    -75.493
  -1   -2     -5.584      3.710    -59.261
 636  624    -16.142      4.184    -73.550
 445  197    -10.781    -12.285    -70.653
  -1   -2     -7.356      9.413    -56.168
 535  132    -11.073     -1.446    -62.918
  -1   -2      5.171     -8.239    -73.451
  -1  468      7.876     -2.210    -57.046
  -1   -2     -2.993     -7.218    -62.188
 790  469     15.941     11.528    -71.712
 451  442     -6.154      1.632    -61.616
 392  318      7.405     -3.352    -76.682
 502  788     10.740     10.234    -61.563
  -1   -2     -9.506     -7.679    -76.399
 626  411     -7.752      7.184    -58.512
 517  494     13.131      3.502    -63.790
 153  149      0.868     -2.700    -60.940
 251  420     -7.664    -10.212    -65.004
 545   -2     -6.964      1.339    -77.276
  -1   -2    -11.205     12.059    -60.358
  -1   -2     14.543     -2.789    -58.039
 194   -2     10.274     -4.999    -65.662
  -1   -2     -0.340     11.813    -75.137
 449  452     11.242     -4.632    -59.404
  -1   -2      5.510      6.432    -63.539
  -1   -2     -5.030      7.026    -73.498
 458  386     12.475      3.946    -65.138
 494   -2     16.000     -6.862    -66.879
  -1   -2    -13.435      5.449    -68.819
  -1   18     -2.295     -9.692    -72.049
 243  219     -6.335     -7.036    -67.720
  -1   -2     -3.463     -8.128    -61.041
 282  131     -5.736     -4.216    -61.206
 225  560     17.079      0.902    -67.597
  -1  308    -13.812      4.364    -67.824
 551  474    -13.957     -8.784    -72.050
  -1  477     13.964     -1.820    -61.532
 497  419     -0.426     -4.694    -63.240
  -1   -2    -13.837     -9.873    -64.534
 588  516      8.741      6.884    -60.556
  -1   -2     -0.871    -12.279    -62.155
 129  473     -8.193     -0.513    -62.162
 544  483     -5.046    -11.587    -62.269
  -1   -2    -10.151     -6.000    -60.086
  -1   -2      8.891      4.629    -58.210
  -1   -2     -0.815     11.964    -64.195
 456  240      5.718    -11.763    -75.316
 209   79     10.500     -6.926    -71.519
 543   -2     -1.119     -2.978    -60.911
  -1   -2     -2.298     11.083    -59.203
 586  794     10.562     -7.648    -62.106
 466  294     -5.188     12.856    -63.531
  47  759      3.303     -9.359    -72.401
  -1   -2      1.396      5.969    -76.031
  -1  213      2.368     -7.100    -72.882
  -1  457    -14.203      6.230    -73.166
  -1  121      7.334     -1.348    -70.716
  -1   -2    -14.533    -12.524    -69.686
  -1   -2     10.274    -11.156    -62.038
  -1   -2      4.923      0.424    -61.969
  -1   -2      1.551      4.686    -66.152
 645  433     -0.117    -10.714    -68.609
 256  770    -11.032     -4.518    -66.923
 579  493    -11.921      9.243    -60.821
  -1   -2      3.585      7.785    -59.077
  -1   -2      0.321     -5.266    -56.449
 309  623     14.811     -3.413    -74.720
  -1   -2    -15.603    -10.269    -69.267
 501  525      6.198     10.892    -61.205
  -1   -2      0.871     -6.801    -60.103
 520  789    -14.126      9.354    -75.260
  85  253     15.306      0.244    -70.003
  -1   -2      9.992     12.843    -65.365
  -1   -2     -1.107     -4.175    -82.430
 287  296    -13.912     -4.944    -75.015
  -1   -2     14.354     11.485    -73.910
  -1   -2    -13.375     10.949    -67.662
 220  532      6.022      7.553    -66.187
  -1   -2     12.571     11.680    -76.070
  -1   -2     10.555     12.356    -62.920
  -1  479      1.847    -11.549    -63.028
  -1   -2     -8.450     11.891    -76.823
 549  565      8.645    -12.077    -73.173
  -1   -2     14.951      6.777    -62.553
  -1   -2     13.964     10.751    -78.540
  -1  387     -2.568      4.966    -73.953
  -1   -2      6.289      5.328    -61.175
  -1   -2     -6.636     -2.375    -64.631
  -1  170    -14.017    -10.700    -68.380
  -1   -2    -12.434     -9.924    -76.035
  -1  270     11.508    -12.007    -72.174
  -1   -2     -0.905     -5.824    -59.039
 568  275      0.822      7.249    -60.850
  -1   -2      7.161     -5.750    -55.995
  -1   -2      1.078     11.219    -66.641
  -1   -2      5.541    -11.074    -60.435
 565  589     -7.483      4.090    -58.826
  -1   -2     10.536     -5.840    -64.633
  -1   -2     12.798     -1.128    -73.096
 554   -2     -6.628      9.372    -55.986
  -1   -2     -0.283      7.342    -56.259
  -1   -2      6.487      3.260    -73.218
  -1   -2     15.507      5.663    -65.842
  -1   -2     12.785     11.819    -65.362
  -1   -2      6.430    -12.988    -70.747
 708  704     -0.076      8.724    -67.463
 224   -2    -14.195     11.068    -68.752
  -1   -2     13.592     -9.418    -61.890
  -1  159     14.364     -6.491    -73.427
 259   -2     12.331      4.016    -68.085
 273  522    -13.848      1.173    -69.010
 592  590     11.247      9.115    -62.468
  -1   -2     -8.747     10.598    -56.070
  -1   -2     11.096      0.318    -58.443
 431   -2     16.825    -12.458    -70.536
  -1   -2      4.017     -2.407    -64.932
  -1   -2      4.756     -1.427    -62.818
  -1   -2    -11.776     10.249    -68.300
  -1   -2      5.245     11.265    -62.027
 685  670     12.506    -12.195    -66.977
 528   -2     11.432     11.799    -64.321
  -1  663     -6.517      2.284    -73.188
  -1   -2     -8.492    -10.727    -59.254
  -1   -2    -13.566    -11.854    -62.972
  -1  505     14.420     -0.692    -65.489
  -1   -2    -14.499      6.498    -81.752
  -1  324     11.793     12.996    -66.976
  -1   -2     -2.472     -6.440    -53.920
  -1  587     12.968     -4.743    -75.068
 578   -2     -4.964     10.021    -70.696
  -1   -2     -7.922     -0.647    -78.824
  -1   -2     -9.378     -7.814    -59.220
  -1   -2     10.361     11.935    -59.896
  -1   -2     12.909      7.788    -65.440
 203  659      1.471      0.539    -72.911
  -1   -2      4.751      6.719    -55.607
  -1   -2    -13.408      1.824    -75.109
  -1   -2     -7.843    -10.321    -75.855
  -1   -2    -14.277     -2.614    -77.379
 682  797    -11.527     -2.408    -74.389
 627  712      2.968     -0.002    -63.966
 552  790      1.088     -1.958    -64.241
  -1   -2     -3.171    -11.069    -73.088
  -1  632     13.625     -9.937    -65.881
  -1   -2     -0.440     -7.998    -82.978
  -1   -2      7.176      0.238    -54.693
  -1   -2     -9.832     -8.479    -60.528
 291   -2      2.118      9.982    -61.580
  -1   -2    -14.599      9.192    -68.522
  -1   -2      7.565      5.102    -52.232
  -1   -2      6.675     13.024    -62.809
  -1  313      9.135     11.507    -64.321
 176  295     -2.602     -5.059    -63.183
  -1   -2     10.248      7.880    -57.026
  -1   -2     12.736     -1.233    -74.119
  -1   -2     12.436      5.088    -72.451
  -1   -2      1.069     12.781    -63.636
  -1   -2      1.217     12.190    -75.478
  -1   -2    -11.104     -3.810    -61.380
  -1   -2     17.028     -9.720    -81.099
  -1   -2     -8.589     12.709    -69.256
 741  242     -9.781      9.570    -63.326
  -1  471    -11.548     -6.506    -70.516
  -1   -2     13.401     -8.765    -67.820
  -1   -2     -9.153     10.350    -87.313
  -1   -2     -7.400     12.558    -59.280
  -1   -2     13.773      2.515    -74.033
  -1  700     -9.925      7.369    -61.252
  -1   -2      5.943      6.438    -68.129
  -1   -2     12.732     -2.550    -76.951
  -1   -2     15.331     -6.067    -63.000
  -1   -2     16.017      0.032    -70.066
  -1   -2     -3.260     10.868    -75.713
  -1   -2      6.105    -10.213    -62.168
  -1   -2     -9.890      1.151    -77.751
  -1   -2    -11.423     -2.698    -82.589
  -1   -2     13.302     -6.154    -73.958
  -1   -2      7.435     -0.574    -71.717
  -1  319      7.100    -11.916    -65.008
  -1   -2      2.777      9.684    -61.196
  -1   -2     -0.340     11.148    -57.047
  -1   -2      9.122    -11.196    -72.826
  27  674      5.110      9.589    -73.142
  -1   -2     -8.182     -0.253    -55.533
  -1   -2    -15.112     11.585    -77.058
  -1   -2     -6.868     -4.469    -81.084
  -1   -2     -0.137     -2.457    -69.361
  -1   -2     -2.173     -1.289    -79.571
  -1   -2     -5.070     -2.012    -61.452
  -1   -2    -11.173      4.354    -59.497
  -1   -2      0.717      5.901    -67.625
 300   -2      9.145      4.204    -61.394
 711  799     -5.085      9.188    -65.336
  -1   -2     -6.175     11.577    -64.308
 561  791     -0.643      3.992    -71.537
  -1   -2     -4.484     11.383    -63.845
  -1   -2      9.454    -12.888    -71.993
  -1   -2     15.383     -2.492    -76.028
  -1   -2      2.496     -7.648    -84.770
  -1   -2     12.396     -6.982    -71.806
 304  805     -5.152      7.844    -68.479
  -1   -2      0.151    -12.961    -65.990
  -1   -2    -11.200     -6.878    -72.252
 684  798     15.680    -13.168    -68.148
 695  806     -0.833     -2.549    -63.262
  -1   -2     15.733      0.831    -62.227
  -1   -2      8.028    -11.843    -64.523
  -1   -2     -5.416      4.327    -77.603
  -1   -2     -0.675    -11.902    -75.152
  -1   -2     13.055      3.376    -74.243
 647   -2     16.170      0.273    -64.708
  -1   -2    -13.043    -11.719    -76.457
  -1   -2     13.195     11.769    -62.378
  -1   -2      7.850      1.989    -52.491
  -1   -2      6.306     -0.824    -53.517
  -1   -2      8.955     -7.312    -57.283
  -1   -2     12.497     -0.691    -62.924
  -1   -2     -7.839      1.748    -64.652
 691  694      8.562     -3.403    -67.046
  -1   -2     -4.077     11.645    -58.047
  -1   -2     15.102    -10.547    -73.518
  -1   -2      4.153      4.315    -65.872
  -1   -2     -8.689      9.623    -59.119
  -1   -2     -4.373     -7.959    -72.269
  -1   -2    -13.804     -8.969    -75.728
  -1  709    -12.882     12.592    -67.217
  -1   -2     -9.375     10.039    -55.924
  -1   -2      8.064     12.852    -66.247
  -1   -2      6.312     -2.530    -73.101
 656  807     -0.146     -1.591    -67.762
  -1   -2     -9.230     -8.748    -57.850
  -1   -2      6.814     -7.200    -68.000
  -1   -2     16.969     -2.167    -69.212
  -1   -2     -9.029     -6.997    -52.279
  -1   -2    -12.703      7.574    -67.209
  -1   -2     -3.789     -4.280    -53.473
  -1   -2      6.522     11.988    -66.656
  -1   -2      9.644     -2.787    -59.536
  -1   -2      4.926     -2.579    -60.090
  -1   -2      8.606     11.263    -74.518
 680  796     -0.220    -11.119    -76.445
 788  602    -13.811     10.195    -74.686
  -1   -2     -8.221      5.160    -55.837
  -1   -2    -12.166      1.830    -65.946
  -1   -2      1.046     11.614    -73.060
  -1   -2     -4.049    -10.413    -75.589
 739   -2      9.267     -8.112    -65.969
  -1   -2     -1.668     -3.168    -72.361
  -1   -2      0.893    -10.786    -62.594
  -1   -2      5.178     -7.609    -68.573
  -1   -2      3.802     -1.476    -55.734
  -1   -2      3.463     12.501    -67.410
  -1  643      1.986     -9.391    -57.755
  -1   -2     -7.521     -3.220    -86.864
  -1   -2      7.741     -7.989    -62.371
  -1   -2     11.250      1.860    -63.676
  -1   -2     -7.351     -4.871    -64.373
  -1  731    -11.919     10.500    -68.014
  -1   -2     -6.187     -4.698    -62.959
  -1   -2      8.719    -10.575    -66.842
  -1   -2     -3.043      1.424    -54.969
  -1   -2     -8.520     -7.907    -58.200
  -1   -2    -13.154      4.568    -83.542
  -1   -2     -7.085     -3.343    -70.359
  -1   -2     16.536    -12.098    -86.884
  48  339      1.934      7.698    -68.281
 780   -2     -4.683      2.280    -68.379
 509   -2      0.172      4.776    -75.441
 100  239     -6.306     -4.909    -65.725
 125  190      8.057      3.467    -66.731
  28  424     -8.122     12.831    -64.341
 146   -2    -11.930      3.907    -66.396
  30  351      2.675     -5.109    -68.322
 367  779      3.177     13.293    -68.295
  50  205      7.668      5.018    -71.076
 405  361    -10.029     -1.327    -69.468
  84   -2     -5.867      7.906    -64.602
 515   -2    -13.527     10.569    -72.597
 298   -2      8.556     -5.900    -65.308
 443   22    -10.374     -3.364    -71.151
 183  201      7.500     -4.076    -64.449
 782   -2      0.480     -0.473    -68.109
 490  787      0.698      5.056    -71.841
 321  776     13.879     -5.604    -68.201
 758  266      2.436     -1.380    -72.642
 672   -2    -10.097     11.358    -75.056
 563   -2     -8.095      9.719    -61.448
 305   -2    -14.712      4.653    -70.219
 404   -2     -2.193    -10.933    -64.134
  -1  195     -1.670      0.414    -64.076
 470  592     16.961     -9.182    -67.798
 157  168     -4.870     -6.019    -68.064
 485  158     -1.891     -2.833    -61.634
 576   -2     11.482     -9.966    -66.092
 642  684     11.552      6.216    -65.213
 670   -2    -10.056      0.664    -69.447
 718   -2     10.737      1.367    -68.287
 676  795     14.444     -7.761    -75.376
 666   -2     -8.397     12.897    -63.121
 506   -2    -15.597    -11.466    -70.922
 675  808      4.745     10.650    -65.469
 640   -2     14.455      5.285    -75.052
  -1   -2     18.335     10.629    -73.366
 700   -2      3.013     -9.427    -67.961
 279   -2      3.183     -3.338    -72.182
 620  237     12.819      0.562    -65.882
 811   -2    -12.408     -5.088    -67.108
 795   -2      3.113      8.992    -74.782
 435   -2      9.893     12.777    -65.470
 803   -2    -13.203      5.993    -71.303
 805   -2      1.298     11.657    -75.066
 454  472      8.621      3.066    -64.001
 807   -2     17.427     -3.053    -73.112
 812  800     -3.422     -4.986    -66.113
 276  809    -13.717      3.179    -74.203
 386  417    -12.743     -9.658    -65.309
 440  392      2.027     -3.400    -66.679
 474  810     -0.866      9.720    -60.607
 516  385      0.153     -7.268    -75.414
 553   -2     16.361      1.210    -73.220
 560   -2      5.243     -9.713    -71.196
 683   -2    -11.183    -11.276    -70.919
 686   -2     -6.896     -1.365    -74.134
 789   -2     -6.251      4.460    -60.771
 796   -2      7.258      2.427    -73.657
 797  811     -6.643     -3.112    -63.631
 814  435     -2.820      6.154    -73.716
 817  119     -0.642     -9.746    -72.709
 819  265      9.228    -12.712    -73.470
 823  812     17.867     13.228    -71.068
 824  813     -7.868     12.983    -71.118
