825
  14  373      6.095      4.140    -70.984
  57  375     -4.292      6.554    -73.573
  20  444     -6.582      0.334    -70.404
  30  380     -0.704      3.203    -69.001
 770   56      8.704     10.097    -74.052
  17    4      2.893     11.335    -71.461
  21   10    -11.381      9.594    -72.605
  12   34     -6.567      4.431    -74.048
  36   16      2.840      1.294    -73.267
  13   23      4.382     11.227    -67.431
 360    2      5.671      8.509    -71.964
  10   40     -1.967      0.074    -70.298
  37    8      7.506      6.034    -72.208
   3   43      4.771      5.127    -70.738
  86   13     -4.037      4.818    -69.671
  62  181      1.309     -2.947    -72.047
  52   25    -10.453      1.068    -67.569
  11  378     -2.227      2.277    -73.868
   9    9      1.249     10.277    -71.312
  16  265     -4.161     -4.411    -70.922
  42    1     -4.416      8.884    -70.895
 359  210      2.775     -0.209    -72.843
  83   51     -5.244      4.384    -70.344
   8    3     -3.255      1.739    -73.249
  29    6      0.098      5.414    -68.147
  53   12      6.924      1.578    -68.639
 362   33      0.048      3.301    -69.044
  28   18     -1.031      3.787    -69.333
  67   24      6.158      9.289    -68.793
  97  139      4.560      9.099    -69.818
  91   30      1.305      4.372    -64.692
 169   59      3.958      7.472    -69.655
 807  810     12.196      7.081    -66.101
  38   22     -0.431     -8.663    -72.962
  39   36      1.559      6.086    -65.961
 767   15    -10.290      0.844    -70.954
 768   21     -0.111      8.321    -68.419
  69  537     -9.392     -8.151    -71.850
  23  203     -2.622     -9.094    -72.524
  25   17     -1.778      6.964    -67.460
   2  374     -7.790      5.042    -72.303
  19   14      1.775      8.622    -67.692
  92  245     -7.836     10.496    -76.376
  98  472      6.379      7.338    -71.968
 150   53     -0.738      6.106    -65.437
  70   37     -6.433     -2.878    -72.100
  58   57     -2.849     -0.036    -66.665
 236  321     -9.706      5.704    -75.646
 367  194     -5.338     11.404    -69.573
  61   47      2.210     -6.226    -70.212
 112   60      5.278     -5.896    -64.807
  63   31    -15.205      6.594    -70.935
  68   69     -8.631      0.115    -66.784
  74  274     14.686      4.931    -66.266
  59   49      1.012     -9.919    -69.773
  47   54     -5.096      1.785    -68.215
  49   52     12.850      1.974    -68.847
  24  448      6.697      9.011    -69.388
  40  298     -6.916    -11.592    -75.141
  51   50      4.283     -0.242    -66.830
 652  510      1.338     -0.617    -71.609
  -1   -2      5.991     -7.305    -62.027
  71   48    -10.641     -2.597    -69.714
 145   61      2.648     -6.455    -69.926
 138   91      3.289     10.631    -66.239
  82   75      0.552      9.087    -65.069
  99   41      3.454     -4.695    -69.393
 195   70     -2.726      2.407    -64.693
 161   80      5.826      3.209    -67.257
 108   45     -4.763      9.375    -66.201
 187   20      5.298      0.382    -72.301
  50   46     15.624      9.731    -72.171
   1    5      7.059      5.841    -72.496
 110  100     -9.556     -9.297    -66.127
 334  787      6.320     -0.351    -73.422
  55  773      1.665     -7.389    -68.922
 101  301     -8.617      1.124    -72.544
  48  148      5.640     -5.362    -69.292
  34   32    -10.109      9.344    -69.690
  77   81      9.300     10.929    -66.804
 387  115      8.038     -7.376    -67.023
 153   77     13.137      4.902    -65.768
  33   79     -2.794      4.841    -67.640
 200   86    -14.864      9.862    -72.722
 116   93      3.146    -12.562    -71.491
 418   83     -1.219     11.946    -67.340
 248  130    -11.040     -3.779    -74.632
  96  259     -2.051      9.895    -66.012
  73   -2      3.746     -4.311    -69.707
 120  146      2.444    -10.583    -65.368
   7   19     10.754      7.352    -70.482
 107  133      6.201     -1.251    -63.272
 131   78     10.674     -8.981    -66.941
 696  439     16.914      0.927    -74.215
  32  440     -1.879     -0.879    -73.768
 238  468     -9.184      8.127    -72.272
 452  403    -11.916      9.223    -70.202
 370   -2      2.605     12.096    -72.048
 433  399     -4.472      2.972    -63.993
 558  136     -6.256     12.055    -66.747
 396  134    -14.066      1.265    -73.843
  95   71     -9.338     12.525    -66.425
 384   88     -5.767     -3.036    -61.496
  27  104     10.062      3.875    -72.119
   0  110     -4.427     11.653    -67.170
 126   97     11.893     -7.048    -68.363
  31   82      7.092     -1.718    -66.848
  -1  218     -7.460      7.329    -63.685
  84  165      3.778     -7.521    -70.378
 322  108     -4.155      9.428    -73.925
 361  161     -3.713     -2.189    -69.960
  -1   -2      3.348    -11.117    -63.981
 129   95      1.207     -5.775    -66.746
 400   38     13.370      0.183    -65.356
  85  384     -5.734      6.476    -66.361
 152  463     -4.380     -9.694    -66.936
  44  498      7.514     -9.114    -72.773
 416  465      1.616     -1.825    -61.987
 140  776      7.451      7.420    -64.283
 109  117    -13.508     -0.298    -67.110
 394   -2    -13.604     -2.155    -67.218
 488  390     14.184      2.548    -64.006
 174  779    -15.474     -4.905    -77.817
 271  116     -2.573      1.945    -68.333
 141  114     -1.583      0.959    -64.347
 121   92     -8.081      8.738    -66.812
 425   96      5.311      5.983    -64.658
 134   66      4.548     -4.563    -67.744
  87  312      1.065     -9.402    -71.407
  -1   -2     -7.605      1.722    -62.228
 460   99      5.368      1.571    -62.413
 123  122      2.732     -7.732    -63.866
 119  223     -2.539     -3.868    -66.456
 401  297      0.985      0.678    -68.496
 197  467      5.068     -8.894    -68.381
  -1   -2     -3.572      9.554    -61.046
 100   -2     -4.240      2.998    -62.089
 136  149     -3.397     -7.851    -61.926
 135  154      2.199    -11.162    -65.322
  -1  244      7.607      0.686    -73.696
   5  140      3.917      3.549    -70.795
 113  138     -6.824     -1.238    -66.573
  88  137     10.686     -1.824    -66.100
 167  120    -12.874     12.685    -68.430
 137  107     11.249      3.849    -64.555
 215    7     11.007     -2.326    -72.928
 130  113     -7.268    -11.880    -69.781
 811  809      0.865     -0.193    -67.948
  46  180      6.396     -9.453    -73.208
 166   67     -5.685      5.896    -63.082
 176  811    -12.772     -7.511    -71.939
 527  257      5.647     -0.784    -63.929
 229  281      2.121      2.433    -63.406
 226  121     -3.337     -8.037    -65.062
 572  449     -5.759    -12.402    -66.338
 139  175    -11.801     -7.941    -71.218
  94  162      9.296      0.634    -71.721
 316  485    -12.119     -1.361    -74.068
 336  155     -9.857     13.006    -65.371
 775  395      8.214    -11.513    -76.439
 124  574      3.171      3.097    -75.021
 341  236      2.742    -11.085    -64.488
 412  559      0.012    -11.693    -62.960
 190  256      9.079    -12.070    -64.675
  -1  183    -12.285     -3.634    -62.309
 395  166      0.117      3.365    -61.479
 223  106      9.604      4.058    -64.331
  54  103     -1.254      8.893    -70.173
  66  196     -2.227      7.726    -76.006
 183  263     -7.199      8.123    -68.865
 114   74     10.113      8.683    -67.514
 373  142     11.543      2.249    -69.766
 132   90     -2.410      1.092    -62.712
 198  812     -4.145     -2.823    -71.115
 181  591     -5.129     -5.489    -67.679
 212  253    -14.172      2.912    -72.743
  75  464      3.338     -1.984    -67.345
 280  222    -13.865     -4.125    -75.782
 390   29      5.983     11.490    -72.389
 455  172     -3.201    -11.746    -65.361
  35  174      8.082     -0.261    -71.915
 192  189     -4.864      6.051    -61.471
 253  229    -13.736      2.861    -69.425
  60  303    -15.082      9.666    -74.587
 159  209      8.543     -1.545    -63.763
 103  287     -6.376     -5.374    -66.731
 125  159     -1.409     -1.927    -62.036
 243  163    -15.525     -3.139    -74.311
 498   68    -10.088     -2.281    -69.145
 435  147     -1.029     -8.487    -63.664
 526  193      1.555      1.664    -72.925
 220  156     -5.992     -6.007    -68.200
 194   84     -4.209      8.504    -64.366
 202  211     10.401     -4.166    -65.141
 177  188      9.058     -6.598    -67.504
 240  233      9.928    -11.200    -72.225
  -1   -2      6.939      0.880    -66.756
 260  322      7.802    -10.830    -71.949
 442  144      2.495     -3.444    -66.548
  -1   -2    -13.242     11.001    -67.448
 237  503     -5.291      8.858    -61.138
 504   42      8.070     -5.142    -68.300
  15   64     -0.486     -3.680    -70.715
  -1   -2     -3.389    -10.141    -72.552
 221  226     11.107     11.840    -68.930
 216  205     -8.553      2.705    -75.176
 314  261     -2.426     -1.318    -69.751
 155  187     -0.296     -1.582    -61.097
 299  246     10.024     -3.469    -65.653
 157  270     -2.706     -7.513    -61.778
  -1  292      5.477     -3.621    -66.528
 454  278    -10.507      0.044    -63.123
 186  227     -8.196     -2.573    -60.824
 165  167      0.287     -3.728    -63.519
 151  255    -10.362     -3.644    -67.833
 106  306    -12.384      3.660    -68.899
 307  145     17.068      8.914    -69.611
  -1  600    -10.381     -2.931    -62.703
 337  231    -13.655     -6.431    -68.332
 346  334      3.607      0.717    -64.425
 170  127      6.797      8.486    -67.090
 315  129     -7.705     11.633    -64.892
 288  355      0.786      1.582    -71.820
 204  420     -9.785      1.561    -63.804
  -1   -2      7.294      9.324    -63.154
 242  224      9.948     12.675    -66.871
 771  186    -13.002     -5.951    -68.033
 408  217      9.810     10.640    -71.012
 508   -2     -7.613     -1.253    -61.141
 732  179      2.205     -1.765    -64.329
 189  644     -7.437      4.204    -62.859
 127   73     -5.835     -3.500    -66.120
  -1   -2      4.124      8.697    -61.431
 528  289    -14.775     -9.607    -70.156
 173  293      5.074     -5.494    -65.798
 308  184      7.371     11.713    -66.376
 800   -2     -1.822     -3.877    -62.447
 171  191      7.463     -5.039    -65.116
  -1   -2     -3.005    -11.731    -67.467
  -1  462     12.313     -1.456    -65.501
 559  387     12.751     -6.099    -66.499
 147  451     -1.922      6.062    -73.865
  -1  260     -0.837     -3.781    -72.824
  -1  272      8.453     -8.745    -65.132
 224  539     13.477     -2.812    -66.485
 273  311     10.695     -4.314    -70.727
  -1   -2     -1.195      9.922    -70.969
 267  785    -15.034    -10.716    -71.515
 285  241     17.157      1.579    -68.059
 569  672     12.012    -11.406    -68.565
  -1  252     -2.942     -4.077    -62.025
  -1   -2      4.879     -1.778    -66.177
  26  157      0.175      1.457    -76.139
 297  277     16.338      0.561    -70.967
  -1   -2    -11.299    -11.655    -75.309
 230  178    -13.598      9.802    -66.786
 234  783      1.562     -6.279    -70.649
 207  317    -13.536      3.016    -67.263
  -1  164    -11.507      3.001    -77.614
  -1   -2     -8.809     -9.881    -64.004
 232   -2     10.786     -2.363    -68.243
 451   -2    -13.751     -9.811    -68.963
 585   -2    -14.358    -10.298    -73.838
 201  170     -5.570     12.085    -69.212
 239  324    -13.766     10.889    -74.453
 313  258     14.547      0.035    -73.926
 640  347    -11.795     -4.124    -68.007
 133  478      4.286     -2.815    -68.815
 247  338     -3.212      0.256    -62.809
 233  286    -11.813      7.953    -69.585
  -1  502    -13.191     -6.859    -75.032
 620  606     13.077    -10.784    -66.775
 256  266    -14.780     -9.100    -75.450
 258  813     15.622    -12.187    -73.099
 305  232      0.444    -11.412    -65.763
 279   35    -14.856      4.098    -73.154
 533   -2     13.422     10.467    -75.058
  -1  296    -15.605      2.820    -71.486
 263  352     -4.535     -4.257    -68.043
 178  814     -3.291      1.008    -74.248
  -1  332      3.861     10.786    -64.719
 278  269      3.797      1.695    -61.762
 320  568     11.583     12.661    -67.264
 265  333     -4.447     11.684    -63.660
 205  781     -2.916      1.739    -65.579
  -1   -2      1.758    -10.889    -76.692
 793  637     10.219     -6.306    -67.969
 259  331      2.765     12.707    -68.607
  -1  158     13.948      1.667    -66.800
 625   -2     -3.138    -11.460    -67.843
 514  477     -2.192     -8.506    -62.771
  -1   -2     -9.704      5.766    -64.308
  -1   72     -9.305    -10.393    -73.386
 348   -2     -3.236      9.626    -74.438
 246  294     -0.267    -11.490    -69.481
  80  305    -11.695      5.168    -66.179
  -1   27     15.535      3.652    -69.881
  -1  302      8.016      3.299    -61.177
  -1   -2      2.548     -3.385    -63.529
 303  319      8.250    -11.741    -72.422
  -1  112     -9.020     -9.847    -69.279
 511  620     -4.475     12.213    -60.675
 309  329     11.030     10.684    -66.303
 532  199     -9.917     -1.178    -62.372
  -1  339     -8.287      0.376    -62.855
 607  607      0.312      5.644    -75.822
  -1  124     -4.636      9.010    -74.052
 282  407     12.957     -0.504    -73.582
 338  789      9.866     -0.235    -68.802
 225  275     -0.183    -10.547    -68.215
 304  251      8.875     -4.332    -66.142
  -1   -2      2.804     -4.425    -69.077
  -1  131     10.663     -6.331    -73.690
 269  645      8.063     -4.221    -71.983
 772   -2    -13.720      6.211    -67.512
 631  799      6.273     12.382    -60.969
 638  800    -15.327      0.385    -76.606
 723  212     12.658      5.152    -68.692
 235  243      5.785      3.479    -62.867
  -1   -2      9.528     13.341    -65.727
  -1   -2     -3.396     -5.973    -82.531
 142  249    -12.269      3.472    -71.050
 276  299      5.134      0.880    -66.627
 603  684     -0.817     -8.848    -66.362
 784   -2      3.140     -6.681    -72.775
  -1   -2     -3.017     -2.883    -76.423
  -1   -2     -2.402     10.434    -75.462
  -1   -2     -8.578     -5.611    -58.997
 568  309    -13.325     -7.829    -72.226
  65  576      0.698     -4.420    -73.115
  -1   -2      8.315     -9.768    -62.456
 326  279    -12.327      8.107    -64.031
  -1  250      8.802     -5.254    -65.811
 330  522     14.642     -0.650    -65.883
 325  343     15.672     -6.392    -69.064
  -1   -2    -13.475      6.160    -68.509
  -1   -2    -14.894      4.666    -70.425
 328  313    -14.825     10.506    -73.489
 270  365    -15.784     -5.632    -76.062
 335  788     12.823     11.203    -67.258
 257  215    -12.891      6.201    -73.668
 289  300     10.897      1.652    -74.179
 785   -2     14.067     -5.350    -67.865
  -1   -2     -8.966      0.968    -77.972
 802  815      6.651     -7.284    -74.759
 668  238      7.011      6.783    -61.813
 324  668     13.130      5.370    -73.141
  -1   -2      4.268     -3.337    -63.583
 634  239    -13.735     -1.884    -75.335
 352  692    -13.605      9.674    -68.027
 613  314     12.181     -4.273    -69.785
 816  512      7.106      5.111    -69.772
 758  762     -2.575     -6.255    -66.017
 609  517     10.281     -7.577    -65.759
 310  326     11.312     -4.680    -64.762
 332  690      5.864      0.019    -63.743
  -1   -2     -3.002     11.451    -65.636
 329  816      3.890     -8.869    -69.325
 694  247    -12.107      8.659    -66.962
 665  366      4.962     11.452    -65.871
  -1   -2     -5.269      5.636    -62.212
 817  625     15.394      1.369    -63.037
 355  372     -6.277    -10.752    -64.782
 356  765     -2.051     -6.591    -68.815
  -1  360      9.218      6.940    -64.434
 351  791      5.260     -7.828    -66.137
   6  382      1.745      8.110    -69.791
  -1   -2     -5.269     -5.578    -62.018
 365  377     -9.516     -1.333    -71.105
 287  288      1.436      0.991    -69.467
 813   63      6.079      6.176    -72.018
   4   11     -5.919     -1.394    -72.010
 363  535    -14.704    -12.409    -70.573
  -1   -2      0.935      4.148    -61.691
  -1  494      7.733     -7.391    -60.435
  -1  459     -6.800      5.027    -60.273
 102  379     -6.921     -2.945    -71.778
 509  398     12.049     10.703    -73.255
 357    0     -7.127      4.463    -72.657
 381  432      4.032    -12.143    -66.905
 377   55     -4.548      4.537    -64.284
  -1   -2      4.007    -10.587    -61.031
 375  383      2.654     -2.504    -67.476
 458  817     -2.828    -11.839    -70.597
 154  777     -5.771     -9.275    -70.162
 423  430     -4.672     -8.437    -60.909
  18   65      3.411     -3.889    -69.449
 502  555    -16.186     -0.394    -73.381
 104  376    -10.263     -2.318    -73.924
 389  446     -4.064    -12.664    -64.124
  56   -2     -9.546      5.559    -65.218
  -1   -2      9.264     -1.458    -61.459
 149  340     -1.624      8.931    -73.636
 443  391     11.637     -6.278    -71.250
  -1   -2     11.261      9.605    -58.363
  -1   -2      6.239    -10.549    -74.025
 374  442     -7.149     -9.541    -65.421
  -1  447     -2.633     -6.163    -61.267
 424  500     -9.804    -10.413    -63.946
  -1   -2     -1.070    -10.337    -64.647
 413  546      0.526     -6.998    -75.715
  -1   58    -11.677      4.189    -71.742
 404   -2    -11.816    -11.741    -65.806
  -1  119      2.326     11.916    -63.023
 481  583     -3.762     -9.740    -74.383
 780  441     13.162      4.528    -67.365
 163  401    -12.461     -9.386    -65.924
 295  197    -11.025    -11.110    -75.996
 777   -2     12.919     -0.341    -68.329
 182  780      3.114      8.127    -76.515
  -1   -2     16.943      8.284    -75.941
 160  381    -11.448     -0.932    -75.679
  -1   -2    -15.168      9.671    -77.588
  -1   -2     -6.373      2.083    -62.104
  45   44     -2.120      8.384    -68.633
 379  393     -0.525      5.599    -70.900
  -1   -2     -3.957      1.383    -54.876
 156  392     12.592     -4.664    -69.934
  -1   -2      4.475      1.268    -62.008
 773  412     -2.758     -4.002    -67.513
  -1   -2      8.568     -4.303    -59.846
 521  796      2.160    -13.167    -63.326
 447  160     15.310     -2.724    -68.973
 449  513      6.564     11.074    -75.291
 380  476     13.110     -9.864    -67.236
  78   85     -0.841     11.703    -72.048
 781  135     -1.962      8.409    -71.420
 191  173      8.065     -6.635    -67.795
  -1   -2    -12.104    -10.313    -60.737
 431  418     13.563     11.203    -63.958
 592  424     12.581    -10.092    -61.836
 143  132     -4.720     -4.170    -63.098
 274  443      4.803      6.517    -71.063
  -1   -2     -2.744    -11.381    -60.871
 407  589      3.090     -6.018    -72.837
 244  201     -9.241      8.962    -61.195
 286  419      9.242     11.588    -68.226
  81  774     -2.683     -9.485    -68.345
 794   -2     11.716     -1.501    -74.431
  -1   -2     -8.207     -7.112    -75.947
 290  411     12.298     -7.303    -63.281
  -1  397     -4.200      4.369    -60.476
 312  532     10.648      4.642    -76.751
  -1  143     -5.534      2.302    -63.634
 471  417     -2.569     -2.692    -71.752
 479  141     -2.750     -3.573    -61.525
  -1  410     16.825     -6.150    -66.799
  -1   -2    -12.930      3.066    -75.412
  -1   -2      0.820      0.633    -60.671
 111  475     -5.949      9.259    -64.555
  -1   -2      2.471      9.958    -67.269
 410  436      0.869      0.038    -68.450
  22   87     -9.271     -3.310    -73.360
  64   94    -10.900      9.460    -65.593
  -1   -2     -7.401     11.023    -64.262
 699  526    -10.472     -9.002    -77.821
  -1  435    -11.381     -9.967    -63.518
  -1  426      0.038     11.376    -59.553
 228  454     10.168    -12.781    -70.220
 462  213     -3.218     10.853    -65.234
 537  235     12.042      7.136    -70.705
 218  818     -7.992     -9.990    -62.176
 122  429     -1.782      7.868    -65.377
  -1   -2     17.040     11.592    -72.287
  -1   -2     -4.383    -10.108    -68.125
 538  469     17.280     -1.327    -67.184
 179  819     -5.234      1.724    -64.008
 490  192     -6.700     -7.456    -70.978
  -1   -2     14.429     11.660    -62.598
 546  552     -2.661     -6.484    -61.609
 779   -2      1.594      3.504    -64.308
  -1   -2      8.899     -5.446    -54.069
  -1   -2      9.006      7.591    -58.913
 475  437     -5.942      0.121    -63.175
 487  565     -3.801     -0.726    -59.777
 364  660      0.904      5.971    -71.794
 501  123     -2.423     10.850    -65.676
  -1   -2     -3.211     -9.309    -61.184
 249  784      6.532     -9.183    -71.828
  -1   -2     -1.708      7.723    -57.547
  -1   -2     -5.350     12.026    -61.059
  -1   -2    -10.378    -10.970    -61.153
 799  570      6.001     -4.748    -63.271
 453  504     14.312      4.654    -64.727
 292  491     -4.966      5.748    -75.491
  -1  487     -9.064     -5.994    -63.431
 369  414     -1.431      2.442    -65.633
  -1   -2     -7.152      7.483    -60.758
  -1  633     13.506      5.385    -75.389
  -1   -2    -10.065     -5.941    -58.270
 188  659     14.424     -6.567    -73.708
 616  820     -2.887     -6.159    -66.192
 497  794     -9.943      4.956    -73.209
  -1   -2     -3.224    -12.273    -64.690
 467  428     -4.171     -0.171    -60.196
 549  490    -10.656    -12.092    -65.002
 222   -2      3.950     10.605    -61.584
  -1   -2     -6.110     -1.688    -63.429
  -1   -2     13.248     -4.733    -68.641
  -1  151     -9.945     -2.158    -72.112
  -1   -2     -4.024      4.343    -58.619
 417  282      4.886     -6.688    -63.837
  -1   -2     12.406    -11.696    -62.377
  -1  182     -4.278     -7.164    -62.552
 168  471      1.699     -0.923    -64.312
 515   -2      0.612     -5.531    -60.973
 117   -2      2.893      6.778    -69.076
  -1   -2     -4.053    -11.126    -62.849
 427  521      2.391    -11.911    -64.686
 676  307     -8.382    -10.415    -68.795
  -1  480    -16.423     -5.772    -74.304
  -1   -2    -12.700     12.808    -66.968
  -1  648      4.414     -7.416    -72.118
 393  493     16.112      0.247    -73.467
  -1   -2      4.325    -10.738    -68.072
  76   -2     -6.666     -1.331    -64.451
  -1  200      1.474     -6.577    -62.218
 456  240    -12.314      6.491    -66.569
  -1   -2    -11.606      0.486    -60.073
 430   -2     -1.694     -7.019    -53.934
  -1   -2      0.927     13.226    -63.294
  -1   -2     16.393     -4.525    -81.308
 494  310     -4.535    -12.245    -62.930
  -1   -2     -1.043     11.392    -75.643
 241  351    -10.751     -5.343    -71.270
 571   -2     -7.285     12.867    -64.334
 719  802    -10.325     -7.454    -53.810
  -1   -2    -15.953      4.642    -74.970
 439  557     17.441     -8.901    -67.916
 803  592     16.263     11.995    -71.698
 584  798     -4.571    -11.245    -76.040
  -1   -2     -7.877     -2.464    -77.907
  -1   -2     -7.297      4.251    -78.741
 311  219      7.898     -8.806    -72.728
  -1   -2      1.857      6.635    -65.164
  -1   -2    -14.737     -1.214    -83.448
  -1   -2     10.027      5.607    -61.615
  -1   -2     -0.493      3.114    -75.365
  -1   -2     -9.507      8.157    -60.954
 208  268     12.854     -6.113    -70.430
  -1  597     12.633     12.975    -67.045
 261   98      9.127      4.057    -67.308
  -1   -2      0.420      6.769    -78.136
  -1   -2      9.569     -8.457    -64.774
 582  505     14.492     -9.745    -68.834
  -1   -2      7.287     -7.871    -60.668
  -1   -2      6.739    -12.975    -66.449
  -1   -2     -0.811     -5.552    -70.511
  -1   -2    -12.353     -9.104    -62.655
  -1   -2    -11.170    -12.049    -68.128
  -1   -2    -13.789    -10.926    -68.644
 516  718     -9.419     10.969    -62.828
  -1   -2     -7.552    -12.348    -62.335
 615  543    -12.266      1.798    -61.184
  -1   -2     -9.552     11.722    -67.050
  -1   -2     -8.444      7.486    -75.267
  -1  562     16.853     -6.663    -67.275
 385   -2      2.138     -0.569    -70.142
  -1   -2      2.463     -0.763    -61.866
  -1   -2     -4.323    -11.465    -60.278
 513   -2     14.812     -0.844    -61.537
  -1   -2     -9.143     10.328    -53.720
  -1  587      6.670    -10.175    -61.387
  -1   -2     12.963      6.105    -72.405
  -1   -2     12.443      8.199    -68.228
 217  653     17.290      9.587    -72.122
  -1   -2     14.242    -12.169    -73.738
  -1  358     13.938     11.491    -67.307
 566  821     -6.782     10.432    -56.923
 702  611     16.549      0.611    -64.425
  -1   -2      8.438    -12.714    -62.330
 517  795     11.071     -7.072    -61.644
  -1   -2     10.126      0.316    -62.181
 551  748     15.971     -1.947    -67.302
  -1   -2     -9.891     11.572    -77.217
 469  153      3.985     12.878    -67.483
  -1  511     -3.263     10.664    -74.267
  -1   -2     -5.618    -11.616    -63.186
 499  486     -5.639     -8.363    -62.721
  -1   -2      9.354     10.191    -68.879
  -1   -2     -0.509      7.478    -60.900
  -1   -2    -10.141     -4.898    -64.926
 429  125    -14.024     10.039    -75.179
 180  177      7.471     -2.407    -64.409
  -1  593      0.499      4.305    -64.819
  -1   -2    -15.844      2.488    -70.945
 210   -2      7.935      8.858    -65.052
 706   -2     -5.963     12.848    -64.707
  -1   -2      6.484    -10.711    -60.810
  -1   -2     -2.627      2.479    -81.229
  -1   -2     13.992      8.908    -66.317
 815   -2      0.889     -3.275    -75.685
 531  797      0.925      1.010    -56.182
  -1   -2     -5.068      3.608    -57.130
 560  342     -2.980      5.416    -69.478
  -1   -2      3.348     11.191    -64.832
  -1   -2      1.579      6.504    -76.723
  -1   -2     -7.462    -10.240    -57.232
  -1   -2    -11.885    -10.842    -74.749
  -1   -2     -7.565     10.791    -56.489
  -1   -2      0.914    -13.048    -66.847
  -1   -2     16.425     -7.265    -77.022
 491  285      6.332     -6.063    -73.385
 588   -2     -8.949     -5.035    -74.622
  -1   -2     11.328     -8.615    -63.005
  -1   -2     -0.601     -8.881    -70.505
  -1  631     18.433     -7.698    -68.132
  -1   -2    -15.839    -10.016    -73.862
  -1   -2     12.452     -8.290    -65.035
  -1   -2     -9.953     -0.099    -76.862
  -1   -2     17.532      5.057    -74.776
  -1   -2      8.902     -3.585    -63.429
  -1   -2    -10.712     12.251    -60.753
 281  822      5.982      3.612    -65.883
 629   -2     14.039     11.154    -66.607
 787   -2      0.217      3.884    -71.902
  -1   -2    -11.750     10.295    -60.332
 608  221    -13.551      6.823    -69.414
  -1   -2     -4.037     -6.492    -81.126
 333  634     11.736     -2.007    -71.508
  -1   -2     15.669     10.934    -66.543
 343  681     -3.614      8.114    -69.094
 164  649     -9.677     -4.344    -62.661
  -1   -2      3.077      4.756    -72.571
  -1   -2     16.186      2.033    -64.725
  -1   -2     -1.997    -11.598    -75.086
  -1   -2     10.866     12.706    -62.517
  -1   -2    -12.640     -2.532    -74.189
  -1   -2     17.660     -8.822    -68.565
  -1   -2      9.007     12.191    -66.531
  -1   -2     15.905      7.831    -63.434
  -1   -2      4.005    -11.921    -76.355
  -1   -2      5.892      3.850    -59.621
 294  237     -6.994     -1.481    -68.786
  -1  572    -15.908      7.376    -77.009
  -1   -2      8.041    -10.956    -75.501
 440  492      4.415     -8.574    -75.308
 291  273     14.024     10.640    -69.496
 663   -2     -8.627     11.181    -69.258
 590  669      7.341    -13.100    -70.362
  -1   -2     -1.603     -0.845    -52.707
  -1   -2     -2.047      2.860    -67.012
 610   -2     15.809     12.135    -68.570
  -1   -2     -7.807     10.346    -80.577
 536  185     -7.476    -12.248    -73.539
  -1   -2     11.923      9.483    -56.428
  -1   -2     13.980     11.405    -74.417
  -1   -2    -15.744    -11.446    -71.997
  -1   -2     10.132      2.256    -58.058
  -1   -2     -6.067      3.964    -58.097
  -1   -2      3.832     13.068    -63.963
  -1   -2      8.162     12.306    -61.136
  -1   -2    -13.405     11.430    -70.882
  -1   -2      6.836     -6.590    -55.037
  -1   -2      8.108     -0.726    -56.193
  -1  496    -12.409      2.495    -76.243
  -1   -2     -5.997     -6.415    -55.376
  -1   -2    -12.417      5.684    -67.139
  -1  629     -5.240      4.294    -77.140
  89   -2      1.175     -0.871    -76.856
  -1   -2     -5.198     -8.225    -69.572
 252  280     -9.047     -9.879    -64.881
  -1  616     -2.981    -10.636    -67.812
  -1   -2     11.815      6.799    -69.041
  -1   -2     -6.606      2.456    -61.187
  -1   -2     -3.741     -6.779    -61.733
  -1   -2      1.493      8.793    -61.590
  -1  675     -1.622     11.268    -66.857
 284   -2    -15.281     11.786    -77.113
  -1   -2      2.353      4.748    -64.606
  -1  348     -7.758     -9.061    -64.075
  -1   -2     11.671     -3.546    -56.775
  -1   -2     10.871     -5.336    -72.410
  -1   -2      7.374      4.462    -57.390
  -1   -2     -8.945      0.983    -61.609
 635  700     17.147      5.260    -66.298
  -1   -2      8.212     -8.961    -58.463
  -1   -2      6.234      4.683    -69.015
  -1   -2     -6.387     -4.786    -79.533
  -1   -2    -12.151     -5.186    -67.877
  -1   -2    -12.710    -10.616    -66.774
  -1  308     16.198     11.091    -66.100
  -1   -2     -4.954      6.105    -54.224
 193   -2     -9.590     -7.822    -64.902
  -1   -2    -11.102     10.598    -69.906
  -1   -2     -0.689     -5.942    -63.267
  -1   -2    -13.813     -7.201    -75.453
  -1  369      8.402     -6.871    -63.249
  -1   -2     12.291     -2.226    -62.435
 340  586     11.304      2.929    -67.918
  -1   -2      4.736      3.734    -60.859
  -1   -2      7.445     -6.060    -78.568
  -1   -2     -5.009      0.594    -83.262
  -1   -2     -9.823     11.920    -60.708
  -1   -2      6.322      8.355    -61.278
  -1   -2    -13.272    -10.107    -77.349
  -1   -2     15.475     -1.934    -61.579
  -1   -2      1.178     11.568    -60.794
  -1   -2    -15.737      6.759    -73.104
  -1   -2     12.040     -2.998    -70.157
 203   -2    -11.138     -2.739    -68.537
  -1   -2     -1.228      2.994    -71.239
  -1   -2     -2.865     -7.178    -72.701
  -1   -2     -7.917     -9.332    -53.406
  -1   -2      4.411      0.482    -65.118
  -1   -2     16.666    -11.004    -65.168
  -1   -2     11.207     -3.113    -62.672
  -1   -2    -12.721    -11.643    -76.341
  -1   -2      1.415      6.895    -66.954
  -1   -2    -11.522     -5.970    -58.130
 637  823      4.989      6.474    -72.255
  -1   -2     -5.637     -9.666    -80.736
  -1   -2     -7.846      6.529    -52.055
  -1   -2    -13.595    -12.182    -71.015
 769  354     -6.781      6.812    -67.867
  -1   -2     10.389    -13.132    -72.643
  -1   -2      1.498     -5.237    -58.211
 614  323    -13.088      3.136    -74.721
  -1   -2     13.618     -6.619    -83.165
  -1   -2    -11.521     10.928    -67.907
  -1   -2     -6.803      8.367    -52.163
  -1   -2    -14.224     -8.094    -69.390
 593  709    -11.112      3.908    -68.242
 749  803     -2.261     -7.276    -67.757
  -1   -2     -0.485     -7.778    -64.150
 349  677    -10.669     -5.756    -71.352
  -1   -2    -11.279     -9.723    -71.731
  -1   -2      5.864     -2.853    -59.462
  -1   -2     -6.768      4.834    -53.653
  -1   -2     11.700      2.033    -66.304
 735  710     -3.256     11.460    -71.450
  -1   -2    -12.970    -11.013    -69.426
  -1   -2      0.993     -7.853    -70.204
  -1   -2     -0.808     -5.514    -63.108
  -1   -2      6.935      2.455    -68.336
  -1   -2     -9.904     11.825    -74.294
  -1  656     -1.069     11.323    -78.425
  -1   -2     13.038     -7.489    -74.995
 679  756     -6.127      8.040    -68.625
  -1   -2      5.071      5.814    -66.019
  -1   -2     -5.484     -8.645    -57.432
 731  713      8.648      2.717    -65.224
  -1   -2     -4.785     -0.796    -61.629
  -1   -2     -2.894      1.889    -54.829
  -1   -2     -1.948     11.836    -64.563
  -1   -2      8.841     10.118    -53.297
  -1   -2     -7.784     12.371    -66.203
  -1   -2     18.072    -10.615    -69.561
  -1   -2     -6.940     -4.958    -56.415
  -1   -2     11.261     10.767    -57.516
  -1   -2      4.446      2.930    -53.370
  -1   -2      1.416      7.754    -66.318
  -1   -2     15.391      8.295    -67.251
  -1   -2     16.316     -3.917    -63.982
  -1   -2      1.169     -8.815    -53.280
  -1   -2     13.559     -2.721    -60.119
  -1   -2      9.645    -12.833    -68.979
  -1   -2     17.083    -12.525    -80.553
  -1   -2     -3.175     -1.140    -59.958
  -1   -2     -2.780     10.001    -68.203
  -1   -2     12.898     -1.829    -59.096
  -1   -2    -14.246      7.337    -75.088
  -1   -2     -2.253     -9.813    -78.165
  -1   -2     -6.311      9.445    -64.690
  -1   -2     -4.044     -0.342    -53.150
  -1   -2    -14.963     11.875    -71.223
  -1   -2    -10.753      7.767    -62.347
 323  370     -7.604     -1.252    -62.464
 344  790     -6.859      5.118    -69.653
 819   -2      0.036      5.429    -71.341
  -1   -2     -4.301     10.673    -57.007
  -1   -2     -4.918      2.735    -70.283
  -1   -2     12.548     -9.761    -88.014
  -1   -2     11.295      1.964    -59.861
  -1   -2     -5.774      2.833    -73.487
 172  509     11.172      5.733    -74.200
  93  550      4.540     -5.289    -69.243
 366   89     -0.383     10.727    -72.742
 148  202      6.975     12.186    -67.320
  79  128     13.314      7.719    -68.830
 115  102      1.881    -11.983    -63.799
 618  367     -6.895     10.360    -68.006
 231  337    -13.679     11.196    -68.442
 175  230      1.594     -9.881    -71.275
 383  396      0.452      3.686    -68.361
 774  433      0.705     -8.415    -63.025
  -1  111      3.831     -4.228    -69.784
 144   -2    -10.249      0.084    -67.909
 321   -2     -7.642      9.815    -74.192
 486   -2     -0.256      9.572    -75.937
 656  824     14.839     -3.030    -75.282
 810   -2     13.115     -6.556    -63.523
 421  793     -9.551     -0.495    -69.736
 776  804     -5.457     -1.842    -68.419
 795   -2      6.694    -12.813    -63.503
 789  806      7.560    -11.941    -61.937
 420  427     11.677    -11.092    -63.076
 158  778     -4.941     -1.247    -71.624
 507  264      4.169     -8.676    -73.545
 797   -2      9.246     -9.899    -68.722
 128  775     -7.885      5.142    -75.562
 587  825    -12.295     -7.096    -71.053
 545   -2      7.390      7.095    -74.515
 331   -2    -11.903     -0.048    -77.087
 624  290      9.932    -11.903    -73.702
 646  801     -7.685      7.185    -76.020
 801  807    -16.443     -6.677    -71.301
 747   -2     -3.306     -8.555    -73.425
 673  318     12.109     -9.167    -66.079
 595  267    -11.181     -9.741    -63.538
 651   -2     16.504      6.563    -66.005
 659   -2     -0.149      3.942    -64.653
 255   -2     -9.647     11.889    -65.963
 760  705     11.955     10.332    -72.983
 376  792     -0.253      5.116    -66.461
 602   -2      7.251     -8.767    -68.574
 251  345    -10.495    -10.515    -71.818
 464   -2     13.413    -11.287    -67.214
 518  826     -1.508     -7.299    -73.005
 599   -2      0.211      7.139    -69.472
 621   -2     -9.428      8.161    -61.216
  -1  470      2.726     -5.621    -61.975
 818   -2      7.315      3.250    -74.575
 820   -2     -4.402      8.420    -68.456
 821  563      0.091     -1.586    -63.708
