801
  47   22      2.192     -0.965    -68.591
   1  167      3.208      6.203    -71.324
  77  741     -1.402     -6.012    -70.326
  -1   -2     -4.693     -6.574    -70.231
  10    0      6.318      5.959    -71.821
   2    7     -4.324      9.064    -67.611
   5    4     -7.262     -1.441    -73.995
   3    1      0.193      6.329    -73.247
 361   43     -0.048     -3.273    -70.452
  44  738      4.415      3.679    -72.452
  16    6      5.838     -0.006    -68.546
  20   14     -4.469     -3.675    -69.335
  15   12     -2.046      9.507    -69.979
  60   72     12.325      4.134    -67.860
   9    2      4.139      2.907    -71.500
 143    5     10.699      4.409    -71.168
  14   18    -11.902     -4.747    -72.065
  -1   -2     -4.533     -8.695    -69.541
  46   75     -1.543     -7.419    -70.342
   0  272      1.049      6.927    -71.034
 359   73     -2.194     -4.067    -68.930
 283  316      5.962     -5.777    -72.980
 796  557      5.514      9.294    -70.109
  72   26     -6.036      8.018    -72.035
   8  734      1.094      9.332    -72.338
  42   42      7.384     -0.263    -68.855
  35   39     -6.909     -1.604    -68.515
  -1   61     -4.794      3.354    -65.811
  55   11      0.902      6.249    -72.115
  36   29      3.411      9.646    -66.546
  11   94      4.538      5.094    -71.322
  -1   -2     -8.649      5.976    -74.745
  84   10      1.017     -0.149    -71.627
 226  397      3.775      8.903    -71.799
  18   40      0.737      7.651    -66.479
  23   15      0.861      5.235    -70.009
  31  106     -6.824     10.795    -68.933
  26   31     -6.463      6.582    -66.736
 110  390     -0.679     -9.800    -63.512
  21  114      7.646      4.173    -73.151
  33   83     -0.779     -1.011    -67.158
  43   16      4.886      4.052    -68.164
 230  248    -12.123      2.033    -67.663
  45   82      2.998     -4.605    -69.533
 378   23      3.208      2.152    -69.598
  -1  212      5.321      7.084    -70.953
  48  221      7.991     -1.125    -67.455
  38   46     -0.393     -2.442    -66.531
  61  740     -3.340      5.871    -63.796
  -1   50      2.111     11.687    -67.850
  -1   -2    -13.467     -1.385    -69.322
 163  744     -0.051      0.673    -70.152
  54  194     -6.957     12.138    -63.338
 103   80      4.990     -3.588    -67.498
  64   52      0.099      9.808    -65.201
  96  161     13.076      7.664    -64.305
  75   47     -7.291     -2.629    -70.949
   7  733      4.641     -7.317    -68.896
 105  430    -11.613      9.702    -68.652
 137   79      3.909     -6.454    -69.447
  30   19     -8.649      5.279    -69.291
  29   -2      0.207     -9.132    -72.793
 156  111      4.268    -10.606    -68.646
  -1   36     -7.958      3.381    -67.148
  58   98     -8.919     -8.734    -70.712
  66   65    -10.373     -2.512    -67.396
  86   38     -7.789     -8.552    -64.169
 436   24      3.942      6.409    -68.945
  12  152     -4.075      0.022    -70.320
  70  403     -3.874      8.507    -64.146
 479  154      0.921     12.809    -67.381
 357  514     -9.125    -12.433    -70.120
  90  141      1.277      1.835    -66.179
   6  129      2.173     -0.232    -70.548
  62   37    -12.026      8.445    -68.124
  19  118     -0.136      6.334    -71.382
  73   69      3.567     -8.343    -67.429
  13  735     -6.762     -1.494    -66.266
 204  319      6.076     -0.017    -74.148
 404  101     -0.480     -6.801    -69.709
 159  119     10.250      4.653    -74.160
  65  159      3.748     -0.750    -64.447
   4  226    -10.470     -3.239    -73.409
 406   -2      1.070     -6.344    -70.056
  71  109      6.682      4.211    -64.992
  -1  399     -4.456      9.211    -68.988
  88   33     -9.097      8.832    -66.421
  76   99     11.548      0.934    -67.077
  69  133      7.802     -2.222    -74.160
 225   70     -1.392    -11.840    -69.673
 681  767      3.298      1.375    -71.192
 136   85     11.206      4.091    -67.522
 111   56      6.229      5.008    -64.826
  79   84      9.572      0.632    -63.987
  49   53     -9.746      8.344    -67.864
 768  103      3.732      0.408    -61.797
  98   78     -4.615      1.129    -67.460
  -1   91      9.307      0.446    -68.919
 273   89     -4.622     -3.290    -62.729
 123  130     -0.396      9.969    -64.302
  93   55     -7.262     -7.261    -67.644
 249  291      9.724      3.349    -68.708
  -1  501      1.442    -11.787    -68.922
 452  180      5.846     -7.200    -72.001
  97  112     -0.674      2.500    -61.774
 165   25      1.168     -3.175    -72.267
 130   76      3.351     11.839    -69.487
 448   41      8.758     -5.281    -68.758
 458  122      3.846     -1.025    -60.269
 112  170      2.856      5.054    -64.103
 114  418     -5.061     -6.870    -63.225
 202  134     -0.377     -0.735    -63.068
 270  228      8.794     -3.192    -71.035
 175  225      3.346     -7.359    -66.966
  -1   -2     -1.613     -3.409    -71.803
 134  137     -8.516     -6.239    -64.144
 109  371      8.275     -5.751    -67.344
 354  202     -4.428      3.712    -73.872
  -1  181    -10.577      8.402    -65.407
 126  742     -3.311     -5.086    -65.941
  53   -2      5.724    -12.236    -66.556
 106   44     -1.762     -6.035    -68.022
 211   95      6.163      2.004    -67.407
 362  756     -5.735     10.146    -75.013
 275   54      3.442     -6.931    -72.734
 149  379     14.373      2.630    -67.612
 563   -2      5.836     -9.535    -64.347
 101  227      3.602     10.247    -67.154
  99  163     -1.670      3.811    -64.891
 173  414     -7.074     -6.162    -63.851
 113  104      7.030     -8.495    -63.152
 468  135     -9.647     -6.449    -66.631
 118  164     -9.926     -0.369    -64.395
 102  136     -7.234     -6.169    -65.487
  92  107    -11.826    -11.296    -72.357
 115  127      5.457    -12.662    -65.528
 222  174      0.137     -2.699    -61.071
  -1   57      0.455      0.781    -72.341
 414   -2      7.460      0.776    -59.754
  -1  138      0.884    -10.438    -62.397
 171  139     -6.181     -3.576    -64.405
  68   -2     -3.579      2.178    -67.490
 148  254      6.233     -1.425    -65.844
 228  421      9.060     -7.141    -63.753
 205  108      0.696      3.454    -63.547
 133  238     -4.379     -6.154    -63.333
 284  100      8.888      4.999    -67.729
  -1   -2     12.353      7.105    -73.917
 196  142      2.297     -2.879    -62.969
 128  193     -2.799      3.896    -63.751
 218  431     -8.463     -9.746    -65.944
 154  121      6.031     -1.494    -63.649
  -1  209      0.392      6.519    -61.317
 521  182     -0.874      2.970    -64.018
 260  197      6.234     -5.514    -64.499
  -1   -2     -3.555      4.270    -64.685
  -1  230      4.098      4.272    -62.264
 138   74     -0.009      4.717    -64.179
 146  155    -12.027      3.345    -65.437
 244  750    -13.891     -4.828    -71.167
 235   20     -5.193     -2.248    -70.659
  -1  231    -15.261    -10.445    -76.662
  17    9      2.620      4.190    -71.447
 193  208      9.415      6.738    -65.523
 145   66    -10.742      0.467    -66.480
 405   -2    -12.803     -0.018    -77.453
 548   -2    -10.868     -0.781    -62.861
  -1   -2      7.537     -8.974    -68.420
 368  186     14.450     -4.378    -71.562
 176  171     -2.097     -0.375    -66.629
 611   -2    -14.161     -2.349    -70.673
 526   -2     -8.222     -4.469    -62.333
 220  206      4.138      7.640    -66.031
 254  149     -5.924     -2.840    -62.726
 191   48     -7.334     12.737    -64.159
 464  216     -4.811     -5.408    -77.423
 132   -2      6.619      2.787    -67.290
  -1   -2     -1.205      3.354    -63.897
  -1   -2     -9.511      2.208    -63.327
 438  761     -8.360     -1.070    -69.701
 190  200      8.167      7.538    -64.942
  -1   -2     -5.207      8.098    -67.432
 135  434      4.716      1.010    -60.238
  -1  125    -14.501      0.885    -76.282
 337  183      4.553     -2.564    -65.024
 186  746      8.591     -1.228    -65.237
 566  162      8.752      8.668    -65.302
 169  179     -3.323      1.310    -63.243
  -1   -2     -5.050    -10.608    -62.742
 189  265     -0.085     -3.520    -71.908
 209  215      4.891      0.052    -61.504
 462  165    -13.793      6.923    -76.268
  -1  140      9.572     11.644    -71.452
 291  250    -10.665     -4.439    -72.118
 201  384     -4.895     -4.577    -61.276
  -1  346     13.675     10.295    -68.928
 465   -2      5.048     -9.504    -68.183
  -1  409      9.539     -6.712    -71.872
 250  196      0.560      5.412    -64.964
 505  178      1.604    -11.967    -62.653
  -1  262     -3.482    -12.270    -68.869
  37  737      5.241     -1.633    -74.074
 157  314    -10.273     -7.540    -71.274
 782   -2     -3.291     -5.978    -62.760
 471  279     -6.390      5.241    -65.278
  -1   -2     -5.649      2.088    -66.637
 155  201     12.051      0.753    -67.625
  -1  424     -6.739      1.638    -60.339
  91  552     -7.912    -11.497    -62.521
 210  213     -7.297      8.354    -70.939
 776   -2     -8.980     -1.415    -65.937
 298  541    -10.325      2.121    -65.170
 535  562     -0.065    -12.308    -72.898
  -1  223      7.397      5.193    -61.365
 461   -2      3.256      1.841    -72.100
 437   90     13.313      4.077    -65.845
 247  524      7.999      1.660    -66.733
  -1  218      7.704     -7.669    -64.142
 251  207      6.664      3.358    -62.296
 266  151      7.238     -7.118    -66.575
 158  743    -10.578      2.878    -61.593
 287  329     11.619      8.166    -64.549
 493  128     -5.101      7.731    -63.635
 208  259      8.765     -4.205    -67.043
  -1  239      8.433     -1.700    -71.390
  -1  205     -7.121     -0.878    -61.458
 243  404      0.835      9.419    -65.130
  -1  275      6.292     11.402    -74.416
 650  172     11.820     -1.296    -67.790
 524  285      9.924      1.787    -69.996
 229  191      9.811      8.365    -66.700
 569  192    -13.697      7.806    -65.408
  -1   21     -3.561      6.311    -73.831
 162  526     -8.076     -7.391    -70.539
 555   -2     -5.360    -10.218    -70.181
 116  589     -7.953      9.843    -74.065
  -1   -2     -5.458     -1.425    -62.179
 246  463      5.365      8.078    -62.718
  -1   -2    -11.568      6.284    -73.779
 127  214     -7.163     -6.600    -61.243
 248  169      8.463     -4.507    -71.428
 394  145      8.310      1.521    -68.321
 167  745     12.109     11.751    -70.035
  -1   -2     11.013     12.313    -63.113
 347  252     10.565     -0.024    -69.033
 219  199    -13.282     -3.471    -66.912
 420  240    -14.434     -8.821    -75.898
 293  277     12.777      1.906    -64.680
  27  131      4.608     -5.085    -71.870
 335  754     -9.214      6.973    -65.785
  -1   -2      0.297      4.854    -74.650
 330  255    -13.117      9.217    -69.448
 168  658     -8.263      3.220    -64.421
 292  283     -9.414      7.107    -62.714
 532  289      4.532     -1.897    -58.067
 178  474      8.920     -1.624    -70.579
 197  260     -2.290      7.185    -65.882
 485  481     11.805      4.055    -63.978
 779  770      1.413      0.122    -68.985
  -1   -2     -3.090     -1.729    -64.364
 720  653     -0.373     -8.996    -63.018
 295  543     -6.160     -6.013    -69.895
  95  263     12.444     -7.549    -72.594
 261  247     -1.614    -10.828    -70.586
 172   -2     -7.971    -11.787    -72.027
 607  290      5.840     -6.058    -67.682
  -1   -2      5.205      2.925    -62.583
  -1   -2     -6.145      4.324    -53.161
 280  245    -12.343      7.397    -66.241
  -1  413      1.733      1.567    -69.482
 422   -2      0.031      3.856    -57.724
 236  293    -11.752      3.761    -64.279
 207  276     -0.109     12.988    -66.542
 305   -2    -10.137      9.708    -70.919
  -1   -2     13.570     12.360    -71.492
  -1  507      9.636     -3.242    -64.067
  -1   -2     -7.701    -10.510    -70.274
  -1   -2     -5.597      5.175    -75.182
  -1  388    -10.794     -7.934    -63.446
 234  219      9.001     -3.370    -64.594
 232  233      9.883     -2.821    -66.132
  -1   -2    -15.186      1.155    -71.585
  -1   -2     -2.023      1.272    -70.175
 185   -2    -11.515     12.115    -71.583
 300  309    -11.315    -10.429    -71.162
  -1   -2     -0.747     10.710    -67.875
 237  459      1.103     -7.033    -61.402
 274  581      4.515     -5.764    -70.840
 306   -2     13.343     -8.636    -71.895
 224  748     -5.467    -11.413    -71.921
 150  503      2.068     -6.789    -67.978
  -1  307    -12.711      6.694    -64.839
  -1  286     13.843     -6.585    -73.667
 179  580     10.926     -3.097    -68.134
 279  605     13.188     -4.773    -70.707
 206  318      4.930     10.486    -66.209
 600   -2    -11.181      8.417    -69.205
  -1   -2      1.979     12.932    -67.616
  -1  709     -0.871     10.393    -70.216
  -1   -2     11.219     -9.783    -72.889
 315  334     -1.021      4.014    -65.432
  -1  299     13.766     11.378    -66.133
 239   -2     -0.596    -10.639    -71.939
 570  338     -3.331      0.590    -61.511
 312   -2      0.082     -0.029    -66.258
 308  268      2.654     -4.656    -66.416
 409  508      5.952      6.131    -65.945
 256   -2     11.126     -2.713    -67.790
 297   -2      0.634     -9.492    -73.065
  -1   -2    -15.871     -8.129    -72.141
  -1   -2    -15.111     -2.261    -76.934
 588  269     14.986      9.284    -68.080
 164  175      6.860     -3.480    -63.830
  -1   -2     12.890    -12.066    -74.260
 339  342     -7.868     -0.422    -56.665
 633  766      0.377      7.877    -71.806
 618  296    -10.707      9.213    -77.928
 142  650     10.734      3.087    -73.892
 309  264     -0.890      7.440    -75.112
  -1   -2    -13.727      5.660    -72.387
 590   -2     12.623     -5.628    -64.518
  -1   -2     13.308      9.485    -67.111
  -1   -2     15.163      9.816    -65.047
  -1   -2     -2.637     10.552    -81.254
  -1  349    -13.717     -3.807    -66.484
  -1   -2      7.344     -9.054    -70.364
  -1   -2    -10.487      2.016    -70.869
 696  768    -11.740      5.204    -71.070
  -1   -2      3.216     -2.780    -58.279
  -1   -2     14.095      5.637    -69.724
 333  753     -9.690    -11.068    -69.553
  -1   -2      5.950     -7.854    -65.647
 282  284      6.790     -2.181    -64.068
 748  336      6.934      5.394    -72.807
 345   -2    -10.542     -0.241    -67.402
 316  305      9.707     -8.905    -69.694
  -1   -2     -1.601      5.724    -66.353
  -1   -2      8.880      8.564    -71.974
  -1   -2     -3.751     -7.508    -73.103
  -1   -2     -1.647      9.385    -66.882
 331  341     -1.236      6.110    -66.204
  -1  356     -0.354     -8.277    -66.253
  -1   -2     -7.169     -9.342    -69.527
  -1   -2      1.593     -2.993    -58.193
  -1   -2      4.168     -3.519    -66.377
  -1   -2     -2.155     -4.593    -64.956
 384  217     -3.820    -11.825    -71.517
 360  523     -3.162      1.499    -69.211
 240  749      3.234      9.667    -73.902
 364    3     -4.279      9.490    -72.476
  50  374      9.384     -9.692    -63.522
  -1   63     -0.499     -6.883    -62.825
  25   68      1.590     -6.817    -72.144
  51   -2     -2.728     10.104    -64.400
  32  736     -9.138     -7.734    -70.353
 374   30      0.675    -11.986    -69.808
  74   71      1.309     -7.350    -65.870
 375  412     -5.661     -3.658    -60.288
  -1   -2     13.572     10.144    -72.609
 467  295     -0.675      1.924    -61.903
  -1   -2      1.235     11.459    -63.117
 177  220      4.940     11.104    -74.318
  -1   -2      5.328      7.359    -73.871
 386  758      5.983      9.138    -67.647
 212   58    -11.299      8.025    -75.109
  52  369     -5.523     -9.430    -64.044
 203   96     -6.089     12.384    -67.630
  22  144      1.893     -2.847    -68.049
  63   -2     -9.850     -0.160    -73.964
  -1   -2      0.851     -1.522    -63.614
 371  757      3.343     -3.167    -75.436
 373   -2     -4.166    -11.080    -62.648
  -1  232     -7.053      8.134    -74.969
 352  755      2.302      6.112    -71.170
  -1   -2     -0.753      5.920    -62.226
  -1   -2     -9.120     -5.474    -83.452
  -1  372      6.403     11.297    -69.079
 125  391    -11.854     -1.569    -66.983
  83   51     -5.560     -6.959    -65.145
 370  280    -11.581      8.077    -67.853
 499   -2     14.599     -0.896    -73.495
  -1   -2    -10.195     -9.306    -59.372
  34   81    -10.822      0.979    -71.725
 525  387     -0.923     10.826    -74.857
  57  739    -11.687      8.816    -67.249
  -1   -2     -4.356     -5.254    -61.367
  -1   59     -6.591      3.051    -61.604
  -1  443     -7.532      3.552    -61.251
  -1   -2     -6.294     -0.718    -62.985
  -1   -2    -15.169     -4.627    -72.851
 353  368    -14.620    -12.406    -70.347
  -1  487      4.122      3.032    -73.566
 152  132    -11.010     -4.461    -62.613
 765   62      4.161      8.468    -70.486
  -1   -2     -5.867      8.650    -54.680
  -1   -2      3.769     11.405    -64.353
 451   -2     -8.805     11.372    -67.396
  -1   -2     13.111     -8.974    -74.321
 445  457     -3.783     -6.676    -61.654
  -1   -2     12.771      5.207    -57.905
 766   67     -2.062      6.838    -66.459
  -1   -2     13.847     -5.320    -61.563
 369  515     11.845     10.213    -70.239
 511   -2      1.113     -4.121    -74.240
  -1   -2     -6.662      6.664    -59.406
  -1  445      4.190      3.479    -61.692
  -1   -2    -13.440     -7.162    -75.559
  -1   -2    -11.460     12.040    -61.250
 503  211     -0.639    -10.647    -70.507
  -1   -2     -4.063     -3.569    -59.449
 504  465     14.065     -7.662    -66.288
 200  266      1.888    -11.710    -70.109
  -1   -2    -10.202     -8.006    -58.787
  -1   -2     -8.039      1.660    -73.030
 459  258     11.526      1.616    -63.331
  -1   -2     13.671     11.574    -76.518
  -1   -2      1.555    -12.386    -68.767
  -1  565     12.183      1.852    -69.554
  -1   -2    -12.020      4.390    -79.882
  -1   35     -5.654     -0.372    -62.088
 107   -2     -7.241      0.847    -74.321
 454  426     -8.256      8.288    -61.660
 408  116     -9.611      2.042    -61.798
  -1   -2     -2.593     -1.312    -60.358
 449   -2      8.595      0.817    -68.907
 509  773    -11.917     12.204    -63.673
 216  173    -11.489      5.736    -61.488
 434  774     12.784     -5.041    -65.654
 151    8      2.624     -6.559    -72.579
 325  185      2.082      5.103    -62.323
 311  423      5.221      9.473    -72.868
 439  528    -10.209     -6.785    -59.561
  85  156     -9.149    -11.727    -70.545
 472  466      7.586      0.195    -61.684
  -1   -2     -5.351      8.660    -63.928
  -1   -2     -4.415      4.854    -78.002
  -1  110     -6.044     -4.960    -66.221
  39  380      9.348      1.680    -64.994
  -1   -2      5.906     -6.428    -58.662
  -1   -2     14.951     -1.764    -64.867
 188   34     -1.306     -7.984    -66.626
  -1   -2      6.801      7.848    -71.921
  -1   -2     11.547    -11.755    -69.983
  -1   -2     -4.448     -6.452    -72.222
  -1   -2     17.166     -3.062    -69.156
 396  513      7.500     -0.087    -63.537
 387  124      0.361     10.622    -70.661
  -1  146     12.391     11.830    -67.501
  -1   -2     15.348      1.671    -65.149
 601  478      3.737    -12.940    -65.847
  -1   -2     -8.999     10.067    -86.604
 393  498      1.915     -0.144    -58.497
 160   -2      1.624      7.506    -65.098
 778   -2     -2.229      7.071    -72.918
 182  435     13.889     10.801    -63.907
 180  381     -7.163     -0.429    -77.739
  -1   -2     -8.526     -7.039    -66.912
  -1   -2     17.477     -3.633    -76.833
  -1  312     -5.086      8.419    -67.216
 377   -2     -6.883    -10.961    -66.898
  -1  405     -1.266     -0.441    -60.021
  -1  460     -5.388    -10.509    -68.325
 456  517    -12.929     -3.589    -66.949
 415  168     16.878     11.380    -68.422
  -1   -2     -2.863    -12.516    -64.929
 416  461      7.524      8.515    -60.067
 161  237     13.942     -5.160    -72.659
 538  762      8.425     -9.545    -74.779
  -1   -2    -14.012      8.927    -80.137
 419  533     -7.098    -12.364    -62.201
  -1   -2    -11.694     -7.110    -62.918
 124   -2     -2.556     -1.756    -60.317
 221  126      1.919      0.966    -66.178
 518  287     -6.510     -3.287    -76.478
  -1   -2      5.866     -7.190    -77.254
 215  447      5.087    -10.597    -60.105
  -1   -2      1.743     13.036    -65.421
  -1   -2     12.487     -6.355    -57.223
  -1   -2     -5.818    -11.848    -61.877
 542  311    -11.460     11.016    -74.779
  -1   -2      9.515     -9.266    -76.357
  -1   -2     10.862     -0.931    -61.986
  -1   -2    -13.598      9.127    -67.439
 304   -2     -7.501      9.027    -62.236
 527  570     12.867     -3.982    -66.921
 470  525    -15.126     -8.685    -72.340
  -1   -2      1.514     -7.188    -64.617
  -1   -2     -3.812      3.854    -63.511
  -1   -2     15.027     -9.880    -68.751
  -1   -2    -10.113     -8.495    -58.708
 418  661     10.604     -8.522    -70.293
 554   -2     15.315     -6.413    -68.916
  -1  400     -7.569     -6.105    -58.271
 129  243      2.159    -10.283    -68.763
 426  759     -4.871      0.397    -59.488
  -1   -2      1.336     11.916    -71.328
  -1  244      4.755      4.250    -76.792
  -1   -2     12.255     -6.862    -64.086
  -1   -2    -11.659     -8.558    -59.898
  -1   -2     11.107     -8.321    -59.001
  -1   -2     11.976     -7.427    -58.732
 506  102     -9.948     -7.094    -64.837
  -1   -2     -5.596    -10.926    -60.041
 194  592      4.751      1.317    -60.303
  -1   -2      4.866     -6.912    -69.013
  -1   -2     13.845     -1.403    -63.526
 410   -2     10.520      8.252    -73.909
 411  489    -15.378     -8.135    -72.435
  -1   -2     -2.832     -0.196    -72.949
  -1   -2     -6.776    -11.522    -67.351
  -1   -2    -10.415     11.676    -59.483
 466   -2    -15.518     12.089    -74.829
  -1   -2     16.050      4.593    -71.946
 661   45      7.459     -0.006    -71.882
  -1   -2     -3.586     -6.537    -63.092
  -1   -2     16.256     -8.777    -77.502
  -1   -2     12.977      4.684    -70.571
 530  242     -7.598     12.372    -70.255
 551  483     12.336     -1.534    -62.745
  -1   -2      5.764     10.339    -70.296
 245   -2     -9.397      8.470    -61.412
  -1  470     -7.107      6.570    -60.916
 428  477     14.098    -10.079    -67.895
  -1  210     13.262     -5.005    -65.390
  -1  640      8.599      9.405    -63.165
  -1   -2     -5.704     -8.697    -52.161
 772   -2      8.492    -11.336    -69.029
  -1   -2     14.892     -8.110    -69.032
 644  518     17.194      1.381    -65.909
 433   -2    -11.592    -10.687    -70.101
 187  547    -14.354     -5.338    -69.115
  -1   -2      0.969    -11.765    -75.055
  -1  502    -16.196     -5.300    -71.629
 231   -2     -3.792      3.531    -62.798
 153  195    -12.372    -12.201    -70.783
  -1   -2      9.211      3.558    -58.241
  -1   -2      4.441     -3.382    -60.366
  80   -2     -2.800     -8.522    -72.369
 552  313     10.108    -10.305    -68.757
  -1  499     -3.371      1.760    -57.700
 263  378     -6.458      8.704    -74.120
 543  511      4.068      4.058    -62.140
 710  769     -0.351     -5.567    -58.442
  -1  512      6.673     11.253    -59.545
  -1   -2    -11.318     10.470    -60.560
  -1   -2     14.224     -7.253    -63.195
  -1  536     11.619     -9.646    -68.833
  -1   -2     14.471      7.961    -63.594
  -1  271     -3.924      3.456    -69.199
  -1   -2      3.103      2.434    -73.522
  -1   -2    -14.066     -4.621    -73.807
 441  670      3.577      4.642    -74.750
  -1   -2     -8.854      2.859    -73.367
  -1  444      9.261      8.877    -63.584
 559  711     16.264      0.227    -65.367
  -1   -2     17.065     11.982    -71.934
  -1  516     -9.573     -2.770    -75.792
  -1   -2     16.140     12.035    -68.992
  -1   -2     12.616     12.443    -63.192
  -1  569      5.445      7.522    -64.607
  -1   -2     -6.227      0.756    -52.340
  -1   -2     11.834     -7.424    -64.619
 144   -2      0.140     11.822    -73.504
  -1   -2    -10.639    -10.388    -65.871
  -1   -2    -12.270     11.053    -63.915
  -1   -2     -5.577    -10.004    -79.696
  -1   -2    -14.659      3.375    -75.371
  -1   -2    -13.442      2.542    -65.990
  -1   -2      3.325    -10.162    -69.236
 392  310      0.521     -1.270    -74.040
 290  751     12.897      9.811    -71.911
  -1   -2     -9.760     -3.883    -63.581
 646  654     14.651      9.808    -71.126
  -1   -2      6.440      7.192    -55.991
  -1   -2      4.576      0.889    -76.028
  -1   -2     -9.657     -3.385    -61.418
  -1   -2     14.873     -5.141    -65.641
  -1   -2     -1.087      9.493    -58.360
  -1   -2      9.807     -4.916    -62.886
  -1   -2     -1.164     11.762    -66.249
 755  676      9.837      7.615    -72.214
  -1   -2      5.364      9.659    -61.503
 346  420      6.820      3.045    -69.755
  -1   -2    -15.175     -3.690    -72.485
  -1   -2     12.365     -5.207    -76.400
  -1   -2     15.331      4.851    -67.509
  -1   -2      1.199     -3.275    -62.079
 529   -2      2.835     -2.629    -58.395
  -1   -2     12.661      9.866    -77.736
  -1  288      4.185      1.228    -69.545
  -1   -2    -12.220      6.186    -73.085
  -1  256     -9.667      7.544    -71.166
 314   -2      8.724      5.281    -62.582
  -1   -2      5.069     10.394    -61.959
  -1   -2     -2.147     -1.976    -54.311
  -1   -2      1.859     -9.577    -52.843
  -1   -2     -3.106      7.837    -59.148
  -1   -2     -7.931      7.295    -64.788
  -1   -2     14.597     -7.371    -82.162
  -1   -2     14.523      1.214    -66.704
 262  190     11.664     -6.246    -65.979
 319  752     -0.221    -12.137    -68.231
  -1   -2     -0.576      9.772    -86.595
  -1   -2      3.333      0.161    -59.710
  -1   -2    -11.697      5.414    -62.261
  -1   -2     -0.512    -11.010    -59.988
  -1   -2      8.639      6.388    -77.685
  -1   -2    -10.749      6.651    -81.661
 627  586      3.399      3.555    -64.582
 272  652    -14.732    -10.958    -70.790
  -1   -2     13.246      1.052    -76.716
 460   64      6.947      0.951    -71.217
  -1  579     -9.590    -10.987    -65.415
 430  760      6.741     -3.377    -74.730
  -1   -2     -4.401    -11.353    -60.334
  -1   -2      9.515     -2.734    -71.117
 634  646     14.580      2.056    -65.390
  -1   -2     17.696     -6.330    -65.973
  -1   -2     -7.974     -7.989    -59.533
  -1   -2    -11.203      5.527    -67.846
  -1   -2    -11.594      8.307    -63.389
  -1   -2      8.823      2.193    -76.750
  -1   -2    -13.696     -2.389    -72.799
  -1   -2      6.037    -10.693    -70.835
  -1   -2     16.885     -8.120    -69.175
  -1   -2     -2.586     -9.961    -79.014
  -1   -2     -2.745     11.196    -67.067
  -1   -2     -0.303     10.958    -61.149
  -1   -2     14.006     -5.969    -57.042
  -1   -2     -9.975     -7.468    -56.483
 651   -2     15.962     -6.444    -68.178
 561  763     -2.020      2.297    -75.090
  -1   -2      3.246      9.590    -76.917
  -1   -2     15.034    -11.300    -70.569
  -1   -2    -10.640     -6.278    -82.553
 539   -2    -11.623    -11.521    -67.246
  -1   -2     -4.796     12.415    -72.194
  -1   -2     -8.770     -9.015    -74.152
  -1   -2      3.582     10.792    -60.226
  -1  597    -14.470     -0.495    -75.304
  -1   -2     -7.922      7.027    -61.824
 791  771      5.991     -8.979    -67.933
 785   -2      6.385      1.423    -59.591
  -1   -2     14.627    -11.149    -85.954
  -1  117      7.383     12.664    -71.013
 383   -2    -10.279     -2.636    -57.232
  -1  257     -6.141     10.072    -67.096
 606  612     11.819    -12.141    -63.849
  -1   -2     -8.998      6.033    -67.292
  -1   -2    -14.214     12.457    -68.913
  -1   -2     16.621     -4.519    -70.450
  -1   -2      8.265     12.089    -64.743
 593   -2     13.842      9.428    -69.649
  -1   -2     17.475      6.058    -72.311
  -1  367      8.715      5.172    -71.279
  -1   -2      6.175     10.515    -69.422
  -1   -2     17.493      5.685    -71.600
  -1   -2      7.871     -8.948    -55.269
  -1  662     11.397      2.662    -67.726
  -1  687      8.933      3.923    -66.854
  -1   -2     -1.528      1.926    -60.707
  -1   -2     -8.385      3.762    -66.991
  -1   -2      4.575      8.719    -64.398
  -1   -2     -5.637      3.781    -78.622
  -1   -2    -10.564     -7.887    -67.994
  -1   -2      5.571     10.501    -55.142
  -1   -2      1.091     -4.194    -55.721
  -1   -2    -13.211     11.745    -68.509
 575  335     -7.376     11.973    -72.161
  -1   -2     -7.165     10.400    -56.130
  -1   -2     14.537     10.486    -61.495
  -1   -2      1.985     -4.888    -68.692
  -1   -2    -13.582      3.239    -71.613
  -1   -2     -3.972     10.129    -59.718
  -1   -2      6.994      6.841    -76.123
  -1   -2     -7.001     -4.720    -83.016
 629  764     13.606    -12.437    -62.704
  -1   -2      7.057     10.356    -66.122
  -1   -2     13.654    -10.044    -62.695
  -1   -2     17.365     -1.100    -67.973
  -1   -2      4.111      6.124    -72.648
  -1   -2     17.719      8.069    -69.575
  -1   -2      5.356     -8.491    -73.493
 276  274      4.746    -10.613    -74.483
  -1   -2     12.337     -0.211    -66.086
  -1   -2     14.030    -10.634    -62.120
  -1   -2     -6.533     -6.921    -74.365
  -1   -2     16.238     -8.358    -73.469
  -1   -2     13.490      0.840    -62.743
  -1   -2    -10.512     -8.738    -70.448
  -1   -2     -2.506     -4.705    -75.782
  -1  623      8.491    -11.940    -61.795
  -1   -2     12.167    -12.519    -76.488
  -1   -2     -0.086     -4.106    -72.653
  -1   -2     -7.573      5.051    -66.040
  -1   -2     12.030      8.609    -60.921
  -1   -2      7.732     11.124    -70.789
  -1   -2    -13.685     -6.808    -79.774
  -1   -2      9.385      8.614    -56.217
  -1   -2     -3.547     -5.339    -69.772
  -1   -2      7.485      2.158    -63.664
  -1  639     -7.523     -0.869    -72.136
  -1   -2    -10.613      3.646    -66.880
  -1   -2     10.931      7.842    -62.380
  -1   -2     -2.860     -0.489    -72.034
 719   -2     -2.422      8.407    -77.512
  -1   -2    -10.942     -6.149    -59.626
  -1   -2    -10.724     -3.073    -75.448
  -1   -2    -13.270     -6.312    -70.505
 774  360     -8.980     10.805    -68.561
 610   -2      1.613      3.798    -74.267
 649  339      4.958      0.708    -67.765
  -1   -2      9.020      5.540    -53.594
  -1   -2     18.001    -12.033    -66.927
  -1   -2    -14.353     -7.811    -74.021
  -1   -2    -13.156      0.356    -69.884
  -1   -2    -10.877     -8.895    -58.106
 799  772     -7.378      0.088    -67.646
  -1   -2      2.821     -2.957    -56.669
 343   -2     -7.210     -8.983    -67.586
  -1   -2     13.408      1.586    -62.843
  -1  322     12.968      2.898    -62.496
  -1   -2     14.956     -5.370    -60.602
 288  328      8.139     -9.272    -71.104
  -1   -2     -0.284     -9.799    -69.176
  -1   -2     11.143    -11.040    -66.906
  -1   -2     13.457      2.855    -76.594
  -1   -2     -5.204     -8.953    -72.890
  -1   -2     13.049    -11.816    -68.754
  -1   -2     14.825      5.737    -66.642
  -1   -2    -11.017     10.094    -62.005
  -1   -2     -4.112    -10.475    -76.339
  -1   -2      0.793     -1.566    -67.607
  -1   -2      1.657     -3.251    -54.295
  -1   -2     -5.210      9.171    -72.843
  -1  411     -6.328     -7.713    -70.178
  -1   -2      0.848     12.190    -72.346
  -1  326     -3.579     -7.976    -65.157
  -1   -2      1.163      3.342    -56.318
  -1   -2      1.358     -2.017    -68.549
  -1   -2     -8.501     -4.562    -73.165
  -1   -2     -9.373     13.443    -63.520
  -1   -2      7.696      7.993    -65.533
  -1   -2     10.033      9.026    -60.526
  -1  566     10.671     10.885    -63.525
  -1   -2      6.828     -3.780    -76.696
  -1   -2     -2.862      3.859    -81.568
  -1   -2     14.028     11.687    -74.213
  -1   -2     -6.891    -12.378    -65.757
  -1   -2      4.985      8.962    -69.697
  -1   -2    -13.269     -4.136    -66.964
  -1   -2     12.912      0.714    -70.953
  -1   -2     14.287     -6.462    -66.009
  -1   -2     -8.544     -3.916    -77.233
  -1  698      2.716      2.261    -66.037
  -1   -2    -15.075      3.329    -69.758
  -1   -2     -8.700     12.281    -63.271
  -1   -2    -13.420      0.690    -65.405
  89  534     10.677      3.758    -71.282
  40  553      3.475     -9.786    -71.838
 166   -2     -1.161      5.228    -68.513
 412   -2      7.624    -10.050    -72.698
  81  189     -0.648      9.504    -76.028
  59  198      1.830      3.466    -68.291
 147   -2      3.129      7.099    -63.472
 685   -2      8.999    -11.782    -68.307
 673  222     -4.829     -4.913    -71.932
 213   -2     -6.301     -2.649    -66.941
 192   -2     -8.321      9.216    -62.888
 783  567      9.209     -1.336    -67.736
 695  359     -0.551     -1.258    -74.236
 344   -2     -3.892     -8.322    -65.853
 674   -2      7.018      7.181    -65.553
 584   -2     -2.314     -9.883    -72.515
 198  261      3.507     -8.495    -62.356
 121  376      1.175     -1.367    -67.154
  67   -2     10.238     -6.520    -74.373
 781  437      5.204     -7.417    -75.142
 513   -2     -4.851      7.772    -59.137
 519   -2     -8.580     10.852    -61.769
 520  535      4.118     -8.942    -61.352
 528  556      9.889    -12.280    -73.989
 444  392      9.300     -8.511    -73.500
 767   -2     -1.578      9.177    -60.855
 631  765     12.085     12.630    -70.827
 267  576    -12.869     -1.335    -66.575
 223  747     -9.803     -5.902    -73.622
 648   -2    -11.831      0.462    -61.880
 500  344     11.105    -12.698    -73.042
 612   -2    -16.276     -8.016    -71.270
 583   -2    -11.975      1.628    -61.570
 784   -2    -14.026     -1.060    -65.610
 789   -2     -9.872     -9.231    -62.147
 475   -2    -11.142     -3.452    -72.390
 268   -2     -8.928     -5.611    -60.374
 397   -2      6.053      1.735    -63.523
 788   -2      8.747     -2.248    -75.146
  87   60      2.454      2.484    -69.045
 320  298     14.167     10.984    -66.665
 568   -2     -1.061     -1.377    -68.099
 794   -2     12.711     -5.506    -69.028
