820
 346    3     -8.035      3.785    -72.508
  17    1     10.412      4.242    -72.475
  14  389      5.175      3.305    -69.706
   2   67     -7.036     -3.800    -71.465
   7    0     -6.696     -4.965    -71.254
   4    2     -7.080     -0.824    -70.463
  68   19      0.095      9.479    -71.773
  10   22     -1.873      7.790    -69.927
   5   13     -4.867      2.355    -69.979
  39  155     -2.191     -9.995    -71.943
   8  369      0.957     10.452    -66.821
   0   97      7.745      4.397    -70.463
  15  152      0.973     10.201    -71.978
 105  367     -3.835      8.534    -71.996
 102   -2    -10.653     -1.046    -75.461
   6   24      3.331     10.170    -70.939
 126    7      7.288      3.591    -70.735
 242  321     -2.586      0.429    -68.932
  18   92     -9.911     -2.606    -70.898
  31    6     -2.645     -2.096    -70.084
  21   20     14.627      3.423    -69.347
  41   32     -9.975     -1.007    -71.553
  20   27     -2.246      8.335    -66.179
 137   29     -8.695      4.346    -72.194
  57   18     -4.659      1.095    -68.354
  35   28     -0.755      3.678    -68.871
  45   48     -5.339     -3.614    -68.671
  12  371     -0.822    -10.325    -72.375
 272  116      6.819      8.032    -68.239
  55   26     -0.436      2.086    -68.669
  26   33     10.693      6.258    -68.402
 181   57     -7.692     -5.306    -71.068
  23   38      3.701      1.631    -70.265
  -1   -2     12.451      5.590    -74.590
  58    9      2.055      6.177    -69.694
  59   36    -10.386     11.592    -71.009
  32  774      9.745      1.773    -71.411
 423   30     -5.940     -9.029    -71.202
 324   21     -9.268      7.444    -72.709
  60  368      5.582      8.004    -68.174
 368   23     -0.858      7.273    -68.709
  28   71    -10.614     -4.727    -68.234
 132   69     -4.491     12.296    -64.728
  -1   -2      6.108      6.806    -73.243
 106   49     -1.097      3.791    -66.623
 355  382      7.343     -5.837    -68.656
  40   55    -11.324      8.650    -70.227
 374   12      2.724     -9.696    -71.748
  11   96      2.296     -0.854    -73.621
 376   47     -6.538     -5.710    -65.335
  33   60     -7.132      4.741    -67.888
 357  109     -3.181      6.941    -69.111
 121   86      7.472     12.043    -71.479
 451   65      0.587      6.232    -77.100
  25   46     -0.610      1.245    -69.414
  88   39     -1.947      3.455    -71.201
 400   40     -7.385     -3.985    -64.150
  37  775     -0.087     -7.498    -75.227
  56   95      3.515     -7.103    -66.779
 284  103     -0.189      1.392    -69.496
  63   43     -9.503      3.267    -64.138
  72   34     -6.009     -0.277    -68.185
  50  252      4.227      1.157    -66.668
 351   14     -4.499     -6.233    -71.024
  90   66    -11.570      2.881    -65.909
  53   58      9.047      9.849    -66.923
  -1   78      4.634     -2.273    -70.438
  77   73      2.082     -3.262    -65.865
 421  124      5.267      9.546    -72.846
  73  284      8.201     -1.055    -69.579
 789   15    -11.774      8.635    -72.573
 413   99      5.504     -0.375    -67.239
 189   63      7.021     11.422    -67.637
 110   45     -2.575      5.875    -66.087
  89  296     -4.388      3.080    -70.097
 350   75     -5.211      8.132    -71.239
  49   68    -10.693     -9.189    -69.938
  93   25     -6.270      3.742    -70.850
  81  777     10.123     -7.943    -67.741
   3    4      2.914      9.453    -70.755
  86   16     -7.752      4.675    -65.755
  79   54     -0.480     -1.848    -68.016
 805   -2     -4.129     -6.295    -67.685
  98  151     -8.781      7.890    -69.024
  78   79      2.343     -5.816    -67.591
 162   87     -2.031      9.891    -67.398
  71  203     12.077      0.653    -67.820
 170  108    -10.975     -0.499    -66.987
 136   89      9.721    -10.142    -67.731
  80  118      0.582     12.908    -64.360
 146   44     -0.030      4.436    -75.553
  82  110      4.455      4.736    -64.871
 371   83    -13.151      8.561    -69.966
   9   10      2.002      7.162    -68.253
  36   -2     -5.483      9.602    -69.322
 449  128     -2.420      5.325    -68.065
 111  137     11.120     -2.082    -73.626
 138  160     11.000     10.438    -69.547
 169   85     -9.559     11.679    -66.179
 166  169      9.016     -5.739    -63.535
  -1  184    -10.024     -0.253    -63.245
 119   -2      2.815     -1.772    -65.086
  76  138     -2.237      0.850    -66.388
 158  376      0.345     -2.871    -69.849
 388  145      1.443     -7.556    -68.311
 409  212     -6.066      2.262    -65.117
  75  181     -7.106      1.981    -66.417
 153   11      3.540      4.569    -69.419
 186  469     -9.595    -12.310    -66.220
  29  258      9.432     -3.467    -70.852
 127  104     10.024      8.862    -67.990
  -1   -2     14.911    -10.340    -74.559
 155  231      8.809     -5.084    -69.524
 152  426      2.865     -3.901    -64.547
   1  113      8.928      9.202    -72.416
  61  295     -0.663    -10.535    -69.461
 444  129      6.305     -7.448    -63.692
 290  377    -11.803    -10.618    -62.679
 383  148     -1.263      8.679    -61.365
  -1   61     -4.625      8.700    -65.706
 406   98    -10.266     -1.741    -69.290
 380  127      8.412     -6.403    -64.974
  24   51     -7.332      3.764    -73.978
 117  100      7.583     -3.631    -76.358
 125  144      4.588     -2.982    -62.568
 133  132     -9.145     12.640    -64.143
 238   70      3.079     -3.970    -66.982
 114  779     -3.686    -11.037    -67.580
 176  139     -0.430    -12.135    -64.408
 131  178      7.443     -4.831    -64.591
 191  166      9.832      1.815    -62.872
 123  521     12.070      3.308    -67.738
  -1   -2     -5.632      1.919    -61.262
  97  171      2.460      5.045    -63.479
 232  323     -3.721      2.465    -75.734
 115  341      7.436     10.473    -73.842
  -1  200      0.138     -1.117    -67.972
 496  168    -10.716     11.318    -65.853
  -1  238    -14.144      9.018    -75.353
 201   80     -0.762    -11.204    -67.819
 150  125     -7.106      2.737    -62.580
 143  198     -3.413     -7.283    -65.930
 436  120      6.078     11.907    -65.163
 216  134     -4.126    -12.191    -66.007
  96  119    -10.016      5.164    -67.637
 159  141    -13.202      2.960    -70.858
 172  130     -6.717      3.411    -65.077
 226  354      6.205     -5.305    -68.428
 369  176    -13.725     -7.281    -66.734
 196  312      4.900      4.768    -69.849
 610  213      4.688    -10.443    -71.843
 364  380     -4.540      3.818    -66.595
 416  187      2.668     -6.282    -67.648
 107  147    -12.070      8.427    -66.174
  -1  163     15.303      1.301    -64.216
  22  140      1.094      3.687    -66.184
 204   59      7.440      3.146    -66.408
 424  172    -10.544     12.376    -65.384
 245  788      7.907    -12.492    -72.772
 225  240     -7.594    -12.042    -74.976
 116  780     -9.005      6.322    -68.542
 183  433    -13.152     -6.876    -66.485
  -1   -2     -0.187     11.687    -60.611
  -1  122     -6.077      1.446    -61.529
 502  803    -11.556      4.540    -76.062
 140  156     16.193      8.197    -68.974
 524  191     -4.157      3.570    -60.981
  43  818      7.673     -7.972    -66.893
  -1  149     -6.737     -2.872    -68.417
 398  150      4.466     -9.444    -65.546
 198  204    -13.554     -1.820    -66.507
  -1   -2     -6.760      6.184    -64.330
 373  117    -11.247     -2.900    -74.422
 180  249      3.613     -6.140    -65.132
 243  232      6.773      7.101    -64.673
  -1   -2     -6.882    -11.330    -71.069
  -1   -2     -4.420    -11.650    -66.102
 193  215     -4.884      6.640    -61.328
 463   -2     -5.946    -11.494    -67.363
  69  506    -13.212      1.220    -75.088
  -1  179     10.066     -2.570    -65.109
 185  121    -11.500      3.556    -65.241
 154  500     -4.033     -1.031    -62.982
  83   74      3.074     -7.891    -70.996
  -1  161    -12.513      7.129    -65.575
 710  623     11.956     10.371    -62.441
  64  154    -12.616      1.964    -70.874
  -1   -2    -15.446     -1.363    -72.937
  65  359      1.170      7.557    -73.836
  -1  126     -3.292      7.312    -66.143
 139  133     -8.880     -2.595    -67.949
 202  182      7.885    -10.834    -74.724
 171  216      8.067     -7.515    -67.925
 179  285     10.916     -7.047    -70.138
 280  211    -14.433      0.081    -73.069
 161  268      5.496      6.923    -65.463
 553  618     -8.423     -7.548    -76.257
 250  183      4.079     -6.829    -63.486
 157  143    -13.374     11.858    -74.887
 464  269     -5.875      0.670    -63.365
  48  190      2.448     11.557    -68.619
 128   -2     -1.364      1.606    -71.520
 638   -2    -15.538      9.841    -73.566
 307   -2     16.108      1.119    -64.987
  -1   -2      4.769     -9.113    -73.913
 113  224      7.909      3.365    -65.596
 472  593     -6.172      9.693    -61.443
 617  427     -7.963      0.433    -61.422
 205  785      2.534     -0.455    -63.671
 314  254      5.904    -10.944    -67.488
 124   -2      4.703      7.054    -77.097
  -1  272    -12.402      6.815    -69.355
  -1  225     -5.568     -0.189    -63.284
 468   -2    -14.368     -5.921    -76.370
 550  616     -8.168      1.229    -71.336
 585  201     -4.321    -12.156    -63.618
 235  259    -14.442      4.939    -68.069
 478  275    -14.699     -6.613    -76.319
 264  314     12.284      7.971    -67.837
 190  329    -11.318     -5.192    -66.039
 194  199     -6.030     -6.999    -67.169
  70  305      3.297      0.893    -73.985
 493  243     -5.639    -11.932    -61.856
 278  313      8.806    -10.337    -69.159
 222  303      9.854     -7.379    -71.734
 287  664     12.058     -5.624    -70.216
 536   -2      6.688      3.688    -68.490
 312  102     -7.352      0.484    -63.271
 195  482      4.621     -0.309    -61.649
 333  340      9.410      2.661    -72.643
 308  476     -5.002     -6.949    -68.131
  30   -2    -11.420     12.290    -73.440
 203  159    -12.215      3.692    -65.989
 208  484      8.706    -12.526    -73.016
 780  299     -2.821     -5.731    -62.822
  -1  236     14.203     11.705    -69.778
  -1   -2     -2.297     -8.921    -63.128
  -1   -2     -8.124      9.247    -52.599
 109  111    -13.705     10.199    -72.538
 217  304     -5.639      5.429    -75.647
  -1   -2      0.044     -7.079    -66.051
  -1   -2      5.851     11.944    -61.251
 207  221     -0.164     -0.679    -61.453
 295   91      4.134     11.659    -67.387
 266  480     16.342    -12.823    -70.475
 253  186     -2.736     -2.271    -63.285
 609  208      7.020     10.377    -66.679
 470  241      2.702      6.531    -75.682
 209  242      4.358      1.631    -65.465
  -1  309      8.627      3.445    -61.350
 229  297     10.430     -2.705    -67.808
  -1   -2    -14.224     -9.339    -71.879
 224  787     -7.222     10.717    -66.744
  -1  471     16.832      9.368    -71.521
 255  603     -0.924      2.197    -75.298
  -1  720    -13.864      9.823    -74.648
 577  235     -6.908    -11.085    -72.912
 182  642     14.331     -6.517    -73.249
  -1  564      0.936     -3.101    -62.625
 141  257     11.004     11.591    -66.761
 248  481      8.793     -5.420    -66.126
 267  189      1.429     -0.067    -73.017
 286   93     -5.393     10.272    -67.384
 363  576     -4.821    -11.262    -76.310
 326  419     10.634      4.094    -74.667
 214  280     14.369    -12.849    -72.477
 776  209     -1.777    -11.876    -66.751
  -1  260     -1.297     -3.136    -63.085
 265  425     17.187    -12.682    -71.047
 274   42     10.722      1.059    -69.214
  -1   -2    -13.981     -9.023    -74.297
 293  274     -9.528     10.866    -69.287
 103  448     -1.770     -5.310    -69.569
 298  525     15.945      0.058    -64.777
 742  814     -5.587      7.539    -68.330
 101  271     -6.048      4.055    -61.044
 337  167     -3.539     -0.696    -65.959
 249  177     -2.836     -2.050    -66.504
 319  627      5.680     -5.569    -75.605
  99  265     10.080     -5.936    -73.668
  -1   -2     -4.358      7.529    -69.066
 256  331     14.609     11.432    -75.985
 282  555    -13.461      4.420    -68.412
 156  336     -3.383     12.334    -68.021
 300  734     -6.617     -1.516    -68.039
  -1   -2      0.640     -5.837    -52.734
 499  311      8.227     -1.104    -66.731
 649  478     10.358      9.683    -62.045
 651  307     15.877     11.140    -71.524
 252  440    -15.598      3.737    -75.078
 348   -2     -9.377      2.290    -74.473
  -1   -2     -0.551     -5.995    -52.994
 234  239      4.542    -10.062    -70.391
 220  291     16.272     -2.976    -68.820
 210  607      5.898      0.584    -73.795
 283  185    -11.202     -1.412    -66.642
 259  523      3.498     -2.750    -64.254
 481  459     14.761     -3.618    -74.299
 270  290    -13.961      3.437    -67.426
  -1   -2     -9.572     -0.919    -59.393
  -1   -2    -10.247     11.699    -75.176
  84  778     -4.139      0.320    -73.780
  -1  315     -1.312      9.910    -74.824
  -1  588     -8.261     12.325    -63.175
  -1   -2    -13.459     10.831    -67.681
 486  320      6.506     -0.315    -72.494
 263   -2     -5.394      6.394    -73.208
 534  622      6.838      4.739    -73.174
 320  792     12.484      2.459    -69.362
 621  612      8.909     10.754    -64.769
 323  298    -13.847      0.178    -68.887
 219  786     -4.694      2.202    -71.419
  -1  339     -2.707      9.602    -66.810
 340  655     -7.255     -2.307    -73.550
 601   -2    -12.650     -3.389    -73.953
  -1   -2     -5.182    -10.842    -61.834
 311   -2     10.238     12.499    -65.403
 188  262     -8.510      0.684    -73.396
 625  467     -4.347     -2.597    -59.353
 711   -2      8.649     11.889    -66.321
 313  352     12.887     -3.931    -67.203
  -1   -2     10.572    -10.740    -64.643
  -1  613     -3.372      8.404    -77.685
 239  465      0.645      0.099    -72.305
 672  811      7.055     -2.673    -59.038
 339  264      1.988     -6.228    -67.181
 332  349     12.359     -7.241    -67.052
 507  205     -4.879      9.491    -70.538
  -1   -2     -3.852     -0.659    -79.650
 289  346    -14.639      4.650    -69.907
 549  289     11.685      5.371    -71.220
 336  701     12.146      7.118    -65.263
  -1  318     16.265     -8.036    -70.837
  -1   -2     -2.659      0.717    -62.984
 328  793     -3.729      8.523    -73.746
 276  360      9.952      0.997    -66.069
  -1   -2      3.639    -11.482    -70.621
  -1   -2     -9.794     12.481    -70.175
 737  533     -6.298      3.208    -57.516
  -1   -2     17.015      8.479    -73.112
  -1   -2     15.869     -3.781    -75.911
  -1   -2     -0.415      2.117    -66.829
  -1   -2     -0.037      3.927    -69.511
  -1   -2     -0.753      6.227    -69.438
  16  363      5.793      7.255    -71.881
 221  246     -5.808      0.523    -75.538
  34   84      3.605     12.580    -68.241
  52   94     -2.293     -0.167    -73.769
  27    5      5.772      1.701    -70.191
  19   81      0.199      7.048    -66.016
  38  365      4.861      7.218    -69.152
  46   88     -6.189      9.753    -67.052
 419  505     -8.428      9.325    -59.012
 206  400      1.448      4.935    -69.906
 352  107      5.598    -10.200    -71.670
  94   56      2.713      7.699    -72.113
  -1   -2      3.323      2.075    -59.919
 349  175      1.019      8.771    -60.689
 390  384     -2.808     -6.195    -61.174
 100   -2      0.213     -9.191    -67.237
 781   31     -3.172      5.791    -73.638
 372  375      5.950     -4.327    -65.606
 418  473      7.590      0.222    -61.036
 211  539     -3.688     11.417    -76.563
  -1   -2     -4.701     -8.795    -59.823
 794   17     -0.107     -4.801    -70.719
  -1   -2      2.199      0.747    -55.055
  -1  223    -15.539     -4.812    -76.428
 557  450     -5.678      4.199    -77.485
  -1   -2      5.850    -10.944    -80.964
  -1   -2     -6.255      0.735    -55.960
 151  528     11.738     -2.223    -65.371
  -1   -2     -3.863     -5.439    -60.945
 467  799    -11.573     -3.713    -73.104
 120  233      4.075     -7.258    -66.703
  -1   -2     -8.789    -10.442    -66.987
  -1  194     12.574     -1.156    -63.917
 629  335     -9.905     10.890    -75.163
  91   -2     -7.288     10.022    -76.117
 129  781     12.085      3.284    -64.708
 527  805     -6.894     -1.896    -63.675
  -1   -2     -2.301     -0.192    -62.592
 548   52      1.823     -9.473    -73.172
 448   -2      6.097      9.966    -61.280
 771   -2     -4.055     13.134    -62.093
 441  115     -4.117      0.672    -64.514
 431  383    -15.494      8.935    -74.674
  -1   -2      7.765     -6.714    -76.973
  -1   -2    -13.385     -9.601    -70.997
 392  397     11.761     -8.447    -64.088
  47   -2      0.612      8.887    -63.418
  -1  474     -0.179    -10.990    -69.483
  87   62     -8.095     12.059    -64.212
 362   77     -6.067      7.283    -66.707
 399  404     -1.906      0.262    -63.813
 382  391     -9.168     -1.325    -65.337
 377  420     -4.739      5.022    -61.912
  -1   -2    -15.503     -8.805    -73.604
  -1   -2    -13.777     -9.978    -75.935
  44   41     -7.919     -2.719    -77.844
  -1   53     -3.688     -3.767    -72.144
  -1   -2    -10.261      4.872    -75.585
  67   -2     -5.457      6.406    -65.549
  -1  434    -10.787    -12.660    -70.034
 160   50     -0.324     -5.403    -72.078
  -1   -2      4.130     -8.812    -75.230
  -1  487     -9.952      8.724    -63.515
  -1   -2      0.111     -2.044    -53.822
 366  402     -5.854      4.218    -64.956
  -1   -2     -8.199     -8.446    -70.867
 260  222     -0.394      1.998    -60.260
  -1  277     11.646    -10.631    -67.426
 541  293     -2.152     -9.174    -73.459
  42  416      4.207      9.821    -66.858
 590  250    -12.001     -5.252    -73.650
  -1   -2     -1.399      5.554    -60.304
 508  441     17.361     -1.913    -66.870
  -1  620     -6.929      6.525    -72.572
  -1   -2     11.540     -6.270    -59.783
  -1   -2    -12.746     -1.968    -83.128
 611  668     12.779     -1.338    -73.844
  -1  438      7.600    -11.923    -71.131
  -1   -2     12.461      8.707    -63.548
  -1  424      0.460     -3.193    -60.298
  -1  333    -13.064     -9.111    -75.366
  -1   -2      8.396    -10.632    -64.555
 407  485     -2.170     -3.395    -61.516
  -1   -2     16.252      5.800    -66.144
  -1   -2      3.313     -7.547    -61.852
 469  800      6.982      7.993    -75.283
  -1   -2     13.078    -10.507    -71.752
  -1   -2     -3.034     -5.122    -53.392
  -1   -2      7.426      8.115    -63.634
  -1   -2    -11.929     -6.235    -63.725
 122  214     15.739     -0.105    -72.640
 187   -2     12.963      3.222    -64.656
  13   -2     -0.877      3.289    -67.349
  51  776      3.162      8.305    -74.163
  -1   -2     10.978     -2.203    -71.448
  -1   -2     -2.844     -3.170    -75.484
 582  319    -15.467     -4.514    -77.693
 434  447      8.060    -12.924    -63.530
 387  157      5.554      4.414    -70.528
  -1   -2     -4.832     -8.968    -62.646
  -1  428    -11.959    -11.791    -64.551
  -1   -2     -7.180    -11.996    -63.386
 769  816      1.612     -3.921    -66.239
 420  405     -5.965      7.448    -59.680
 134  226     -5.661    -10.041    -66.287
 792  206      2.493     -6.602    -67.476
 535  411     13.123     12.399    -67.547
  -1  164      1.512     -1.805    -61.458
  -1   -2      8.296      6.044    -60.335
 112  158     -9.248      9.772    -65.274
  -1   -2     -8.745     -4.908    -53.408
 569  413     15.707     -5.967    -66.116
  -1   -2      1.607     -8.770    -56.185
  -1  218      2.956     11.446    -67.722
  -1   -2     -9.683     10.274    -59.507
 177  146    -10.626     -4.086    -70.602
  -1   -2      0.206     10.159    -72.135
 173  228     12.697      7.424    -68.303
 696   -2      0.627      8.401    -59.983
 174  414     -9.295     -9.479    -64.697
  54   -2    -10.483     -6.377    -73.550
 532  806      0.971     -7.576    -68.797
  -1   -2      2.020     -8.071    -61.917
  -1   -2     -3.098     -6.280    -54.429
 808  470     -8.133     -0.893    -61.878
  -1  256     -2.319     -9.629    -62.381
  62  410    -15.619      9.835    -72.718
  -1  136     -4.818     -5.004    -70.929
 405  407      8.218     -4.032    -63.454
  -1  408     -8.457     -3.857    -59.317
 375   -2     10.993      0.241    -73.720
 411  406     16.010      1.398    -72.903
 630  106      1.154    -11.844    -62.551
  -1   -2     -4.392    -10.543    -59.487
 772  364      0.148      2.471    -64.124
 356  819      1.682      0.765    -61.956
  -1   -2     17.392     -9.270    -68.421
 511  527      6.323    -11.390    -74.944
 268  489     14.975      9.745    -65.087
  -1   -2      8.933     -8.591    -62.364
 477   -2     10.438     12.081    -63.239
 485   -2     -7.852     11.672    -76.832
  -1   -2    -12.692     12.636    -65.638
  -1  245     11.814      2.927    -65.606
  -1   -2      1.189     -2.277    -71.934
 164  596      2.334      8.088    -63.981
 544   -2     -2.815      9.874    -74.048
  -1  486      1.728    -11.879    -63.337
  -1   -2      8.906     -8.785    -54.677
  -1   -2     14.334      6.136    -62.101
  -1   -2     -9.337      2.497    -59.159
  -1  509      5.129    -12.073    -75.076
  -1   -2     12.804     -1.303    -68.293
 262  789    -11.132    -12.503    -63.716
  -1   -2     -3.150     10.350    -56.985
  -1  270     12.108     -3.027    -57.479
 505  488     15.471     -6.989    -66.662
  -1   -2     -4.168      8.612    -82.471
 227   -2    -12.197     -4.453    -65.541
  -1   -2     -5.209    -12.440    -64.850
  -1   -2     -3.462     11.988    -61.388
 509  451      4.568    -11.552    -72.264
  -1   -2     -2.805      2.318    -74.641
  -1  423    -13.423     12.695    -69.062
 555   -2     15.186     -6.616    -62.718
 538  287     15.121     10.573    -65.781
  -1   -2     -2.581      9.317    -79.856
 476   -2    -15.682    -11.020    -73.309
  -1   -2     11.062     -9.648    -78.069
  -1   -2    -13.990      8.113    -79.379
 663  686     16.311     -3.904    -73.825
 462  676      7.113      1.502    -73.193
  -1   -2      6.342     11.032    -81.335
  -1   -2     -2.248     -2.272    -52.725
  -1  665     -7.023     -3.997    -63.468
 514  543      6.581     11.554    -61.659
  -1  679      0.335     -7.859    -69.103
 247  207     -6.512     -7.624    -67.532
  -1  422      6.056     -6.219    -65.164
  -1   -2      5.126     12.466    -69.069
  -1  454      7.315     -1.078    -55.617
  -1  244    -14.913      6.211    -70.417
  -1   -2     12.436      3.216    -73.458
  -1  496      9.147     -7.969    -62.092
  -1   -2      6.479      7.277    -62.205
  -1   -2    -11.351     -4.584    -59.698
  -1  472     10.011     -4.952    -65.454
  85  173      4.008     -4.052    -76.014
 410  797      4.393    -10.820    -76.484
 465  403      9.776     10.625    -67.973
 302  790     -0.559     -2.491    -76.457
  -1   -2     10.684     11.210    -62.450
  -1   -2     16.654     -7.962    -76.278
 594  569     10.583     -8.781    -62.746
  -1   -2      7.406     -8.902    -54.964
 522   -2      5.847      4.492    -60.779
  -1   -2      4.859    -11.608    -59.893
  -1   37      1.556      7.654    -71.415
  -1   -2     -5.994      0.250    -59.413
 626  731     -5.269     -6.679    -77.490
  74   -2     -5.936      6.940    -64.692
  -1   -2      7.338     -2.225    -52.571
 475  210     -4.712      6.176    -77.842
 494  247     10.089     -6.499    -64.826
 607  808     -9.846    -10.083    -59.167
  -1   -2    -11.553    -10.413    -86.801
  -1   -2    -11.369     -9.290    -62.195
  -1   -2    -13.028     12.425    -67.268
 804  301     -2.679      0.687    -65.198
 552  510      9.684     -9.633    -62.615
 273  660     16.792      9.488    -72.834
  -1   -2     -9.527      1.484    -78.373
  -1   -2    -14.299     10.521    -71.073
 297  273     -1.922     -5.268    -71.180
 701  432     -1.292    -12.649    -61.853
 563  461     -1.278      2.310    -64.591
  -1   -2    -10.071    -11.290    -63.306
  -1   -2     -2.240     -7.122    -87.039
  -1   -2     -7.278     -6.372    -81.367
 148  517     -6.438     12.072    -63.950
 631   -2     10.162    -12.194    -61.044
  -1   -2    -12.163      8.719    -61.440
  -1   -2     15.587      3.974    -61.849
  -1   -2      0.023     -3.376    -59.513
  -1   -2     -5.994     -8.068    -57.745
 144  306    -14.600      5.911    -72.646
  -1   -2    -13.310     -8.029    -68.291
 306  278    -14.533    -11.284    -72.601
  -1  348     -7.128     -3.357    -64.022
  -1   -2      8.923     -9.382    -71.955
  -1   -2    -10.471     -1.578    -59.517
  -1   -2     -3.273     -8.543    -59.546
 588   -2     11.188    -11.853    -72.100
 518   -2      9.153     -5.870    -74.627
  -1   -2     -4.102     11.821    -68.098
 537  479     15.070      9.943    -73.744
  -1  101     -1.776      1.951    -69.192
 135  782     -3.753     -0.284    -74.313
 567   -2      2.767     12.076    -65.724
  -1   -2     10.176      9.912    -75.968
  -1   -2     -8.984    -10.837    -70.092
  -1   -2     -5.130     10.876    -57.499
  -1   -2      0.877     -5.160    -56.148
 688  230    -14.562      0.363    -71.930
 620  522    -14.092      3.058    -73.864
  -1   -2     16.224      5.698    -64.784
  -1   -2     16.579     -9.249    -65.014
  -1   -2     -1.647     12.035    -74.603
 359   -2     15.336      6.275    -62.204
 584  677     15.615      4.171    -66.396
 635  551     11.014     -9.914    -63.633
  -1   -2      4.120      4.447    -58.475
 643  602     15.404     -0.011    -62.130
  -1   -2     10.729      3.860    -58.649
  -1   -2      5.719     -0.783    -65.065
  -1   -2      6.574     12.060    -63.148
  -1   -2     -1.907     -5.874    -57.627
  -1   -2     -0.065     -2.485    -52.796
  -1   -2      8.160     -3.269    -62.592
  -1  580    -12.782     -3.387    -75.549
 690  515      1.392      1.439    -76.116
  -1   -2     -1.282    -11.484    -72.406
  -1   -2     13.397     12.460    -64.106
  -1  575     15.289     12.953    -69.238
 624  809    -12.079     -7.233    -70.100
 435  747     11.371      8.456    -74.036
  -1   -2      4.961    -10.611    -64.267
 315  636      7.881      0.427    -74.337
  -1   -2      1.147      2.117    -56.652
 583  276      8.131      5.179    -63.823
 556  452      4.893     10.261    -61.931
  -1   -2    -12.328     13.137    -66.562
 341  794    -13.371      5.768    -71.199
  -1   -2      9.664     -3.750    -62.791
 130   -2     -9.668     -4.927    -68.520
 787  584     10.200     -8.033    -62.260
  -1  666     14.444      5.016    -74.829
 370  326      2.243     -2.083    -72.415
 215   -2      5.682     -3.718    -61.890
 640   -2    -11.575      8.465    -61.077
  -1   -2     -0.413     10.627    -60.019
  -1   -2      7.329     -2.662    -83.757
  -1   -2     11.831     -3.707    -75.976
  -1  647     12.229     -5.086    -70.256
  -1  475     -8.257     -3.293    -60.276
  -1  646     11.280     -9.856    -65.736
 309   -2      8.362     12.581    -63.601
  -1   -2    -12.681     -5.882    -63.879
  -1   -2      0.251     11.809    -76.772
 746  726     17.751     10.958    -67.214
  -1   -2    -12.860      7.040    -67.123
 600  344     14.891      5.117    -65.676
  -1   -2    -13.931     -5.435    -74.673
  -1  565    -11.469     -4.302    -60.878
  -1  300     -8.120     10.731    -62.166
 454  294      9.211      7.445    -64.445
  -1   -2    -11.369     -6.832    -59.983
 396  796      1.832     11.289    -74.494
  -1   -2     -8.120     10.858    -62.129
  -1   -2    -11.932     -8.246    -82.684
  -1   -2     14.623     -1.351    -58.937
  -1   -2     -4.552     -9.438    -63.476
 345  711      9.339      4.347    -65.222
  -1   -2     -4.497     -5.187    -70.834
  -1  641      4.566     10.107    -65.326
  -1   -2     -3.675      7.374    -60.226
 551  659     13.128     11.213    -64.914
  -1   -2      4.371      1.587    -60.746
  -1   -2     -3.955     -7.029    -79.727
 653  538     11.177      5.605    -64.718
  -1   -2    -12.164    -10.071    -65.261
 775  594    -15.789     -7.780    -74.319
  -1   -2      2.682      8.698    -61.194
  -1   -2      1.222      5.642    -76.261
  -1   -2     -2.654    -12.658    -68.217
  -1  556    -16.023     -4.157    -72.975
 303  334      6.872     -5.287    -72.772
 693  813     17.619     -3.178    -72.805
  -1   -2     -0.172      4.743    -57.373
  -1   -2     -5.467     12.316    -70.290
  -1   -2     -0.553    -11.516    -76.689
  -1   -2      5.276     -8.545    -63.854
  -1   -2     -2.053      4.517    -76.831
 334  546      4.671      8.993    -67.954
  -1   -2    -12.628      5.801    -62.822
  -1  582     14.434     10.879    -66.154
  -1   -2      8.163    -11.853    -76.917
  -1   -2     -9.997     -8.705    -75.808
 271  421     -2.667      8.839    -65.816
  -1   -2      8.898      8.592    -61.543
  -1   -2     16.572      5.589    -75.448
 641  810      7.299     -5.654    -75.867
  -1   -2      7.543     -6.592    -59.380
  -1   -2    -12.060      9.927    -68.010
  -1   -2     18.719      9.263    -73.817
  -1   -2      6.671     -1.459    -71.467
  -1   -2      2.941      0.884    -55.440
 697   -2      6.102    -10.973    -70.509
  -1   -2      1.369      6.558    -56.076
  -1   -2     13.256     10.089    -83.628
  -1  739     12.313     -4.050    -70.659
  -1   -2    -10.766     11.280    -77.394
  -1   -2     -0.715     12.128    -64.545
 471  801     15.449     -2.697    -75.556
  -1   -2     17.334     -1.834    -72.788
  -1  713    -10.237    -10.265    -79.082
  -1   -2     14.305     -6.899    -68.146
  -1  351      2.046      9.048    -61.366
  -1   -2      5.484      0.695    -67.669
  -1   -2     -2.527     -3.969    -51.946
  -1   -2     14.176     -4.012    -62.709
  -1   -2    -12.203     -0.843    -60.109
  -1   -2     10.532     -0.861    -75.567
 305  729    -12.862     -5.640    -66.430
  -1   -2    -12.372      1.094    -60.209
  -1  684     15.263    -13.117    -67.963
  -1   -2      1.203     11.913    -63.734
  -1   -2     12.667    -10.383    -63.465
  -1   -2      0.660     -2.114    -76.457
  -1  267      6.168     -5.383    -59.870
  -1   -2      8.513      3.798    -58.550
  -1   -2      0.095     -7.947    -58.942
  -1   -2      0.941      9.164    -75.217
  -1   -2     -8.158     -6.644    -63.866
  -1   -2     14.282    -10.772    -62.575
 765  361      3.408    -12.865    -67.240
  -1   -2    -13.161    -10.165    -65.805
  -1   -2     13.195      5.843    -77.151
 692  812    -11.203      2.571    -73.228
  -1   -2      2.051     -8.947    -69.192
  -1   -2     -5.306      9.949    -61.539
  -1   -2    -15.556     11.755    -71.943
  -1   -2     -4.016      5.420    -61.895
  -1   -2    -13.446     -8.250    -65.845
  -1   -2    -14.952    -12.071    -76.028
  -1   -2     -6.957     -1.974    -55.038
  -1   -2     -4.318      9.126    -65.952
  -1   -2    -15.525     -8.188    -75.972
  -1   -2     -0.105     -9.116    -67.274
  -1   -2     -9.578      6.838    -74.008
  -1   -2      6.121     -7.886    -67.610
  -1   -2     -3.032     -0.275    -78.887
  -1   -2     10.385      1.042    -61.162
  -1   -2      9.264      9.277    -68.187
 730  753     -9.685     -7.102    -73.972
  -1   -2      5.645      2.834    -53.882
  -1   -2     -8.249      9.916    -75.451
  -1   -2     16.839    -11.372    -82.478
  -1   -2     10.462     -6.278    -66.255
  -1   -2      3.157     -7.736    -58.583
  -1   -2     13.278     -3.623    -65.653
  -1   -2     10.612      9.774    -66.918
  -1  689     -1.549      9.966    -67.884
  -1   -2      7.206     -2.705    -55.746
  -1   -2      0.082      5.013    -71.314
  -1   -2     11.429     -2.364    -78.476
  -1   -2     -6.574     10.396    -66.887
  -1   -2     -5.589     -9.859    -57.711
  -1   -2     -3.539     -4.568    -65.680
  -1   -2      5.784     -4.643    -74.792
  -1   -2     12.754     -3.060    -63.189
  -1   -2    -11.199     13.210    -64.637
  -1   -2     -9.300      3.660    -62.163
  -1   -2      3.784    -10.712    -82.135
  -1   -2     17.913    -10.198    -69.633
  -1   -2    -12.865      5.313    -66.995
  -1   -2     -7.206     -4.546    -75.332
  -1   -2     -4.688     -7.230    -65.210
  -1   -2    -12.105     12.493    -68.392
  -1   -2      9.159      9.712    -58.276
  -1   -2    -11.539     -3.336    -79.590
  -1   -2     -7.093     12.114    -69.056
  -1   -2     15.503     -8.388    -60.199
 288  345      8.636     -8.483    -65.919
  -1   -2    -13.030      5.520    -72.956
  -1   -2      5.477     -9.692    -66.405
  -1   -2     -2.926      2.321    -56.799
 358   -2      1.145     12.874    -69.827
  66   -2     -0.389      2.531    -65.063
  92  415     -2.351      7.095    -75.370
  -1  105     -5.921      7.057    -64.650
 408   -2      3.152     11.950    -74.239
 223  251      0.182     -1.199    -68.950
 104   -2     14.434     -0.774    -73.168
 163  783      9.457     -7.772    -68.961
 513  804     -3.738    -10.782    -75.186
 254   -2    -13.454     -9.271    -71.794
 520   -2      0.234     -7.945    -69.271
 299  614     -2.148    -10.431    -65.058
 329   -2    -11.991     -3.751    -76.115
 310  820     -7.136      0.054    -69.404
 322  343     15.273     -7.057    -69.549
 660   -2    -10.079      6.768    -61.882
 460   -2      0.872    -12.112    -76.150
 401   -2     -6.808      8.448    -69.963
 397  502    -12.915     -9.753    -64.862
 142   -2     -7.980    -10.705    -64.741
 664  821      8.830     12.368    -62.071
 568   -2     -8.073      8.948    -74.126
 438  798     10.755     -5.265    -58.648
 586  807      7.973      2.417    -63.739
 516   -2     13.384     -9.377    -68.632
 784  817     -4.022     -5.645    -65.877
 281  493      7.737      1.300    -73.920
 786   -2     -5.822     -5.222    -76.444
 798   -2      1.099      3.001    -58.061
 479  802     -4.759     -2.124    -59.618
 118  503     -2.296    -10.915    -69.604
 665  822     18.092     12.831    -71.291
 790  310    -11.599     -3.963    -66.864
 650  566     -9.902     -0.036    -69.779
 761  693      8.384      6.899    -72.613
 342  530      7.055    -11.401    -74.065
 277  458     -5.687     10.386    -68.978
 327   -2     -3.753      3.493    -63.290
 799   -2     11.728    -12.553    -66.126
 743  815     -3.879     11.015    -70.596
 755   -2      2.424      4.037    -65.106
 354  795    -14.017    -11.150    -67.780
 801  707     14.397     -0.008    -63.220
 291   -2      9.893     -6.267    -76.972
 175   -2     -1.550      7.036    -73.772
 197   -2      3.012      8.110    -65.700
 231  263     -8.429      8.911    -67.674
 233  823     -8.108     12.761    -70.548
 237  429     11.742     -0.893    -68.210
 331  696     -3.519     -9.023    -67.896
 385   -2    -10.458     -5.143    -72.877
 395  824     10.817    -10.331    -61.046
 533  266    -11.738    -11.687    -70.123
 779  650      3.335    -11.411    -65.791
 807  825     -5.503     -6.015    -62.630
 810  519    -13.143      1.454    -68.044
 811   -2      5.858      6.130    -71.274
 812  547     11.592     11.515    -64.698
 815  744     -9.517    -10.577    -63.074
