828
   1    2     -0.285      6.291    -68.466
  50   17      5.081     -3.185    -73.827
   0    8     -4.027      2.567    -72.777
   3    5      0.988      9.318    -69.912
  54   99     -7.499     -1.092    -74.638
 121   20     -9.599      7.187    -70.633
  16  363     -1.392      0.942    -71.638
  23   33     -5.284      2.537    -70.908
   2   19      4.181     -4.518    -71.717
  13   36      1.698      6.560    -71.960
  46   12      0.279      7.385    -69.327
   5    1     -6.029      6.106    -72.513
   7    6     -9.431      1.440    -72.613
 165   52     -2.998     -3.212    -71.511
  27    4     -1.451      3.306    -70.208
  67   21      0.454      6.703    -68.485
   8    3      4.455      0.051    -70.318
  15   32    -10.039     11.110    -70.697
  12   39      5.416      3.805    -71.444
  22    7      4.467      6.434    -71.629
 119  206    -10.432     -3.095    -72.195
  45   58     -8.138     10.855    -69.065
   4   55      1.659      4.339    -70.565
  -1   -2      6.753      9.516    -75.158
  55   67    -10.322      4.395    -68.458
  30  198     -0.649     10.744    -72.085
 748  402     -9.772      0.415    -71.466
  -1   14     -0.234      5.017    -76.143
   9   84      1.036     10.112    -67.903
  11   25     -2.018      8.880    -68.815
 395  210    -12.958     -3.874    -70.525
  80    0     -6.923     -4.920    -72.797
  32  110     10.254     -1.557    -68.139
  37   13      1.499     10.919    -66.216
  31   23      0.884     10.962    -69.519
  -1   -2     -5.349      0.673    -73.523
  47   78    -11.425      6.692    -71.199
  35   42     -1.814      8.563    -66.662
  57  106      8.461      0.084    -66.517
  88   35     -0.865      8.371    -68.889
 509   -2    -13.057      1.320    -77.042
  17   15      4.208     -8.336    -69.458
  59  369     -2.943     12.508    -66.144
 115   27      4.185      9.878    -69.053
 117  183      7.453      2.910    -69.884
 364   48     -1.106     12.509    -65.634
  36    9      5.220      0.539    -70.544
  73   49     -2.087     10.914    -71.991
 219  243      6.165     -0.340    -72.587
 129   22     -1.745      4.316    -72.171
  49   18      5.911     -5.047    -68.095
  63  104     -6.960      5.262    -64.785
 120  452      7.742      2.845    -65.130
  91   34      0.414     -8.087    -69.814
  93   60      2.877      3.568    -68.943
  65   62     -6.362      1.015    -66.175
  42  102     -0.435      5.829    -74.411
  -1   40      9.354      2.791    -65.980
 111   65     -7.397      2.767    -69.165
  58   79     -8.042      9.049    -66.652
  70   50      4.486      5.072    -73.794
  -1   43     -3.402      0.849    -69.048
  18  295     -3.801     -1.180    -70.886
  33   16      4.532      0.674    -69.538
  82  203      9.712     10.099    -68.132
 102  105      6.557      7.570    -65.141
 391  111      6.775     -0.513    -71.920
  -1   95      3.811      0.924    -62.156
 367  132      2.406    -10.146    -67.652
 441  146     -3.422     -6.391    -72.859
 146  142      5.315     11.557    -75.049
  -1   -2     -6.417     -2.858    -76.039
  29   31     -0.469     -5.778    -68.271
 241   56     -3.956      9.199    -63.178
  84   54     -0.815      1.958    -65.359
  90   70     -2.592      8.551    -61.414
  56  148     -0.738     11.079    -70.330
 659  161      1.664     -1.610    -69.202
 281  507      7.451      0.617    -69.738
  89  382      1.100     -6.603    -66.077
 263  207     11.808     -0.231    -71.750
  14  390     -8.257     -0.088    -75.025
 238   77      0.583      8.075    -76.516
 140   68     -1.382    -10.980    -70.035
 127  108     -9.866      4.103    -62.946
 269   53      8.267     -5.924    -68.243
 141   59     10.161     -0.105    -66.430
  76  499     -5.745      5.862    -63.509
 368   90     10.194     -5.263    -63.426
  68   82      9.464     12.042    -66.197
 124  144     -3.915     -6.028    -64.165
  64   76      2.044     -7.944    -66.107
  24  765    -11.372      4.943    -69.798
  -1   -2     -8.453     11.631    -76.527
 215  770    -13.311      2.672    -67.980
 413  103     -7.649     -0.021    -63.526
 159   72      0.331      8.137    -64.579
 118  392     -7.410     -1.942    -67.865
  97   45      8.968     -3.643    -68.548
 369  127     -0.782      0.253    -64.005
 100   66    -14.847     -3.416    -69.676
  19   11      5.754     10.060    -72.481
  81  137     11.637     -7.358    -65.755
 101  140     -5.188     12.091    -66.515
  -1   -2     -5.188     -1.299    -61.753
 152  194      3.616      5.556    -66.010
 272  464     10.979      3.821    -75.447
 361   29      0.698     -0.440    -68.260
 325   74     -3.555      6.957    -75.653
  69  425     11.876     11.741    -73.880
  95  130      9.528     -2.713    -66.949
 103   93      8.565     -3.900    -64.035
 106  125     13.323      1.763    -67.392
  21   26      1.170      8.233    -66.948
 420  160    -10.298     -9.053    -67.503
 452  393     -0.506    -10.550    -65.728
  96  112     -5.984      7.678    -61.677
 176   51     -9.931     11.139    -66.311
  39  179     -1.235     11.424    -64.114
 131  136      7.835      4.091    -68.208
  94  465    -11.749     -8.230    -67.224
 195  122      2.291     -0.186    -64.088
  62   28      6.372     -2.501    -70.060
 477  787     -1.597     12.551    -70.803
 107  381     10.371     -5.757    -66.713
  -1  167     -2.701      2.643    -62.580
  71  578    -13.938     -4.054    -70.395
  79  156      5.974     10.992    -70.166
 458  527     10.858      0.085    -65.064
 380  231     14.896     -5.381    -70.265
 148   61      5.837     -9.983    -72.300
  51   -2      0.760     13.094    -63.981
 162  383      3.476    -11.388    -65.159
 210  407     -5.909      6.829    -62.612
  34   92     -5.411      6.215    -73.902
 172   10      8.476     -1.845    -68.143
 142  138     14.347      2.782    -67.825
  87  121     11.338     11.625    -70.347
 411  247      7.287    -11.264    -66.103
 434  785     -8.282     -6.271    -68.227
 179  163     -8.765      1.897    -63.670
 211  520     -2.503      7.827    -73.939
 403  282     -8.940      5.685    -65.671
 161  323     15.030      7.093    -67.472
 753  164      4.053      5.180    -63.414
 114  158     -1.951     -9.596    -68.348
  -1  170     -7.640      8.475    -63.391
  48  482     -0.143      1.673    -72.176
 132  219     11.690     -3.024    -68.628
 204  404      3.293     11.536    -70.422
  26  529      6.501      3.323    -66.308
  99   -2     -5.221      5.404    -64.046
 378  118      3.587     -5.005    -64.604
 110  301    -11.946     11.949    -64.978
 377   98     -1.980     -3.395    -65.472
 113  241    -10.655     10.620    -70.327
 266   81     -3.585      7.389    -64.543
 180  176     -9.014    -12.605    -66.637
 149   -2     13.589      6.043    -66.946
 174  222     11.616      2.324    -65.625
 517  117     -8.303      3.244    -69.610
 105   -2    -10.722     -4.529    -72.486
 286  133     -7.313      1.590    -61.425
 782  481      5.121     -9.223    -67.590
 196  443     -1.325    -11.729    -65.141
  -1  385      8.403      0.660    -63.121
  28  107      4.563     -9.046    -69.349
 155  768     -4.133     12.101    -74.553
  -1  109      7.285     -1.703    -72.418
  -1   -2    -13.458     -4.395    -65.695
 213  769     -5.256      5.304    -60.391
  86   64      7.407     -3.415    -67.640
 227  192      4.125     -1.182    -71.417
 446  505      0.656      4.311    -75.953
 169  185      5.399    -12.330    -66.729
 144  119     13.320     -2.373    -68.867
  -1  278    -14.161     12.001    -67.405
 489  135      4.698      9.413    -75.303
 206  113     -9.948      5.636    -64.343
 232   71     10.456     -5.713    -68.857
  -1   -2    -13.666     10.002    -72.295
 283  175     -2.885      1.618    -69.045
 252  239     -6.597     -4.443    -67.949
  -1  542    -15.309      9.954    -78.132
 157  187     11.970     -0.166    -67.003
  -1   -2      0.648      5.489    -62.791
  -1   -2      2.611     -5.615    -63.294
 173  153    -11.685     -0.118    -66.285
  75  126     -5.558     -1.894    -69.917
  72  408    -12.248      0.728    -67.407
 122  368     12.817      8.282    -72.597
  -1  510     -9.758     -6.904    -62.760
 163   47     -6.320     -9.776    -73.612
 208  552     -0.149     -0.449    -62.976
 551  417      4.292    -11.753    -67.049
 233  120    -15.111      3.769    -71.110
 198  143     -3.597      5.159    -61.958
 236  474      1.572     -6.261    -68.804
 498   -2      4.773     -8.356    -66.048
 328  147      0.115      0.965    -73.451
  -1   -2     -3.917    -11.102    -64.136
 637  182     -1.015    -12.891    -67.176
 200  201     14.125     11.749    -68.584
 376  783     -0.901     10.564    -66.343
 136  265     11.582      5.517    -69.300
  -1   -2    -15.165    -10.376    -75.223
 228  227     15.002      8.032    -71.525
 181   38      5.858      7.821    -72.976
  -1   -2    -13.374     -9.960    -65.779
 203  337     15.207      0.511    -66.730
 430  173     -0.897    -10.977    -65.103
 744  129      3.455     -2.768    -65.143
 205  438     -7.371     -9.601    -68.803
 151  128      3.677     -7.947    -73.980
  -1   -2     -7.966     -6.567    -65.952
 229  211     16.788     -0.325    -67.576
 763   -2      4.917     -3.250    -64.373
  66  131     15.213      7.153    -70.310
 514  221    -13.267      0.642    -75.936
 309  288    -15.676      7.171    -75.832
 539   -2     -5.068     -9.487    -77.901
 177  373     -8.822      9.352    -71.552
 739   -2      9.063      4.358    -70.974
  60  257     14.640      4.568    -70.643
  10   -2     -6.447      8.326    -75.789
 222  168     14.087      0.506    -68.303
 201  196     16.351      3.971    -71.662
 230  252      6.747     -1.549    -65.748
 721  457      3.451     -0.281    -73.639
 156   -2      6.975      8.829    -75.665
  -1   -2     -1.586     -0.510    -61.788
 265  218     -1.053      0.754    -64.877
 742  245      6.818     -3.992    -66.468
  44  228      4.128     -1.383    -68.955
 275  248    -13.579      7.548    -68.347
 240  303      8.926     -5.488    -66.489
 258  774     -5.417     -7.640    -71.886
 139  209      8.164     -9.735    -67.049
 301  235     -4.964     -7.725    -65.684
 392  101     -4.843      9.464    -65.071
 245  202    -11.602     11.356    -66.034
 257  297      9.487     -2.908    -70.223
 280  274     12.539      8.368    -68.097
 255  269      8.201     -7.748    -72.852
  -1  516    -15.164      8.565    -69.755
 399  181     17.011      8.254    -66.988
 207  115     -9.139      7.497    -75.391
 193  558     -5.535     -5.085    -75.955
 187  226     -6.541     -9.356    -66.260
 516  305     -4.182     11.040    -74.136
 321  319    -13.937     -1.306    -66.565
 242  283      6.513     -7.214    -63.437
 125   -2     -3.904      5.545    -63.851
 486  157     10.080    -10.684    -64.814
 305  802      8.489      6.118    -66.335
 153   94     -0.791      9.950    -63.429
 271  242      1.535      3.874    -61.635
 750  335     -4.119      9.678    -72.225
 597  251     13.729      9.258    -67.581
 246  263     17.267     11.425    -69.262
 313  674     17.405     11.567    -73.677
 243  262     -8.035      3.800    -75.895
 525  200     -2.658     -5.648    -77.769
 158  162    -10.446      1.810    -71.491
  98   63      9.550     12.011    -69.827
  -1  298     -4.973     -4.049    -68.257
 274  259    -15.010      5.558    -71.797
  -1  188     -6.353     -8.771    -67.320
 160   -2      0.094     -6.267    -73.146
 189  141    -10.112      6.264    -74.356
 544  523      3.000    -11.683    -65.005
  -1   -2     -5.076    -10.511    -75.953
  -1  302     -0.434     -4.081    -72.737
  53  766     -2.390     10.958    -73.503
 596  441     14.230      7.312    -70.689
 387  650     11.485     -3.060    -74.291
 239   -2      8.872     10.772    -65.347
 481  299     17.575      2.568    -69.097
 618  793     12.299    -11.432    -70.097
 578  791      0.015     -5.518    -63.850
 256  454    -10.357     -0.717    -59.972
 253  309    -13.457      7.644    -70.248
 284  293     17.064     -6.694    -69.531
  -1  517      5.302    -11.031    -70.642
  -1  485     -1.103    -11.631    -70.298
  -1   -2    -12.823      4.695    -77.335
 346  351     13.865      9.877    -70.015
 282  775      3.138    -12.690    -66.000
 223  567     12.056     10.345    -67.937
 134  327     -0.819     -3.851    -65.987
 775  356     12.665      7.282    -63.267
 463  193     15.349     -4.776    -70.379
  -1   -2     -8.842     -4.677    -65.608
 417  622     13.736      4.223    -71.493
  -1   -2      1.145     -9.395    -75.693
 191  300    -14.368      9.329    -69.407
 251  272     12.522     -5.682    -64.877
 329  315     -3.394      5.371    -64.817
 216   -2     -9.311     -7.099    -68.747
 436   -2     -0.407      0.346    -76.797
 311   -2     -6.739     11.896    -69.252
  -1   -2     -1.103      5.402    -67.693
 316  284      2.244      8.626    -68.895
  -1  205     -0.746    -12.282    -67.791
 192  230      4.011    -10.910    -68.229
  -1   -2      6.501      4.712    -72.969
 680   -2    -13.184      0.443    -65.517
 746   30     -3.938      5.655    -69.972
 300  184    -12.720      9.251    -67.608
  -1   -2    -12.137     -9.327    -65.815
  -1  544     11.796      6.324    -65.566
 178  317     -0.802      9.103    -74.532
 291  571    -13.279     12.192    -67.944
 164  338    -10.701     -0.066    -71.602
 262  174     -4.259    -11.806    -67.530
 340  722    -11.141     -7.135    -75.150
 170   37     -4.267     -1.840    -63.636
  -1   -2     -6.659    -11.370    -64.837
 288  268      9.636     -8.688    -69.687
  -1   -2    -13.056     -8.545    -65.014
 217  803      6.638     -5.714    -73.179
 254  340     -0.751     -3.526    -66.060
 349  329     -8.609     -2.465    -73.764
  -1  646      9.283     -2.437    -71.954
 116  189      9.476     -6.066    -70.125
 461  786     -5.364      1.730    -63.466
 290  776      1.050     10.533    -62.491
 104  361      1.971      4.956    -72.592
  -1   -2     10.471     -4.525    -62.386
 650  223    -13.325     10.546    -68.685
 292  326      2.049      1.406    -64.355
  -1  324     12.929     -9.485    -68.117
 710  702    -13.480      3.389    -74.575
 579  655     14.626     -7.279    -74.087
 483  334     10.137    -12.216    -70.941
  -1   -2     11.504     -9.404    -63.710
 649  687      1.558      5.474    -76.824
 287  331      8.993     -0.317    -66.780
 209  643      9.353      2.426    -64.652
  -1   -2    -10.237     -2.616    -69.094
 337   -2      3.316      9.741    -71.794
 303  586     -6.874      3.828    -63.059
  -1  276     -4.436      3.914    -76.913
 298  273     -2.932     -2.358    -71.929
 646  804     -6.958     -4.008    -77.597
 302   -2      4.297     -3.709    -72.782
 519  306     -8.849     -6.254    -72.022
  -1  663     12.770     -0.698    -76.597
 756  662     -3.287      1.428    -67.149
 336  204     12.617     -3.792    -69.197
 310  677     12.251     -1.838    -65.370
 783  330     -2.825      4.084    -68.125
  -1  628     -6.861      7.203    -62.881
 348  354     -2.413     -5.108    -72.830
 344  322      2.562    -11.814    -68.237
 345  467     -8.942     12.457    -64.076
  -1   -2      1.302      6.867    -61.642
  -1   -2     14.303      6.595    -70.622
  -1  360      7.383     -8.812    -66.958
 347  238     -0.683     -5.899    -70.225
 308  777     -0.779      4.879    -66.910
  -1  479      3.913      3.362    -71.579
  -1   -2     -3.344     -2.169    -69.210
  -1  758     -6.373      2.768    -63.130
 718  740      1.075    -12.339    -64.609
 350  349      6.412      8.506    -65.373
  -1   -2      4.450      9.503    -63.640
 352   46      3.905     11.176    -69.978
 353  364     -6.599      6.612    -72.332
  -1   -2     -4.657     -0.327    -66.823
  40  391      2.574     10.144    -64.674
  -1   -2     -6.562    -11.141    -75.019
   6   75      9.045      1.749    -69.943
  78  598      2.512    -11.223    -74.637
 745  197      7.305      7.312    -72.286
  -1   83     -6.849    -12.694    -69.218
  -1   -2     -1.957      3.719    -64.338
 371   86      2.326      4.048    -69.319
  92  397    -11.050     11.629    -72.628
  -1  256     -4.145    -11.876    -76.840
  -1   -2      3.519     -4.284    -61.488
 126  455    -11.687      5.409    -74.326
 358  362     -1.821     11.905    -75.118
 778  380     -5.415      2.390    -64.444
 487   -2     -8.467      0.073    -65.310
 363  416     -9.761    -10.440    -62.497
  -1   -2     17.368      7.369    -67.065
 171  387      1.482      6.682    -67.929
 355  365     -7.394      2.493    -70.801
  -1   -2     14.822     12.619    -67.618
  43   -2      4.476     -3.661    -74.423
 145  681      6.260      9.012    -75.969
 383  420     -1.958      3.095    -73.951
  -1   -2     -8.653     -8.672    -67.154
 359  449      3.608      5.712    -70.676
 112  401     10.863     -9.014    -64.953
  20   89     -3.207      5.703    -68.514
 175   85    -10.899      8.865    -69.324
  -1   -2      4.996      2.773    -58.352
  -1   -2     -5.293     -1.563    -66.544
  -1  466     -0.010     -0.733    -67.922
 382  424     -8.698     -4.566    -63.278
 507  212     -2.669    -12.226    -64.903
 370   -2    -16.367     -9.621    -74.068
 781  594     -3.451     -7.195    -74.233
  -1  439     -6.491      8.534    -61.493
  -1   -2     -2.825     -4.457    -60.166
 384  389      5.099      4.964    -63.216
  -1  124     -8.958     -6.531    -65.659
  -1   -2      3.883    -11.645    -69.979
  -1   -2      1.004      5.697    -70.848
  61   91     -9.791      4.920    -62.506
  -1   -2     -0.214     -7.653    -66.628
  -1  213      2.969      3.227    -57.119
 381   88    -12.697      1.616    -69.283
 495  484     -2.803    -10.868    -68.889
 135  423     -5.866     -4.353    -64.701
  -1   -2     -4.773      4.893    -65.044
  -1   96     -2.393     11.510    -62.842
 422  177     -1.169     -3.722    -60.566
 464  169     14.681      2.299    -69.173
 534  367    -13.484     -6.758    -72.668
 390  250     10.345      4.752    -62.076
 402  470      5.094     11.288    -63.410
 418   73     -3.343     -2.477    -66.494
 123  405     -4.284     -7.565    -67.579
  -1   -2     -5.113     -5.683    -60.674
  -1   -2      2.124     -5.423    -72.826
 385   -2     -3.643      8.603    -62.256
  -1   -2     -3.978     12.703    -63.887
 406  784     11.902      5.579    -76.331
 549  155      5.821     -1.100    -72.660
 451  166     -7.109      6.783    -75.540
  -1   -2     12.725     -2.494    -63.902
 482  436     13.853     -5.837    -64.630
 790  801      7.481     -2.857    -69.629
  -1   -2    -12.831    -11.640    -73.803
  -1   -2     -4.293     -8.939    -52.898
  -1   -2     -5.030     13.296    -64.373
  -1   -2    -12.672     -7.515    -64.052
 440   -2     -0.047     -0.977    -60.523
  -1   -2     14.416     -7.535    -77.625
 185  172     -1.087      4.424    -67.188
 439  805    -11.635     -6.749    -66.637
 168  233     -7.734    -11.723    -76.268
 405  435     -5.637    -10.676    -61.370
 250  396     -1.670     -2.983    -75.483
 360  476     -1.163     -8.569    -70.462
 416  149      8.668      5.020    -60.396
 476   -2     18.543     -5.647    -68.307
  -1   -2     11.232      7.055    -63.776
 404  440     -0.346     -1.859    -63.762
  -1   -2     -1.912     -8.000    -57.549
  -1   -2      5.996     -0.987    -67.112
 186  236      9.440     -7.406    -63.503
  -1   -2    -15.588     -9.664    -74.586
  -1   -2    -12.646    -11.117    -75.336
 484  478     -9.201     -9.107    -77.015
 428  412     -1.995     -4.791    -64.873
  -1  651      7.466      7.915    -62.046
  -1   -2     -3.404     -9.674    -59.513
  -1   -2     -7.810     -9.478    -62.925
 194   -2     -4.750     -6.473    -64.563
  -1   -2      9.367      0.434    -61.605
  -1  285     -0.438      0.322    -63.966
 785   44    -13.800     10.789    -73.697
  -1   -2     -3.685     -8.603    -58.613
  -1  477      2.051     -9.494    -63.124
  -1   -2     -1.615    -12.024    -66.942
 475   -2     -4.746      6.855    -60.943
  -1   -2      1.625     -2.668    -74.935
 546  519     11.624     12.733    -63.944
 459  199     -9.829    -10.373    -74.144
  -1   -2      7.556    -11.955    -71.482
  -1   -2     -9.776     -9.410    -68.630
 791  325    -14.314     -9.414    -73.748
  -1  246    -10.544     -0.563    -64.042
  -1   -2     10.682     -3.153    -62.634
  -1   -2     -1.028      4.680    -65.027
 443   -2     -3.817     -9.913    -60.707
  -1   -2    -12.801     11.425    -69.385
 202  546      6.289     -0.402    -66.570
  -1   -2    -11.988     -7.686    -79.606
  -1   -2     11.471    -10.768    -64.174
 588  461     14.353     -0.977    -62.177
  -1  186     -1.636      2.222    -60.547
 273  220    -14.354      2.644    -67.978
  -1   -2     -6.798     12.531    -63.627
 500  639    -13.600    -11.637    -67.585
  -1   -2      1.985      9.327    -68.779
 667  451     15.723    -12.851    -73.519
  -1  123    -10.677     -6.099    -77.060
 764  165    -15.586     -4.856    -70.636
  -1   -2     11.915     11.516    -59.842
  -1   -2     -4.129     -6.168    -60.226
  -1  178      3.345      1.208    -66.443
  -1   -2      2.511     -0.124    -59.672
  -1  463    -14.153     -8.911    -73.422
 234  339      3.218     -9.629    -65.706
  -1   -2      4.280      3.337    -73.244
  -1   -2     -6.117      2.515    -70.847
  -1   -2     -7.671     -2.992    -64.309
  -1   -2    -13.468     11.724    -74.171
 530  403     -1.443     -9.447    -74.530
 220  491      2.914      4.770    -65.845
 394  261      4.280     -8.231    -74.612
  -1  738      7.398      4.210    -75.814
  -1  270      7.634      7.553    -60.060
  -1   -2     -3.153     -6.636    -80.175
 496   -2    -13.180      2.054    -66.717
 429  376    -15.783     -5.735    -70.613
  -1  603     11.655     -4.754    -66.995
  -1   -2    -10.235     -6.941    -54.723
 523  560      7.564     12.419    -64.275
  -1  379     -5.763    -11.641    -71.754
  -1   -2     11.518    -10.409    -63.520
  -1   -2      0.539     10.842    -62.959
  -1   -2     -5.014     -6.934    -58.696
  -1   -2     14.822     -7.288    -60.601
 248  772     -2.314     10.944    -69.681
  -1   -2    -10.805    -11.604    -77.952
  -1  208     -2.255      9.894    -67.790
 267  447      7.432      9.924    -69.470
  -1  287     10.369     11.339    -61.398
 199  139     -2.295     -7.907    -69.351
 327   -2     13.742     -7.041    -65.764
 792   -2      2.939     -7.808    -71.331
  -1  342      0.578    -10.796    -73.436
  -1   -2     -5.180     -7.313    -54.822
  -1  307     12.101     10.052    -69.472
  -1   -2    -11.450     -8.741    -59.283
  -1   -2     -1.851      4.449    -55.455
 294   -2     11.488     11.732    -65.977
  -1   -2      9.302      7.546    -63.454
  38   -2     -3.755     -7.656    -72.813
 541  806    -11.061     -2.188    -64.240
  -1   -2    -14.310      9.497    -73.611
  -1  154      6.414     10.681    -71.458
  -1   -2     -4.132      5.514    -77.717
 492   -2     -9.334      6.382    -73.974
  -1   -2     15.101     -8.517    -66.924
 582   -2     -3.060      2.958    -61.384
  -1  483     14.710     -5.063    -67.663
  -1   -2     -7.537     10.358    -61.716
  -1   -2      8.919    -12.200    -77.083
 564  534      5.674    -12.241    -66.742
  -1   -2      2.238    -12.102    -75.448
  -1  709      5.608     -5.717    -59.447
  -1   -2      4.795      0.071    -65.880
  -1   -2    -12.463     13.050    -66.448
 197  653      9.069      3.590    -69.825
 133  445     -9.634    -11.492    -67.044
  -1   -2     14.705     -4.353    -62.792
  -1   -2     -3.336     -7.742    -65.516
 188  292      8.238      6.112    -68.115
 599  792      1.540     -0.739    -72.624
  -1  378      8.092     12.566    -68.995
  -1   -2     -3.719     -4.849    -60.104
 740   -2     -3.581      1.853    -71.832
  -1  512     -0.772    -13.130    -63.721
 354  782     -0.584      4.762    -73.324
  -1   -2     10.873    -12.289    -74.818
 304   -2      0.875      3.459    -76.209
  -1  535     16.209      2.244    -75.924
 460  260     10.409     -0.362    -60.963
  -1   -2     -1.529    -11.804    -61.187
  -1   -2     -5.368     -7.655    -57.895
  -1   -2     10.351     -8.516    -64.596
 633  345      5.774      7.261    -63.186
  -1  426     16.864      3.910    -65.322
  -1   -2      3.475     12.755    -62.135
  -1   -2      8.199      0.600    -61.274
  -1   -2      5.027      5.312    -80.428
 562  701     11.751     11.571    -60.693
  -1   -2     12.022      0.626    -63.905
 299  576      3.615      6.723    -75.438
  -1  550    -12.562     -6.765    -70.869
  -1   -2     12.909      2.876    -62.248
  -1  304     -0.432      8.218    -57.971
  -1  640     -5.156     -2.200    -68.703
 143  767     -8.542     -8.216    -65.450
  -1  244     -5.652      3.038    -59.843
 167   24     -5.438      1.043    -72.427
  -1   -2      0.535      6.009    -56.984
 333  604     11.141    -11.625    -71.816
 480   -2     -3.106    -11.345    -64.785
  -1   -2     15.877      2.196    -64.213
  -1   -2     -6.002     -9.064    -53.827
  -1   -2      8.678     10.774    -63.334
 647  647     11.038     -7.340    -64.927
 575  522     11.526     -3.661    -63.046
  -1   -2     13.543      2.186    -60.043
  -1   -2     -0.416     -7.127    -55.712
 687  255     -4.607     -9.425    -70.984
  -1   -2    -11.587     -4.864    -72.322
  -1   -2     13.531     12.557    -70.202
 235  771     13.317     -5.608    -74.278
 751   -2      8.733     -3.113    -62.208
  -1   -2     -6.641      5.667    -60.063
  -1   -2      4.141      0.121    -61.482
 709  587     -4.807     12.022    -68.016
 683  717     15.798     10.853    -64.659
  -1  574    -15.104    -10.669    -77.622
  -1   -2     -6.976      3.017    -59.776
  -1   -2    -10.690     -9.149    -67.031
  -1   -2     13.066      0.646    -81.895
  -1   -2      4.442      8.194    -65.159
  -1  343     -4.970     10.255    -74.437
  -1  551     16.018      9.706    -71.110
 576  624     -3.259     -2.797    -60.025
  -1   -2      8.918     -8.885    -55.943
 278  621      2.457      6.742    -64.826
 296  528     14.894      1.536    -63.928
  -1   -2     15.529     -1.222    -71.827
  -1   -2      9.689     -4.556    -74.819
 343  665     17.057     -1.068    -66.847
 558   -2     13.279     11.927    -65.478
  -1   -2      8.041     12.523    -64.771
  -1  151    -13.104      2.432    -73.522
  -1   -2     -2.946     -9.110    -65.755
  -1  358     -9.590     -7.880    -65.533
  -1   -2    -13.521     10.722    -81.070
  -1   -2     11.312      6.699    -61.581
  -1   -2    -14.702      2.355    -69.257
  -1   -2      6.650    -10.892    -62.295
  -1  290      1.818      1.172    -77.225
 655   -2    -15.854      5.900    -73.052
  -1   -2     13.998      8.452    -66.461
  -1   -2     -7.117     -9.538    -81.778
  -1   -2     -4.627      3.371    -53.521
  -1   -2     -2.673    -12.282    -64.278
  -1   -2     17.886     11.446    -68.486
  -1  538     -7.323     -9.656    -59.299
 755  266     -1.759    -10.391    -66.000
  -1   -2      5.322     -1.802    -57.162
 478  310    -13.386     10.932    -66.892
  -1   -2     11.616     -8.126    -80.287
 605  670      6.962      4.986    -60.402
  -1   -2     -1.328     -5.202    -54.162
  -1   -2     -8.523     -0.174    -81.703
 610   -2     11.866      0.584    -63.096
  -1   -2    -11.530     -9.049    -57.111
  -1   -2      3.493     -9.321    -71.011
  -1   -2      4.373      9.156    -55.210
  -1  564      8.725      5.261    -69.602
 438  216     10.420      2.436    -62.609
  -1   -2     17.466     -5.262    -68.070
  -1   -2     -8.457     -5.102    -62.893
 338  781      8.399      9.778    -61.246
 622  794      3.617     -0.242    -67.468
  -1  680      9.565      9.302    -56.126
  -1   -2     -4.666      9.728    -52.325
 580  294    -14.893     -5.880    -75.060
  -1  615     -7.860    -10.295    -56.862
 326  807     15.924     -9.841    -69.185
  -1  596     16.049    -11.320    -74.523
  -1   -2     -9.603      5.700    -63.538
  -1   -2    -14.616      0.972    -69.862
  -1   -2     -8.616      3.530    -64.555
  -1   -2     13.978      8.812    -67.467
  -1   -2      5.969     -1.105    -56.283
  -1   -2     12.298      9.511    -54.822
  -1   -2     16.886    -10.436    -70.230
  -1   -2     -8.077      0.616    -78.466
  -1   -2     12.363      8.678    -79.537
  -1   -2     14.331     -2.574    -70.821
  -1   -2      1.869    -11.311    -75.488
  -1   -2     12.442     -5.166    -58.974
  -1   -2     -6.449      6.147    -58.050
  -1   -2      1.110    -12.853    -67.698
  -1   -2     -4.591      9.153    -69.120
  -1   -2    -13.521      3.536    -71.769
  -1   -2      5.983     10.146    -67.822
 559  341    -12.790      7.205    -72.338
  -1   -2     16.359    -11.054    -64.607
  -1  718      7.566    -13.265    -68.732
  -1   -2      3.492     -3.981    -58.613
  -1   -2     -9.366     -6.096    -61.512
  -1   -2     -3.918      9.385    -55.669
 693  672    -12.149      7.672    -71.427
  -1   -2     -7.362      4.079    -60.223
  -1   -2    -11.477    -10.939    -59.364
 568  790     -0.081     -1.673    -63.334
  -1   -2    -11.172    -12.203    -65.643
 330   -2    -13.015     11.874    -66.102
  -1   -2     -1.155     -1.527    -75.750
  -1   -2      5.104    -10.642    -85.066
  -1  215      4.030      8.616    -71.434
  -1   -2     -6.426    -12.553    -69.670
  -1   -2     10.970      9.299    -70.741
  -1   -2     16.700      0.991    -73.427
  -1   -2    -13.134     -6.083    -70.925
  -1   -2     -5.447     -4.693    -64.279
  -1  281    -13.257     -1.496    -64.174
  -1   -2     -5.745     -6.423    -65.250
  -1   -2      1.844     -3.698    -67.967
  -1   -2     11.558     -8.142    -62.547
  -1   -2      9.947     10.186    -77.091
 644  711      2.142     -3.728    -66.989
  -1   -2      3.549     12.622    -64.249
  -1   -2      0.302     -9.312    -63.750
  -1   -2     -8.003     -5.788    -65.669
  -1   -2     12.279      4.248    -62.463
  -1   -2    -14.910     -3.747    -83.132
  -1   -2     -5.799     -3.965    -74.637
  -1  316      1.017     -5.299    -67.889
  -1   -2     -9.590      4.109    -56.449
  -1   -2     10.103     10.079    -58.012
  -1   -2     -7.971      7.313    -75.065
  -1   -2      5.176      9.669    -56.915
  -1   -2      2.404     -7.012    -66.917
  -1  357     -2.326      8.156    -70.587
 527  637     12.203     -5.157    -62.338
  -1   -2      7.105     -4.741    -75.550
 760  798    -16.311     -6.610    -75.543
  -1   -2      1.258      6.255    -52.683
  -1   -2      6.397      1.779    -60.725
  -1   -2    -12.641     12.743    -69.720
 617  710     17.168     -1.591    -69.015
  -1   -2     10.635      6.796    -71.542
  -1   -2     -8.590     -1.120    -64.175
  -1  726     -4.440      2.009    -65.791
 511   -2    -11.564     10.191    -61.209
  -1   -2      8.354      9.618    -63.594
  -1   -2     14.125      3.445    -65.754
  -1  601     18.355     -7.786    -68.928
  -1   -2      4.095      0.447    -57.477
  -1  682     -2.374      1.926    -61.386
  -1   -2     16.183     -0.907    -78.061
  -1   -2      0.041     -8.204    -55.305
 277  237     -8.440      0.245    -68.944
 731  808     16.658     -3.036    -63.376
  -1   -2    -12.431     -5.282    -74.922
  -1   -2     -5.156     10.868    -74.030
  -1   -2    -10.775     -7.925    -80.262
 689  795      6.141      8.631    -67.400
  -1   -2     14.389     -1.746    -77.646
  -1  321     12.738     -2.853    -72.356
 557   -2     -6.001     12.651    -60.345
  -1   -2    -10.790      5.644    -70.976
  -1   -2     -1.255     -5.056    -63.410
  -1   -2    -13.882     -1.952    -78.195
 732  796    -13.501     -1.798    -77.285
 757   -2     -1.008      9.733    -75.189
  -1   -2      7.825     -8.253    -56.346
  -1   -2     10.953     -5.137    -60.390
 664  318     10.277     -6.329    -66.994
  -1   -2     -6.307     -5.300    -61.693
  -1   -2     17.318     -4.096    -76.158
  -1   -2    -15.200    -11.387    -70.049
  -1   -2      2.082     -5.925    -59.945
  -1   -2      2.150      7.714    -82.204
 609   -2     16.664     -6.620    -71.369
  -1   -2     -2.020     -5.538    -57.488
  -1   -2      2.673      9.395    -61.682
  -1   -2      3.459      6.961    -58.659
  -1   -2     12.684      1.691    -81.211
  -1   -2     -5.914    -11.811    -61.483
  -1   -2     -7.906     -7.251    -65.724
  -1   -2      8.380    -12.367    -65.946
  -1   -2     -3.492     -8.033    -59.626
  -1   -2    -14.206      5.884    -77.446
 672  525    -10.285     -2.402    -70.223
  -1   -2      2.620     -1.339    -57.547
  -1   -2     -8.546     -3.805    -67.772
  -1   -2    -10.354     -2.471    -67.056
  -1   -2    -10.672     -4.583    -58.310
  -1   -2      4.840     13.109    -66.496
 543  355     -3.670    -12.268    -74.604
  -1   -2     19.169     11.173    -72.394
  -1   -2      7.129    -13.056    -63.443
  -1   -2     -8.734     -4.186    -57.966
  -1   -2    -10.241      9.311    -59.846
  -1   -2      4.468      8.391    -54.826
  -1   -2    -14.903     -1.203    -76.065
 736  797    -10.843     12.593    -67.763
  -1   -2      4.161     -9.233    -85.422
 109   -2     -5.759     -1.015    -64.284
  41  375      3.716      7.208    -64.700
 408  657     -9.036      2.740    -68.311
 137   57    -12.425      4.432    -72.712
 493  280      4.621     -9.286    -68.403
 231  346      6.113      5.120    -74.846
 147  152     11.639      8.751    -69.976
 567  789     -8.933     -8.520    -66.750
 289  539      0.155     -6.307    -65.432
  85  171    -11.619      3.167    -74.941
 293   -2    -13.553     11.387    -72.445
 260  531      7.052      9.217    -73.763
 762   -2      8.052     12.410    -69.154
 212   -2      4.148     -3.432    -68.054
 324  780      4.668     -4.314    -72.516
 679  264    -14.212     -0.263    -75.088
 334   -2     -6.641     -9.724    -60.915
 319  779     14.975      2.722    -76.356
  -1  267     -6.748     11.798    -69.096
 410   -2     -3.311     -7.532    -64.615
 766   -2     10.514      5.891    -69.589
 494  809      1.707      2.186    -62.136
 743  540     -1.457     11.246    -65.548
 471   -2      1.074     -8.249    -63.283
 445  314     11.735    -10.767    -64.393
 396  590     -9.986      3.822    -71.712
 389  415    -10.099     -8.808    -64.920
 442  690     -7.051     11.297    -75.327
 526  788      7.447    -10.698    -65.258
 767  229      7.844     -6.189    -73.958
 409  613      2.890      7.800    -59.630
 342   -2      3.314      7.753    -68.220
 426   -2     15.991    -10.249    -63.764
 653  810    -13.396     -2.652    -76.427
 565  811      7.585     -2.153    -65.494
 692  695      5.154      3.222    -71.625
 314  778     -5.972      0.630    -60.884
 723  759    -10.528     12.516    -68.098
 538  547      8.620     11.762    -74.445
 777   -2     -3.829     -6.571    -69.492
 773  799     -4.535      1.154    -69.278
 776  800     11.342      1.362    -71.548
 449  493    -13.563     11.844    -74.409
 276  311     11.586      5.846    -67.496
  77   41     -1.282     10.942    -67.951
 221  275     -8.719     -4.544    -65.707
 566   -2      7.702     -9.031    -68.025
 621   -2      0.997    -10.323    -69.840
 670   -2     -9.136      0.772    -77.616
 768  388     -4.296      6.738    -68.535
 787  289      8.138      4.046    -65.643
