813
  53   68      1.948      8.594    -72.499
   2    0      0.344      9.519    -67.990
   7  354      7.091      7.277    -69.088
  30    2     -0.838      6.046    -70.858
  14   11      8.149      5.707    -67.092
 444   64      9.747      3.625    -70.114
  77    3     -1.052     -0.667    -73.203
 106    1     -4.326     -3.609    -70.875
 179   27      0.072     -2.309    -66.911
 116  242      8.431      4.210    -70.631
   5   21     -6.341     -0.482    -73.467
  18  142     -4.368     -7.734    -76.435
  28   18    -12.128      5.750    -71.518
  21  125     -0.213      4.875    -67.045
  11    9    -10.215     -2.519    -76.704
  36   13      1.655     11.845    -69.016
  13   35      6.552     12.408    -69.112
  46   54      3.128      3.435    -69.791
 119  235     10.436     -1.819    -70.835
   6   10    -13.014     -0.582    -72.889
  -1  120     -2.471      5.117    -69.672
  17   16      1.686      9.826    -67.391
  42  353     -6.179      2.227    -76.040
  -1   -2      4.130      0.224    -68.352
  16  769     -6.838      4.842    -69.857
  33   47      7.527      4.061    -74.225
  52   24      4.350     11.631    -72.127
  41   38     -1.645     12.559    -64.938
  27   20      2.638      2.426    -67.668
  49  771     -5.060      8.465    -72.410
 298  213     -4.212     -5.329    -70.797
  -1  400      1.041     -2.819    -67.079
  81   22     -4.539      6.073    -63.857
  29   51    -11.776      1.470    -69.790
   1  310      6.205      2.812    -73.669
  31   31    -12.331      0.534    -72.489
  94  360     -3.104      9.604    -68.744
  15   65     -0.118      5.791    -69.615
  39   53      1.582     11.271    -65.277
 505  602      6.405     -5.351    -74.379
 363   86     -0.542     12.496    -68.146
  54   92    -11.827     -2.533    -70.619
 780   60     -2.282      2.441    -66.445
  78   99     -3.086     -3.645    -64.530
  65  216     -1.966    -11.435    -72.719
 384   63    -13.456     11.202    -71.744
   9  117     -0.052     -9.651    -71.601
 191  520    -11.412      8.106    -71.024
 427   26     -5.045      6.299    -70.612
 414   34      1.332      5.290    -73.394
  10   32     -0.789      7.423    -66.135
  43   46     -3.311     11.239    -66.831
  63   73     -5.736      6.808    -65.738
 419  394     -0.635     -5.592    -68.703
  26  234     -3.359     -3.156    -73.794
  23   49     -8.548     10.558    -67.584
 386   14     -8.097     -5.059    -71.195
  20   12      0.414     -4.270    -69.850
 381  147     -3.151     -8.031    -69.059
 376    8     -3.258      3.236    -67.660
 361   81     -1.104     -3.512    -65.639
  58   74      5.359     10.082    -64.748
  34   97     -7.128      3.718    -65.455
 464  107    -14.481     -1.371    -68.034
 368  375     -3.330      8.054    -68.028
  67    7    -10.395      8.444    -67.543
 440  161     -7.850     -6.565    -69.074
  56   83     10.335      5.842    -68.319
 146  181     -8.968     -6.557    -70.751
  61   55     -1.893      1.053    -65.333
  47   29      8.308     -1.596    -72.434
 155   70     -9.162     -6.486    -67.236
 127   58      2.073    -10.173    -66.282
  24   30      1.016     10.878    -69.298
  45  477      1.542     12.219    -66.236
  89  598    -12.647      8.841    -70.467
  48   95      0.599      7.830    -63.790
  50   82     -4.516    -10.461    -71.317
 142   40      3.505      6.393    -68.004
 139  403     -1.584     -3.845    -64.559
  -1   37     -0.307     -9.322    -64.448
  51  136     -6.104     12.203    -68.119
  59  185     10.078      1.593    -68.611
 105  159     -8.474      2.798    -66.468
  -1   -2     -5.922     -6.755    -73.629
  25   69      8.319     -2.644    -70.224
 118   76     -8.125     12.205    -65.887
 497  801    -15.502     -7.871    -73.241
 224  144     -7.197      0.609    -63.436
  87  569      4.861     -2.567    -68.352
 136  145      6.007     -0.165    -76.033
 199    5      6.494     -4.687    -68.276
  -1   77      2.458     12.725    -68.311
 110   52    -13.885     -5.934    -72.865
 121  173      4.685      3.160    -65.488
 219  785     -8.926     -5.545    -68.106
 360  106     -1.384      2.031    -69.623
 102  139     -6.895     -6.234    -67.049
 145   41    -12.425     -4.240    -74.687
  80   61     -9.401     -7.656    -69.586
  83   19     -9.754      3.112    -74.258
  85  130     -3.100     10.387    -61.370
 166  423     -5.599    -12.101    -67.768
 244  201      2.309     -2.695    -66.654
  79  129     -7.444      6.376    -63.891
  35   33      1.173     10.224    -74.650
 513   57      2.301     -5.051    -66.276
  12  148     -0.604     -0.231    -68.769
 104  163      4.525      3.124    -71.936
  69  101      0.771      9.986    -67.822
 154  355     14.847      3.044    -72.882
 449   -2     -2.161     -2.955    -66.317
 482   -2    -14.009     -0.087    -67.040
  95  114     12.099     -2.074    -65.301
  76   90      7.562      9.512    -65.134
  -1  401     -4.676     -7.515    -65.643
 761  275      9.022     -0.755    -72.596
 113  137     10.024      5.520    -63.984
 147  104      8.993      7.462    -66.127
  90  381      6.108    -11.650    -69.820
 132  102     -4.098      7.322    -62.207
 407  133    -12.589      5.125    -64.303
  64  123     -7.233      9.264    -64.392
  84   -2    -11.083    -12.267    -67.057
 398  405      3.811     -3.700    -68.722
   3    4      4.365      7.669    -69.352
 767  176      3.167      5.998    -62.739
  91   59     -4.312     -6.673    -69.004
  -1  195     -0.479     -3.413    -69.875
 324   84    -12.865      2.265    -69.517
 171  190     12.812      7.609    -70.609
 134  140    -11.566      5.004    -63.524
  32  187     -3.689      9.290    -61.406
 260  261     14.452      0.972    -69.048
  98  105      6.390     -7.211    -69.006
  -1   -2    -14.602     -4.621    -68.967
 250   56     -9.454     -3.101    -67.750
 181  577      4.717      9.288    -73.111
 185   -2     13.237     -4.397    -69.125
 128  207     -0.828    -11.281    -68.235
 463  382     16.023      0.982    -68.372
  -1  151    -10.681     -1.512    -62.322
 205  149    -10.676      7.192    -68.721
  68   36     -8.129     -4.065    -68.703
 259   45     16.874      6.393    -72.594
 184  152      4.410      4.997    -66.652
 401  448     -4.727    -11.072    -67.283
   8   17      4.404      3.920    -70.243
 120  356     10.276      1.066    -67.982
 481  667     -2.019     11.193    -78.045
 263  449     -2.698      5.063    -63.634
 269  208    -10.207     -5.331    -67.171
 114  172    -10.724      1.817    -64.010
 471  476     -2.512      6.924    -64.238
  -1   -2     -1.724      2.585    -69.095
 769  167    -10.770     -9.286    -69.168
 137  816     -3.849     -3.883    -65.688
 167  218      7.932     11.796    -69.889
 232  786     -9.595     -3.912    -67.168
 570  517     -6.838      1.651    -64.810
 221  134      3.839      8.764    -64.764
 296  138      8.902     -2.763    -69.214
  88   98      5.292    -11.417    -69.595
  -1  186      0.965      2.051    -65.584
 135  177     -8.772      6.838    -64.877
 141   79     10.836     -0.906    -64.477
 441   96      2.050      0.467    -68.910
 236  158     -2.203     -5.409    -72.641
 207  131     -6.890     -6.269    -68.774
 524  157      4.634     -8.799    -65.649
 280   71      7.891      7.752    -67.101
 164  419     -6.277      5.179    -60.857
 194   -2     -7.730    -11.131    -69.559
  97   80     -7.373     -7.318    -69.180
 169  253    -10.295     -0.539    -73.769
 133  416    -11.410      4.523    -71.655
 516   -2    -15.261     -3.873    -70.573
 256  399     14.331      8.787    -74.008
 108  229     14.553    -12.257    -69.936
 293  256     -5.714      7.271    -70.445
 189  118      0.852    -11.694    -74.730
 446  395      8.201     11.414    -61.373
 300  115    -10.341      0.699    -75.436
 575  255      7.370      8.435    -62.315
 130  162     -4.562      0.161    -67.147
 233  175    -15.997    -10.165    -73.111
 160  776     12.261     -0.241    -68.036
  38   -2      3.214      7.542    -69.463
 201  189      5.483    -12.561    -67.723
 562   88     11.662     -3.661    -66.918
 122  124     -7.678      8.006    -69.050
 255  231     -6.254     -5.067    -68.483
 290  738      8.062      1.647    -74.964
 212  781     12.748     -5.307    -71.422
 514  122     -7.448      3.528    -75.357
 163  777     -2.872     -9.826    -65.246
 230  165      7.759      0.104    -60.695
 225  288     14.358      7.539    -67.362
 247   94    -14.493     -8.182    -72.667
 131   -2    -13.438      9.953    -72.724
 252  156     -8.471     -1.850    -66.690
 264  514     11.597     -8.113    -66.718
 124  415      2.286     12.235    -61.565
  93   -2      0.347     -8.759    -70.970
  72   39    -10.253     11.192    -70.287
 117  541      6.420      4.010    -73.606
 238  188     10.129      6.699    -67.333
 173  204      2.094    -12.633    -65.365
  82  166      7.175     -7.305    -68.963
 112  404      5.026      1.437    -65.814
 209  225     -2.755    -12.963    -65.225
  -1   -2      1.283     -3.301    -76.056
 214  191      4.161     -1.932    -64.212
 456  116    -15.696      9.181    -73.275
 222  222      7.682     -3.967    -64.683
  -1   -2      1.453     -2.136    -59.946
  -1   -2      0.828     -2.270    -69.102
  -1   -2     -2.233     -1.559    -57.978
 144  127      0.375      1.967    -63.296
  66  772    -12.480     -3.104    -71.805
  -1  297     15.710      4.039    -68.793
  75  192     14.841      6.618    -69.593
  60  266      6.098      1.288    -72.071
  -1   91      3.532     -9.007    -67.132
 196  269     13.429      2.742    -67.179
 344  155      6.678      3.580    -62.510
  74  263     10.530      0.050    -65.372
  -1  435      2.877     -5.362    -76.629
 157  199    -11.911      6.012    -66.224
  -1  485     -1.258     -6.914    -62.654
 477  272    -13.784     11.046    -68.369
 211  217     -2.012     -9.972    -65.555
 396  233      0.676      2.170    -65.314
 262  200     10.854     -6.522    -73.226
 149   87      8.072     -9.965    -70.893
  -1  153    -14.839     -1.248    -72.703
 206  252      5.747      8.111    -69.416
 508  298    -13.942     -5.840    -67.188
 544  510      6.137      2.498    -61.344
 520  154     -9.740     -2.295    -67.078
 103  774      8.988      0.860    -73.549
 202  639     -2.670     -5.401    -66.219
 266  220    -15.416     -6.079    -74.841
 243  214      8.575     11.649    -65.590
 529   -2     -8.093     10.164    -61.228
 234  313     -2.110      8.142    -62.395
 402  422     -8.227      3.465    -67.388
 484  466      9.231      1.785    -75.639
  55   -2     10.121     -3.862    -72.910
 204  780      8.487     -3.475    -65.605
 192  265      6.277     10.366    -70.132
  -1   -2     -2.195     -0.991    -65.738
 297  294     -2.580     12.682    -68.011
 316  219     -9.166      8.049    -61.806
 784  250     11.378      4.271    -67.561
 406  318    -10.840     -8.880    -75.804
  -1  246    -12.684      6.765    -69.030
 156  202    -10.591      0.089    -63.912
 227  440     -3.190    -11.364    -65.655
 226  332     10.365     -7.742    -70.854
 228   -2     11.425     -0.878    -68.054
 271  249     13.845      8.400    -65.101
 151  141      0.244     -4.933    -64.836
 555  301     -8.815     11.053    -65.379
  -1   -2     14.058     10.457    -79.848
 511  271     12.097      4.097    -61.903
 583  232    -11.088      8.075    -72.714
 188  290     -9.490      0.487    -72.013
  -1   -2      1.487     -0.403    -73.103
 258  329      5.332      2.590    -75.704
 182  779     12.243     -3.511    -65.102
  -1  170     12.944     -0.961    -71.954
 272  160     -8.258      3.152    -64.960
 294  278     -8.827     -9.959    -65.915
 275  184     -7.683      5.551    -76.367
 485  799     -8.375     -1.969    -59.623
 581  196     10.925      3.708    -73.874
 445  794    -12.751     -1.830    -74.140
 500  455    -14.315      6.210    -76.986
 322  254    -13.126     -3.464    -67.044
 178  205     12.376     -8.450    -70.266
  -1   -2     10.885    -11.571    -68.642
 251   85     11.549     -2.707    -69.806
 385  792     -5.568     -1.206    -69.147
 299  164     -7.960      5.533    -69.525
  -1  296     -4.647     -4.001    -64.261
 613  806     -6.673      0.515    -61.687
 312  521      3.727      3.069    -59.982
 242  635      9.190    -12.199    -72.317
 629  211     12.077      5.670    -66.422
  -1   -2      8.269      5.109    -60.259
  -1  268     -5.730      9.160    -72.181
  -1   -2     -8.417    -10.840    -59.238
 304  328     10.531      4.430    -62.181
 241  259      0.323      8.469    -67.041
  -1  270      2.700     -4.636    -75.854
 572  804     -0.249    -10.033    -76.041
 165  183      0.061     -7.008    -69.884
 569   -2     11.834     -2.856    -63.808
 319  614      5.123    -11.234    -67.884
 527  304     10.856     11.420    -71.629
  -1  565      1.437     -2.837    -59.103
 308  516     15.354      3.197    -67.147
 317  193    -13.744     -5.823    -69.381
  -1   -2    -14.540    -11.708    -69.293
 337  645     13.996     -7.494    -69.593
 314  267     -0.745    -10.725    -64.877
 302  733     10.288      7.675    -71.275
 342  110    -11.088     -2.782    -65.556
 409  111      2.764     -3.639    -67.127
 306  688     13.943     -6.856    -66.042
 174  778      0.771     -9.424    -68.612
 457  178     13.799     -4.412    -73.539
 281  338     -2.471     -4.013    -75.355
 465  291      6.704      0.037    -75.728
 331  321     14.347     11.359    -64.530
 315  675     14.357     -0.847    -63.167
 303  672     15.410      7.985    -65.898
 216  783      5.518      6.061    -58.174
 288  135     12.019     -0.498    -73.052
  -1   -2     10.365    -11.207    -70.424
 267  788      2.598      7.291    -60.971
  86  434      9.597     -7.362    -70.555
  -1   -2      9.800     -1.292    -54.309
  -1   -2     -5.330     -4.212    -71.107
 210  327      8.867      0.950    -68.590
 325  325     13.027    -10.331    -69.134
  -1   -2      9.948     -5.721    -57.768
 268  620      9.034      6.757    -66.820
 279  300     16.178     12.842    -67.085
 744  293    -12.687    -11.551    -67.586
 518   -2     -0.080      7.569    -72.972
 253  240     16.374      3.254    -68.767
  -1  119      0.039     10.895    -68.554
 326  314    -12.132      2.946    -65.842
  -1  248    -13.166      4.603    -68.541
 408  512     13.945    -11.315    -70.806
  -1  659     13.104     11.750    -63.477
  -1  305     -4.580      9.189    -63.390
 309  499    -11.640     -7.199    -74.425
 273  257      7.958      2.078    -62.279
  -1   -2      9.107     -7.237    -63.154
 286  573     -5.106     -2.240    -69.321
 343  344      1.686     -5.595    -67.048
  -1  309     -8.316      1.320    -65.236
 170  584      8.422     -0.867    -70.205
 291  694     -1.955      9.359    -64.134
  -1   -2      7.790      4.554    -76.499
 624  658    -16.155      1.978    -72.003
  -1  628      9.421     12.842    -68.742
 276  330      9.028      9.303    -64.403
 720  336     -0.117      3.544    -66.899
 213  782     -0.149      4.945    -65.603
 334  324     15.602     -0.793    -69.299
 339  333     -5.982      5.039    -64.274
 599  805    -10.924      4.356    -63.196
  -1  295     11.877      0.634    -70.927
  -1   -2     -9.995      2.398    -71.372
  -1  319     11.603      0.478    -66.462
  -1   -2     -8.169      0.028    -70.661
 327   -2     -8.402      7.963    -62.574
 727   -2     11.704      8.081    -68.830
  -1   -2      0.281      6.298    -66.051
 346  331     13.259     -1.135    -66.239
  -1  326      0.759     -0.334    -66.265
  -1   -2     -6.368     -5.994    -66.499
  -1   -2     -9.263     -0.433    -63.439
  -1   -2    -10.131    -10.040    -62.653
  -1   -2     14.938    -10.450    -70.114
 107   43      6.687      8.441    -77.012
  57   -2    -16.028     -6.917    -74.259
  -1   -2      6.214     -4.790    -61.299
 378   -2     -0.198      5.324    -74.023
   4   78     -0.244      7.794    -71.244
 254  389     -9.958     -6.943    -65.552
  -1  458     -2.116      6.178    -64.241
  -1   -2     -6.358     10.388    -59.180
 369   42     -1.783     -7.295    -68.908
 483  421      3.722     -2.126    -71.140
  40  370      1.654      7.436    -69.803
 111   -2     -3.971     -1.194    -60.460
 362  368      6.502      7.960    -73.366
  -1   -2      8.340     -6.846    -61.054
  -1  481      2.080     -9.367    -69.526
  73  773     -0.936     -7.214    -67.940
 367  431      7.775     12.549    -65.879
 295  146     -3.149     -7.821    -69.694
 404   50      1.750     -9.063    -69.743
 443  374     17.548     -4.025    -67.156
  -1  376     -3.189      9.678    -67.207
 781  390     -7.661      7.260    -64.026
  -1   -2    -14.974     -3.195    -84.973
  -1   -2     -0.051     -1.180    -60.752
 479   -2     -3.855      0.424    -71.854
 389  386     -6.826     -8.424    -64.164
 435  681     -1.922     -1.147    -72.733
 388   -2      5.534      8.614    -66.814
 162   -2     13.100      6.113    -66.800
  -1   -2    -12.111     -7.158    -68.843
  -1   -2     -5.987     -9.271    -74.790
 422  459     -1.201    -11.510    -69.127
 491   -2     16.963      8.052    -69.165
  -1   -2     11.096     12.426    -70.753
  -1  230    -15.304      2.967    -76.512
 186  413     -6.136     -2.907    -75.322
  -1   -2      4.442      8.835    -62.991
 101  128     -6.826     -7.661    -68.340
  -1   -2      1.442    -10.367    -58.641
  -1  402     13.814     -7.906    -67.976
  22  426     -6.677    -11.862    -69.455
  -1   -2     -5.176     -1.873    -83.083
  -1  112    -10.974     -7.566    -60.932
  -1   -2     -6.052     -8.585    -71.269
  -1   -2      2.929     -9.702    -62.118
 126   25      7.359     -7.585    -71.765
 460  796      6.889     -3.737    -65.070
 387  364      9.246    -11.519    -63.699
  -1  488     -9.085    -12.063    -74.256
  -1   -2      1.126    -11.228    -64.684
  -1   -2     -4.069     11.533    -59.661
  -1   -2     14.545     11.941    -73.561
 257   -2      4.717     10.670    -77.107
 533  237     16.189     -7.885    -74.096
  99   28     -5.391     -0.252    -65.778
 790   -2      4.999     -9.844    -62.253
  -1   -2     -2.408      4.286    -70.891
  -1   -2     -3.841    -12.240    -69.645
 454  578    -10.630    -11.317    -69.617
 193   -2     -7.573      2.293    -60.989
  -1   -2      3.269     -4.121    -72.506
 370   -2      3.143     -3.443    -75.420
 462  456     14.266    -12.395    -62.939
  -1   -2     -3.411     -0.705    -69.817
  -1   -2     -5.299     10.198    -55.405
  -1   -2      0.250     -0.740    -59.641
 453   75      7.399    -10.084    -67.275
  -1   -2     -7.727     -6.445    -76.798
 373   -2     -4.247     -9.809    -67.686
 159  775      3.753     -2.789    -70.377
 405   -2     -0.730     11.459    -59.447
 140  519     -6.811      7.014    -60.586
  -1   -2     -4.986      8.054    -59.665
 762  417      1.807     13.202    -64.098
 371  504      4.715      7.933    -77.395
  -1  100     11.402      6.250    -71.671
 125  505      0.902     -1.941    -69.518
 100   -2     -4.541     -7.496    -64.082
  -1   -2     -2.343     -0.777    -59.356
 563  817     -1.294    -10.571    -60.655
  -1  441    -10.005     -8.350    -66.229
  -1   -2     -8.506      7.428    -75.160
 115  369     -3.947     -8.252    -69.222
 536  371     -3.756     -9.016    -60.250
 180   -2    -13.054     -9.875    -70.177
  -1   -2     -4.395      0.742    -59.063
  -1   -2     -0.384     -9.947    -58.269
  -1   -2    -12.768    -12.642    -66.839
 431  793     -5.149      5.258    -65.525
 152  180     12.229      8.981    -70.064
  -1   -2    -15.990     -4.588    -75.177
 418  607      8.901     -4.272    -75.832
 379  243      1.676      1.177    -67.435
  -1  501     -4.387     -9.616    -63.985
  -1   -2     17.605     12.908    -69.727
 510  484     14.090      1.045    -64.312
 208  460     10.108      0.556    -61.442
 537  322     16.581      4.130    -68.854
 200  414    -14.788      9.266    -71.671
  -1   -2      6.842     -1.659    -74.068
 593  387      3.248     -6.555    -69.047
 468  439     -8.411    -12.874    -65.974
 566   -2     12.160     12.551    -63.105
 240  454     -7.536     -9.695    -61.395
 459  531     12.738     -1.771    -63.323
  -1   -2      4.859     -7.804    -60.642
 517   -2      7.187      3.791    -68.350
  -1   -2      1.686     -7.762    -62.149
  -1   -2     -9.844     -9.403    -63.491
 198  553      2.888      2.308    -67.908
 270  555     10.594      2.435    -72.861
  -1   -2     -9.058      5.325    -57.425
  -1  495     -0.511     -3.813    -64.121
 478  436     -5.469     -9.210    -65.197
  -1   -2     12.632     -3.498    -71.878
 476  583     11.978    -12.619    -62.101
 523  802      6.172      7.531    -63.822
  -1   -2     16.431     -0.248    -73.388
  -1   -2      0.217    -10.411    -60.795
  -1   -2     -2.427      6.998    -72.007
  -1   -2      4.507     -6.250    -61.293
 285  258      1.072    -11.534    -62.795
  -1   -2      9.939      2.316    -74.934
 595  496     -8.521     -2.143    -64.300
  -1   -2     13.793     10.918    -67.311
  -1   -2    -16.439     -2.867    -75.961
 707  601      8.032      7.546    -73.967
  -1  276    -13.241     -7.243    -72.184
 473  475      9.476     11.032    -63.764
 576  384     -2.755      0.896    -71.003
 530  525     15.613     -4.910    -66.400
  -1   -2     -3.357     -5.319    -73.673
 487  430     -7.111    -10.449    -59.420
  -1  513      0.396     11.105    -58.781
 265  559    -10.726      6.140    -74.544
 374   44     -1.342      6.459    -69.565
 560  509    -10.986     13.055    -62.625
 538  312      4.969      4.299    -60.553
 197  174    -11.439      7.943    -75.763
 287  462     -8.400     10.917    -70.424
 788   -2     -3.466     -1.563    -62.520
  -1  506     16.397      9.336    -72.934
  -1  571      2.900      1.801    -65.010
  -1   -2     -6.443     -9.661    -61.756
  -1   -2      3.411     -1.805    -67.806
 547   -2      6.900      4.794    -60.801
  -1   -2     -2.405     -9.127    -61.545
 528  109      5.104      6.854    -66.269
  37  770     -1.101      2.027    -72.093
  -1   -2    -15.254     10.442    -75.021
 410  410     11.379      8.229    -62.782
 175  251      1.829    -10.929    -68.985
  -1  534    -14.240     -7.667    -74.690
 220  210     -5.449     -6.169    -61.941
 808   -2    -14.572      6.351    -70.305
  -1   -2     10.114      9.170    -72.287
 150  132     -9.487     -8.709    -67.758
 413  492     -2.868      7.233    -61.924
  -1  215      4.451     -4.339    -66.212
 666   -2     13.261     -8.300    -67.113
 531  547     15.929     -5.419    -65.470
  -1   -2      2.307     10.313    -54.347
  -1   -2     11.031    -11.756    -64.117
 283  143      3.791      0.043    -66.620
  -1   -2     13.913     11.245    -66.766
 310  562     -3.173      1.055    -68.402
  -1   -2      9.491      3.818    -79.234
  -1   -2     -7.586      4.302    -62.201
 335  169    -12.805     -5.997    -67.497
 235   -2     -0.478      2.634    -77.290
 526  277     17.803     -3.576    -70.474
  -1   -2     -4.199     -3.464    -65.435
  -1   -2      9.858     -9.339    -57.947
 486  800     -6.456    -12.884    -67.935
 218   -2      1.790     -0.609    -77.042
  -1   -2     -2.230     -5.609    -76.943
  -1  500     -5.651     11.152    -61.609
  -1   -2      1.271      4.908    -52.918
  -1  732      3.193      2.607    -60.242
 535  549    -14.456     -7.202    -75.296
  -1  150    -11.495     -8.764    -66.170
  -1   -2      7.174     -5.586    -61.665
  -1  212     12.765     11.725    -74.830
  -1   -2      7.793     11.819    -63.294
  -1   -2     -3.745     -8.581    -55.549
 472   -2      3.979     -7.183    -75.916
 681  808    -12.635      8.316    -73.749
 123  818      6.959    -10.108    -66.384
  -1   -2     -4.972      0.148    -60.260
  -1   -2      2.206    -10.065    -73.017
  -1   -2     14.098     -4.995    -74.940
 190  554    -15.888      6.665    -72.986
  -1   -2     14.037      6.290    -71.224
  -1   -2    -10.971      1.685    -60.767
  -1   -2      0.483     -7.855    -68.185
  -1   -2      6.412     -0.625    -75.423
  -1   -2     10.955     -9.932    -66.210
 425   -2      9.330      2.744    -68.097
 606  728      5.696     -1.702    -71.332
 311   -2      8.980      8.881    -62.952
 787  574     12.188     10.891    -62.140
  -1   -2    -14.977     -4.449    -82.611
 493  606    -11.907      4.325    -77.843
  -1   -2      8.048      2.817    -71.309
  -1  245     10.959      5.327    -73.098
 158  228     -7.037     -5.010    -67.437
 187  604     -4.522      5.797    -72.241
 282  684      4.417     -2.343    -71.543
 489  596     12.975      1.471    -72.607
  -1   -2     -3.174     -4.608    -61.388
  -1   -2     -7.851     -1.845    -58.638
 588  552    -12.274     -6.246    -73.037
  -1   -2     15.105    -12.844    -73.471
  -1   -2      7.695     -3.716    -57.695
  -1   -2    -15.742     -7.666    -80.915
 573  285     14.346     -3.699    -68.210
  70  612     -8.232      6.888    -62.314
  -1   -2     -1.087      5.596    -57.817
  -1   -2     -6.187      2.567    -63.780
  -1   -2     11.946      9.785    -62.317
 791   -2      7.507    -13.138    -63.550
  -1   -2    -11.694     12.577    -66.798
  -1  281     -5.428      4.785    -63.908
  -1   -2      4.132     10.297    -69.847
  -1   -2     -2.374    -11.318    -69.626
  -1   -2    -10.719    -10.672    -73.909
 557   -2    -14.853      0.273    -76.869
  -1   -2      9.035      4.194    -84.541
 546  532     12.719     -5.154    -69.713
  -1  388     -8.433    -12.462    -70.195
 603  709      1.141      5.075    -75.153
  -1   -2      1.188     -4.671    -58.800
  -1  632     -2.124      9.272    -76.509
 172  113    -12.922     10.780    -68.295
 540  579     15.322     10.433    -68.788
  -1   -2      4.651    -10.720    -77.405
  -1  493     11.472    -11.741    -64.861
  -1   -2     -4.269      2.312    -72.521
  -1  361      2.512    -11.834    -71.678
  -1  473      0.757      6.022    -61.301
  -1   -2      7.376     -6.971    -68.883
  -1   -2      8.056      6.508    -61.138
  -1   -2      5.879    -10.768    -73.261
  -1   -2      1.701      1.344    -80.763
  -1   -2    -10.352      1.466    -75.471
  -1   -2      7.868     -7.451    -69.610
 579   -2      6.909     -1.860    -60.468
 318  570      9.278      5.411    -67.352
  -1   -2     -6.585     12.245    -62.231
 383  819     14.403     -1.948    -74.715
 305  289      7.336      3.422    -61.476
 802  538    -14.010    -12.249    -68.727
 682  623    -13.547     -0.079    -72.177
  -1   -2      0.950      7.458    -76.505
  -1   -2      5.199     11.124    -77.151
 313  563     13.749      5.552    -61.754
  -1   -2    -11.270     11.223    -59.265
  -1   -2      0.291      4.615    -59.735
 237  787      0.619      9.205    -62.079
  -1   -2     13.543      9.214    -62.577
  -1   -2     11.877     -7.319    -74.921
  -1   -2     -7.893     11.689    -55.507
 245  308     -3.972     -5.545    -68.026
 571   -2     -5.374     12.197    -74.815
 277  182    -13.128     -2.812    -66.296
  -1   -2     -9.360      6.177    -69.545
 628   -2      3.893     11.525    -60.034
  -1   -2     -2.704      6.093    -59.869
  -1   -2     -0.870     11.006    -64.914
  -1   -2     -0.935      4.791    -56.199
  -1   -2     -7.747      9.070    -70.741
 794  820    -12.237     11.630    -61.532
 747  347     14.195     -3.919    -66.619
 461  797      2.347      8.272    -76.887
  -1  593    -12.820     10.478    -65.082
  -1   -2     -3.906    -12.446    -64.552
  -1   -2      0.705      0.438    -60.543
 596   -2    -15.070      1.473    -69.648
 765   -2    -11.353      9.268    -62.925
  -1   -2    -12.576      6.696    -77.657
 610  515      0.917      9.809    -69.802
 289  821     15.452      1.991    -65.852
  -1   -2      7.566     11.675    -77.785
  -1   -2     12.800     12.294    -65.988
 328  822     11.534      5.579    -73.513
  -1   -2     -1.319      1.292    -57.782
  -1   -2      2.450    -11.554    -72.081
 654  463     15.269      7.674    -61.594
 726  764     -3.905      5.197    -62.355
 274  757    -13.840      7.257    -66.320
  -1   -2     -5.574    -11.734    -70.064
  -1   -2     -9.104      5.377    -77.925
  -1   -2    -13.476      6.478    -71.988
  -1   -2     -2.465     -1.168    -65.805
  -1   -2     -8.535     -9.510    -77.060
 590  823      1.499      8.509    -56.460
 700  494     11.384    -10.622    -61.379
  -1   -2      4.989     -8.731    -84.647
  -1   -2     -0.645      0.063    -59.620
 347  307      4.732     12.327    -67.845
 651  665     -5.074     -4.176    -68.739
  -1   -2     -5.267    -11.250    -80.481
  -1   -2     11.520     -3.381    -77.801
  -1   -2      5.092     -6.920    -67.502
  -1  678     -4.214     12.510    -64.910
  -1   -2      8.878      9.812    -64.390
  -1   -2      6.754     -5.661    -66.692
 658  238     -9.199      5.745    -73.752
 148  580      6.068      7.234    -74.599
 397   -2     -7.956      8.071    -75.012
  -1   -2      3.639      4.936    -77.324
 661  807      7.656     -2.669    -79.136
 684  651     15.322     -3.925    -62.184
 683  666     -2.456      5.515    -62.695
  -1   -2      2.015     -1.339    -52.442
  -1   -2     11.782     -4.005    -74.780
 341  339      4.423     -8.112    -66.252
 660   -2     -9.364     -0.084    -76.648
  -1  343     -6.837     -5.598    -69.889
  -1   -2     -7.145      3.341    -61.992
  -1   -2    -12.817     -9.776    -77.602
  -1  537    -15.990      2.793    -71.256
  -1  337     -2.201     -8.925    -67.596
  -1   -2     10.114     -4.398    -63.160
  -1   -2    -15.180    -10.070    -79.339
  -1   -2      9.161     -0.741    -67.515
  -1   -2     11.023     -6.432    -59.635
  -1   -2      0.894     -8.029    -67.967
  -1   -2      6.873     13.087    -64.914
  -1  700    -13.360     -9.389    -68.292
  -1   -2     13.024     13.413    -63.736
  -1   -2      3.861      9.854    -66.753
  -1   -2     14.094     -1.556    -70.943
  -1   -2      5.360     11.592    -57.767
  -1   -2      9.783      3.770    -62.900
  -1   -2      9.128      0.440    -57.608
  -1   -2     -1.214    -11.146    -78.624
 686  741     -2.343      4.322    -67.525
 301  765      4.778    -10.768    -70.695
  -1   -2     -4.453     12.413    -64.696
  -1   -2     -1.153      2.807    -62.112
  -1   -2     -6.633      0.121    -76.666
 695  809    -14.335      0.965    -66.473
  -1  292      1.053      4.489    -75.834
  -1   -2     -2.301    -10.659    -79.675
 321  548     -4.219    -10.104    -71.838
  -1   -2    -13.505    -10.497    -73.915
  -1   -2     -1.215      8.858    -64.094
  -1   -2    -15.633      1.160    -73.117
  -1   -2    -13.336     -1.737    -76.067
  -1   -2      2.585    -11.719    -66.756
  -1   -2     12.699      3.846    -58.235
  -1   -2      9.250    -12.670    -66.935
  -1   -2      4.448    -12.498    -60.823
  -1   -2      7.405      0.747    -86.678
 284  722     -9.361      1.172    -73.968
  -1   -2     15.956      7.386    -66.522
  -1   -2      7.665     -8.410    -56.837
  -1   -2     -2.436     11.231    -58.290
  -1   -2      3.951     -7.007    -70.548
  -1   -2    -10.925      2.557    -67.106
  -1   -2      6.082      2.918    -68.790
  -1  452      3.662    -12.678    -74.033
  -1   -2     11.398      8.631    -75.903
  -1   -2     -5.454      8.605    -59.327
  -1   -2      8.234     -8.971    -54.983
  -1   -2    -12.824     -5.511    -60.570
 642  660     16.773     -2.425    -64.693
  -1   -2     14.627      4.163    -78.647
  -1   -2    -11.661     11.631    -67.608
  -1   -2     -0.476     -7.473    -84.286
  -1   -2    -10.144     -5.931    -65.697
 702  810    -11.135      9.896    -71.818
  -1   -2      4.476     -9.114    -84.694
  -1   -2     10.404      6.342    -63.540
  -1   -2      2.705     -5.238    -67.110
  -1   -2     -1.763     12.310    -70.249
  -1   -2      2.086    -12.125    -73.277
 746  737    -14.653     11.242    -72.272
 353  352     -8.871      0.741    -64.959
  -1   -2     -9.336      2.686    -54.873
  -1   -2     -2.587      8.808    -53.070
  -1   -2     -9.745    -10.010    -59.212
  -1   -2     -2.448      4.206    -76.210
  -1   -2     -3.337    -11.271    -65.782
  -1   -2    -12.082    -11.886    -61.965
  -1   -2    -14.651     -3.332    -69.411
  -1  262     -5.513      1.873    -67.533
  -1   -2      2.805     -8.925    -58.954
  -1   -2     10.963     -2.815    -68.317
  -1   -2     10.269     -0.215    -62.149
  -1   -2     -2.114     -3.973    -80.998
 532  680    -12.959     -0.968    -71.314
  -1   -2     -9.918      5.236    -62.416
  -1   -2     -3.399     -1.911    -69.806
  -1   -2      0.741     -0.715    -66.503
 355  763      6.471      9.309    -65.066
  -1   -2     15.794     11.333    -67.766
   0   -2     -3.113      5.678    -72.511
  44  367     -1.297     -0.668    -69.387
  -1   -2     -3.879      0.570    -71.836
 451   -2      3.779     -3.499    -68.958
 501  824      2.787     12.722    -71.876
  96   -2     -5.741      9.788    -62.658
 507  108      1.475     -1.450    -65.642
 217  784    -13.150     -9.116    -67.623
 625   -2    -11.797     -4.677    -74.816
  92  373    -14.199      5.610    -74.060
 701   -2     15.387     12.142    -71.422
 591  224     10.427      8.087    -69.415
 672  303      8.179      5.632    -62.452
 323  825     12.994     -0.579    -64.240
 338  790     10.421     -0.753    -73.390
 580  582      1.787      3.861    -77.655
 749  302    -12.238     -7.806    -67.655
 380  791      5.832     -8.365    -69.687
 433   -2      2.247    -10.874    -65.681
 764  811      9.083     -0.262    -66.992
 448  795     18.525     -5.285    -69.805
 622   -2     -4.355     13.460    -62.004
 161  550     14.840    -10.330    -69.958
  -1   -2      0.649      9.257    -62.567
 552  464      2.243     -2.843    -63.308
 436   -2      0.748     12.884    -71.438
 665   -2      7.848     -5.856    -65.468
 558  803      7.723    -10.196    -75.632
 691  826      8.301    -13.062    -61.885
 589   -2      9.587      9.052    -62.265
 340  284      1.557      6.257    -77.026
 694   -2     -8.739     10.555    -74.782
 239  203      8.880     -3.274    -62.860
 565   -2      5.638     -1.106    -52.327
 345   -2      5.304      2.113    -56.173
 356   -2      1.093     -6.043    -64.164
 766  812     -1.571     13.284    -70.162
 775  813      3.211      2.156    -74.815
 798  814    -13.807     13.216    -64.930
 800  815     15.790      9.270    -73.982
 470  798     10.023      6.374    -70.426
 248  653      9.838     10.093    -74.040
 616  348     -3.954      8.268    -67.612
 768   -2    -14.635    -11.700    -69.580
 773  827      5.714     10.141    -64.146
 805  357      1.452     10.552    -71.740
