840
   1    1     -0.489      8.974    -71.897
  13    6      1.442      6.309    -72.615
   0  142      3.215      3.779    -70.476
  35    9     -0.026      8.555    -71.282
  12    7      2.620     -0.730    -71.158
 128   86     -1.468     10.170    -69.352
   4  769     -2.234      3.984    -68.902
 215  252     -6.112     -5.236    -72.722
  85    0     -3.775     11.334    -72.933
  18   34      3.290      8.219    -69.624
 208   41      3.835     -1.989    -73.165
  16  147     10.464      3.536    -69.593
   9   17     -0.343      7.059    -68.138
  40   10      4.523     -0.523    -70.942
  49  356     -6.998     -5.701    -71.709
   6   25     -7.146      3.751    -69.994
  91    5     -6.706      5.842    -68.495
  22   16      7.302      7.577    -68.492
 135   63      4.360      8.260    -69.151
  57   21      4.868     -4.509    -76.663
   7    8    -12.543     -4.131    -72.863
  24   20     -0.978      5.768    -67.723
   2  354     -9.399     -1.259    -71.502
 391   49    -12.957      4.150    -74.647
  23   24      7.174      9.975    -71.350
  28   51     -0.905      2.006    -67.592
  19   11     -0.028     12.114    -67.161
 390  193      0.412     -0.409    -72.691
   5   62     -0.832      7.687    -72.663
  42   28      5.668      2.083    -67.783
  61  772      1.964      2.750    -69.089
 258   75     11.779      8.445    -70.954
  21  176     -3.443     -6.464    -70.361
 198  143      6.084     -1.161    -68.271
  62   36      2.954      3.610    -66.788
 430   47      3.286     -9.615    -67.957
  25  770     -9.789     -0.663    -74.566
   8   23      0.922     -0.245    -70.424
  59   29    -13.485      1.418    -73.328
  14  155     13.247      6.278    -73.525
  44   27      0.736     10.183    -69.023
  55   43      6.562      4.212    -68.249
  73    2      3.783      0.922    -70.986
  17   -2     -2.579     -4.136    -69.198
  52   37     -8.710      7.059    -69.672
  33   64     -3.975     11.253    -66.338
  11   98      5.676     -1.256    -71.918
 224  192      2.943    -10.878    -73.687
  65   38      2.894    -11.478    -71.200
  31  364     -8.487      3.104    -68.249
  98   52      4.481     -1.803    -71.632
 213   78    -11.332     -9.282    -72.314
 152    4      2.469     -6.564    -70.981
  60  202     -8.103      6.027    -69.621
  -1   -2     -1.661     -3.529    -65.968
  -1   -2      4.920     -5.285    -68.063
 129   44      1.079     -1.787    -69.062
  26   60     -8.469      2.298    -72.233
  54   80     11.244      6.216    -68.018
  70  372      0.937     -7.533    -72.635
 106   18     -0.401     11.045    -70.678
   3   54      0.869     -1.741    -71.363
  77   13      5.387     -0.986    -69.102
  29   50      7.231      7.374    -72.597
 345  112     -1.303     -0.745    -66.342
  36   53      2.140     -5.285    -70.294
  39  140      8.369     -9.301    -70.765
  68   15    -11.299      4.460    -74.731
 288  566      5.421     -3.712    -64.660
 227   -2     -5.009      0.863    -73.445
 399  788      0.744      4.371    -72.955
 411  208      3.285     11.809    -71.555
  -1   -2    -11.898     10.641    -71.475
 193   45     -8.591     -4.456    -71.201
 160  203     13.605      6.930    -68.042
  96   73     12.956      1.240    -66.559
 130   84     -7.934      7.084    -64.281
 177   59     -3.074     -2.032    -64.273
  48  127     -3.684      5.767    -67.113
 100  132      4.434     -3.381    -65.184
  67   40     -3.433     -4.580    -67.981
  -1   -2      2.463      8.184    -75.753
 791  180     -7.602      6.807    -68.061
  -1   -2      4.646     -4.227    -68.608
  64  148     15.434      0.409    -67.989
  79   81     12.533     -0.833    -70.763
  -1  279    -11.373     -1.357    -69.353
  99  381      0.761     12.272    -65.889
 199   71     10.038      9.273    -67.282
  51   91      8.865      9.638    -71.018
 112  164      8.966    -12.920    -66.857
  80   58     12.541     -0.462    -66.989
  66  152     -5.317      9.887    -65.208
 133   70      2.240      7.702    -65.506
  58   90     15.765     -6.710    -72.015
 168   48      0.940      2.722    -65.439
  -1   -2      5.071     -7.956    -72.546
 220   83      1.903     -8.347    -62.127
 140  419     -0.638      5.603    -60.719
 420  500      1.190      3.923    -62.675
  82   89     -9.944      9.493    -75.960
 113   -2     -2.496     13.336    -64.521
  94   85     -3.586      3.614    -66.728
  97  107     10.686    -11.000    -69.482
 107   82     -1.105      3.961    -62.984
  71   -2     -4.048     -2.881    -71.813
  -1  487    -10.035     -5.487    -75.169
  75  392     -8.276    -10.696    -67.446
 433  387     -6.236      3.790    -61.867
 255  254      3.431     -8.564    -70.911
 287  246      6.429     -9.976    -67.219
 154  115     -6.289    -10.163    -68.917
  -1  116     -5.676      8.307    -62.037
 150  134      6.920      0.704    -65.808
 151  122     -8.901      8.899    -65.537
 244  156      3.233      4.161    -67.375
 131  476    -15.700      1.300    -74.317
 216  114      3.417     -1.683    -64.045
  90   88     -1.165     11.677    -69.999
  -1   99      2.250     -6.212    -63.295
  -1   -2    -15.864     -0.970    -72.377
 195  215     -5.098      6.957    -63.704
 110  188     10.425     -3.489    -66.678
 108  139     -7.312     -3.588    -72.472
 186  237     -0.738     -6.368    -72.792
 247  553      2.362      6.233    -64.842
 370  113    -12.829      5.806    -72.831
 321   55     -6.359     -2.662    -73.792
  86  612      7.835     -4.452    -67.734
 439   97     -1.002      0.640    -63.206
 692  232      7.461    -10.730    -72.792
 114  196     -0.890     12.815    -67.485
 200   56     -1.595     -7.142    -66.932
 163  124    -10.697      8.579    -66.183
 139  123     -7.608    -12.586    -66.543
 206  101      9.204     -0.893    -67.441
 156  138      2.761     -2.366    -64.676
 148   -2      2.581      8.698    -63.527
  10  280     -4.276     10.283    -71.204
 248  778     -8.317     10.538    -64.363
  95  198    -12.099     -6.103    -69.057
 179  162     -4.163     -9.085    -66.520
 178  135      4.682     -1.516    -63.269
 175  121     11.076     -3.983    -67.306
 412  457     -3.581      9.954    -63.831
 165  306      3.446     -2.357    -67.036
 494  165    -12.629    -11.580    -71.932
 117  195     -7.254     11.912    -68.540
 226  158    -11.044      6.195    -67.367
 142  172      7.665     10.766    -64.459
 280  326     13.793      7.419    -73.728
 192  243      4.544      8.247    -65.771
  -1   -2      4.451      1.087    -67.131
  -1  390      0.942    -10.328    -65.159
 269  706      9.626     -7.161    -72.855
  34  367      0.009      0.208    -69.860
 207  191     -1.834     -2.132    -70.869
 122  217    -12.677      6.393    -66.848
 225  130     -2.213     -8.204    -67.868
 120   69     15.639      2.236    -69.228
  -1   -2      1.487     -9.931    -68.336
 270  310     10.267     -3.866    -69.359
 209  220     -3.235      4.481    -64.406
 516  400    -13.396     -5.535    -75.598
  38  199      1.255     -2.934    -68.642
  -1  409      2.156      8.720    -60.538
  32  170     -8.424     -6.844    -72.124
  -1   -2    -11.751     -0.512    -77.293
 297  383    -13.516     10.361    -66.635
  81  204      8.017    -10.021    -71.963
 498  100     -4.029     -0.356    -65.611
  93  133    -10.493     11.695    -72.213
  -1   -2     -2.091     -6.759    -61.945
 273  380      4.674    -10.715    -65.201
 184  235     -0.819     11.535    -65.163
 105   19    -11.134     -3.405    -74.878
  -1   -2     -1.010      7.496    -65.913
 238  171     -0.513    -12.620    -67.055
 219   22    -11.415     -4.173    -72.842
 674  174    -13.998      2.162    -68.591
 263  154    -11.187     -0.967    -65.298
  37   30      4.710      6.199    -69.425
 181  411     -0.630     -7.829    -67.573
 167   68      8.194      8.538    -68.417
 182  561      7.276      5.810    -62.765
  72   -2     -5.528     -0.732    -67.235
 363  452    -10.413    -11.349    -75.793
 141  125      0.879      4.985    -63.092
 406  102     -4.216    -12.688    -67.774
  15   79      7.767      2.594    -72.200
 251  779      9.704     -6.015    -66.314
  89  153     -0.099     -2.395    -69.523
 445   -2    -12.018     12.799    -68.695
  -1  166    -12.724      2.104    -65.376
 202  230      4.482     -9.832    -70.763
 162  395    -14.922     -4.301    -75.276
 212  141     -9.010     -6.050    -69.839
 327   35     -4.071      2.723    -62.331
 146  291     -6.583      4.182    -75.611
 477  262    -10.949      9.287    -68.351
 191  182      0.738      4.821    -69.993
 272   -2    -13.030     -4.651    -71.431
 254   87     -0.265      2.237    -66.462
 300  289    -11.823      9.879    -65.105
 189  777     -5.423    -11.526    -67.127
 183  282     10.151      6.731    -70.595
 491  296     16.543     -2.170    -68.550
 574  225      2.076     -4.028    -66.811
 240  178     14.111      2.603    -65.938
 629  211    -11.581      0.674    -68.981
 228  216      8.472      5.396    -62.916
 316  218      9.004     -1.300    -72.142
  -1   -2     -7.915     -4.483    -62.384
 196  185     15.476     11.714    -70.926
 138  151      0.260     -3.009    -70.064
 282  267      1.281     -5.348    -63.818
 233  489      6.209     -3.958    -64.091
 419  790      2.416      4.601    -63.721
 205  294    -13.256     -2.378    -72.307
 350  209     12.661     -6.007    -68.638
 231  189     12.618      3.273    -67.681
 246  108      2.683     11.646    -64.977
 111   14     13.860      1.067    -69.863
 166   -2     -7.183     -5.949    -64.747
 578  491     -0.277     -4.499    -77.680
 147  194      7.223      3.301    -66.182
 243  505      0.062     -6.654    -65.766
 346  435      4.851     10.525    -68.673
 440  186    -11.222     10.274    -66.343
 621  642     16.704      5.295    -71.925
 278  261      0.473     -0.637    -62.870
  -1   -2      3.359     12.063    -63.663
 221  159     -6.948     -7.764    -66.490
 312  340     -1.975      3.260    -75.192
 229  168     17.735      5.442    -70.139
 118  109      8.975      0.806    -73.188
 421  251    -14.302     -2.946    -76.451
 234  295     -2.894     -7.261    -69.859
 116  774      6.872     -6.077    -69.146
 416  250      4.752      3.175    -70.031
 606  440      5.974      7.086    -72.774
 294  780     16.233      5.201    -68.875
 188  472     11.300    -10.212    -72.728
 252  169     13.250      3.031    -66.025
 303  781      5.381      4.462    -70.053
  -1  234      9.335     -1.212    -66.567
 292  276     15.109     -0.575    -67.619
 402  592    -13.835      4.879    -71.872
 102   -2     -7.630      9.384    -76.601
 673  442     -6.373     -9.587    -71.125
 257  244     -7.459    -11.187    -71.099
 478  504      6.345     -4.305    -73.799
 119  119    -10.616      8.798    -69.252
  -1   -2     -9.756     -4.551    -73.909
  -1   -2      8.119     13.155    -64.169
  -1  273      3.394      4.635    -61.901
 405  789      6.508      0.088    -73.195
 277  270     12.581      3.154    -65.046
 803  325      3.453      0.336    -73.721
 531  257     -5.392     -4.009    -70.865
 256  173     -0.390     -8.493    -67.123
 774  175      5.020     -0.521    -75.585
 222  183     -0.771     10.244    -63.337
 276  206     -9.348     -4.085    -70.622
 241  517     -6.069      5.695    -77.244
 295  236    -12.606     12.161    -72.748
 319  655     -6.004     -6.976    -70.736
 638  129     -1.536      2.238    -68.602
 587  522     14.143      8.916    -63.157
  76  224      3.101    -11.557    -68.949
 190  471     11.522      7.633    -69.842
 291   -2      6.026      0.240    -61.413
 237  274     10.560      1.332    -64.477
 285  578     -1.319    -10.985    -64.415
 266  219      0.241      0.384    -62.745
 284  497     15.119      1.041    -66.313
  -1  516     -2.636      9.373    -59.189
  -1  301     -9.298     -3.599    -65.221
  -1  259     -2.353      9.709    -77.802
 554  241      6.671      2.603    -63.129
  -1   -2     15.151      3.196    -67.851
 389  576      4.518    -10.243    -70.727
  -1  676     -3.667      3.822    -72.392
 517  318      5.139      7.760    -66.430
 313  266     12.518     -9.839    -72.267
 296  600    -11.356      4.709    -61.487
 360  785     -8.216     -9.902    -72.306
 307  782     14.613     -8.098    -72.226
 318   -2      0.055     -0.051    -66.204
  -1   -2     -5.231     -1.757    -73.631
  -1  287      9.079     -4.548    -65.879
  74  349     -1.615      9.380    -74.520
 322  339     13.529    -10.692    -71.269
  -1   -2     -4.114     13.139    -66.230
 161  184    -11.930     -7.526    -70.705
 301  313     -7.200      1.153    -70.371
 293  494     -0.889     10.958    -61.300
  -1  346      1.537      7.142    -74.724
 331  819     12.315     12.322    -70.151
  46  277    -11.747      2.078    -74.481
 253  167     -4.617     -2.499    -71.359
 603  245     -3.376     -8.278    -65.494
  -1   -2      3.774      9.693    -75.556
 317  783      8.750     -7.121    -69.500
 311  393     -2.342     -5.652    -73.925
 359  293     11.452      8.567    -64.937
 483  298     13.012     -9.847    -72.078
  -1   -2     11.944     -0.299    -63.511
 203  111     -5.847     -9.320    -69.180
 332  320     10.699      9.217    -70.050
 503  223     -0.945     -2.139    -70.776
  -1  297     -6.339    -12.277    -67.460
 569  324      2.675     -1.829    -61.970
  -1  322     -0.271     10.170    -65.268
 490  316     -2.939      7.119    -73.180
 204  207     11.153      4.351    -68.823
  -1   -2     -0.839    -11.559    -79.454
 665  717     13.594     -5.549    -68.169
  -1   -2      9.056      4.074    -73.027
 334  283     -8.129      8.830    -64.993
 374  657      7.461      7.439    -62.037
  -1   -2    -13.384     11.525    -65.937
 361  258      4.073     -0.081    -61.997
  -1  660    -10.840     -4.305    -73.887
  -1  495    -15.724      7.198    -75.816
 607  268    -14.992      5.122    -70.380
  63   -2      7.853     -2.572    -72.137
 279  619     10.208     -9.548    -68.764
 384   -2     -9.534     -0.998    -68.041
 342  302     15.120     -8.020    -69.067
  -1  290     12.781      3.227    -61.232
  -1   -2    -12.404     -9.358    -69.114
 715  197    -14.279     -7.659    -75.722
  -1   -2     -6.858      6.038    -57.648
  -1   -2     -5.186      0.362    -72.623
 381  587     12.268      7.649    -62.716
 378  332     -7.535     -9.868    -66.801
  83  240      6.596      2.108    -72.220
 653  323     12.811     -1.282    -73.144
 379  337     13.233     12.213    -71.998
  -1  305     -5.658      7.556    -64.184
 376  604     -5.196     -9.644    -69.070
  -1   -2     -8.699     -4.406    -72.754
 708  584    -15.201      2.202    -76.736
  -1   -2      8.658    -12.038    -67.894
  -1   -2     10.360     -8.674    -74.062
 762   -2    -14.504     -4.393    -76.381
 772   -2      7.263     12.252    -67.243
 737   -2      5.845      0.477    -66.071
 686  820      3.087     10.582    -62.232
  -1   -2     16.199     -9.641    -72.058
  -1   -2     12.422     -1.706    -75.211
  -1   -2      0.681      8.080    -64.394
  -1   -2    -14.345      9.736    -72.556
 567  821      1.540    -10.180    -69.327
  30  361     -2.133     -3.351    -70.783
 143  105      5.112     -8.068    -68.690
  -1   -2    -10.057      4.382    -74.577
  -1   -2     -0.452     -6.732    -63.381
  -1   -2    -10.189    -11.572    -61.661
 788  822      8.233      0.896    -72.809
  -1   -2      5.131     -6.402    -62.497
 404   -2     -0.510      1.435    -69.774
  78   -2     -4.401    -10.718    -65.341
 489  534     15.182      2.433    -70.445
  -1  555      6.485    -11.048    -75.499
  -1   -2     -8.537     -8.886    -76.928
  -1   -2     14.218     10.915    -74.318
 395   31     -2.332     10.026    -74.614
 487  200     -3.582    -12.216    -69.473
  -1  228      7.446     12.585    -65.747
  92   46     -6.198     10.089    -63.471
 104  773     11.218    -11.569    -68.123
  -1   -2     -2.434    -10.170    -65.275
  -1   -2     11.444     11.585    -66.608
 392  365     -0.799      3.061    -66.788
 371  357     -0.031      9.834    -72.882
 396    3     -3.166     -3.174    -74.016
 407  388     -9.167     10.269    -62.966
 444  563     13.626     -5.316    -63.848
  88   39    -15.251     -2.044    -75.824
 169  389     -8.833      4.775    -70.849
  50  106     -6.684      2.642    -69.826
 173  382      9.670     -1.898    -64.822
 217   -2     -4.715     -1.257    -71.241
  -1   -2    -13.577     -0.751    -68.668
 450  425     10.916     -8.613    -61.463
 144   33      3.255    -11.826    -64.643
  -1  355     -0.018     -0.065    -68.216
  -1   -2     -8.518    -11.380    -59.683
  -1   -2     -4.840     12.911    -65.590
 386  482     -0.920      6.081    -69.194
 425   -2     -5.173      1.805    -62.301
  -1   -2     -9.431     10.994    -73.656
 539  375      6.387     -9.131    -62.882
 149  775      5.673     -3.136    -62.828
 343  247      0.505    -10.076    -73.389
 155  520     -0.655      9.161    -66.424
 500  255    -14.576      8.257    -76.593
 428  437     13.834     12.522    -72.279
 540  275      2.555     -8.749    -74.172
  -1   -2     -3.259     -0.601    -71.986
 409  386     -3.405     12.613    -66.968
  -1   -2    -15.475     -7.056    -76.364
 431   94     -8.801     -7.569    -67.953
 398  384    -11.063     -7.307    -64.999
  -1   -2    -10.043     -3.126    -69.818
 259  416      4.903    -11.795    -65.177
 564  463     10.451     -7.094    -65.955
 794   -2      4.335      0.146    -63.558
 249  562     11.730     -4.678    -67.199
 432  791      7.031    -11.859    -65.332
 460  413     10.007     11.512    -61.910
  45  461     -4.260     10.431    -69.641
  -1   -2      3.287    -10.206    -62.145
  -1   -2     -1.607      8.825    -61.968
 417  823    -10.139      5.101    -70.619
  -1   -2      1.676     -4.025    -74.598
  -1   -2      4.000     -9.477    -80.476
 245   -2     -3.129      7.363    -64.218
  -1   -2     14.775     11.211    -71.051
 476  161     -7.768     -8.492    -65.176
 410  405      7.241     -7.788    -74.344
 792   74    -10.378     12.482    -65.802
 126  120     -8.890     -2.048    -65.990
  -1   -2     -2.318     -4.258    -61.892
 486   -2     17.469     -7.159    -65.275
  -1   -2     11.233      4.006    -62.690
 172  377      0.429      3.673    -63.512
 501  793     -2.241     -6.271    -68.816
 315   -2    -14.541     -5.200    -74.115
  -1   -2      3.166     -7.599    -84.128
 479  179      3.241     10.263    -68.566
  -1  308      6.652     -0.973    -60.306
  -1   -2    -10.536    -10.402    -74.266
 823  359     -4.139     11.582    -74.504
  -1  360     -1.723     -6.182    -69.078
 545  145     -8.609     -9.594    -67.395
  -1   -2     -5.703     -0.071    -60.088
 463  414      9.768     -4.047    -63.909
 109  398      5.386      4.001    -70.287
  -1   -2      0.466      3.867    -59.942
  -1   -2      4.508     -1.285    -64.830
 194  417     -6.426      2.729    -61.869
  -1   -2     -6.235     11.419    -71.220
 601  609     15.998      7.290    -68.646
 466  399     -3.558    -11.301    -62.304
  -1   -2     15.184     12.234    -67.184
  -1   -2    -12.940     -0.840    -66.548
 324  549     12.852     10.218    -61.579
 599  136      3.921      6.661    -62.889
 344  438     15.154      8.345    -69.491
 127   -2      2.814     -8.646    -64.276
  -1   -2     -3.366      0.272    -59.651
 535  451     17.116     -2.883    -67.038
  -1   -2     -7.968     -4.562    -72.109
 468   57     -0.949     -5.027    -67.120
  -1   -2    -11.861      6.022    -68.562
 817  824     -9.944      0.590    -71.545
 474  117     -4.231      1.290    -62.751
 547  799     10.874    -10.644    -65.869
 469   -2      7.324    -10.401    -72.901
 328   -2      8.732     10.750    -64.486
 164  397     -9.587      7.299    -61.880
 283  146      0.412     11.261    -73.112
 669  465     12.657     11.010    -61.487
  87   77     -8.195      1.124    -67.960
 305  588    -13.648      6.702    -72.880
  -1   -2     12.742     -6.814    -65.018
  -1   -2      1.330     -9.993    -62.036
  -1   -2      3.817     -5.152    -62.744
 562  181    -10.402      4.378    -64.085
  -1   -2    -13.082     -0.158    -76.528
 415  368    -10.839      5.297    -72.133
  -1   -2     -2.503    -11.360    -62.772
 462  315     14.393     -0.569    -66.998
  -1  423     10.080     13.051    -69.190
 235  512     10.811      4.434    -63.247
  20   -2      1.457      5.185    -70.159
  -1   -2     -9.810      7.934    -57.349
  -1  501     11.338     -5.883    -59.975
  -1  403      8.288     12.975    -67.635
  -1   -2     -4.920     -5.064    -75.937
  -1   -2     -6.967     -5.937    -62.534
  -1   -2      2.366     -0.574    -56.420
  -1   -2    -13.770     -7.303    -82.459
 775  177    -11.980     11.692    -69.074
  -1  304     13.578     -1.195    -64.492
  -1   -2     -9.560     -5.010    -64.175
  -1  466      8.926      1.943    -61.661
  -1   -2     -7.017      3.548    -57.459
  -1   -2     -5.808     -9.743    -76.727
 418  575     -4.437      1.618    -77.133
 115  233      8.743     -0.180    -68.544
  -1  421    -15.272    -11.737    -73.951
  -1   -2      5.051     -4.973    -57.580
  -1   -2    -15.981     -8.499    -74.728
  -1  436     13.053    -12.556    -66.357
  -1   -2     -6.263     -3.822    -58.203
  -1   -2     -0.756     -9.080    -57.820
  -1   -2     -7.941      0.147    -60.807
 314  385     -2.507     -9.047    -73.869
  -1   -2     12.604     12.487    -65.383
 488  473      7.896     -8.903    -64.387
 810  557    -11.243      1.740    -73.356
  -1   -2     -7.139     -9.274    -70.067
  -1   -2     -7.621      8.208    -77.808
  -1   -2     11.159     -4.545    -59.497
  -1   -2     -7.671     -5.629    -66.239
 422  406      0.757      9.352    -70.925
  -1   -2     12.188     12.043    -66.733
 176  825     14.699      4.040    -65.939
 393  222     -3.703    -10.225    -71.831
 449  321    -11.609      5.012    -72.543
 330  573     -9.975      9.693    -62.325
 532  797    -12.324      6.579    -70.082
  -1  614      9.459     -3.256    -63.077
 356  288     13.337      0.351    -73.620
  -1   -2     -2.036      4.486    -63.708
  -1   -2      1.677     -7.857    -73.920
 553  541     -2.184     13.126    -61.910
 563  801     -3.091     -9.690    -69.823
  -1   -2    -11.449     12.164    -61.496
  -1  396      8.765     10.162    -67.906
 502  345     13.419      8.024    -62.122
  -1   -2     12.440      4.351    -65.951
  -1   -2      3.047     -7.621    -74.244
  -1   -2     11.835     11.074    -63.917
  -1  264    -15.705     -2.068    -73.786
 382  256      6.844      1.451    -62.349
  -1   -2    -13.984      0.832    -68.378
  -1   -2     -9.012      6.921    -77.034
  -1   -2    -10.122      3.426    -59.266
 780   -2      8.340    -12.131    -69.870
  -1   -2     -9.610      8.880    -72.127
  -1   -2      7.488      6.129    -64.422
 504   -2     -5.107    -10.536    -76.468
  -1   -2    -16.211     -5.428    -70.908
 593   -2      8.498     -1.686    -71.150
 375  787     -3.317     10.965    -70.907
  -1   -2     -1.188     -0.667    -52.039
 338  358     -0.256     -6.417    -74.855
  -1   -2     14.930     -3.722    -73.595
  -1   -2      1.818      3.890    -60.936
 275   67    -11.323      2.502    -73.714
  -1   -2     -0.368      4.839    -52.651
  -1  284    -16.087      8.424    -72.533
 211  253     -6.321     -4.355    -70.941
 159  776     -4.868     12.430    -72.440
 530  796      4.000      8.834    -60.694
  -1   -2      1.707     13.021    -66.472
 655   -2      9.196      6.777    -60.768
 637  519     10.229    -11.542    -60.820
 250  157     -3.945      8.780    -64.828
 274  536     17.450      7.137    -69.625
  -1   -2     -3.038     -0.188    -61.087
  -1   -2      4.689     12.120    -62.849
  -1   -2     -5.561    -10.936    -64.251
 596   66      2.588      2.168    -71.983
  -1   -2    -11.698    -11.086    -61.256
  -1   -2    -11.028     10.372    -77.206
 627  585     -4.512    -12.477    -73.651
  -1   -2      6.290     -6.345    -61.981
 481  826    -13.100      1.881    -71.689
  -1  242     -2.172      4.224    -63.412
  -1   -2      4.823    -11.157    -62.351
  -1   -2     12.548      3.092    -60.018
  -1   -2    -15.782     -8.480    -71.130
  -1   -2      2.060     -3.608    -58.365
 781  814    -13.835      4.431    -73.110
  -1   -2      9.212     10.093    -56.216
 515   -2     10.988     -0.471    -64.717
 511  794     11.961     -9.226    -62.562
 550  559     15.834     -3.190    -64.303
 583  827     17.048     -5.214    -65.964
  -1   -2     -1.937      0.405    -76.254
  -1   -2     -9.405      3.280    -76.930
  -1   -2     -1.872      0.149    -80.136
  -1   -2    -14.743      5.439    -84.386
  -1  711      8.894     -9.512    -63.420
  -1   -2     13.541      9.761    -60.034
 271   -2    -13.544     -6.863    -70.302
  -1   -2    -12.572     -1.681    -64.674
 570  567     12.033    -11.697    -66.327
  -1   -2    -13.696     -2.552    -76.928
 261   -2     12.271     -6.640    -74.656
 790  286     15.031      0.751    -70.471
  -1   -2     11.125     11.376    -60.697
 290  307    -11.197    -10.894    -70.116
  -1   -2     -5.465     -9.504    -59.017
  -1   -2      2.685      5.859    -60.445
 333   -2    -14.731      6.388    -69.076
 591   -2     -0.217      4.300    -76.171
  -1   -2     -8.494    -12.187    -69.414
  -1   -2    -12.616    -10.758    -60.572
  -1   -2     -5.307      9.588    -70.301
  -1   -2      1.571     -6.299    -56.612
  -1   -2     -2.851    -10.858    -70.468
  -1   -2    -10.508     11.452    -62.343
  -1  453     16.785     -6.462    -64.237
  -1   -2     -2.825     -6.466    -72.569
 642   -2     14.947      9.465    -64.745
  -1   -2     -8.753     -6.287    -67.246
 598  802     10.226    -12.673    -65.384
  -1   -2    -12.556     -5.525    -80.744
 214   -2     -7.645    -11.045    -58.881
  -1   -2     -2.449     -5.862    -63.992
 549  483     -7.221      2.803    -55.462
  -1   -2     -1.168     -7.830    -56.025
  -1   -2     12.143     -4.163    -66.822
  -1   -2     -4.783     -6.206    -64.357
 310  249    -11.066     -2.269    -64.524
  -1   -2     -6.353     -5.452    -69.495
  -1   -2     -5.063     -2.014    -75.802
 542  798      9.336      4.419    -74.366
 499  260    -15.500     12.233    -70.948
 600  502      1.767      1.681    -59.792
  -1   -2      7.960     -3.880    -67.076
  -1   -2      9.071      3.428    -58.827
  -1   -2    -13.377     -9.157    -72.580
  -1   -2     -9.018     -5.934    -75.292
 529  795     17.327    -13.138    -69.639
  -1   -2     -6.464     -4.614    -62.612
 720  542      7.292     -6.795    -68.317
  -1   -2      6.266    -11.754    -63.214
  -1   -2     15.403     10.969    -66.136
  -1   -2     -2.939     -2.179    -76.245
  -1   -2     -2.839     -8.726    -54.100
  -1   -2    -12.294      8.884    -61.574
  -1   -2      5.617     -8.766    -71.185
  -1  580    -10.837     12.579    -60.906
 608  131      6.562     -5.473    -73.967
 641  806      9.565      9.034    -67.966
  -1   -2      5.392     -2.663    -75.752
 571  582     15.225      4.193    -74.216
  -1   -2     -9.939     -2.188    -58.398
  -1   -2      5.048    -10.701    -57.188
  -1   -2     -7.161      2.603    -69.793
  -1   -2     13.858     -5.390    -67.951
 339  601      5.697      9.714    -66.681
  -1   -2      7.651     -7.109    -57.936
  -1   -2     13.691     -8.177    -70.151
  -1   -2    -12.039      6.168    -60.323
  -1   -2     -5.135      3.624    -74.511
  -1   -2      4.094     -7.028    -72.024
  -1  622      9.804     -0.581    -61.906
  -1   -2     -5.188     -4.102    -86.942
 765  811      4.944      3.540    -73.880
  -1   -2      2.086      2.466    -58.991
  -1   -2      6.011     -0.368    -59.799
  -1   -2     -0.506    -12.725    -69.062
  -1   -2      8.243    -12.162    -63.422
 668  103     10.411     -4.104    -72.114
  -1   -2     16.450     12.235    -72.352
  -1   -2    -14.095    -11.281    -70.642
 354  529      6.734     10.247    -70.522
  -1   -2     -4.512    -10.869    -59.449
  -1   -2     16.762     11.103    -82.089
 805  816     17.183     -2.807    -74.826
 793  467     11.674    -10.517    -63.928
  -1   -2      7.384     -4.766    -64.890
  -1   -2     11.551      9.752    -86.846
  -1   -2     -0.900      8.877    -54.198
  -1   -2    -10.304      7.921    -55.696
 352   -2     10.566     -5.422    -73.937
 636  650     14.116      6.283    -74.052
 631   -2      6.511     11.223    -62.417
  -1   -2      3.929     -1.810    -62.853
  -1   -2    -14.057    -11.352    -68.604
 628  334     15.606     12.674    -67.533
  -1  506     14.394     -9.285    -63.936
 581   -2    -12.355      5.300    -65.396
  -1   -2      1.839     12.782    -67.934
  -1   -2     -6.843      9.634    -65.671
 522  728     14.718     -3.918    -71.748
  -1   -2     11.624     -8.065    -73.677
  -1   -2     -8.214      1.781    -53.050
  -1   -2     -4.151     -6.686    -63.937
 683  761    -11.231     -2.184    -76.995
  -1   -2      1.081      5.180    -58.981
  -1   -2      2.347     13.229    -66.948
  -1  724     -9.135    -12.221    -64.378
  -1   -2     -3.309     -9.532    -54.474
 802   -2     14.136      6.988    -73.801
  -1   -2     -1.070     -4.005    -76.228
  -1   -2     12.320     11.827    -61.633
 812  317     14.296     -6.546    -71.066
  -1   -2      6.170     10.307    -58.881
 380  701     -0.129      8.725    -61.831
 736  810      5.793     -1.763    -74.478
  -1   -2    -11.055     -9.139    -64.810
  -1   -2     10.131     10.723    -59.986
 611  804     -4.515    -11.398    -62.795
  -1  539     11.360     -3.070    -68.737
  -1   -2     17.740      8.904    -68.188
  -1   -2     -6.009     -4.610    -56.976
  -1   -2     -6.989     -5.740    -51.936
  -1   -2     -7.605     -0.518    -61.037
  -1   -2    -12.364     -0.514    -71.544
 722  643     13.857      6.285    -63.991
  -1   -2    -13.145      8.061    -69.090
  -1  675     14.703    -13.195    -69.495
  -1   -2     -8.820     10.152    -69.724
 685  809     -2.810      8.472    -62.718
  -1   -2     18.004     -1.794    -73.276
  -1   -2    -10.622     -3.827    -68.554
 337  272      5.374      4.941    -61.367
  -1   -2     -3.405      1.210    -58.535
 372   -2    -14.907      1.928    -73.802
  -1   -2      9.429     -9.810    -78.141
 814  303     17.492     11.952    -71.240
  -1   -2    -12.248    -11.929    -62.052
  -1   -2     10.146     -2.409    -84.574
  -1   -2     -1.276     -7.721    -63.533
 455  792     16.900    -10.686    -71.101
  -1   -2     -0.437     -6.526    -67.061
  -1   -2      4.659     -6.060    -60.992
  -1   -2     10.774     -2.691    -73.219
  -1   -2     -9.706     -8.309    -55.818
  -1   -2      0.868     -2.987    -82.157
  -1   -2      8.919      2.636    -66.519
  -1   -2    -11.402    -11.077    -64.415
  -1   -2      7.641    -10.230    -75.807
  -1   -2    -11.260     -4.980    -76.830
  -1   -2     13.434     -8.356    -59.717
  -1   -2     -9.923     -9.631    -63.307
  -1  412     10.097    -12.805    -62.299
 520   -2     -9.516     -7.483    -76.152
  -1   -2     -8.868      7.659    -55.191
  -1   -2      9.978     -7.941    -62.132
  -1   -2      2.367    -12.489    -60.465
  -1   -2     -0.264     10.954    -78.375
  -1   -2    -16.760    -10.154    -74.744
  -1   -2    -10.107     -2.866    -67.124
  -1   -2     -4.776     -0.964    -53.322
  -1   -2     -9.263      7.440    -66.169
  -1   -2     10.286      1.114    -83.167
  -1   -2      8.670     -0.385    -56.420
  -1  300     14.954      3.216    -62.977
  -1   -2    -12.210      2.938    -81.658
  -1   -2      3.102     12.303    -72.819
  -1   -2     14.263    -12.258    -70.171
  -1   -2    -14.337     -8.308    -73.524
  -1  629     -9.959     11.199    -76.589
  -1   -2     13.003     -9.454    -83.796
  -1   -2     -9.107     -0.165    -64.899
  -1   -2     13.257      2.944    -74.045
  -1   -2     10.932     -8.103    -73.520
  -1   -2    -13.866      5.905    -82.404
  -1  571     -7.651      8.585    -55.669
  -1   -2    -13.709      3.607    -85.069
  -1   -2     -5.799      7.637    -64.546
  -1   -2    -12.590      1.191    -61.346
  -1   -2     -3.695      7.660    -63.454
  -1   -2    -14.993      2.596    -69.952
  -1  603     -4.389    -11.345    -65.894
  -1   -2      9.925     -9.774    -61.980
  -1   -2    -12.540     -9.505    -77.590
 185   -2      5.169     11.615    -70.522
  -1   -2      7.815     -8.925    -62.628
  -1   -2      3.044     11.231    -66.715
  -1   -2      3.664     -7.617    -67.356
  -1   -2     12.353      0.383    -62.452
  -1   -2     -0.514      9.371    -86.669
  -1   -2     -4.040     -1.336    -59.463
  -1   -2     -6.674     12.797    -63.951
  -1   -2     -7.842    -11.066    -78.482
  -1   -2      1.408      7.800    -61.586
  -1   -2     -8.145      8.432    -72.735
  -1   -2     15.919      6.715    -87.845
 377  748     14.126     10.103    -69.360
  -1   -2     -6.785    -12.542    -65.129
  -1  710     -8.590      3.422    -63.419
  -1   -2     10.140      1.817    -64.042
  -1   -2     15.123     -1.258    -62.702
  -1   -2    -10.546    -11.895    -73.743
  -1   -2     10.199      3.942    -54.256
  -1   -2      3.980      5.655    -56.431
  -1   -2     16.244     -4.328    -65.947
  -1   -2     -1.793     -0.802    -77.837
  -1   -2     -2.047      6.513    -62.043
  -1   -2    -11.243    -11.782    -79.143
  -1   -2     15.091      7.220    -62.806
  -1   -2    -10.069     12.934    -59.444
  -1   -2    -15.208     -9.376    -68.614
  -1   -2     -8.829     -8.322    -79.310
  -1   -2    -13.116     -1.996    -66.839
  -1   -2    -14.881     -8.405    -76.746
  -1   -2      9.816     -2.774    -77.598
 101  552     -8.568     -6.783    -68.770
 475  327    -10.416     -3.415    -67.445
 452   -2    -11.931     -1.984    -64.584
 320  784      2.731     -2.865    -63.537
 779  813     -1.921     12.200    -74.863
  -1  532      8.369    -12.028    -69.939
 329   -2     13.708     10.403    -75.066
 201  299      5.116    -11.710    -69.357
 340  715    -15.672      8.924    -73.984
 556   -2     -6.147     12.383    -72.086
 134   -2      4.345      3.346    -71.956
 787  470     -0.727     -1.557    -69.086
 362  786      0.835      6.581    -64.509
 357  518    -14.573      9.618    -69.543
 666   -2      1.264      5.157    -63.678
  53  771    -10.329      2.654    -66.795
  56   -2     -5.636     -2.357    -59.844
 336  670     -5.273     11.632    -61.084
 506  330     -1.969      4.931    -72.818
 707   -2      0.324     -2.447    -73.233
 260   -2      2.959     12.867    -63.802
 496   -2     -7.341      9.470    -60.476
 505  591     13.323    -10.306    -62.383
 548  800      6.869      2.047    -64.601
 660  731      4.491     -5.703    -76.702
 796  815      0.122     12.289    -66.381
 577  673     -0.153    -12.224    -68.092
 264  163     13.379      6.623    -70.183
 672  808     14.001     -9.801    -63.153
 663  595      0.689      6.912    -67.501
 701   -2     16.617     -7.575    -71.848
 551   -2      7.596      8.443    -59.684
 619  805      1.880    -10.708    -75.456
 369   -2    -13.528     10.494    -67.949
 691   -2      0.455      1.462    -67.854
 657  807     -0.316     -3.505    -68.691
 806  817    -13.180    -11.896    -77.633
 754  828    -14.332      3.857    -73.197
 778  812      0.669     13.517    -66.411
 808   -2     -2.862     -7.663    -67.360
 239  488     12.908     -4.911    -66.089
 816   -2     16.444      0.413    -76.473
  84   93     -1.986     -8.603    -69.959
 268   -2    -14.453     -8.348    -71.960
 368   -2      5.442      0.200    -76.811
 560   -2    -14.401      5.561    -70.880
 713  829      4.335      5.453    -61.653
 784   -2    -15.197     -0.362    -72.867
 801   -2      1.579      0.563    -59.203
 821  830    -14.912      5.135    -76.250
 824   -2     18.523      8.006    -72.378
