838
  50    1      5.703      9.024    -72.028
   0   51     -6.752      4.891    -72.619
   5  361     -1.069      9.444    -70.268
  11    2    -11.218     10.135    -72.602
  39    6    -10.525      1.904    -70.601
 386   67     15.825     10.046    -72.545
   2    3      6.153      5.311    -71.482
  45  774     -3.886      9.206    -71.092
  30  117     11.174      7.931    -71.234
  81   15      4.280      9.860    -70.079
  26    9     -0.633      4.822    -69.336
   9   21      1.666      9.337    -67.296
   6   11      1.555      8.913    -69.814
   3  127     -2.834      2.438    -72.896
  37   10     -1.607     12.213    -72.220
  48    4     -6.262      0.934    -70.454
  -1   26      3.502      7.704    -68.925
  13    7     10.181      4.781    -72.671
 379  104     -3.746      6.808    -73.717
  22   27     15.975      3.806    -70.381
  14   16      0.267      8.818    -68.319
  17   19     -2.375      5.848    -67.388
  12   45      0.801      4.501    -68.135
  18   25      8.128     -4.535    -67.989
  31   12     -8.296     -4.370    -75.190
  23   30     -1.516      7.908    -67.146
  24   23     -9.629      7.002    -65.699
  46   47    -10.300     -1.671    -70.389
 181  209      5.527      1.787    -73.160
  94   73      5.134     -3.770    -69.165
  44   28      2.404     -6.523    -69.739
  35   61     -3.736     12.539    -67.270
 225   31     -1.690     -0.486    -70.507
  16   40     -9.657     -1.692    -74.231
 188   14    -10.714      4.772    -71.858
 157   18      5.755      7.177    -72.992
 397   79     -1.500      8.900    -65.000
  78   34     -2.705      1.434    -67.117
  76   36     -1.844     10.661    -65.926
   8  144      0.114     -2.836    -71.221
  25   89      4.906     -2.215    -69.625
 270   13      0.114      6.688    -70.615
  64   43     -5.154      4.848    -65.719
  49   32     -4.737      4.990    -68.675
  80   55      5.954      0.357    -64.620
 277   20     -6.196      4.874    -74.079
 477  343     -4.539      6.270    -77.590
  52   53      2.099      5.179    -64.657
  53   33      6.009      1.857    -67.088
 119   22     -7.403      5.429    -72.364
   4   17     -5.344     -0.269    -72.293
 103   78     -0.655      7.267    -64.807
 271   42      1.835      0.343    -71.387
  43  275      8.749      0.623    -72.803
  15  366      4.412     11.866    -67.748
  41   60      4.447    -11.236    -68.462
  54   65     -8.724      7.204    -66.863
  83   87      7.893     -3.653    -65.666
  57   62      2.229      4.115    -64.872
  67   97    -10.204      1.872    -67.864
 153  374      7.339      6.891    -73.138
 114  203      6.244      9.838    -69.188
 376   24      0.677     10.203    -64.743
  10  186    -10.372    -11.374    -72.295
 208  273     -4.573      6.016    -75.498
 790  197      5.508     -4.780    -66.964
  91   85    -11.879      6.231    -66.527
  -1   -2      1.902     -8.336    -63.686
 116  371     -4.098      6.749    -64.466
  75   74     13.608      5.594    -66.252
 233  145      9.388     10.927    -71.925
 149  181      1.394      1.624    -68.825
 409   71      6.134     -5.017    -66.132
  88   86      5.610      6.425    -64.628
  79  776     -5.758     -5.009    -68.799
 310  787      3.910    -10.585    -64.850
 416   37     -9.591      9.715    -69.432
 404   68     -1.153     10.708    -70.772
 135  383     13.507     -0.096    -68.379
 250  528    -12.940     -9.745    -74.795
 412  119     -8.347      0.833    -67.527
  38   -2      3.917     -1.360    -68.097
 100   72     11.068     -8.435    -66.577
  63  233     13.708      7.822    -69.372
 110  125     -4.466     -6.785    -62.746
 123   35     -4.337     -6.003    -71.055
  87  190      9.355     11.350    -66.664
  65  138     13.788      5.349    -68.274
  19  378      1.020     11.403    -71.276
  90  111     -5.718     -2.123    -61.448
  71   92     -1.581     -0.108    -64.393
 154  109     -8.044     10.740    -76.412
 414   88     -1.637      1.746    -64.404
 125  380      9.408     -6.224    -67.484
 266   99    -13.669      2.855    -72.808
  86   80    -13.660     11.424    -74.424
 264  283      1.206      5.097    -64.624
 111   69     -3.879      5.654    -63.443
  84  142     -7.106      9.621    -66.740
  -1   -2      1.067     -2.085    -79.479
 143  147     11.032     10.959    -69.263
 117  508      1.916     -9.294    -70.878
 101  152      1.908     -5.087    -67.101
 467  415     -2.552     -7.442    -66.111
  73   49      3.237      2.347    -73.262
  20  207      9.825      1.505    -72.719
 391  389     -8.757     -2.576    -73.764
  89  525     -0.286     -7.839    -72.899
  77  107      4.680     -8.025    -74.304
 185   96    -12.061      4.347    -71.108
 426   84     -7.099      2.919    -64.468
 420  163     -2.154      9.456    -66.065
 579  802     -4.877     -4.474    -65.180
 160   50     -5.494     -2.556    -66.311
 147  461      2.600     -1.025    -65.132
  29  434     -4.784      4.771    -70.174
 137  131      2.869     -9.985    -66.453
 124  129      2.172     -0.214    -64.322
 107   -2     -6.196      3.031    -61.394
 129  391    -14.462      9.845    -72.623
  -1   -2     -1.847     -3.016    -66.830
 482  164     -2.541     -6.830    -62.915
 492  247     -4.270     -5.680    -74.275
 488   91      3.839     -7.240    -64.895
 405  153    -13.276     -1.025    -67.836
 234   58    -14.714      9.994    -74.461
  36   59     -6.442      8.353    -68.743
 228  394     14.997      3.439    -64.831
  99  509     13.454      0.998    -65.500
  97  168     -5.499      3.222    -63.752
 161  133     -9.221     12.894    -66.535
 254   63      8.199     -5.490    -68.096
 485  134      9.671      2.015    -60.546
 132  132     -0.384     -7.965    -64.381
 183  238      4.524      6.085    -71.028
 120  451     10.446     -3.194    -64.933
 150   38    -13.918     10.525    -74.957
 434  486      6.627      7.887    -72.441
 283  226     -3.427     11.066    -74.419
 328  118     -2.268     11.854    -65.647
 333  211     -5.152    -11.172    -63.609
 115   66    -13.523      0.538    -67.376
  -1  106    -16.211    -11.321    -73.803
 439   -2      0.555     -8.012    -71.234
  55  121     16.227      0.656    -73.885
 106  393    -12.669      7.256    -67.655
  -1  210     -2.418    -10.005    -68.568
 148  377    -12.667     12.766    -68.150
   1  240      6.813      6.899    -73.439
 172  302      2.844    -11.650    -65.689
 105   -2     -4.712     -3.298    -63.482
 251  294      3.933      2.701    -62.339
 142  413     -9.062     -9.545    -73.444
 458  418    -12.988     -5.448    -68.691
 226  137      0.931    -11.073    -66.345
 138  176     -0.993     -1.161    -62.183
  85   -2    -12.862      3.564    -74.922
  66  314      0.991      4.736    -71.928
 518  105     -4.040      3.444    -61.928
 140  446    -10.264     -0.709    -67.121
 193  120     -2.696    -11.366    -65.920
 168  179      5.140      0.593    -67.694
 511  198    -11.339      9.698    -70.334
 565  398      7.191     -5.591    -73.726
 178  143     -2.567    -11.527    -68.248
 151   -2     -4.926      6.273    -61.323
 671  172     11.905      0.155    -65.548
  28  423      7.581      2.485    -69.317
 232  289      1.000      6.826    -71.726
 205  149      4.177     11.940    -65.088
 784   -2      0.350     -0.445    -61.337
 508  453     -5.005     -8.264    -63.387
  21   57     -9.374     -0.693    -71.338
 184  779      1.000      2.385    -71.406
 156  411     11.642     -1.830    -73.900
 298  102     -1.529      8.953    -71.440
 364  136     14.519      2.141    -67.600
  -1   -2      5.663     -8.616    -69.672
 818  229    -11.654      9.440    -66.858
 558  442      3.125     -6.063    -63.303
 306   48     11.617      6.322    -75.281
 486  159     -9.875     -9.274    -66.630
 800   52     -8.475     -7.400    -72.323
   7  772     -7.161    -11.625    -73.608
 201   81      4.559      9.891    -73.754
 451   -2     -4.433      4.651    -60.383
 179  175      0.869      1.741    -61.597
 187  780     10.607      4.409    -77.556
 127  200     -2.249     -2.959    -63.142
  -1   -2     -2.147      8.065    -76.197
 312  243      4.666      7.308    -71.567
 529  215     15.374      5.936    -66.772
 604  242      8.823     -3.438    -69.776
 445  793     -7.279      8.468    -59.675
 165  375      5.728     -2.143    -67.398
 241  187     -2.948      1.046    -62.576
  56  100      2.092      2.249    -69.839
 196  183    -15.626      6.741    -70.883
 380   -2      9.014     12.045    -68.306
  -1  489      2.166     -1.153    -62.822
 240  115    -11.553      8.684    -69.745
 194  141      8.730     -0.181    -64.219
 320  298    -11.047     -1.969    -69.422
 634   83     -5.840     10.387    -64.501
 544  385    -13.189      2.108    -71.761
 476  795      9.101    -11.558    -72.236
 190   -2     -9.071     12.085    -62.353
 203  206    -12.230     -2.689    -63.847
 121  497     12.091     -3.867    -69.504
 395  437     -2.797     11.868    -65.015
 141  419     -6.558     -1.808    -72.028
 286  786     -9.092     -9.512    -65.522
 109  166     -1.558      6.791    -74.043
 528  751    -14.696      0.542    -76.994
 601  171     -7.428     -0.365    -61.278
 169  435      3.240     -2.364    -64.285
  82  140      4.063      8.703    -69.844
  -1   -2    -13.549      7.575    -69.002
 209  552     -7.420      5.362    -59.859
  -1  239    -10.008     -7.155    -66.550
 348   -2     -2.990      3.279    -64.556
 170   -2    -13.142     11.026    -67.199
 229  252      8.339      9.539    -65.175
 308  299    -11.327     -3.506    -68.772
 219   -2     -0.920     13.014    -67.065
  -1  467     -9.501      2.835    -65.268
 210  192     -6.935     12.721    -64.667
  -1  621    -14.356     -9.422    -74.681
 186  407      2.759    -11.936    -64.836
 199   -2     -6.163     -6.284    -71.119
 245  184     -3.734     -9.075    -74.191
 102  230      8.040     -6.995    -67.150
  93  465    -11.955      4.941    -69.205
  62  775      7.507      1.673    -67.637
 258  288      2.942     -2.860    -67.242
  -1   -2      9.895      8.724    -67.448
  -1   -2     -1.883     -2.504    -64.239
 276  305     12.496      8.248    -68.404
 166  276      2.334      3.207    -64.145
  -1  204      6.553      4.269    -63.171
  61  303      3.142      0.724    -72.961
 260   -2     14.478     -6.726    -73.905
 268  320      9.276     -7.769    -65.672
  -1   -2     -5.713     12.728    -66.629
 238  234     12.566      6.874    -71.034
 162   -2     -3.956      0.805    -60.593
 291  216      8.903     -3.467    -66.284
  34  362      4.125     -2.877    -70.352
  -1  223    -12.131     -2.598    -62.112
 261  323    -13.141     10.199    -67.781
 509  334     10.440      0.181    -69.690
 303  342      1.113    -10.711    -70.414
  -1   -2      4.232     -4.636    -62.921
 173  135      7.196      5.815    -70.549
 370  130     -7.306      7.500    -75.943
 195  459     -5.543     12.796    -69.229
 191  296    -13.652      4.223    -69.837
 600  328    -13.623      4.432    -65.398
 255  251    -13.756      4.230    -73.253
  -1  178     -5.354     -8.333    -67.689
 468  250     17.140     -1.037    -67.371
 334  269      6.395      4.995    -60.471
  -1  272      2.172     -1.940    -61.131
 212  177      9.972      4.888    -66.550
 789  195    -10.152      1.291    -63.176
 222  154    -13.692     -5.889    -68.974
  -1  208    -15.731      2.722    -71.652
 572  286     16.070     11.833    -68.444
  -1   -2      0.133     -5.015    -63.772
 596  284      1.668      2.590    -72.806
 678  635     16.889     12.008    -71.791
 325  300     14.250     10.044    -69.741
  59  161      3.270     -5.841    -70.706
 366  301     -6.217     10.919    -68.256
 826  260     11.863      3.790    -68.866
 112   -2      0.904     -2.802    -63.744
 359  222     -6.317    -11.311    -75.226
 440  271     15.137      5.473    -65.475
  68  191      6.903    -11.648    -66.532
 319  701      4.670      7.495    -73.081
 314  307     -8.097     11.361    -69.296
 246  182     14.677      0.697    -74.394
 322  297     17.201      2.005    -68.409
 282  631    -15.245     -2.659    -74.846
 284  643      8.767     -8.125    -73.310
 342  220     11.532     -3.950    -71.302
  -1   -2     11.518     -1.998    -62.765
 351  280     15.006     -0.028    -63.921
 249  319     11.517     12.143    -67.687
 329  165     -0.181     -8.121    -66.970
  -1   -2      0.398      6.246    -64.331
  -1  151     -1.184     -6.335    -72.844
 290  666     14.784     -2.661    -69.067
 817  821      6.768      4.450    -66.021
 362   -2     -9.112     -3.745    -64.478
 313  201     11.936      4.717    -65.379
 346  519    -13.726     -3.466    -76.281
 263  221     -9.106      8.432    -72.057
 139  196    -11.019     -7.147    -71.771
 293   -2     10.079     -2.567    -65.830
  -1   -2      2.508     12.547    -61.935
 332  304     10.946     10.927    -66.071
 214  783     -3.751     -9.384    -68.571
 341  279     13.824     -2.236    -66.171
 576  679     16.949     11.587    -66.566
 321  754      4.907    -10.541    -69.375
  -1  488    -12.264      8.290    -63.394
 352  558      8.954     -3.619    -71.776
  -1  339     -4.689      9.341    -74.196
  -1   -2      9.104     -3.245    -60.190
 786  212      2.374     -9.368    -72.258
 288  331     12.171    -10.924    -68.246
  -1   -2    -12.793     -7.014    -72.184
  -1  340    -11.846     -9.523    -74.087
 327  658      8.811    -12.506    -71.457
  -1  291     10.705      6.683    -61.913
 369  348     14.300     -5.137    -67.563
 104  287     -3.405      6.059    -69.479
  -1  126     -2.989     -1.888    -71.360
  -1   -2     -6.221     -9.355    -72.415
  -1  338      1.711     -8.874    -72.356
 326  292    -13.591      7.434    -66.755
  -1   -2     -2.890    -10.554    -64.778
 305  308     12.563     -4.282    -69.817
  -1   -2     -7.229     -5.815    -60.623
 564  800     12.578    -12.768    -72.216
 706  333     -5.814     -0.640    -63.546
  -1   -2     -5.470     11.173    -61.521
 603  529      4.715     11.137    -68.178
  -1   -2     13.001     -0.216    -58.754
 371  516     -9.126     12.298    -66.233
 176  822     -6.758    -11.237    -69.851
 517   39      4.054     -3.697    -70.322
 131  777     -4.781     -1.111    -68.597
  -1   -2      8.973    -10.843    -76.397
 609   -2     16.755      9.319    -73.793
 337  249     10.523     -5.770    -67.512
 265  350     -2.073      3.062    -67.966
  -1   -2      2.223     13.287    -64.542
 113  237      3.179     11.685    -66.443
  -1   -2    -14.461     10.657    -73.327
  -1   -2    -12.841    -10.572    -72.808
 361  277     -8.363      1.291    -63.498
  40  293      2.822     -5.551    -71.034
  -1  575     12.498      6.628    -64.120
 335  352    -12.947      6.641    -71.674
  95   -2     11.198    -10.941    -72.641
 259  241     -8.905      1.697    -72.118
 690  810    -10.093    -10.805    -75.860
 373  327      9.690      7.746    -64.737
 741  814    -13.693     -5.733    -75.458
  -1   -2    -12.566     12.982    -66.741
 307  671     -4.830      1.252    -67.761
 535  798    -12.237      2.182    -61.549
 368  359      1.247    -12.955    -66.133
  -1  351     -3.186     11.821    -72.039
  -1   -2     14.509    -12.189    -73.633
 389  629     -9.518      6.148    -75.606
 484    0     -4.028     -3.614    -70.965
  -1   -2     -4.296     -2.948    -68.640
  27  225     -2.870     -8.474    -72.704
  60    8     -0.668      4.158    -68.852
  -1   -2     -4.781      0.915    -61.366
 442   -2      7.959    -11.980    -76.885
 399  388      8.990     -4.630    -66.222
 159    5      5.873     11.287    -73.041
 378   56      4.036      4.408    -71.050
 383  113      7.044     12.698    -66.971
 182   94      7.265      9.137    -67.889
 381  401      0.451      6.280    -67.822
  -1   -2     -4.968      7.370    -65.635
 126   -2      5.860     -5.894    -64.739
 400  431    -11.622    -11.768    -66.365
  58   -2     -6.553     -0.771    -66.764
  -1  448    -15.967     -9.451    -74.715
 470  546    -15.774      7.350    -76.700
  -1   -2     -5.119     -8.202    -69.594
  -1   -2      4.721      2.299    -62.479
  -1   -2     -2.118     10.696    -59.899
  -1  290      6.650      6.096    -74.871
 128  369      2.400      7.591    -59.895
  -1   -2    -11.586     -9.905    -62.269
 382  173      7.692     -0.533    -67.559
  -1   -2      5.715      2.486    -62.555
  70   75     -4.166     10.299    -66.142
  -1  364     -8.369      2.999    -75.495
  96   -2     12.843     -6.335    -68.300
 377   98      2.473     12.116    -71.939
  -1  370     -5.341     12.188    -69.614
  74  396     -0.165     -9.742    -64.917
 781  108      1.807      7.336    -65.764
 273   44     -0.591      2.439    -73.726
  -1   70     -5.625      6.558    -62.139
 133  384      9.918      4.448    -67.791
  -1  363     -6.177     -1.875    -72.512
 815  819      2.519    -12.761    -63.807
 693  490      5.235     -7.176    -72.644
 471   -2    -11.138     -9.640    -63.904
 402  426     13.757     -9.477    -67.253
 438  792     -4.937    -11.503    -63.433
 239  661      3.641     -5.207    -73.035
 650  397      3.146      0.665    -70.552
  -1  381     -2.843     -5.348    -61.868
  -1  259     -7.966     -1.904    -61.459
  -1  512     -2.258      6.402    -69.224
 134   -2     -9.017     -7.307    -65.803
 830  399      0.784    -11.141    -63.667
 192  382      2.004     -2.102    -72.611
  -1  185     -2.479     -8.340    -61.101
 392  790     -0.903     11.156    -73.564
  -1   -2     -8.763     -5.508    -60.064
  -1   -2     -4.329    -11.379    -76.040
 136   64     -6.269     -0.120    -64.387
  -1   -2    -10.862     -6.640    -61.749
  -1   -2     11.939     -7.770    -62.208
  -1  492     -2.509    -11.867    -65.095
  -1   -2     -3.040     -0.007    -58.082
 431   -2     10.890     -5.283    -63.881
  -1   -2     -6.334      9.775    -68.234
 430  169     -1.931     -2.166    -61.963
  -1   -2     -8.271    -12.066    -62.766
  -1   -2    -12.304     -9.180    -66.247
 597  455     -9.982     -9.906    -72.666
  -1   -2     -1.835      3.434    -67.244
 174  402      7.826    -12.574    -66.809
 561  553     -2.956      1.566    -74.249
 410   -2     13.195     -5.543    -66.056
 450  430     -3.352    -12.314    -64.304
  -1  406     -5.159      2.788    -64.117
  -1   -2      6.916     -8.046    -52.592
  -1  160     17.691      9.346    -70.170
  -1   -2     -7.057     -8.779    -61.191
  -1   -2      8.747     -2.450    -63.226
  -1   -2     -7.500     -6.392    -76.197
  -1   -2     10.986     -3.555    -79.241
  98  504     -3.619      9.418    -63.970
  -1  657      6.757      2.427    -75.068
 444  403      9.631      3.927    -62.673
 584   29     -0.419      3.668    -75.512
  -1   -2     18.585    -10.220    -69.494
  -1   -2    -12.934     -8.596    -65.859
 463   -2     12.995    -10.692    -64.080
  -1  487      7.556     -9.428    -62.241
 279   -2      3.791      8.384    -61.270
 487  462     -7.270     -9.836    -63.369
 589  551     -6.689     -8.702    -58.238
  -1   -2     -1.055      5.917    -57.638
 428  257     -1.792      1.144    -70.320
  -1   -2      3.194     -8.075    -59.378
 145  475     13.288      2.762    -69.310
  -1   -2      4.738     12.423    -71.137
  -1  585     14.163    -10.641    -67.867
 206  174      8.522     10.581    -74.912
 175  235      6.651     -4.440    -70.301
 495  796      4.352     -9.500    -61.070
  -1   -2     -0.112     -6.600    -59.704
 621  805      1.075     -3.977    -73.644
  -1   -2      4.889     -0.678    -59.319
 479  473    -10.376    -11.900    -65.611
 427   76      1.500      1.014    -68.609
 211  782      2.244    -10.327    -76.890
 469  542     13.117     -6.437    -63.307
  -1   -2      3.691      2.384    -83.915
 493  270     -1.220      3.170    -65.486
  -1   -2     -2.273     10.882    -68.866
  -1  468      5.190    -13.182    -64.568
 388  789     -4.041    -12.027    -63.620
  -1   -2      8.516     -6.215    -57.537
 411  532    -16.384     -0.232    -72.953
  -1   -2     -2.881      5.642    -61.044
  -1   -2     14.404     -6.238    -65.145
 472  253      7.447     12.297    -66.096
  -1   -2     -7.486      5.284    -62.853
  -1   -2    -16.439     -4.856    -75.474
 502  261     -6.973     -7.436    -62.242
  -1   -2      9.642    -11.537    -65.204
  -1  416     -3.950     10.873    -61.192
 814   -2     11.349     -6.695    -61.434
  -1   -2      7.987    -10.787    -61.471
 819  170      7.138     -8.983    -73.882
  -1   -2     -0.416      5.675    -87.352
  -1   -2    -13.497     -9.644    -80.220
  -1   -2    -10.214    -12.943    -64.337
  -1  217      4.356      8.767    -63.321
  -1   -2     -3.720     -7.780    -62.455
 130   95     -5.761      6.888    -62.757
 720  354     -2.539     -1.238    -59.287
  -1   -2     -8.069     -5.576    -65.260
 403  694     12.113      2.843    -70.183
  -1   -2    -12.401    -10.963    -69.228
  -1  148     -6.771     -9.224    -65.975
 680  494      9.739      9.192    -61.086
  -1   -2     -4.685     -7.700    -76.310
  -1   -2      8.692     12.500    -68.780
  -1   -2      6.729    -11.922    -63.019
  -1   -2     11.446     12.477    -65.114
 525  505      4.147     11.916    -61.231
 435  493     13.815     12.220    -64.094
  -1   -2      9.367     13.143    -66.742
 309   -2     -9.617     -3.328    -61.847
  -1  510     -0.641     -4.523    -67.496
 501  595      7.915     10.604    -64.610
 244  688     -1.849      9.723    -73.498
 506  539     12.620     -8.617    -65.831
  -1   -2    -10.296     -6.583    -67.018
  -1   -2      7.193     -6.402    -75.529
  -1   -2     -9.075      0.715    -78.906
  -1   -2     13.093     -0.655    -63.204
  -1   -2    -16.128      4.860    -74.699
 164  646      0.379      1.958    -76.135
 262  596    -14.901     -7.710    -75.139
 546  244     -2.136     -5.643    -63.032
  -1   -2     -9.616     12.178    -60.682
  -1   -2     -2.880     -9.945    -62.400
  -1   -2     13.508     -9.812    -76.668
  -1  625     -3.393      2.495    -65.218
  -1   -2     -3.658     -9.528    -72.196
 524   -2      4.373      8.241    -59.834
 220   -2     -4.893    -11.918    -67.021
 236   -2     12.058     -1.209    -75.090
 473  232      4.492      9.882    -61.501
  -1   -2      9.243      7.308    -58.800
  -1  572     -2.733      9.898    -69.923
  -1   -2     -6.299     10.629    -63.579
 274  101     -2.757      2.943    -65.495
 197  781     -2.897    -12.555    -64.270
  -1   -2     -5.255      1.001    -58.783
  -1  326     -7.400      8.442    -62.561
  -1   -2     -4.801    -10.929    -80.508
  -1   -2     -1.793      2.919    -67.486
 598   46      3.206     -1.754    -68.261
 635  560    -11.603     11.217    -59.798
 568  801      4.888      4.508    -61.175
 595  458     -4.575     -8.161    -61.670
  -1   -2    -12.461      7.965    -66.832
  -1   -2      8.828     -8.192    -65.386
 204  316     16.844      0.839    -71.791
 555  589     12.988     -7.568    -64.658
  -1   -2      7.804     -0.107    -53.230
  -1   -2    -15.411    -10.938    -72.108
  -1   -2      7.360     -4.867    -60.045
  -1   -2     14.134     -1.913    -81.700
  -1   -2     -9.196     -4.148    -72.311
  -1   -2     -9.958     -6.186    -55.185
  -1   -2     -2.019    -10.851    -70.255
  -1   -2      3.917     -5.618    -87.762
 731  823     -9.646      2.884    -70.858
 455  794      0.785      7.576    -69.271
  -1   -2      6.834      2.433    -60.346
  -1   -2     14.339     12.249    -62.718
  -1   -2      2.044     -6.595    -69.708
 289  713     12.873     -0.503    -74.845
 542  799     -4.968      4.616    -77.459
  -1   -2     -4.297     -1.597    -86.841
 686   -2     -7.238     -1.124    -69.462
 580   -2     -1.747      9.134    -68.416
 292   -2    -12.308      3.245    -76.646
 530  412     -9.612     -9.905    -64.183
  -1   -2     13.778     11.127    -66.524
  -1   -2      4.732      4.116    -57.243
  -1   -2      8.367     -7.088    -61.845
  -1   -2     -9.332     -9.806    -61.131
  -1   -2      3.160     -4.542    -82.611
 641   -2      3.315      6.083    -61.725
 569   -2     18.658     -7.916    -68.552
 393  791     -9.125    -11.896    -74.675
  -1   -2      1.341     -5.585    -83.746
  -1   -2     -4.380     -2.929    -87.845
  -1   -2     10.752      2.005    -58.899
 347  824     10.272      4.771    -64.682
  -1  421    -13.272      1.614    -74.286
 424   -2     -9.386      0.482    -59.241
  -1   -2     13.252     11.484    -62.879
  -1  725    -12.163      8.429    -61.566
 496  797     -3.511    -10.861    -63.946
 586  742     13.685      6.443    -73.015
 640  573     17.497     -6.452    -67.448
  -1  214    -15.094      9.765    -77.613
  -1  256     12.894     12.223    -67.943
  -1   -2     -3.589     -4.103    -56.308
 230  784     -9.057     -9.006    -69.994
 481  541     10.981    -12.404    -70.199
  -1   -2      4.879     -2.196    -64.017
 590   -2     -5.949      7.171    -66.980
 696   -2      4.138     10.509    -59.326
 385  438      6.467      8.503    -74.284
  -1   -2     -1.212     -3.970    -56.652
  -1   -2     -0.107     -9.464    -60.240
  -1   -2     -1.686      4.113    -76.074
 548  665    -14.670     -0.011    -66.862
  -1   -2     -7.490      2.562    -78.173
 521  612     15.517      0.094    -61.577
 338  714     -9.708      8.807    -60.835
 813   -2      3.154      8.930    -77.176
 543  565     10.316     -5.822    -62.508
  -1   -2     14.657      9.770    -66.500
  -1   -2     -0.333      5.331    -68.588
 494  569      7.294      0.739    -74.098
 466  324      0.752      3.233    -71.543
 163  463      0.306    -10.774    -75.265
 697  580     -5.651      4.471    -62.644
 795  356     -6.532     -3.812    -60.775
 566  554     16.425     -1.698    -67.277
  -1   -2    -14.550    -12.325    -71.617
 223  312     -2.131     -5.375    -62.908
 372   -2      5.081     11.981    -66.241
  -1   -2    -14.825     -0.681    -87.448
  -1   -2      9.968    -12.312    -76.524
  -1   -2    -15.260     -7.315    -73.902
 828  523    -10.159     -4.443    -71.824
 256  313     13.186      0.107    -74.118
 594  128     -9.805     -2.837    -63.712
 198  526    -10.528     -3.034    -75.184
 553  564    -11.226    -13.011    -64.808
  -1   -2      3.565    -10.388    -59.960
 301  685     15.108     -9.866    -69.201
  -1   -2    -14.009      7.300    -74.023
 659  808    -10.483    -11.062    -75.694
 588  598      9.155     -8.996    -63.163
  -1   -2     15.266     -6.457    -82.009
 670  460     17.150     -7.700    -69.333
  -1  156     -9.706      5.427    -73.403
 207  255    -13.320      4.339    -67.486
  -1   -2     15.180     -3.569    -87.769
  -1  454     13.521    -10.077    -62.222
  -1   -2     12.231     -1.993    -69.227
  -1   -2     -4.278     12.679    -62.712
  -1   -2      3.686     13.162    -65.126
  -1  466     -9.791     -2.104    -63.697
  -1   -2     -2.060      1.581    -62.537
  -1   -2     -0.960     -4.988    -63.763
  -1   -2      9.164    -12.285    -60.700
  -1   -2     -6.775     -1.879    -58.382
  -1   -2      8.395      4.544    -61.907
  -1   -2     -5.502    -12.446    -75.992
 755  815     -1.470     -5.862    -68.752
  -1   -2     -7.808      9.397    -66.037
  -1   -2    -10.373     -8.285    -77.136
  -1   -2    -11.244      4.826    -67.062
  -1   -2     -3.061     10.642    -75.649
 615  804      5.073      2.782    -75.593
  -1   -2     14.937      3.110    -60.512
  -1   -2     -3.437     10.910    -54.092
  -1  577      7.438     -9.846    -61.700
 280  698     -2.235      2.618    -68.443
 421  616    -12.602     -0.375    -74.035
 480  543     -3.672     -9.663    -67.291
 796  627     12.058     -0.377    -64.947
 281   -2     -1.527     -1.681    -71.935
  -1   -2     -5.464     -3.191    -59.512
 349  254     -5.930     -4.279    -67.372
  -1   -2     13.919      2.547    -71.512
 231  518    -10.154     -0.973    -69.848
  -1   -2    -13.193     -5.853    -74.980
 257   -2     -8.402     -9.630    -69.514
 300  162      4.618     -6.908    -71.152
 323  267     -4.537      2.884    -68.181
 557   -2     -1.444     -8.191    -62.134
  -1   -2     18.088     -2.667    -75.286
  -1   -2     11.203     -3.414    -74.499
 567  281    -13.244     10.277    -66.438
 575   -2    -11.643     -6.147    -71.425
  -1   -2     -3.723      1.755    -77.312
 715  278      9.261     -9.556    -69.033
 345  706     -4.539     -0.037    -72.031
  -1   -2      0.058      8.298    -61.491
  -1   -2     14.694     -7.211    -73.704
  -1   -2     -3.613      1.484    -83.408
  -1   -2     11.062    -12.550    -76.218
 217  124     -4.755      4.077    -63.623
  -1   -2     -6.356      1.722    -59.772
 630  806     -3.216     -5.816    -77.922
 730  813     -7.556     -0.467    -62.694
  -1   -2     -5.443     -0.632    -65.453
 443  218     11.585     -6.126    -73.476
 810  691      6.598      1.170    -64.423
 317  246      0.680     -9.806    -69.035
  -1   -2      6.457     -9.707    -78.716
 812   -2     12.985      5.918    -69.006
  -1   -2     -1.213     11.386    -60.233
  -1   -2     16.197     -5.729    -67.543
 200  445      0.347      4.026    -61.875
  -1   -2     -8.700     -6.534    -52.164
  -1   -2     15.562     -5.416    -81.973
  -1  705     -7.870     -5.175    -68.846
  -1   -2      5.621     -1.918    -72.637
  -1   -2     -0.729     -8.904    -69.695
  -1   -2     -4.390      9.853    -74.018
  -1  321     11.797      9.437    -64.117
  -1   -2     -7.427      2.359    -62.535
  -1   -2     -1.997     -5.625    -66.673
 447  652      9.706     -6.003    -62.000
 355  709     16.451     -7.189    -71.010
  -1   -2     -2.627     12.038    -74.838
  -1   -2     -3.256      8.814    -78.785
  -1   -2     -7.159     -8.919    -57.583
  -1  557      0.045     -6.788    -76.364
  -1   -2      0.270     10.341    -58.353
  -1   -2    -16.553     -9.190    -74.761
 681  809     13.138      5.991    -69.352
  -1   -2    -16.112     10.329    -76.863
 336  675      7.488      7.854    -62.187
  -1   -2     17.162     -6.500    -74.403
  -1   -2      3.522      6.445    -71.487
  -1   -2      8.556     -0.089    -56.254
  -1   -2      8.150     13.017    -63.201
  -1   -2     13.769     -9.955    -66.875
  -1  202     -7.976     -4.227    -63.277
 550  436     17.799     -8.550    -68.639
 631  745     16.690      0.959    -64.149
  -1   -2     -9.360     -6.092    -63.769
 354   -2      8.444      1.337    -74.302
  -1   -2     -3.313     12.650    -63.889
 297  735      7.427     -7.951    -64.329
  -1   -2     -6.359     12.167    -59.545
  -1   -2    -14.223    -12.468    -64.525
 633  807     15.358    -10.640    -74.573
  32  825      3.796     -6.111    -73.009
 316  788      2.921     11.618    -60.037
  -1   -2     -4.197      8.587    -68.067
  -1   -2     10.737    -12.305    -73.903
 461  710     -9.360      9.779    -61.328
 171  778      7.885     -7.814    -69.076
  -1   -2     15.884     -2.256    -67.911
  -1   -2    -13.690      6.303    -87.274
  -1   -2     -4.513     12.359    -63.521
  -1   -2     16.128     10.985    -67.010
  -1   -2     -5.110    -10.309    -68.558
  -1   -2     16.612     10.231    -69.926
 375   -2     -5.025      7.778    -63.030
  -1   -2      2.088    -10.974    -66.220
  -1   -2     -7.705     -8.549    -76.028
  -1   -2      8.321    -10.902    -75.016
  -1   -2     14.349     -2.890    -66.084
  -1   -2    -11.521     -4.440    -63.145
  -1   -2     18.214     -9.108    -70.072
  -1   -2     11.002      4.948    -60.622
  -1   -2      5.665      3.518    -83.759
  -1   -2      9.919     -4.903    -71.304
  -1   -2     -6.499      2.010    -56.352
  -1   -2     14.203     -1.814    -56.438
  -1   -2     16.811      8.652    -75.555
 704  826      1.641      8.769    -65.625
  -1   -2      0.848    -10.389    -66.233
  42  773      8.627    -10.813    -72.393
 809  540     -3.280      8.395    -68.923
  -1   -2      7.058      5.053    -68.027
  -1  729     -9.545      8.128    -69.591
  -1  628    -11.543      1.160    -60.353
  -1   -2     -1.361      9.612    -78.716
  -1   -2      5.582    -10.016    -73.738
  -1   -2      2.229     -5.235    -63.091
  -1   -2     12.430      3.662    -62.186
  -1   -2     10.755      9.901    -54.536
  -1   -2     -2.099     -7.256    -56.044
  -1   -2      1.248      8.663    -77.099
  -1   -2    -11.977      7.462    -61.238
  -1   -2     11.707     12.887    -63.416
  -1   -2      0.248     -7.696    -65.128
  -1   -2    -14.318     10.843    -78.058
 770   -2      9.418     10.496    -68.788
  -1   -2     -4.146      3.323    -81.514
 756  358      2.418     10.474    -72.395
  -1   -2    -11.805      3.160    -71.557
  -1   -2    -13.267     12.321    -73.483
  -1   -2     12.137     -7.959    -65.258
  -1   -2     -2.300      7.944    -66.299
  -1   -2    -11.023      7.758    -71.880
  -1   -2      8.035      3.668    -72.533
  -1   -2     -1.931      1.718    -54.217
 791  357     11.813     -3.801    -64.998
  -1  699    -15.314      9.364    -76.379
  -1   -2      9.207      8.311    -85.326
  -1   -2     18.390     -6.655    -70.417
  -1   -2     10.193     -2.540    -55.030
  -1   -2      9.169     -4.160    -65.959
  -1   -2      0.154      7.358    -79.047
  -1   -2      6.342      2.501    -58.482
  -1   -2     -7.424     -5.128    -75.484
  -1   -2     11.191     -3.547    -54.450
  -1   -2     -6.673     11.888    -68.618
  -1   -2     11.473      3.673    -70.763
  -1   -2    -13.161     -2.905    -75.712
  -1   -2      2.748     -9.092    -63.718
  -1   -2      6.719     -3.716    -56.932
 432  827    -11.932     -0.663    -75.917
 788  602    -14.188     -1.367    -75.139
 146   -2      4.173    -12.199    -72.578
 299  703     -7.868     -2.237    -78.017
 158   -2     -9.774      2.658    -63.925
 180  268     -3.874     -1.573    -71.319
 152   -2      2.945    -10.671    -66.492
 144   -2    -13.799      7.648    -69.808
 278   -2     11.008     -1.423    -66.492
 787  816     -6.121     -0.842    -68.922
 413   -2     -5.988     -4.131    -60.676
 235  533     -9.717      0.896    -68.474
 454  180      6.601      4.164    -67.529
 108  150     -2.369     -8.582    -69.011
  69  155     -6.510      2.430    -62.241
 237  785     -9.953     -3.005    -68.082
 583  582      3.293    -10.651    -65.625
 655   -2      9.573     13.256    -63.484
 340   -2     12.668     10.952    -67.220
 367   -2     -1.164     12.010    -66.893
 155  146      3.930      1.326    -64.898
 167  447      1.705    -12.672    -67.739
  -1  644    -10.253     -0.059    -76.797
 519   -2     17.589     11.010    -72.329
 531  562    -10.828     -9.273    -64.045
 797  817     -7.504     10.260    -74.561
 227  524     -2.722    -12.059    -64.352
 539   -2      8.782    -12.083    -63.506
 475   -2      4.424     -3.284    -70.808
 804  536      2.967      4.157    -75.108
 560  427     -1.800    -10.936    -74.836
 742   -2     -3.037     -7.443    -73.105
 613  491     11.108      2.662    -74.551
 803  818     11.127      8.197    -75.707
 592  803     -6.440    -10.095    -76.659
 646   -2     10.070     11.548    -61.780
 617   -2    -10.995     12.695    -58.394
 724  353     10.032      6.166    -66.575
 713  811      6.471     -4.167    -64.055
 811   -2    -11.031      5.095    -68.110
  33  828     -8.987      0.305    -70.087
  72  400      3.174     -3.444    -69.586
 221  157    -11.888      6.069    -73.828
 285   -2     12.662      7.697    -66.675
 401  368      6.550      9.481    -69.946
 453   -2     17.341      1.055    -74.927
 582   -2    -12.235     -6.649    -72.130
 783  309     -3.011     -1.382    -70.556
 821  613      0.391      6.317    -75.890
 822  829      3.757     13.460    -67.598
 823  561      2.222     -5.386    -71.422
 824  227     -1.386     -7.880    -63.743
 825   -2     12.150     10.664    -73.872
