854
   4    2     -1.128      3.374    -71.216
  68   13     -0.751      0.530    -70.737
  42    4      7.157      8.263    -72.001
  27   25     -4.643     -5.656    -70.312
  10  188      9.488      7.888    -70.503
  29   53     -4.504     -1.975    -71.567
  56   12      3.210      5.839    -69.645
  -1   -2     -4.885     -1.137    -72.618
  17   10      1.585      4.531    -68.649
   0  195     -5.989      7.392    -73.645
   7    1      1.655      2.803    -69.927
  20    9     -1.159      9.422    -72.306
 116    8     -0.860      6.191    -70.450
  31  395      2.829     -1.712    -72.533
  12   19      3.925      1.758    -67.808
  13   35      1.868     -6.073    -70.990
  15   24     -2.092     -6.602    -69.463
   9   26      5.234      1.852    -67.984
  44   -2    -11.285     -3.451    -75.758
  65  793    -10.209      2.849    -70.375
 384    5     -5.376      1.126    -72.282
  -1  388     -2.515      1.969    -61.200
  16  402      3.597      6.867    -67.100
  45   21      5.174     11.302    -69.765
  39   50     -5.933     -4.748    -70.322
  60  117      8.269     10.273    -69.532
  48  228      3.631      4.425    -72.927
 402   -2    -12.179     -0.215    -68.919
  -1   45     -5.781      8.285    -64.694
  93  583      7.455      8.903    -70.216
  41   32      4.607      3.046    -66.851
  14   23     -6.728      5.940    -69.035
  46   46      4.120     10.108    -67.489
 127   54      7.718      1.717    -70.459
  25   39      0.423      1.673    -67.308
  52   76     11.552     -1.742    -69.245
  47   62     -6.446     -5.406    -69.385
  -1   67     -3.172     11.221    -70.860
 188  175     -9.906      4.959    -62.551
 100  526    -12.493      1.183    -76.122
  40  416     -6.034      1.069    -69.361
  36  384     -2.368     -2.040    -71.095
 794  829      1.180      7.263    -68.251
  -1  389    -10.334      5.143    -71.848
  71   52      7.511      1.202    -67.712
 333   15     -4.021      7.931    -68.478
 105  120     11.435     -5.421    -68.820
 104   61     -9.330     -1.613    -70.094
  43  125    -11.050    -10.425    -69.623
  96   16     -1.557    -10.423    -66.096
 326  249      9.508      4.147    -69.566
  83  114     -7.694    -10.148    -69.961
  22    3      0.628      3.535    -69.568
  21   78     -9.220     -3.658    -68.801
 206  118     -0.914      6.156    -72.286
  -1  435     -2.324     12.013    -67.297
  66   51    -11.247      5.734    -68.065
  -1   -2     -7.368      5.641    -61.978
  61   47     -6.660     -1.355    -65.582
  73  449      1.353      2.333    -66.633
 412  540     -3.695     -9.133    -68.690
  11   56      3.512     -7.753    -69.600
  54   17      2.303      9.523    -68.133
 115   85     11.975     10.806    -69.256
 114   -2     -9.563     -7.469    -65.944
  38   81     -2.475    -11.703    -72.576
 267  162      3.255      9.999    -73.721
  89   59     -7.580      6.010    -68.035
 162   42     -6.384     -9.293    -66.585
  35   49      6.117      9.925    -71.039
  37  210      4.271    -12.371    -73.861
   6   48     -4.800      7.511    -72.276
 378  387      0.848     -9.223    -73.056
  78   36      6.228     -3.137    -68.861
  88   64     -6.000      5.538    -64.136
 383  408      2.694      4.289    -71.465
  99   43      3.717      8.634    -67.488
  79   77      2.228      4.270    -62.110
  70  100      3.626      8.035    -74.126
  -1   63      5.834      4.109    -66.208
  92  390      1.433    -11.380    -73.275
  34   27     -4.619     11.475    -72.544
 461  417      1.621    -12.278    -64.453
  -1   -2     -0.445      1.816    -62.562
 106   72     -8.011     12.028    -69.225
 395  446     -6.735      8.138    -61.895
  19  152      7.742     -5.203    -68.776
  87  538      4.699      0.035    -63.305
  -1   93     -8.141     -5.756    -65.603
 123  197      9.410      2.699    -65.901
 389  401    -13.231     -1.608    -73.053
  51  406    -14.070     10.290    -73.240
  -1  229     -3.296     -0.810    -72.165
  58  107     -4.755      8.876    -65.581
 814  176     -4.038     -5.646    -72.963
 391   88      0.028     -8.832    -63.849
 191  429    -10.956     -7.390    -69.417
 223  136      8.119     -6.667    -72.546
 795  830     -1.125      8.414    -62.026
  77  106     -1.163      6.948    -63.061
 102  110    -10.869      7.935    -63.019
 415   65      9.163     10.076    -66.771
 132  167     -7.568     -7.973    -70.072
 109   71     -5.159     -7.855    -69.015
  85   75    -12.546     -6.229    -69.975
 185  142      0.020     -7.851    -71.812
 317   37      5.913      8.444    -68.563
 168  288    -12.200      7.133    -71.012
 416   38     -5.628     -1.309    -69.884
 482  198    -12.507      2.195    -69.654
 137  306     -6.418    -10.197    -69.745
 253   74      1.836      2.226    -68.442
 171  139    -13.906     12.151    -73.034
  91  104    -14.909      4.167    -69.498
  80  123     -5.111      5.671    -73.021
  -1   -2    -14.287     -1.327    -69.431
 136   80    -10.786      1.839    -69.329
 192  141     -8.086     10.092    -63.743
  26  413      0.350     -6.371    -70.661
 184   34     -7.353     -6.177    -73.471
 451  204      9.755     -2.959    -67.573
 130   89    -13.546      1.806    -70.130
  -1  119      7.923      2.203    -67.282
   3  439      9.828      5.481    -70.922
 405  399     -9.552      0.831    -64.038
  84  277     12.176      8.701    -68.099
  -1   -2    -13.511      8.193    -69.573
 139  126     10.725      2.409    -62.574
 382   -2     -1.114     10.678    -69.604
  94  263     -7.485      0.649    -64.498
 138  157    -12.815     10.122    -65.548
 484  833     13.115     -1.183    -65.062
  -1   -2     -2.269     -5.656    -76.668
 156  199     -8.758     -7.686    -65.282
  -1  456     -6.109     -7.433    -67.138
 403   83     15.168      9.022    -71.651
 230   84      7.553     -7.353    -69.430
 155  423     -0.732     -4.246    -63.052
 220  109     -5.462     -4.391    -69.824
  86  155      5.636     -4.859    -63.450
  -1  124     -6.770     -3.241    -67.235
 140  290      9.852    -10.670    -70.665
 133   82     -1.644     -3.053    -64.474
 396  834     -5.764      4.042    -74.565
 262  132      7.420     12.516    -68.907
  -1   -2     -2.734      0.211    -60.121
  -1   -2      0.273      8.092    -61.094
 249   91      9.384      6.364    -68.427
  74   97      5.440     -8.776    -75.624
 176  115    -11.690     -8.834    -69.123
  -1  257     -8.867     11.920    -73.720
 175  171     -4.909      3.276    -60.226
  75  794     -8.173    -12.039    -66.704
 166  191     -8.617      4.823    -64.247
 101   29    -10.524      6.759    -74.667
   8  489      2.385     -7.664    -72.217
 124  187      5.744     -1.437    -68.310
 198  164     -3.619      1.113    -71.985
  -1  158    -11.324      5.394    -63.508
  50  308     -1.567      3.710    -76.690
 270  245     -6.846      9.141    -75.627
 148  464      5.133     -4.301    -69.339
 164  422    -10.825     -9.362    -68.197
 180  179     10.754     -7.148    -66.648
  82   -2     -2.425     11.274    -61.496
  -1   -2     -3.278      0.130    -65.605
 301  572     -2.600    -11.848    -67.612
 177  169     -3.070     -3.035    -70.894
  59  237     -5.187     -3.382    -66.778
 150  149     -7.182      7.038    -64.570
  -1   -2     -9.573     -3.368    -63.728
  76  254      1.334      7.053    -76.165
 157  144      9.806     -8.284    -70.149
 196  201      7.140    -12.073    -67.043
 117   31      4.227     -0.356    -71.618
 790  599      9.324      5.133    -66.021
 179  183    -12.588      4.689    -70.939
 551  421     -6.513      5.595    -75.155
 110  111     -7.663     -4.310    -69.704
  -1   -2     -7.910     -6.250    -70.146
 427   -2    -14.796    -11.605    -72.696
 190  135    -13.854     -1.917    -70.726
 182  180      8.929      8.648    -64.866
 186   20     10.078     11.596    -69.381
  30   28     -2.525     -3.122    -73.932
 212   -2     11.551      7.143    -67.433
  63  219    -11.714     -7.463    -69.140
  -1  145      2.619      8.091    -76.922
 119  163    -10.963      2.105    -72.012
 279  638    -15.835      3.940    -71.367
 210  214     14.813      2.634    -71.021
  -1  412      5.203     -6.381    -63.911
 197  433      3.699      7.588    -63.567
 273  236      7.870     -1.759    -70.415
 325  474     -5.658     -3.972    -73.287
  -1   -2     -9.473     -3.088    -73.546
 207  226     14.875     -8.076    -70.706
 676  234      0.764     10.450    -68.318
 798  281     -0.994      1.423    -74.936
 231  613     13.044     -8.000    -65.229
  64  116     -7.463     12.721    -68.174
  -1  602      5.811    -12.134    -69.097
 278   -2    -13.495      8.508    -70.999
 194  148    -11.336     -1.639    -72.200
 304  246     -9.279      7.607    -61.051
  55  235     -1.024      5.248    -69.420
 411   30      6.540      8.353    -68.850
 339  810     -8.479      0.436    -64.462
  -1   -2      1.956     -4.183    -74.569
 221  616     -7.658      7.864    -65.973
 241  241    -12.630     -5.103    -68.973
 126  174      3.998      2.020    -62.174
 149  168     -9.428    -10.541    -69.934
 349  182      7.746     -5.294    -70.151
 225  206     13.690      1.335    -70.684
 495   -2    -11.894      9.598    -65.194
 200   -2      9.590      6.138    -63.072
 263  170    -11.049      1.185    -62.622
  -1   -2     -4.786     -0.798    -64.763
 580  499      2.381    -10.703    -76.018
 260  172     13.631      2.756    -74.374
  -1   -2     -0.969    -11.480    -61.308
  -1  231     -4.975      4.032    -64.623
 466   -2      8.516     -3.847    -73.726
  -1   -2     -9.724      1.188    -76.767
 549  313     17.330      3.739    -68.534
 236  101     12.723     -4.246    -71.522
 159  242     13.418     -0.105    -67.472
 348  487    -15.675    -11.682    -72.768
  -1  239     11.487     -4.699    -69.652
 474  314     -6.297     -1.430    -68.502
 614   98     13.057     -5.333    -74.053
 406  648     12.482     -6.998    -70.764
 214  185      7.213      0.567    -61.560
 375   95      2.785      8.817    -71.178
 120  835     -8.600     -7.516    -67.925
 228  459      9.936      1.161    -70.457
 209  483    -14.642     -2.064    -69.552
 147   -2     -8.427    -11.129    -71.629
 271  121     10.317     11.043    -66.464
 178  303     12.908     -1.778    -70.082
 112   -2     -0.172      4.553    -60.246
 252  799      0.619      9.108    -64.421
 473  504     -0.938     -9.105    -62.562
 318  836      0.539      6.635    -75.348
 295  156     12.258      6.515    -67.603
 256  518      1.831     11.324    -62.715
 621  666      3.982     10.349    -72.439
 297  255      8.908     -5.327    -72.258
 216  287     15.368      8.837    -67.888
 373  264     13.578      5.031    -73.187
  -1   -2     -6.303     -2.233    -64.304
 142  795     12.176     -4.858    -69.889
 195  603      7.846     -3.293    -70.560
  -1  310     10.832     -3.968    -69.443
 246  299      3.817     -3.952    -68.996
 245  178     12.040     -5.752    -69.433
 213  222    -12.521      5.264    -73.750
 239  177      8.283    -12.090    -67.532
 804  256      3.000     -1.655    -69.318
 227  220    -13.333     -9.894    -68.698
 261  326    -13.924      5.563    -68.421
  -1   -2    -10.874      3.801    -63.835
 172  215     -6.427     11.433    -65.871
 547  454      3.786      7.260    -66.307
 226  530      4.611    -10.608    -67.975
  -1  568     -9.520      8.232    -62.661
 640  243    -14.923     -8.446    -70.418
 167  300     -1.619     -0.551    -67.039
 154  223     14.280      8.643    -68.918
  -1   -2     -8.289     -7.929    -62.916
 460  293      4.634     11.222    -61.928
 458  624     -9.028      8.893    -73.605
 589   -2      5.334      2.046    -63.391
 476  297    -10.231     10.715    -62.024
 165   33     -3.365      9.380    -72.833
 300  224      8.888     11.603    -68.230
 294  339     15.222      7.374    -68.251
 268  273    -14.050     11.354    -67.399
 108  134     11.337     -3.109    -68.591
 809  502      4.536    -10.902    -63.947
  98   22     -6.217      0.969    -72.963
 502  356    -15.206      2.975    -76.117
 290  307      2.634     12.776    -65.751
  32   44      4.759     -6.455    -71.871
 788  322     12.041      7.274    -70.782
 599  585     13.420     10.109    -65.356
 143   99     -5.027      6.933    -71.876
 584  605      0.965     -8.226    -65.349
  -1  358      4.496    -12.148    -72.302
 417  533      7.185    -12.364    -73.004
 337  328     10.897    -10.539    -72.151
 358  552      3.788     -7.602    -66.394
 480  292     12.954      0.631    -70.437
 608  113    -14.231     -5.029    -69.590
 628  247     -7.043    -12.187    -66.269
 173  702     13.420      8.818    -72.203
  -1  437     -1.612    -10.594    -76.745
 604  606      8.746     -3.186    -62.757
 499  296     -6.488     -3.456    -67.336
 684  280      1.318      6.006    -68.320
 274  661    -10.157      0.038    -61.838
 320  283     13.740      1.171    -68.506
 259  332     10.652      3.311    -65.671
 131  378      7.077     -4.487    -74.004
 244   68    -11.386     -4.360    -69.321
 242  112      8.681      2.574    -70.425
  -1   -2    -12.432     -4.484    -74.208
  -1  213     -7.697     10.419    -72.964
 513  506    -11.560      8.909    -71.649
 556  225     15.205    -11.958    -71.434
 319  276     12.159     11.844    -66.981
 264  298     -6.112     -5.983    -73.126
 331  346     12.497    -12.053    -68.981
 298  252     12.597      4.595    -64.206
 504  837     -5.617    -10.426    -59.487
  -1  505      6.695    -11.786    -75.324
 515  258      9.196     -0.660    -73.472
 280  802      9.452     -8.569    -70.503
 322  309      9.370     -4.602    -72.070
 329  367    -11.826      0.597    -72.429
 552  323      5.547     -7.003    -67.234
  -1  653      3.892      5.345    -74.334
  -1  588     14.818     -3.359    -74.662
  -1  285     16.343     -6.390    -70.423
 103  184      0.492      5.896    -73.495
  -1   -2    -11.221      1.632    -78.619
 729  827      3.592     -4.055    -61.500
 234   -2     12.325     -0.087    -73.556
 642  554      9.939    -11.585    -63.470
  -1  165    -10.185      3.188    -74.356
 338  469    -10.483      1.118    -67.472
 224  122     12.037      5.947    -62.909
 577  319      4.831      1.572    -73.469
 770  752    -13.614     -3.651    -72.329
 311  208      8.602    -12.534    -66.704
  -1   -2     15.779     -4.117    -66.905
 423  266      3.980     -1.277    -65.083
 193  335     -9.755     -2.855    -73.220
  -1   -2      0.118      8.885    -72.269
 291  331     13.272     -6.056    -67.980
 600  350    -15.715      2.891    -73.416
 336  349     -5.736      5.292    -61.851
 818   -2     10.383     -9.567    -65.565
 323   87     -6.534      5.154    -73.100
 343  343      8.090     11.781    -70.155
  -1  317      6.331      9.110    -70.797
  -1   -2      1.563     -4.108    -62.870
 340  238     10.357     11.922    -69.495
 141  534     -2.316     -1.907    -74.622
 312  161     -3.597     10.532    -71.811
 475  345      2.163    -11.838    -70.279
  -1   -2     -9.048     -0.560    -61.218
 791  347      9.773     -9.569    -66.676
 351   -2    -10.988      9.822    -68.992
 235  327      7.211     -4.997    -69.887
 457   -2      2.988    -12.511    -71.759
 347  811     15.919     12.866    -68.536
 763  759      5.457     -0.601    -64.315
 555  381    -15.318     -5.808    -76.044
 352  671     13.825     -7.875    -73.184
 341  355     -5.701     -9.045    -67.295
  -1   -2    -12.989     -7.744    -67.310
  -1   -2    -10.965     -6.383    -70.104
  -1  369     -2.490     -1.319    -67.966
  -1  757    -13.247     -0.900    -76.786
 368  251      3.593     -1.591    -65.316
 307  806     -1.182    -11.283    -73.452
 357   -2     -7.737     -4.998    -75.467
  -1   -2    -10.520      0.365    -76.347
  -1   -2     -9.009     10.969    -71.131
  -1   -2     -5.945     -5.304    -65.977
 744  732     -3.775     -5.016    -68.724
  18   14      2.146     11.713    -69.979
   2  544     -2.169     -7.040    -73.516
  24    0     -5.175     -8.009    -73.449
 376   18     -6.839     -2.454    -70.822
   5   66     -4.248     -0.003    -71.387
  -1   -2      6.333     -7.368    -62.729
 372    7     -5.080      6.143    -71.555
  -1   -2     -7.804     -3.703    -59.193
  -1   -2     13.728     -2.756    -73.466
 370   11     -1.084     -0.909    -70.219
 324  320     -3.563     10.387    -73.765
 792  105     -4.158     -6.740    -72.449
 135  551     -1.696      4.203    -66.700
 386  150     -5.252      3.824    -72.923
  -1   -2     -1.970      6.946    -59.358
 181  574     -3.829     -4.784    -77.561
  -1  629    -10.668      7.876    -75.155
 399   79     -9.469     -4.699    -68.460
 174   -2    -10.822     -4.057    -69.166
  -1   -2      0.392      8.473    -63.342
 385   -2     -2.406      3.607    -68.893
  -1   -2      0.624     -7.023    -77.170
 286   -2     10.917     12.509    -66.986
 420   69      8.415      2.211    -68.239
  53   92      2.422      4.467    -70.118
  -1  186      5.803     -2.318    -77.270
 393  404     -2.194     -7.705    -68.821
  -1   -2     -1.351     -6.304    -63.217
 442  102      4.268      1.739    -73.042
  -1   -2     -4.274      5.640    -60.184
 125   60      2.232    -10.162    -70.047
  -1   96     10.161      8.002    -72.977
  -1   -2      8.299      9.871    -75.715
  -1  352     11.854      1.905    -73.310
  -1   -2     -3.598     -3.787    -64.265
  -1  217      0.638     -6.103    -76.508
  -1  221      4.858     -5.145    -72.113
 243  391     16.422     -2.873    -73.523
 287  472     -6.079     -8.394    -73.056
 401  428     -5.452      4.213    -66.834
  -1   -2     -2.255     -4.948    -76.452
 204  443     -8.125     -2.147    -62.973
 627  525      8.164     -8.241    -71.614
  -1   -2     -2.220      1.583    -63.569
  -1   -2     12.515      2.739    -64.327
 201  419      8.232     10.887    -62.302
 222  193    -12.067      3.898    -68.648
  49   -2     -4.037      0.765    -67.274
  -1  396     -7.432     -0.970    -74.878
  -1   -2      6.460     -1.686    -64.058
 438   -2     12.470     -4.078    -62.990
 407   -2     -2.282     13.584    -62.571
 293  166     14.945      5.331    -71.277
  -1   -2    -10.588      0.242    -57.963
 413  441      6.076     -8.860    -63.532
 801  427      8.322      7.204    -66.988
  -1  440      6.895     -8.549    -61.667
 379   55     -7.084     10.949    -70.833
  -1   -2    -15.731     -3.846    -71.431
 118   -2    -11.889     -4.958    -68.746
 158  137      3.912     -9.664    -63.983
  -1   -2      0.487      8.064    -52.893
 310  807     17.548     -3.372    -69.522
 266  553     -2.074      3.138    -59.245
 501   -2     -0.431      5.579    -58.127
 134  838     -1.601     -2.004    -66.369
 160   -2      6.818     13.228    -67.015
 802  562     10.810    -13.066    -65.466
  -1  476     -8.836      4.282    -67.579
 450  160     -5.000      3.919    -61.794
  -1   -2      0.534     -2.769    -60.049
  -1   -2     -2.227      7.420    -72.002
  -1  462    -11.118     -9.500    -65.649
 470  452     15.962      0.516    -64.323
 572  143     14.993    -10.402    -68.452
 183   -2    -12.776      0.434    -63.513
  -1   -2      0.340     -1.308    -59.910
 528  153     -6.143      0.370    -63.929
  -1   -2      2.890      9.358    -58.755
 199  797      4.166      7.519    -73.569
 456  457    -10.939      9.585    -61.723
 819  232      7.583     -5.359    -64.099
 541  181     -7.193     -2.940    -59.721
  81  478    -10.854     -6.084    -66.037
  -1   -2     -2.586      2.809    -57.936
 784  131    -14.252    -10.266    -69.838
 211  798     13.482     -7.346    -68.762
  -1   -2     -3.823     -1.687    -77.973
  69    6      8.708      5.660    -69.012
 128  216     -9.329      1.440    -68.753
 424  839      8.649     10.400    -65.382
  -1   -2    -11.061      3.975    -62.159
 189  512     -6.526      6.578    -65.420
  -1   -2     -3.774     -3.973    -62.658
  -1   -2      1.255    -11.182    -77.189
  -1   -2     -7.189     -3.566    -76.934
  -1   -2     -4.357      8.403    -62.272
 429  813     -7.575    -11.924    -63.626
 421  190     -7.665     -1.205    -68.519
 390  147    -10.308      1.959    -63.603
  -1  392    -10.391    -12.825    -68.425
 459  532      4.578      1.849    -69.180
  -1  448     -5.885     -5.860    -56.239
 543  407      5.602     -8.132    -62.724
 440  814     -3.986     -6.051    -71.213
  -1   -2      5.521      8.626    -59.241
  -1   -2     -8.412      1.152    -59.562
  -1   -2      2.738     -3.864    -73.271
 485   -2     10.322     -6.385    -62.898
 275  159     -3.784      8.632    -61.089
 821  284     12.749     -5.131    -67.472
 446  492     -3.733    -10.273    -60.460
 387  523      8.408    -12.608    -74.322
  -1  565     17.843    -12.623    -67.956
 439  129      0.754    -11.900    -64.676
 265  800     -7.683     -3.970    -70.747
  -1   -2     -0.059     -5.946    -61.024
  -1  463      4.153    -12.797    -64.060
  -1  302      2.511     -5.100    -75.952
 129   -2      1.737      8.605    -66.438
  -1   -2     -6.029    -11.639    -61.756
 111   -2     -5.450      6.194    -62.747
 436  265    -11.912     10.731    -64.394
  -1   -2    -16.433     -2.171    -74.292
 377  500    -10.673      8.313    -74.091
 582  515      6.089     -7.958    -76.439
  -1   -2     -8.297    -12.655    -66.811
 487  815      3.795      9.872    -62.947
 251  410     -2.099     10.626    -70.710
  -1  501     -7.063      3.414    -64.330
  -1   -2     -3.707    -11.852    -61.612
  -1   -2      8.089      8.596    -61.253
 576   -2     -3.026    -10.133    -61.056
  -1   -2     -8.253     10.036    -75.405
  -1   -2     -2.244     -7.661    -56.777
  -1   -2     -8.465     -9.745    -63.778
  -1  496      3.794     -2.571    -76.064
  28  192     -0.777     -5.657    -70.962
 163  275    -14.771      7.625    -69.778
 646  822      3.271     -6.403    -58.405
 419  259      6.984      4.370    -62.850
 151  579    -12.806     -5.826    -65.832
  -1  689     16.932      9.828    -66.712
  -1   -2     -5.452      8.430    -70.145
 550  207      4.810    -12.273    -66.650
 283  804     15.031     -5.679    -73.880
 503  488     11.956    -10.155    -65.684
  -1  611     16.174     -7.566    -72.718
 409  543     -3.070      3.597    -68.644
 208  520      9.530      3.162    -63.045
  -1   -2     -8.038      5.862    -74.844
  -1   -2      9.115      5.880    -75.225
 335  809     13.368      4.946    -69.776
  -1  556     -4.086      9.598    -60.258
  -1   -2      0.496     -1.603    -64.319
 799  133      8.169      8.466    -72.569
  -1   -2    -14.049     -4.154    -77.713
 314  808     14.012      4.226    -71.128
 250  481     -1.429     -5.095    -62.581
  -1   -2     16.244     -4.041    -64.737
  -1   -2      3.749      1.740    -76.396
 229  486     -4.805    -12.351    -68.398
 217   -2    -12.028      9.524    -75.913
  -1   -2     -1.416      9.923    -75.389
 431   -2      5.344      8.667    -76.315
  -1   -2      3.027    -12.937    -66.143
 607  535      7.971      6.321    -76.412
  -1   -2    -15.818    -10.267    -74.106
 254  230      9.612    -11.650    -71.248
  -1   -2      0.898     -6.259    -64.581
 602  146     -6.519     -4.381    -66.889
  -1   -2      4.069    -12.582    -69.193
  -1   -2     -7.051      3.455    -68.466
  -1   -2     -7.057      4.620    -63.039
  -1   -2     16.990     11.491    -70.876
  -1   -2     -9.367     -5.448    -66.290
  -1   -2     -7.786     -4.128    -73.604
  -1  291     16.654      2.572    -69.578
  -1   -2     -3.495      8.412    -72.880
  -1   -2     -9.548     -4.387    -74.553
 735  828     -7.388      7.042    -71.906
  -1   -2     13.094    -12.683    -74.837
  -1   -2     -0.524     -3.893    -64.097
  -1   -2     11.697      3.037    -69.561
  -1   -2      9.285     12.277    -64.530
  -1  519    -13.356      7.410    -67.675
 820   -2      4.204      3.736    -77.453
 496   -2     10.429    -10.313    -65.120
 330  325     13.909     10.985    -68.515
 527  817     15.347      8.214    -72.675
 299  511     13.260     -2.418    -63.040
  -1  571     16.883     11.413    -65.778
 518  545     17.664     -0.396    -66.715
  -1   -2      6.361      3.821    -62.580
  -1   -2    -15.973     -0.528    -76.110
  -1   -2     -6.683     -9.459    -56.373
  -1   -2     -1.684    -10.541    -60.406
  -1   -2     -5.224      2.761    -66.424
  -1   -2     -5.061     -1.289    -77.025
 671  321     17.080      9.836    -73.598
  -1   -2      6.712     -9.481    -62.606
  -1   -2     -6.104      2.649    -62.353
  -1   -2     10.989     -8.764    -66.429
  -1   -2     -5.297      4.306    -54.576
  -1   -2    -11.215     -5.963    -62.641
  -1   -2     14.176      1.113    -72.400
 414  586     16.423      1.570    -69.124
 578  818      8.620     -0.906    -70.290
  -1   -2     10.497      6.709    -66.000
  -1  479      9.224      6.616    -71.915
 478  497      2.818     -3.828    -68.846
  -1   -2     -7.902      6.620    -52.761
  -1  305      7.429    -10.965    -69.611
  -1   -2     13.019      2.507    -59.844
 284  295     14.827     10.007    -67.313
  -1   -2     -1.513      3.803    -53.409
  -1   -2      4.073    -10.871    -70.893
  -1   -2      5.731     -0.582    -61.130
  -1   -2    -15.398      6.404    -76.230
  -1   -2     16.447      7.028    -64.967
  -1   -2     17.912     -7.706    -69.274
  -1   -2      2.344     10.442    -59.248
 673  823     11.722     -9.575    -60.502
  -1   -2      3.738      5.983    -53.342
 345   -2    -13.160     13.024    -67.003
  -1   -2      7.905      0.541    -52.449
  -1   -2     -4.322     -5.351    -60.325
  -1   -2    -10.758    -12.156    -63.913
 635  260      0.147      0.914    -61.289
  -1   -2     10.795      1.074    -76.335
  90  151      1.341      1.349    -74.723
  -1   -2      8.695      2.150    -62.427
  -1   -2      0.006      6.301    -57.539
 430  362    -13.307     -7.830    -73.474
  -1   -2    -10.414     -1.453    -68.948
  -1   -2     -4.628     12.005    -60.283
  -1  622     10.666    -12.627    -64.919
  -1  227     11.873     -3.995    -68.272
 625  840     -8.868      4.215    -64.985
 526  753     14.124    -12.533    -76.821
  -1   -2     -2.616     -2.142    -61.692
  -1   -2     -6.466     -1.521    -65.968
 434  570      5.286    -10.145    -62.245
  -1  615    -14.039     13.094    -68.046
  -1   -2     15.160      2.726    -61.702
  -1   -2      5.275     12.029    -60.556
  -1   -2     -2.382      3.438    -76.242
  -1   -2     14.208      3.022    -67.121
  -1   -2      9.128     -0.524    -72.063
 491  527      9.667      9.820    -68.226
  -1   -2     -7.567     -7.119    -57.914
 522   -2      4.376     10.430    -72.134
  -1   -2      8.240    -10.243    -59.786
  -1   -2     -5.942    -10.478    -60.878
 309  377      7.876     -3.295    -67.790
  -1   -2     16.050      5.733    -63.192
 800  485      8.154     -6.884    -56.862
  -1  318     12.815     12.437    -63.347
 302  278     10.649     -8.097    -73.098
 633  600     11.905      0.031    -59.924
 815   -2     -3.930    -10.193    -71.380
  -1   -2     -1.571     11.008    -60.116
 710  841    -13.416    -11.823    -67.333
 612  205     11.968     -1.257    -68.391
  -1   -2      3.931     10.818    -75.044
  -1   -2     -7.740      2.476    -60.574
  -1   -2     -9.926     10.421    -57.590
  -1   -2     11.856     -6.837    -75.522
  -1   -2     -8.928     -3.547    -52.476
 785  453     -9.887    -10.985    -68.164
 525  450     -9.731     -8.427    -63.643
  -1   -2     -1.161      7.250    -53.007
  -1   -2      6.985     -8.167    -68.138
  -1   -2     -9.239     -5.210    -56.548
  -1   -2    -11.589      5.601    -64.742
  -1   -2     -4.028     -0.628    -75.400
  -1   -2     -9.187      5.736    -54.440
  -1   -2     -4.319     10.488    -59.124
  67   -2      7.601      3.821    -76.163
  -1   -2     -8.950    -12.237    -71.902
  -1  493    -12.572     -6.670    -72.133
  -1  631      2.929    -11.799    -62.329
  -1  138     12.771     -7.001    -72.398
  -1   -2      0.118    -11.686    -77.953
  -1   -2     13.163     -4.320    -74.524
  -1   -2     -2.848     -6.888    -60.344
  -1   -2      8.684     -6.995    -52.474
  -1   -2      6.564      5.580    -58.588
  -1  620     -7.680      3.653    -60.835
  -1   -2     15.766      5.172    -69.832
 544   -2     10.060     -3.906    -64.398
 813  294      8.512      0.454    -63.121
  -1  763      4.382     -6.049    -77.731
  -1   -2      7.887     -5.731    -85.579
  -1   -2    -15.961     -6.768    -75.798
  -1   -2      0.925      2.278    -64.186
 269  801     17.714      9.790    -70.278
  -1   -2     -2.479     -0.264    -65.871
  -1   -2     -6.815      8.899    -77.611
  -1   -2     13.913      0.678    -58.405
  -1   -2     -1.188     -0.561    -57.582
  -1   -2     11.232     -5.703    -59.947
  -1   -2     -8.395     12.046    -62.227
  -1   -2      0.438     10.150    -58.385
  -1   -2     -2.757     -7.860    -56.110
  -1   -2     -0.975      9.005    -56.797
  -1   -2      3.672    -12.484    -77.104
  -1  334     11.713      2.946    -64.154
  -1   -2      4.883     12.992    -63.756
 569  680     15.474      2.058    -64.072
  -1   -2      1.439     -8.215    -77.021
  -1   -2     18.270     -6.773    -72.651
  -1   -2     16.167     11.515    -67.343
  -1  635     -2.031      5.825    -65.992
 767  748    -13.995      2.059    -77.993
  -1  744    -10.003     -4.038    -67.497
  -1   -2      6.483      3.559    -66.102
  -1   -2     16.503    -11.300    -67.736
  -1   -2     11.197     -3.162    -58.185
  -1   -2     17.984     -9.983    -73.541
  -1   -2    -11.958    -12.734    -63.996
  -1   -2      3.560     -0.231    -57.785
 305   -2    -11.778      7.501    -75.405
  -1   -2     -1.572     -1.992    -68.238
  -1   -2     13.522      4.755    -60.983
  -1   -2     15.767    -13.415    -70.885
 512  816    -10.049     -0.711    -67.694
 645  634     15.729     12.992    -64.565
 537  200     -2.049     -8.281    -71.814
  -1   -2      2.765     -0.070    -77.666
  -1   -2     -5.999    -10.544    -58.960
  -1  315     -1.328      8.445    -74.076
  -1   -2     -0.595    -12.803    -69.907
 606  678     -8.344     -0.293    -64.946
  -1   -2     -4.311      1.075    -61.283
  -1   -2     -8.548     -8.483    -58.501
  -1   -2     -8.458     -2.359    -61.464
  -1  683     -9.886      9.491    -72.403
  -1   -2     13.384      9.235    -62.716
 805  831     15.977      2.933    -69.772
 596   -2      5.928     -5.106    -60.830
  -1   -2    -14.678     -8.514    -72.336
  -1   -2     -4.133     -3.701    -73.353
  -1   -2     -3.584     12.712    -65.638
  -1   -2      8.248     10.620    -59.679
  -1   -2     -8.750      2.713    -73.292
  -1   -2      2.574      9.398    -62.087
  -1   -2     -2.445     -8.792    -60.416
 152  353      5.812     -2.586    -73.656
 745  340     16.189     -2.062    -67.116
  -1   -2     -1.175     10.327    -58.947
  -1   -2     -5.361     -6.170    -65.806
  -1   -2      3.751    -10.799    -65.714
  -1   -2     -2.292      9.056    -73.238
  -1   -2      3.192      8.866    -62.430
  -1   -2      9.233     -6.191    -66.921
  -1   -2    -12.940      1.775    -72.332
  -1   -2     -6.928      3.331    -86.435
  -1   -2     15.018    -12.590    -70.000
  -1   -2     -3.432      6.568    -76.578
 706  824     15.696      0.403    -72.247
 342   -2    -11.452      2.058    -67.171
  -1   -2    -14.368     -2.675    -73.543
  -1   -2     -0.722     10.242    -58.076
  -1   -2      4.353      1.017    -67.958
  -1   -2     10.526    -10.156    -58.119
  -1   -2      5.864     -9.980    -65.837
  -1   -2     10.121     -4.849    -57.106
  -1   -2    -10.678     13.132    -65.881
  -1   -2     -1.776      3.730    -70.644
  -1   -2      1.951     -4.258    -85.590
  -1  360     -1.253    -12.085    -68.794
  -1   -2     12.034    -10.336    -76.002
  -1   -2      2.459      4.703    -52.830
  -1   -2     18.854      6.256    -71.666
  -1   -2     12.866     -5.552    -61.111
 356  550     -7.923      2.936    -66.500
 807  832      7.665    -12.976    -69.308
  -1   -2    -13.481      8.907    -85.835
 367   -2    -13.945     -5.737    -75.910
  -1   -2     12.332     -6.082    -78.928
  -1   -2      8.180     -6.368    -64.346
  -1   -2      6.464     -8.045    -67.723
  -1   -2    -12.179     -0.968    -60.889
  -1   -2    -10.399     -5.933    -71.335
  -1   -2     -6.281      3.389    -52.516
  -1   -2     14.288     -3.013    -86.121
  -1   -2     13.859      8.860    -57.919
  -1   -2    -13.348      8.264    -87.023
  -1   -2      7.636      5.194    -82.766
  -1   -2     11.514      3.431    -64.610
  -1   -2     12.527      3.799    -73.714
  -1   -2      3.822      9.888    -56.037
  -1  667      8.012      0.048    -70.398
  -1   -2     17.136      5.668    -67.550
 610  336     11.503     -6.633    -68.387
  -1   -2    -11.111    -12.122    -67.258
  -1  233    -10.111     -2.447    -75.623
  -1   -2     12.927     10.228    -56.198
  -1   -2    -14.156     -0.494    -77.172
  -1   -2    -11.337     11.157    -66.977
  -1  333     -0.778      3.155    -71.082
  -1   -2     11.417     -9.509    -57.589
  -1  685     17.210     -3.315    -75.097
 366   -2     -0.827      2.552    -67.397
  -1   -2     -7.392     -7.374    -87.247
  -1   -2     -2.479      8.195    -77.465
  -1   -2     15.713      6.416    -63.201
  -1   -2     -2.580      6.593    -58.657
  -1   -2     12.070     -2.571    -86.252
  -1   -2    -12.042      6.010    -69.015
  -1   -2     14.717     -7.229    -63.891
  -1   -2     14.423     11.479    -68.202
  -1   -2     12.862    -13.006    -67.594
  -1   -2     -2.026      1.324    -73.082
  -1   -2     13.315      8.561    -63.940
  -1   -2    -10.943      9.576    -74.562
  -1   -2     -0.170     12.372    -69.431
  -1   -2    -14.440      5.777    -72.986
  -1   -2     13.700     10.722    -58.727
  -1   -2     -8.650     -0.158    -70.166
  -1   -2      8.624      1.463    -58.945
  -1   -2     -7.800     11.479    -74.877
  -1   -2    -11.977     13.141    -64.185
  -1   -2     -3.689     -0.760    -57.393
  -1   -2     13.212     -8.395    -76.509
  -1   -2      2.788    -10.919    -62.280
  -1   -2     -9.964      8.399    -74.769
  -1   -2     -3.374      5.637    -76.164
  -1   -2     15.079     11.678    -81.435
  -1   -2      1.274      8.855    -62.741
  -1   -2      8.513     -3.166    -58.538
  -1   -2     -0.982      6.690    -65.574
  -1   -2     -4.876      6.052    -53.734
  -1   -2      6.728     -0.465    -66.932
  -1   -2     10.880      5.630    -63.722
  -1   -2     13.080      8.295    -56.362
  -1   -2     -9.320      1.623    -65.662
  -1   -2      5.473    -12.427    -75.724
  -1   -2      2.880      1.779    -63.796
  33  842     -2.963     -1.211    -70.589
 288   -2     -6.391      4.050    -65.988
 146  796      9.440      3.084    -72.014
 122  425     14.365     -4.816    -71.948
 426  812     17.019      2.881    -72.175
  97   -2     -6.176      8.687    -66.307
 374  432      1.577    -10.879    -70.500
 786  203     -8.903     -7.073    -68.773
 581  819     10.593      2.495    -64.144
  -1  721     11.304      7.986    -68.141
 233   -2     -9.656     -8.681    -65.699
 321  657      6.098     11.353    -72.226
 344  507      8.635     -0.034    -74.563
 282  438     -4.663     -0.526    -68.268
 354  843      5.726     12.159    -69.789
 327   -2     -7.404      4.120    -64.755
 107   -2      2.153      8.074    -63.885
 598  820     16.538     -8.270    -72.624
 455   -2      5.097     -7.399    -63.785
 202   -2     -1.725     -8.506    -64.647
 471  447      4.071      9.177    -60.147
 521  844     16.780     -9.096    -65.636
 462   -2     11.135      2.546    -76.501
 506   -2     16.241    -11.188    -70.642
 545   -2     16.203     11.691    -66.205
 481   -2     11.725     10.089    -59.452
 774   -2     -4.014     11.963    -60.176
 350  720     12.017     -2.905    -66.558
 697  244      8.027     -3.064    -74.798
 565   -2    -14.182    -10.070    -69.686
 722  826    -14.150      4.482    -65.543
 721  825    -12.502     -1.179    -67.585
 428   -2     -5.944     -5.898    -68.172
 170  240     -0.502      6.764    -60.061
 272  271     -9.427      6.465    -68.838
 432  845     -8.255     -5.399    -61.908
 603  741     14.125      3.415    -58.781
 659   -2      5.031      6.440    -61.426
 806   -2     13.450     -0.547    -58.448
 811   58    -10.406     -1.583    -67.363
 817  846    -14.729     12.324    -67.532
