840
   7   11     -5.136     -0.789    -69.904
   0    2      1.949      3.957    -70.305
   1    5      8.913      1.374    -70.302
 154  423      9.456     -1.115    -71.222
   8    4     -7.666     -2.388    -71.074
  11    1      6.154      5.471    -71.596
  12   41      5.040     -1.724    -68.861
  84    8      3.586      4.658    -70.668
 388  172     -0.273      4.235    -67.487
  34  474      4.600     13.010    -65.510
   5   15      2.719      6.974    -70.203
 446   29     -1.701      5.902    -71.895
   4   31      9.299      1.921    -70.595
  17   42     -1.762      1.067    -69.982
 374   47      5.979      4.872    -71.719
 132  377     -8.438      3.024    -73.843
 140   22     -1.870      1.130    -75.123
 402   38      1.864      6.250    -70.658
 375   56      4.796      3.153    -70.741
 406  394      4.344      5.418    -67.847
 126  104      6.885      0.996    -68.126
  20    0      5.776      8.834    -71.289
  18   28      0.477      6.396    -66.376
  21   32     -8.034     -7.223    -70.741
  61  780    -10.928      1.584    -73.203
  13   14      7.563      1.943    -68.280
   3   36      2.453     -3.198    -74.091
   2   12     10.042      2.623    -72.023
  24   24     -6.580      0.799    -66.967
  -1  231     -4.578      7.589    -72.973
  30   33      4.425      4.247    -68.364
  43   -2     -5.506      5.305    -69.867
  60  194     -2.814     11.309    -71.405
  58   34      7.954     10.733    -67.917
  35   18     -9.950     -4.138    -70.058
 153   27    -10.583     -0.768    -75.852
  85  386     -2.003     10.594    -70.509
  73   35     10.292      5.112    -66.510
  50   -2     -4.665     -6.808    -77.353
  28   -2     -9.497      3.193    -72.077
  23   16     -3.154      6.141    -69.681
  22    6     -2.504     -2.590    -73.921
 802  224      0.604    -10.878    -69.717
  38   54      0.014      0.272    -65.085
 264  417      8.267     -6.543    -70.775
  55   71     -1.423      4.733    -64.655
 117  122      3.350      6.911    -65.732
  19  174     -2.449      5.941    -74.458
 410   76      7.047      8.943    -64.050
  44   90     -1.963    -11.672    -70.879
  80   -2     -7.160      5.600    -65.905
 436   53      5.136     -7.095    -67.837
   6  779     -4.656     12.342    -73.054
  32   57     -7.646      4.798    -67.399
  86  165    -15.473      6.002    -70.666
  33  179     -2.802      0.015    -69.306
  57    9    -15.580      7.680    -74.434
  87   87      1.789      1.882    -66.058
  -1   -2      3.263     11.438    -65.044
  14  131      5.688     -1.947    -71.761
  88   -2    -13.249     -5.966    -71.310
  65  123    -14.115      0.710    -69.492
  36   -2    -11.545      2.416    -67.370
 135   65      6.697      6.546    -66.600
  52  268    -14.293      8.965    -72.390
 222  787      1.261     11.957    -73.869
 421  215     -6.637     11.849    -73.460
  99   67     -8.253      9.222    -64.233
  39  121     -4.080      2.646    -73.706
  51   58     -0.657     -1.188    -70.829
 206   -2     -7.588     -3.354    -77.790
 200  242     -1.492     -5.900    -68.820
  56   52    -10.637     -2.985    -69.836
  10    3      2.707      4.870    -67.969
  45   -2     -1.532     -7.928    -75.039
 119   99      2.164      7.091    -61.750
  81   77      4.773    -12.101    -68.565
 383  246     -2.362     10.327    -67.930
  41  112      8.160     -4.928    -68.425
 416   69     -2.896      7.082    -67.353
  90   96     13.708      4.473    -65.841
  26   39     -2.491      6.087    -66.994
  46   89     -8.859      7.182    -66.930
 430   13     -0.018      9.206    -73.658
 106   23     -7.072      2.532    -65.198
 104  143     -4.770      1.772    -61.922
  94   45     -5.053     -1.783    -67.822
 401   79     -1.483     -3.327    -73.179
  76  292     -2.262     -2.402    -70.174
 136  139     -2.600      5.227    -63.572
  72  124     -7.557     -4.798    -67.739
 108  109     -9.730     10.434    -65.744
 111   70     -2.253     -0.312    -64.692
 169  133      8.939     -0.746    -71.706
 112  115     -3.982     10.146    -63.298
 124  389      2.652    -11.772    -68.910
 123  436     -7.872      0.686    -65.970
 141   97     -9.326     11.979    -68.647
  37   48     11.071     -2.695    -72.911
 127  202      5.571    -10.750    -66.764
  96  642     -1.796      0.861    -68.462
 125  127      1.305     -8.314    -64.794
  -1   -2     -5.808      0.952    -61.586
 283  820    -10.030     -3.699    -72.337
 113  136      9.666     -3.457    -67.037
 166  238     12.103      6.783    -68.008
 158  114    -10.869      0.636    -63.572
 209  219    -15.320     -1.203    -73.561
  27  478    -10.050      3.477    -71.997
 429   -2      7.123      0.187    -68.576
 259   92     -4.770      3.163    -63.032
  -1   78     -3.802      0.140    -71.658
  75  208     -5.579     -8.081    -71.483
 197  144     -6.717      0.911    -63.545
  89   60     -7.188     -0.775    -64.341
 122  214     -7.732     10.968    -71.032
 822  155     -5.998      2.438    -62.155
  48  175      5.379    -11.499    -71.818
 152  134     -6.176     -1.031    -62.339
 142   82     -5.719      0.505    -67.766
 143  119      9.065      7.703    -68.061
  29   40      5.065      0.774    -67.640
  -1   -2      8.161     11.522    -59.868
  -1   83     -0.704     10.666    -63.886
  71  180     12.091     -1.917    -69.187
 107  218     -7.636      8.218    -67.155
 189   -2      6.491      3.458    -74.892
  93  107      2.853     12.453    -66.742
 150  207      5.369     -4.343    -66.825
 472  805     -9.094     -7.970    -67.813
 184  236     -0.733      2.765    -75.063
 155   74      2.819     -9.323    -63.216
 181  161      9.753    -11.626    -68.364
 177  140     -0.838     -5.210    -63.983
  -1  106      6.407     -3.352    -66.188
  -1  102      9.542     -0.730    -67.136
  92  158      7.800      7.263    -72.897
 205  177     10.679     -1.527    -65.419
  69  100     -2.023     -7.277    -70.234
  82  168     -8.409      1.070    -62.177
 167   81      1.781     -8.972    -68.758
 105  160     -0.071     -5.985    -64.630
 165  217     -3.848     -3.553    -61.688
 130  138      0.445     -5.040    -63.778
 674  227      1.707    -11.768    -68.214
 377  196     -4.076      7.488    -71.387
 121  137      6.229      8.054    -66.620
 162  105    -13.908     -0.020    -67.296
 419   75     13.290      3.051    -68.904
 187  117    -11.794     -7.031    -68.714
  -1  153    -10.330     -3.080    -62.965
 188  126     11.092     -3.501    -65.249
 238  229     -3.367    -12.244    -67.169
 586  310      1.032      5.971    -73.052
 272  157     -5.113      9.883    -64.032
  74   -2     -6.774     -7.655    -70.355
  -1   -2      8.288     -8.811    -70.844
 182  254     -0.973     -3.671    -66.888
 244   73     -8.497     -0.408    -66.342
 294  129      2.584    -12.775    -69.737
 456  198     -0.189     -9.051    -65.872
 102  821      0.840     -4.164    -64.664
  83   -2      0.489      4.256    -77.414
  77  151     12.309      4.451    -73.873
   9   64     -5.214     -1.755    -74.632
 163   94      6.358     -6.379    -67.582
 228  261      6.803     -8.640    -69.071
  -1   -2    -14.616      8.670    -76.935
  16  266     14.942     -0.040    -71.643
 190   -2     -5.526      0.836    -64.327
 593   59     -6.339     -8.094    -74.954
  -1   -2      4.535     -6.421    -59.845
  -1   -2      3.984     11.965    -73.061
 262  243     -4.754      7.552    -69.944
  -1  220      6.406     -6.499    -64.505
 450  159     -7.800     -9.949    -64.080
  -1  314     -6.220     -6.605    -75.635
  -1   -2     -1.905      9.489    -57.789
 432  226      5.508      0.210    -62.953
  97  171    -10.748      7.298    -65.993
 418   -2      8.052     -6.274    -63.344
 161  264      5.993      8.482    -63.475
 398  223    -11.900     10.356    -71.063
 211  195     11.032     -2.060    -67.613
 274  256    -11.742     10.977    -65.588
 194   17      5.967      1.466    -68.139
 380  232     -7.320      2.842    -71.331
 613  154     -2.832     -0.652    -64.581
 555  209    -10.724     -4.349    -65.909
 487  444      5.185      8.541    -61.403
 219  125      8.480    -11.593    -69.024
  -1  110     12.426     -2.585    -72.108
  -1   -2    -11.244      1.629    -66.226
 285  794    -12.993      8.105    -70.759
 310  162     -4.091      5.209    -66.363
 180  197     -8.404      8.829    -66.606
 609  250     13.611      5.160    -74.902
 498  428     -6.077     -7.183    -60.338
  67  188    -12.700     12.121    -73.223
  -1  135     -8.706     -4.611    -64.148
 251  187    -12.210     -1.282    -74.368
  -1  520     -6.219      7.423    -68.671
 191  589     10.108      4.908    -62.964
 249   84      9.876      1.213    -70.952
 483   -2     -4.732     -7.555    -69.945
  54  204     -3.201     -0.851    -70.665
 204  403      4.252     -5.705    -73.302
 196  564      0.256    -10.579    -73.439
  59  300      7.277      8.695    -73.571
 340   51      1.679      4.800    -74.455
  -1  251    -14.162     10.769    -76.834
 281   -2      9.588     -7.074    -67.205
 100  146      5.634      7.039    -75.914
 210  148     -2.022      1.034    -64.373
 133  259     15.900      6.889    -68.480
 195  785     11.159     -9.348    -67.075
 224  323     -3.976      3.392    -67.184
 534  108     14.273     -1.217    -72.294
 232  332     11.484      1.442    -63.431
 147   55      4.013      9.397    -66.896
 344  306    -12.405     -3.252    -65.082
 562  454     -4.888     -9.997    -68.981
 782  817      3.620    -10.929    -67.847
  -1   -2     -8.095      5.028    -60.354
 138   85     10.032      3.877    -69.233
 172  234     -1.592      9.492    -74.032
 290  200     -3.698     -7.570    -67.902
  53   68     -1.914     -7.494    -68.758
 268  186     -9.284      3.531    -75.406
  -1  189     -2.459      9.349    -66.042
  -1  253    -11.928     -2.676    -65.323
 116  260     11.732     -5.967    -70.940
 246  176     -5.988     -1.063    -75.317
 502  462      2.572    -12.098    -71.784
 101  357      2.610      0.269    -68.908
 520  656     16.711     -6.232    -76.029
 134  141     -1.580    -11.370    -65.043
 170  225      3.441     -3.135    -65.297
  -1  116    -11.189      2.601    -71.976
 324   -2     -5.081     10.032    -69.856
 243  288    -13.132     12.757    -66.735
  -1   -2    -13.051      3.316    -66.890
 157  275      6.895     -7.375    -64.463
 308  273      1.117     -4.650    -71.369
 669  173      8.488      9.416    -71.706
 109   -2     14.888      1.355    -71.817
 164  336      8.125     -8.316    -64.498
 329  150     -0.713      2.311    -71.853
 372   -2    -14.988     -6.569    -74.527
 215  191      4.874      3.706    -63.629
 371   -2      2.209    -11.439    -69.499
 576  356     -5.742    -12.289    -66.200
 201   -2      3.056     10.885    -77.888
 413  237      7.927     -1.001    -73.196
 267  521    -11.097      3.617    -75.186
 257  294     15.800      9.653    -70.392
 230  620      1.639     -4.678    -71.047
 424  235    -13.192    -11.866    -71.129
 235  299     -7.463     -0.829    -61.526
 207  241    -13.981     10.320    -67.693
 239  182      0.540     -1.574    -73.080
  -1  249    -14.532      4.470    -69.432
 217  594     10.181      6.286    -68.257
 151  244      2.004      2.123    -69.155
 298  167     -8.561      7.723    -73.665
 327  373     10.128      4.041    -70.774
 316   -2    -10.358     -8.083    -74.467
 255  111     -4.844     -9.155    -71.664
 572  370     11.500      2.025    -67.509
 807  274     -3.560     -7.840    -62.084
 723  118     -8.767     10.839    -63.944
 278  228      3.882     -8.112    -66.716
 240  297     15.172      0.262    -65.197
 478   -2     11.012     -3.529    -62.456
 639  206    -14.016     -9.475    -74.596
 827  328     -7.826      9.930    -63.541
  -1   -2     -1.643     -6.837    -62.070
 378  320      6.790     -1.202    -72.292
 302  412     11.493      1.028    -66.488
 313  342     15.494     11.413    -73.221
 237   -2      1.745     -1.262    -65.075
 301  605     -8.977     -8.091    -75.754
 303   -2      3.267     -1.769    -66.710
 258  326    -10.127     -4.763    -74.406
 346  279     -4.641     -4.775    -75.251
 221  530      9.267    -11.891    -66.608
 223  420     14.713      2.567    -66.733
  -1   -2    -10.722     10.369    -69.390
 174  233      5.850      1.166    -65.584
 460   -2    -14.204     -8.703    -74.273
  -1  580    -13.130      3.699    -74.832
 332  385     -5.105     -0.172    -70.167
  -1  312     14.066     -6.040    -68.730
 540  166    -12.867      0.421    -70.816
 231  321      8.187     10.823    -74.086
 312  341     11.572      8.617    -66.381
 544  810      6.049      1.412    -66.723
 179  240      1.482      1.980    -63.669
 470  804     10.426     -7.623    -64.878
 317  361    -12.730    -11.132    -75.281
 266  184    -12.752      7.561    -66.539
 657  333    -14.460      1.829    -67.741
 341  329     -1.491     -3.933    -68.526
  -1  360     -5.795      6.344    -69.348
 245  515     14.819      4.699    -62.721
 321  239     12.345     10.720    -68.301
  -1   -2      6.835     -5.906    -73.587
  -1   -2      7.667      5.166    -76.596
  -1  495      1.260     -2.112    -73.429
 273  793      0.206     -5.973    -63.123
 286  304      8.375     10.086    -66.693
 248  248     -4.805      3.681    -62.050
 252  621     -9.309      4.252    -63.115
 322  305     12.127     10.011    -66.480
  -1  340     11.756    -11.885    -68.895
  -1  327     -4.944      6.883    -67.018
 360  338     14.319     -4.000    -73.147
  -1  280     12.228      7.125    -67.280
 486  822    -11.984    -11.472    -62.009
 328  536    -13.618    -12.327    -66.054
 307  543      6.622     -9.721    -65.482
 198  786      8.998     -3.229    -71.048
 796  285     14.152     10.925    -69.367
 798   -2     -8.245      6.534    -72.260
 323  298      8.658     -5.865    -65.616
 625  282     15.687     -2.591    -73.631
  -1   -2     -3.890    -12.167    -76.775
 254  354     -4.940      9.542    -62.608
  -1  748      5.572     -2.458    -64.081
 356  316     16.006     -8.877    -70.942
 786  352     12.992      6.643    -64.197
 213  363    -11.972      5.225    -68.511
 306  284    -13.540      6.129    -67.744
 227  788     -4.789     -4.295    -66.618
 574  210    -12.552      2.772    -77.463
  -1   -2    -10.934      1.495    -69.441
 509  823     14.694      7.233    -74.334
  -1   -2     17.106      9.304    -72.707
  -1  701      8.112     -1.616    -63.512
 351  365      1.780     -6.678    -66.873
 348   -2    -10.411     -7.965    -69.461
 499  230     -4.067     -8.547    -74.440
  -1  638     10.079      5.103    -64.388
  -1   -2     -7.632    -12.067    -75.292
 676  262      1.095     -8.742    -64.719
 745  375      9.503      2.809    -61.827
 806  291     12.468      0.031    -71.725
 793   -2      6.811    -10.321    -67.377
 335  644    -11.717     12.640    -66.072
 339  653     -6.495     -7.425    -65.350
  -1   -2     13.939     -3.911    -77.049
 304  245      1.236      2.729    -71.110
 289  698    -11.497     -9.050    -72.057
 359  824     -7.468      6.275    -67.827
 599  346      8.094     -4.559    -74.940
 183   -2      0.730     -3.413    -75.956
 349  212     11.702     10.497    -70.703
 713  685     12.590      9.044    -72.706
 826  290     -5.818     -4.471    -72.557
 690  710     11.908      6.068    -66.172
  -1   -2     13.232     -6.458    -75.008
 366  592     -6.165     11.218    -69.446
  -1   -2     -8.394     12.662    -68.446
  -1   -2      0.886      0.175    -65.418
 352  689     14.900     10.130    -65.735
 379  348      2.170     -1.779    -72.796
 461  416     -3.501     -1.674    -61.765
  98  783      3.245      9.914    -73.129
 146   49      1.884     -5.323    -64.195
  70   62      3.500     -1.233    -69.268
 821  392     -5.770      7.290    -68.925
  -1   -2    -10.935     -9.512    -61.182
 386  591     -6.065      1.072    -71.502
 384   50      5.036      9.267    -65.760
 497   88     -2.829      6.021    -65.884
 399  390     -0.116    -11.481    -70.888
 439   25      2.174      8.034    -71.590
 397  380      8.884      8.031    -70.349
 830  486    -11.725      4.829    -62.057
 279   -2      1.214     12.548    -70.285
 404  801    -11.248     11.369    -65.533
  -1  313    -11.568      0.226    -64.479
  64   19     -0.013     12.202    -65.168
 396   -2     -1.834     12.618    -62.171
  40   -2     -3.336     13.028    -66.512
 394   -2      4.424     10.134    -68.328
  -1   -2      3.511    -10.697    -69.543
  79  407     -4.915     -8.792    -68.697
  -1   -2     -0.351    -10.961    -66.997
  -1   -2     -5.210      5.547    -59.589
 466  130      7.107     -7.418    -66.920
 270  551      3.406     10.473    -73.264
  -1   80     -4.469      7.977    -63.892
 414  599     11.772     -0.274    -73.612
  -1  728     -9.366      9.546    -75.102
 407  397     14.148     -6.080    -66.975
 118  406      2.005      4.610    -65.841
  66  782      5.873     10.936    -72.156
  -1   -2      1.693     10.155    -62.188
  -1  216      9.752      7.853    -63.501
  62  781     -9.406     -8.667    -66.967
 417   43      1.923     10.200    -69.096
  -1  401      8.250     -5.661    -72.970
 435   -2     10.471      9.261    -67.575
 295  247      1.021     11.259    -71.301
 393  213    -10.627      7.766    -68.926
 178  424     -1.317     -8.862    -64.968
 114  475     -4.722     -4.843    -69.749
 330  795     -2.039     12.404    -69.810
 778  509      1.356     -4.056    -62.612
  -1  480     -8.919      3.747    -69.560
 426  419      0.334     -3.212    -60.851
  -1  483      1.108      5.096    -61.482
 412  427     -7.347    -11.249    -71.549
 781  450      1.943     -1.646    -65.928
  -1   -2     -3.746      6.140    -77.354
 203  453     -3.527     -1.933    -66.335
 115  185     -4.371     -2.582    -64.165
 192   63      0.046    -11.255    -73.193
  -1   -2    -10.295     -1.985    -61.868
 202  170     10.840     -5.792    -70.516
  -1   -2     13.423      1.431    -76.975
 319  425     -9.656     -9.680    -62.812
 131  152     -7.005      6.526    -72.295
  -1  205     -7.282     -3.896    -65.789
 144   37      8.441      7.921    -66.813
 434  193     -4.378      1.577    -74.969
 265  790     11.475     10.993    -65.333
 425   -2      1.497      8.897    -67.125
  -1   -2     -9.333     10.173    -69.563
 431  142     -7.087      3.226    -66.182
 477   93    -12.103     -8.625    -71.581
 287   -2     -5.781     -1.434    -62.166
  -1   -2     16.907      9.914    -85.393
  -1   -2      0.186     -8.103    -55.290
 390  681     -0.304     11.191    -73.205
 481  476    -13.465     11.637    -65.726
 451  405      9.808    -10.848    -64.970
 271  267      4.616     -3.300    -70.283
  -1   -2     -6.129    -11.532    -61.495
 128  455    -13.915     -0.972    -66.044
 269  792    -13.978     -3.108    -68.727
  -1   -2      1.866      6.937    -71.348
  95  156    -10.087    -11.837    -67.940
 382  147    -13.927    -12.134    -70.803
  -1  699     10.950      7.845    -62.869
 173  784      9.076     -7.756    -64.342
 457  457      6.901    -11.240    -65.076
  -1   -2    -14.862    -11.043    -69.134
  -1   -2     -2.874     11.363    -61.503
  -1   -2     17.510     11.521    -68.946
 519  192     -4.182     -3.074    -62.776
 159   -2     -5.230     -9.153    -64.871
 433  463     -6.950      6.090    -70.481
  -1  388      1.567      7.372    -74.816
  -1   -2     15.615     -9.801    -67.892
  -1   -2     13.698     -2.961    -74.843
  -1   -2    -13.307      8.972    -64.247
 805  410     -2.911     -1.352    -63.510
  -1  667     -9.319    -12.650    -65.610
 503  183     10.273      0.838    -62.528
  -1   -2    -10.083     -4.533    -59.591
  -1   -2     -0.312      1.695    -67.803
  -1  283     10.722    -11.299    -71.882
  -1   -2      3.252      9.615    -61.448
  -1   -2    -13.501    -10.325    -75.467
 156  203      4.257      0.895    -74.634
  -1   -2     -1.925     -8.015    -57.187
  -1   -2    -11.167      8.048    -68.875
 220  479      8.008     10.112    -63.721
 473  471     16.382     -1.165    -66.833
 504   -2      3.344     -9.766    -62.935
  -1   -2      1.729     -8.724    -64.019
 818   -2     -2.451      4.407    -73.110
  -1   -2     14.018     -9.574    -81.897
 225  643     -3.526      7.219    -73.278
 411  802     -6.924    -11.600    -65.545
 423  181      5.922     -7.960    -64.154
  -1   -2     -9.566     -3.141    -76.068
 103  190     -8.240     11.325    -70.166
 175  441    -15.641      2.330    -73.637
 441  434     -1.434    -11.861    -70.787
  68  465     -0.329      3.951    -63.851
  -1   -2     -5.197      1.240    -65.106
 467  265      0.553     -2.182    -62.746
  -1   -2     -9.211    -12.188    -63.098
  -1   -2     -5.316      3.250    -80.533
 250  499     10.691     10.638    -64.008
  -1   61      9.480     12.540    -70.089
  -1   -2      0.705      1.991    -59.505
  -1   -2     -2.545      7.594    -57.551
  -1   -2    -14.271      6.434    -80.122
 507   91     -6.575      9.371    -75.095
  -1   -2      9.419     -6.284    -52.084
 492  535     13.447     -7.243    -65.662
 643   -2     10.297      9.874    -64.007
  -1   -2      4.525     -9.437    -73.878
 469  307      8.432      7.456    -65.118
  -1  393      2.973     -6.209    -75.559
  -1   -2     -8.451     -8.813    -56.782
  -1   -2     12.505      9.239    -85.844
  -1  514     13.425     -1.843    -63.065
  -1   -2      1.836      8.867    -66.550
  -1   -2     10.710     -3.657    -61.452
  -1   -2     11.425     -9.556    -72.741
 212   -2     16.013      8.326    -64.897
 815  825    -14.017     -7.608    -73.069
  -1  477    -13.029     -8.408    -63.753
 511  808      3.408    -10.493    -74.480
  -1   -2    -11.128     -4.079    -75.985
 588  426      3.718    -10.673    -77.177
 774   -2     -8.955     11.911    -63.138
 557   -2     17.175     10.944    -67.916
  -1   -2     -4.642     -5.646    -56.852
 447  255    -15.622     -3.100    -72.363
 120  555    -13.831     10.792    -74.475
  -1   -2      2.220     -5.461    -60.146
  -1   -2     -7.317     10.212    -76.686
  -1   -2      8.351    -11.104    -61.202
  -1   -2      1.445    -11.735    -72.506
  -1   -2     13.571    -12.976    -67.526
 193  120     -1.619      5.467    -69.319
  -1   -2     -5.037     12.974    -62.593
 772  432     -4.283     11.467    -72.430
 665  812     -1.172      3.624    -69.393
  15  145     -4.455      4.798    -73.316
  -1  113      2.032      8.576    -77.405
  -1   -2    -12.875    -10.839    -71.245
 480  806     -2.812    -12.615    -67.457
 291  705     -4.390     -8.775    -60.118
  -1   -2     12.862     -5.208    -60.445
  -1  272      5.933      1.639    -65.012
 571   -2     -1.348     -2.572    -60.713
  -1   -2     12.213      3.559    -60.101
  -1  523     -6.117      0.824    -62.440
  -1   -2      4.088     -4.292    -70.509
 819   -2     13.638    -11.884    -64.950
 632  496     -0.819     -1.030    -70.770
  -1  498      9.980      0.419    -63.100
 260   -2    -10.697      6.032    -67.317
  -1   -2      2.697     -1.985    -76.509
  -1   -2      5.804     -9.444    -57.527
 642  408      1.759    -10.633    -72.720
 440  440      3.411     -3.041    -60.597
 667  813    -13.442      6.821    -64.429
  -1   -2    -12.995      6.391    -63.483
  -1   -2      6.466      9.749    -74.196
  -1   -2      1.324      9.473    -62.823
  -1   -2     -0.663      6.823    -51.989
 775  415      2.840     -4.943    -66.964
  -1   -2    -14.456     -8.890    -80.535
 633  164     -6.962      6.955    -61.756
  -1   -2     -6.284      5.428    -75.918
  -1   -2     10.152     12.353    -63.987
 549  527     12.845     -2.485    -62.294
  63  281      6.076      5.030    -64.847
  -1   -2      2.368    -10.856    -59.603
 496  301     13.696     -4.111    -64.796
  -1  308    -14.877    -11.687    -70.983
  -1  525     14.893      9.712    -65.252
 640   44     15.062     10.271    -73.796
  -1   -2     -7.998     -9.283    -53.927
 216   -2      9.404    -12.221    -66.392
  -1   -2     13.229     -1.540    -73.126
  -1   -2    -10.056      3.394    -85.971
  -1   -2     13.754     -0.201    -63.176
  -1   -2     -3.652     -6.673    -59.217
  -1   -2     -2.320     11.303    -60.496
  -1   -2    -16.020    -10.883    -72.810
  -1  500     -0.926     -5.125    -60.035
  -1  576     17.553    -11.706    -68.618
  -1   -2     13.225     10.909    -68.549
 523  487     -5.202     -0.642    -75.355
  -1   -2      5.592     -9.169    -61.951
  -1   -2     -0.499     -0.646    -55.480
  -1   -2     -9.962      4.980    -64.288
  -1   -2      7.557      9.145    -62.392
  -1   -2      9.342    -11.215    -62.103
  -1   -2     14.083      6.680    -66.061
  -1   -2      3.016      8.428    -60.351
  -1   -2     -6.937     -6.970    -56.832
  -1   -2     -5.788      9.950    -60.733
 476   -2     -3.308     12.761    -66.385
  -1   -2    -12.458     -6.455    -81.617
  -1   -2     -8.280    -10.316    -75.005
 612  271    -14.031    -10.019    -69.052
  -1   -2     -9.347      5.573    -75.908
 711  715    -11.873     12.127    -66.979
  -1  149      4.845     -6.498    -76.077
 779  263      7.150     -7.846    -65.556
  -1   -2      6.266     -3.138    -77.622
  -1   -2      3.114     10.906    -61.070
 208   -2     17.947      9.167    -69.018
 448  803      2.170     -8.226    -61.885
 355  613     -9.317     10.261    -75.015
  -1  659     18.197    -12.980    -69.658
 318   -2      0.237      5.224    -75.314
  -1   -2     -2.017     10.082    -66.249
 275  303      9.835     -2.374    -62.703
  -1   -2     -9.915      8.179    -63.313
 788   -2    -11.841     -4.456    -75.471
 814   -2      3.835     11.419    -60.191
 343  334     -7.968      0.450    -72.207
 616  587     16.677    -11.479    -68.258
  -1   -2     -2.519    -10.023    -59.238
  -1  372    -15.989      0.980    -73.306
  -1   -2      3.032      3.827    -76.831
  -1   -2     -8.551     -4.987    -62.163
 600  609    -14.370     -0.269    -66.911
  -1   -2     -6.985      9.581    -55.192
 610  511     17.231     -3.082    -66.723
  -1  598     17.280     -8.167    -66.297
 320  337    -13.214     -7.215    -72.523
  -1   -2      0.423     11.976    -63.922
  -1  618     16.009     -8.667    -65.307
  -1   -2      5.885     -8.978    -57.706
  -1   -2     11.915     -5.788    -55.197
  -1   -2      9.096      5.485    -56.891
 400  277    -12.131     -5.587    -63.670
  -1  467      2.165      2.505    -76.698
  -1   -2     13.174     10.313    -86.261
 569  567     16.269     -6.799    -63.216
  -1   -2      5.977      2.530    -63.236
  -1   -2    -10.527    -10.690    -57.786
  -1   -2     -6.513     11.344    -75.435
  -1   -2      2.174     11.047    -61.448
  -1   -2    -10.032      1.983    -78.057
  -1  448      4.313     -4.347    -70.306
 522   -2     16.415     -4.846    -73.968
  -1   -2     -4.502      5.198    -58.690
  -1   -2     -3.401    -11.229    -63.675
  -1   -2      2.119      5.732    -73.007
  -1   -2     -6.757     -6.796    -69.803
 508  650    -15.714      8.826    -76.376
  -1   -2      7.633    -11.426    -75.608
 771  324     -4.179     -1.275    -67.166
  -1   -2      6.196      8.071    -57.738
  -1   -2     -1.831     -5.374    -57.344
  -1   -2     12.404      8.297    -75.223
  -1   -2     15.740     12.280    -66.756
  -1   -2     -5.956     -9.621    -59.702
  -1   -2     -2.468      4.321    -58.234
 490   -2      1.210      9.909    -65.192
 236   -2     -8.533     -5.875    -60.201
 618  458     12.701     -5.194    -67.991
  -1   -2     -3.920      1.283    -78.600
  -1   -2      1.140    -10.479    -63.880
  -1   -2     14.348     -1.894    -62.922
 671  719      1.608      1.108    -77.374
 333  626     -9.160      6.352    -73.408
  -1   -2     -7.771      4.835    -69.707
 532  631    -13.676     -3.549    -65.284
 662  317      5.943     -1.351    -76.454
 724  815    -10.935      0.466    -77.390
  -1   -2     -6.512     -0.722    -58.695
 797  351     -5.189     -4.236    -65.947
 233  639     18.033      3.785    -71.212
  -1   -2     -3.355      6.376    -53.142
  -1   -2      0.787      1.057    -59.379
  -1   -2     -0.245      9.548    -59.727
  -1   -2     14.451     -7.474    -58.249
  -1   -2     -8.394     -6.977    -62.577
  -1   -2     13.939     -9.386    -70.815
 525   -2      9.095      0.121    -61.249
  -1   -2    -11.816      2.484    -73.730
  -1   -2     12.913      3.167    -61.306
  -1   -2     10.778     -1.333    -69.645
 719  545     -7.745     -1.942    -60.229
 561  270     -7.415     -3.550    -68.287
  -1   -2     -4.855     -6.918    -63.087
 537   -2     -5.070     -5.758    -70.507
 376  799     -1.481     -6.327    -77.238
  -1   -2     10.225     -2.085    -87.492
  -1  339     -1.607    -10.175    -67.726
  -1   -2     17.563      4.682    -71.940
  -1   -2      5.005    -10.419    -71.113
  -1   -2     12.891     -5.269    -64.285
  -1   -2     14.373      1.218    -62.734
  -1   -2     16.213      2.416    -72.018
 687  252     -2.994      6.190    -71.874
 358  695     -9.396     -2.304    -70.733
  -1   -2      1.641     -9.177    -55.890
  -1   -2      6.797      3.154    -58.351
 748  369     -5.218      3.703    -65.773
  -1   -2     -8.109    -11.013    -58.286
 256  789      8.649    -10.976    -62.661
  -1   -2     -1.329     10.755    -66.232
  -1   -2      8.402      3.048    -64.196
  -1   -2    -10.428     -3.732    -64.030
  -1   -2     16.151    -12.344    -76.151
  -1   -2     17.283      7.854    -67.204
 619  358     12.851     -4.339    -65.910
  -1   -2     -7.803      1.654    -73.323
  -1   -2      2.419      3.244    -58.788
  -1   -2     -0.246     -9.515    -65.465
  -1   -2    -14.797    -11.313    -77.315
  -1   -2      8.176    -11.701    -87.650
 592  507    -13.280      6.278    -69.517
  -1   -2     -2.704     11.979    -57.768
 299   -2     -2.062      8.746    -73.430
  -1   -2     17.932     -5.004    -83.899
  -1   -2     -1.379     11.086    -58.960
  -1  309      7.203    -12.059    -70.190
  -1   -2    -15.962     -1.917    -73.588
  -1   -2     -8.828     -1.403    -59.269
  -1   -2      5.555      8.535    -57.760
  -1   -2    -12.542     -5.341    -75.218
  -1   -2     -2.893     -5.592    -66.505
 314  343     12.210      7.899    -64.371
  -1   -2     -1.354      7.689    -73.886
  -1   -2    -12.879     11.154    -73.219
 725   -2     -7.007     -9.844    -67.728
  -1   -2     14.866      6.971    -62.949
  -1   -2    -10.307      9.537    -58.415
  -1   -2     12.592      6.600    -59.465
  -1   -2     12.139     -2.797    -77.820
 698  814      0.771    -11.219    -64.457
  -1   -2     -3.758    -12.344    -62.719
 731  646    -15.601     -1.921    -73.014
  -1   -2     -3.816     -8.990    -57.575
  -1   -2      1.303    -11.084    -56.925
  -1   -2     17.174     -9.982    -72.852
  -1  349      1.387    -11.938    -75.300
  -1   -2     11.661     -2.848    -76.253
  -1   -2     -8.963     -1.990    -55.371
  -1   -2      5.287      1.519    -62.295
  -1   -2    -14.107     10.478    -79.850
  -1   -2     13.551     -4.347    -59.465
  -1   -2     -9.884      0.629    -66.821
 535  584     18.387     10.659    -72.014
  -1   -2     13.060      3.049    -65.598
  -1   -2      8.375    -11.279    -65.247
  -1   -2     16.216      6.040    -65.734
  -1   -2     -6.509     12.640    -66.145
  -1  749      3.179     -2.572    -65.793
  -1   -2      8.981      1.632    -62.227
  -1   -2     16.901     11.279    -66.970
  -1   -2     16.353      9.570    -74.901
  -1   -2     15.771      2.261    -65.148
  -1   -2     -5.085     -8.970    -54.312
  -1   -2      1.019     -0.634    -75.108
 350  744      4.241     -1.797    -68.967
  -1   -2      9.849      5.522    -77.903
  -1   -2     10.545      2.087    -79.705
  -1   -2     -0.139     10.584    -63.828
  -1   -2     17.845     -8.843    -72.054
  -1   -2     -1.136      4.932    -54.783
  -1  625      7.353      9.389    -64.389
  -1   -2    -13.839    -10.431    -68.871
  -1   -2     10.015     -2.328    -65.783
  -1   -2     14.984     11.570    -80.617
  -1   -2     -5.390     -4.307    -69.056
 524  809    -13.875      5.092    -71.356
  -1   -2     14.593     -2.729    -63.326
 765  692     -2.726     -1.619    -68.577
  -1   -2      5.780     -5.633    -58.061
 364  798     13.758      0.147    -59.127
  -1   -2     -0.763     10.724    -55.646
  -1   -2      5.618     -8.556    -52.913
  -1   -2     17.929     -3.462    -71.175
  -1   -2    -10.034    -10.109    -72.415
  -1   -2     13.094     -8.941    -61.058
  -1   -2     15.642     -7.222    -69.035
  -1   -2     -4.411     11.613    -63.467
  -1   -2     12.156     -8.745    -66.321
  -1   -2    -10.197     -8.865    -57.864
  -1   -2     -4.686     -5.901    -87.076
  -1   -2      1.759     -9.945    -63.542
 353  797    -10.836      3.726    -58.784
  -1   -2     -8.018     11.380    -57.917
  -1   -2    -13.354      8.905    -67.978
  -1   -2    -13.022     -9.998    -67.115
  -1   -2    -13.424     -2.390    -75.929
  -1   -2     -2.898      9.928    -67.684
  -1   -2      1.860     -0.161    -76.070
  -1   -2      6.101     -7.262    -80.417
  -1   -2      3.335    -11.935    -84.066
  -1   -2     -2.236    -12.356    -71.337
  -1   -2     16.735      9.262    -71.998
  -1   -2     11.938      0.740    -54.439
  -1   -2     -9.432     -4.244    -76.277
  -1   -2     10.929     -6.614    -55.067
  -1   -2    -10.299     11.401    -55.865
  -1   -2     14.523     -1.262    -67.613
 738  816     14.504      4.374    -64.838
  -1   -2     15.197    -12.206    -84.012
  -1   -2     13.683     -3.732    -72.395
  -1   -2     12.372     -6.933    -64.566
  -1   -2      7.099      6.660    -74.264
 368   -2     -4.852     -3.600    -66.535
  -1   -2     -6.091     -8.895    -64.812
  -1   -2     12.542     -7.343    -54.622
  -1   -2      5.306    -10.779    -68.931
  -1   -2     -9.678      6.417    -56.936
 389  826     -5.813      6.872    -71.537
  78  257     -2.265     -4.254    -67.616
 385   66     -0.394      7.010    -60.563
 784  468    -15.397     -6.563    -75.690
 395   -2     -4.307     12.940    -70.490
 554  528      8.682     -8.265    -65.515
 783  818     -6.794     -2.752    -67.996
 160  566    -13.849      8.323    -74.643
 541   -2     -1.362     -0.161    -58.938
 280  827     -7.318     -8.305    -61.290
 453  276     -6.016      9.986    -64.036
 634   -2     14.564     -3.795    -74.971
 790  828     -3.363     -7.076    -74.664
 800  732     -6.072     10.300    -70.143
  -1   -2    -13.348      6.156    -69.796
 408   72     -9.471      2.671    -68.207
  42   -2      6.233     -0.153    -73.317
 803  400      8.677    -10.722    -60.469
 137   -2      4.949     -0.572    -73.992
 449   -2     -1.006     -2.831    -60.811
 536   -2      0.787     13.621    -62.069
 428  430      5.044     -9.852    -61.244
 804   -2     10.492      6.977    -76.937
  49  103      4.512      2.132    -68.200
 484   -2     13.558      9.988    -63.590
 558   -2     14.657      3.593    -73.694
 489  807    -10.067      0.821    -73.548
 589  811      6.589    -10.507    -66.404
 527  652     15.639     -5.226    -66.544
 218   -2     -5.096     -8.399    -70.921
  -1  222     15.863      8.260    -64.918
 717   -2      1.987      3.422    -60.674
 675   -2    -12.175      1.072    -72.285
 331   -2     10.334     13.102    -64.299
 370   -2     -2.807      4.015    -63.538
 471   -2      0.999     -8.290    -61.038
 808  819      6.461     10.910    -74.178
 185  595     -3.374      0.432    -74.092
 342  367      3.178      8.115    -64.271
 559  829      5.408      6.518    -61.375
 566  607    -10.120     10.683    -76.425
 597  830     -8.809      6.547    -58.423
 664  831     10.343     -7.477    -75.591
 799   -2      2.172    -10.475    -67.607
 828   -2     13.858    -11.814    -64.020
 831  331     -2.221     10.447    -75.129
