841
   8    1      0.480      3.904    -71.756
   6    4      4.148      8.682    -69.862
   4    8      0.497      9.955    -71.110
  -1   16     -0.558      0.802    -66.942
  46   59      4.044      5.830    -69.931
   0  132     -2.272      6.386    -71.271
  34  392     -3.395      2.452    -70.662
 354   12      8.461      3.557    -71.242
  11  339     -0.043     -1.622    -70.199
   9    6     -6.785      7.852    -71.448
  68  431     -2.379     -4.092    -71.165
   3    2     -0.717      7.368    -68.705
  21   14     -9.425      4.950    -69.387
  13    9     -4.334      7.111    -67.583
  25   23     13.827      4.082    -70.883
   5  272      5.921      6.665    -71.189
 361    3     14.455      1.594    -71.316
  -1   -2     -6.918      1.139    -68.032
 793  533     -0.352     10.900    -72.824
 154  350     -1.560     -5.257    -67.062
  -1   -2      0.292    -11.253    -64.180
  43  128      4.266      0.925    -74.363
  29  223     -2.775     -1.462    -70.447
  22   20     -0.872      8.041    -67.986
  62  104      7.170     -9.931    -64.923
   1    0      0.311      4.906    -70.021
  24   32     -3.137     -8.571    -68.193
 393  125    -11.859     -6.888    -71.512
  19   53      3.041      7.627    -73.491
 132  345     -5.290     -2.728    -68.158
  71  366      1.598     -2.738    -66.567
 351  378    -12.812     -2.223    -75.084
 372  123    -10.275     -0.894    -72.473
  -1   -2     -1.588     -4.961    -69.162
  18   13     -1.420      5.081    -69.688
  27   -2     -8.439      1.200    -73.130
  -1   17      0.857      2.523    -72.133
 106   48      7.362      4.659    -73.526
 271  172     -6.364     -2.078    -73.394
  20   57     -0.411      8.394    -72.901
  51  120     -1.862      3.561    -66.836
  94   38    -13.971     -4.594    -73.216
  54   64      0.389      5.334    -65.317
  42   58     -2.116    -11.509    -70.313
 375  176      2.417    -11.057    -71.940
 158   34      4.652      2.845    -66.901
 363  467     -8.584     -3.920    -73.443
  37  169    -10.339      5.977    -76.036
  53   55      4.446     10.776    -67.529
 172   68    -10.324      2.063    -70.726
 783  354     -8.806      7.865    -71.843
  52  362      2.626     -9.092    -64.597
 192   26      4.957     -0.957    -66.856
 460  639      4.853      5.635    -70.137
 511  565      1.407      1.395    -74.179
  75   37     -2.686      0.645    -66.442
  82  391     -2.916      2.082    -67.954
   2  342     -0.581     10.240    -72.055
 166   76     -8.775      9.975    -66.975
  10   -2     -2.029     12.917    -68.847
  50  195      8.818      2.404    -69.401
  33   18     -1.246     -3.595    -71.001
 173  356      7.315     -3.996    -74.093
  61   -2      4.137     -4.871    -71.958
 269  258      7.345      7.541    -74.535
 114  502    -12.562     -0.155    -68.838
  14   44     -2.298     -5.093    -71.098
 409  200      7.458     -8.743    -72.287
 214   56      1.488      6.160    -71.706
 352   42     16.088      3.825    -69.763
  40  455      0.659     -1.901    -73.475
 124  106      6.515     -4.976    -66.639
  79  168      0.936     -7.020    -63.739
 129   82     14.998     -4.340    -68.567
  58   52     -6.303     11.184    -64.494
 800  420     -3.332    -10.810    -68.533
  86   51      2.212      7.688    -66.910
 245   80      4.435     -2.836    -66.465
 357  388     -8.002     -8.867    -68.600
 168   36     13.407      3.196    -67.691
  56  403      0.630      2.921    -65.316
 453   92     -1.562      6.073    -66.961
 194  157     -4.968     11.756    -69.294
 428  174     -1.456     12.451    -63.827
  31   71      5.608      3.057    -68.660
 450   60     -4.388     -0.876    -67.346
 119   61      9.461     -0.011    -64.840
  59  121      7.030      2.185    -65.985
  98  146     -0.493     11.333    -67.894
 118   87      3.410     -7.878    -65.238
  17   15      2.182      5.177    -73.369
  49   77     16.301      2.737    -68.576
 553   54    -11.215      2.820    -62.352
 150  115     14.844      5.061    -67.271
  89  143    -13.618      8.282    -68.909
 185  229      3.610      8.062    -65.927
  97   46      8.026      7.507    -69.522
 204   79      3.703    -10.785    -63.717
  92   91      2.107     10.657    -63.685
 500  238     -4.285     -6.032    -73.645
 236   73      7.118      0.882    -64.651
 196   72      1.127     -1.427    -73.279
 538   25     -7.758      5.068    -74.886
 125  523     -9.647      1.055    -65.661
  -1   -2     -5.152    -12.387    -69.402
 670  505      7.173     -7.189    -71.697
 256  209     -4.676     -7.263    -71.089
 231  178      4.262     -1.063    -66.632
 120  163     10.051      9.442    -67.810
  74  158      5.912      8.230    -63.001
  63  211      8.998     -2.285    -70.337
  36  311     12.657      8.068    -72.248
 104  261      7.974      2.693    -65.423
 186   78      2.031      7.119    -64.738
 155   50     -8.807    -11.744    -75.282
 161  437      1.287     -6.957    -66.816
 115  239     11.252     -2.016    -67.515
  87   21     -4.076     12.123    -70.055
 273   74     11.989     -4.326    -69.169
 425   65      4.203      5.906    -71.954
 421  133     -4.665     11.616    -63.302
  66  408     -0.180     -4.102    -69.712
  12   43     -8.037     -3.039    -73.610
 123   -2     12.325     -2.148    -68.788
 138   81    -11.980     11.779    -66.773
 141   98     -3.285     -0.845    -64.857
 556  201     -5.110     -2.120    -72.637
 825  604      0.405      7.074    -74.646
 184  472      7.985      8.626    -69.235
 136  127     -8.855     12.707    -64.764
 134   -2     -6.406     -8.409    -67.078
  93  225     -3.698    -11.551    -75.345
 121  129      1.796      2.849    -62.531
 327  314      4.778     -1.365    -70.187
  81   -2      3.956     -5.700    -68.197
  67   -2      0.909      2.924    -74.020
  69   -2     -9.547     -2.831    -69.514
 174  197     12.924      5.128    -67.713
  88  508      8.314      4.370    -70.817
  -1  372     -8.885    -10.783    -67.730
  41  138      9.599     10.028    -68.362
 445  430      1.405      1.538    -62.058
  -1  235     -2.122     -2.503    -62.931
 489  348     15.336      4.175    -71.401
 379  155    -12.492      8.917    -63.781
  23   45      6.126      3.850    -73.423
 103  204     -2.467    -12.347    -69.085
 360   67     14.954      3.710    -67.713
  -1  224    -10.469    -10.800    -72.162
  73   93    -11.328      7.441    -70.051
 122  323     11.542      4.408    -73.153
  -1  111     -3.859    -11.963    -69.478
  -1   47      8.184     -3.897    -68.252
 130  183     -9.888     10.307    -70.881
  -1  406     -8.139     -6.909    -62.039
 232  179     10.141      3.761    -67.866
 684  324     11.253     -2.496    -75.384
 243  175      0.885     -6.228    -74.485
  -1  243     -2.319    -11.543    -64.725
  55   35      4.490     -7.433    -73.730
 165  107      2.008     -7.819    -67.139
 137  190     10.213     -0.937    -69.986
 563   -2      5.453      6.239    -64.744
  83   41     -2.021     -9.081    -73.082
  16   24      3.694      0.410    -71.081
 435   95     -9.258      9.925    -62.281
  76  240     -8.526      8.300    -65.526
  45   22    -10.854      3.687    -66.536
 376  130      4.994     -4.403    -69.166
  -1   62      9.040     -2.403    -68.232
  -1  140      3.788      3.835    -64.454
  44   31      1.628      3.952    -68.172
 113   75      7.613     -1.284    -70.459
 203   -2     -6.723      6.220    -73.653
 142  102      2.652      2.828    -62.027
 263  145    -12.389      6.784    -65.711
 237  786     -9.319     -7.910    -70.774
 312  380     16.415      0.083    -68.727
  -1  191     12.435      9.838    -71.884
  -1   -2     -6.053      5.887    -53.662
 215  142      1.138      5.157    -66.237
  -1   -2     11.542     -3.811    -76.891
 167  112    -11.825      1.555    -64.429
  -1   -2      0.268      0.910    -64.110
 248  313     15.617      6.812    -67.743
 235  635      4.489    -12.324    -71.800
  99  277     -5.013     10.478    -65.043
 275  126     10.644     -7.338    -69.891
 169   -2      0.264     -9.071    -65.322
 209  182    -10.001     10.457    -68.898
 286  164     -7.782      8.352    -69.613
 246   83     11.849    -11.691    -70.983
  -1   -2      0.071     -5.611    -67.953
  96   29     -6.723     -4.749    -69.523
 162  234      1.135      3.938    -69.655
 596  218     -5.663     -9.881    -73.569
  -1  443      7.279     11.343    -63.630
 153  150     11.530      8.302    -68.755
 230  271     11.780      5.956    -69.249
 181  139      7.950     -6.737    -64.446
 367  131     14.188      8.514    -70.263
 216  173    -10.623     10.612    -64.831
 397  428     13.173     -7.500    -68.137
 156  782      0.019     -1.238    -73.732
 391  210      9.019      7.136    -63.767
 176  181      6.574     12.430    -65.074
 140  471     15.434     -6.665    -73.470
 304  166     10.863     -1.673    -68.678
 707  247     -1.436     10.707    -65.367
  -1   -2     -3.529    -10.123    -63.909
  -1   -2      1.397      2.488    -74.054
 802  219     11.330     -0.167    -61.823
 605  118     -9.318      2.906    -64.056
 180  186    -14.022     -6.299    -72.474
 265  598     -0.798     13.269    -64.693
 258  304    -13.022      7.675    -74.626
 473  241      0.526     -4.032    -64.871
 110   -2      2.588     10.524    -67.554
 510   -2      6.019     -9.587    -72.392
  -1  275      2.241      3.461    -64.899
  -1   -2      5.369      2.637    -76.139
 260   97     13.970      1.597    -68.023
 191  177     -3.480      4.343    -64.251
  47  137      3.523    -12.396    -73.252
 255  207      3.187     -8.503    -68.684
  -1   -2      0.291     -5.991    -67.811
 426  262      8.525    -12.387    -71.041
  -1   -2     -3.190     -5.437    -62.395
 151  113     12.511      2.384    -67.484
  -1  114      1.335      4.946    -66.180
 210  527     13.571     -3.536    -69.758
 355  237     -0.973      1.561    -69.271
 177  445      6.661    -11.799    -65.007
 219  153     14.445      5.362    -67.059
  -1  248     15.498      7.461    -72.975
 107  160      3.854     -3.139    -67.784
  -1   -2      1.205     -3.529    -62.526
 202   -2     11.792     11.550    -67.364
  -1   -2    -15.381      6.615    -70.695
 270  488     -5.416      8.624    -63.899
 525  264     16.768     -1.410    -67.387
 251  156      8.471      2.559    -67.157
 527  213      9.198      2.523    -61.566
 323  305     -7.897      2.480    -73.608
  -1   -2    -10.667      1.558    -70.888
 266   -2      6.534      5.328    -62.137
  -1  101      8.054     -1.326    -70.626
  78  410      6.306     -2.390    -74.453
 457  706    -11.794     -0.763    -61.639
 536  170      4.553     -8.177    -62.257
  -1   99      0.428     -3.154    -72.390
 523  269     16.360      6.186    -65.230
 307  615      3.590     -5.031    -63.371
 240  184      4.046     -6.455    -72.016
 471  257      1.199      9.068    -72.903
  91   -2      6.178      0.937    -70.038
 664  259     13.106      6.874    -67.063
 782  227     -8.541     10.204    -65.748
 811  724     -0.251      5.085    -65.481
 487  250     -4.043     -4.712    -63.107
 262  194     12.192      5.439    -63.131
 178  253    -13.246     -1.519    -65.353
 152  566     -7.591     11.126    -77.740
 541  435    -10.788    -11.312    -72.494
  -1   -2      2.037    -11.707    -75.902
  -1   -2     -8.577     -0.957    -62.358
  -1   -2      9.480      6.418    -62.869
  -1   -2    -14.030     11.652    -72.054
 434  286     -9.541      5.199    -65.697
 112  666      7.637     -5.300    -76.520
 529   -2     11.768     -6.541    -74.414
 148  278    -10.971      8.103    -74.650
 315  222     13.855     10.405    -69.845
  -1   -2     -5.393      6.758    -61.648
  -1  167      6.869     -2.033    -68.857
 524  245      8.620     12.652    -65.288
 504  303    -10.440     -9.082    -67.085
 513  796      6.836    -11.008    -65.307
 324  108      4.635      7.654    -64.026
 171  270    -12.117      6.995    -68.150
 250  716     13.220     -4.913    -70.959
 208  236     15.341      1.912    -68.735
 502  553      9.235      8.509    -60.260
 102  780     -5.673      9.145    -63.623
 268  611     -3.582     -9.439    -65.081
 606  614    -10.234      8.231    -74.504
 290   -2     -0.912      5.284    -59.612
  -1  626     -8.691     -5.885    -77.177
 182  105    -14.489      1.091    -70.286
  -1  249     13.141    -12.562    -68.158
 146  573    -14.874     -2.123    -73.259
 201  217     -9.129     -7.459    -73.714
  -1   -2      1.843     -0.251    -70.308
  -1   -2     -2.598    -11.756    -73.242
  -1  540      8.341     11.576    -63.783
  -1   -2     -7.253      9.596    -60.854
 642  569     -5.601    -11.376    -68.329
  -1   -2    -12.728     11.735    -66.163
 597  475      2.532      1.114    -62.471
  -1   -2     -7.771     -2.591    -75.918
  -1   -2     10.224     -4.530    -67.011
 285  165    -12.839     -4.135    -70.030
 688  228     -7.899     -0.936    -69.891
  -1  453     -6.826      0.205    -69.426
 283  233      5.603      6.234    -62.416
 572  797      4.520      4.961    -60.507
 193  244      3.993      6.456    -66.197
 164  474      1.878     -6.822    -65.927
 277  287    -12.462     12.177    -68.987
  -1   -2     -0.568     10.018    -68.075
  -1  603      1.537     -5.105    -76.013
  -1   -2     -6.509     -3.441    -57.202
  -1  655     -9.773    -11.265    -69.742
 817  319     -0.204      5.467    -65.613
  -1   -2     -8.884     11.244    -74.415
 205  321    -11.734      4.206    -75.974
 581  268      5.138    -10.177    -62.453
  57  625      3.951     -0.302    -70.461
 276  807    -13.042      0.848    -65.592
 338  279     -5.324      1.653    -65.748
 602   -2     -8.174     -9.732    -69.962
  -1  487      1.510     -1.849    -64.222
  -1  256     -0.250     10.236    -62.629
 495  627     10.924     -0.646    -61.914
 781  301     -5.606     -8.081    -73.070
 482  512     -3.630      8.598    -64.871
 784  110     -0.898     -7.640    -69.970
 554  276     -0.540     -1.385    -74.156
 317  296     16.358     -4.582    -70.580
  -1  536     14.332      7.067    -67.022
 545   -2      9.565    -11.617    -71.096
  -1   -2     -6.851    -10.833    -59.192
 278  306      4.074     -4.576    -65.258
  -1   -2    -12.833     -0.582    -74.235
  -1   -2     -6.184     -8.111    -68.219
 328  647    -13.398     -4.258    -70.785
  -1   -2    -12.894      6.891    -76.656
  -1  506     12.805     12.803    -67.397
  -1   -2     14.600     -0.318    -64.391
 335  694     10.689     -4.502    -68.668
 666  332      6.778      3.405    -71.032
  -1  679      9.288     10.008    -62.541
 319  568     13.221      9.416    -71.568
  -1   -2    -15.184     -6.299    -71.325
  -1   -2     -3.490     -8.504    -58.422
  -1   -2     -1.080     -9.532    -62.392
  -1   -2      1.500     13.167    -64.187
 254  360    -12.032      3.152    -74.247
  -1   -2    -10.113     -5.357    -62.390
 627  293     15.895     -7.521    -69.896
 288  214     -3.301      9.253    -68.478
 309  618     12.086     -3.644    -69.392
 322  299     11.148     -6.449    -71.349
  -1   -2     -1.818      0.026    -60.193
 332  320      8.157     10.581    -61.062
 293  335     -1.538    -10.323    -71.001
  -1   -2     -6.586      6.617    -78.082
 326  309     11.647      9.312    -65.274
  -1   -2     -6.674     -6.700    -65.230
  -1   -2     13.915      7.745    -64.576
  -1  617    -13.465      6.992    -75.804
  -1   -2     -6.103      0.669    -62.271
  -1  710      5.068      2.710    -64.631
  -1   -2     -5.839      3.759    -74.873
  -1   -2     -7.079     11.187    -71.330
 311  310      7.297     10.555    -71.804
  -1  330    -10.693     -5.034    -70.335
  -1   -2     -0.448    -12.982    -65.700
  -1  300      6.541    -11.072    -69.645
  -1   -2     -9.332     -4.679    -69.823
  -1   -2     -2.417    -10.562    -63.857
  -1   -2    -15.131     -4.930    -76.913
 348    5      1.132      6.792    -75.004
  -1   -2     -9.207     -2.712    -54.366
 272   90     14.869      2.794    -71.514
  -1  390      6.204      0.456    -68.802
 612  808      4.251    -10.416    -70.035
 386  395     -7.714     -5.185    -70.898
  30   10     -7.399      5.972    -71.865
 356  343      2.783     -7.232    -74.444
  -1   -2      3.418     -9.694    -62.616
 349  346     -6.818     -4.490    -73.313
  -1   -2     -6.269     -3.732    -65.560
 133  203     -8.688      9.237    -71.845
  -1   -2     10.898     -7.424    -87.972
 364  349     -4.929      6.237    -67.779
  -1   -2     -6.153     -0.138    -62.180
 378  369     -8.429     -5.185    -65.580
  85  779      6.034     -0.017    -69.907
  60   27     -8.350     -5.850    -72.447
  -1  409     13.156     -9.472    -64.651
  65  384      5.339      2.067    -65.521
  -1   -2     -5.692     -7.774    -61.346
 259  282      1.647      0.712    -76.282
  -1   -2     -5.919    -11.762    -64.284
 476   85      0.373     -5.717    -70.071
 408  667     13.353     -9.279    -74.347
  84  387     -3.538      4.988    -62.692
  -1   -2     -4.146     -8.709    -69.874
  26   -2      0.087     -0.745    -68.154
 383  377     13.320    -12.379    -69.649
 566  425      4.801      8.306    -52.344
 388  370     16.578     -9.632    -67.837
  -1   -2     12.446     -2.365    -72.658
 370   63     11.157     11.817    -68.972
 252  514     10.103     -0.179    -72.277
  -1  202     10.672     -1.047    -65.734
  -1  586     17.123     -5.832    -68.474
 217  783      2.437     -0.526    -70.714
 362  379      3.985     13.148    -62.955
  -1   -2     -4.789    -11.411    -65.557
 223   28      1.237     -6.933    -70.024
  -1   -2     -4.640      2.852    -61.992
  -1  376     -7.619      3.979    -56.924
 127  338      1.478     -1.173    -67.833
  -1  389     12.525     -5.400    -65.604
  -1   -2     -7.518     -4.877    -63.591
  -1   -2     11.906     -9.316    -78.409
 430  134      5.434     -3.098    -63.978
  -1   -2     -1.355     11.280    -76.249
  -1   -2     -4.336      5.335    -57.887
 441  519      5.892    -11.998    -71.543
 485  809    -13.069      2.933    -76.357
  -1  464     14.117     10.900    -73.020
  -1   -2     -0.411     -6.817    -70.495
 385  416     18.118     -1.056    -68.075
 100  188      1.292      5.588    -65.347
  -1   -2     -4.289     -7.167    -66.547
  -1  205      1.897    -10.413    -66.171
  -1   -2      9.819     -5.492    -64.372
 831  357      5.635      2.644    -64.054
 241   -2     11.633     12.288    -67.639
 291   33      7.997     10.299    -72.545
  95  361      0.677    -12.044    -66.624
 418  422      2.382      0.366    -63.925
 211  373     11.787      1.164    -68.712
  28   30     -8.156     -0.272    -68.575
  -1   -2     11.768     -6.071    -60.589
 143  171     -4.121      5.384    -63.196
  -1   -2      7.016     -8.595    -57.386
  -1   -2     -4.160     -3.348    -62.883
 399  415     11.670     -7.694    -63.140
 422   -2     -0.763      1.035    -60.846
  -1   40      3.183      5.142    -67.347
 390  792     -9.897      0.195    -65.510
 404  274     12.049    -11.233    -68.142
  -1   -2     -6.293    -10.123    -71.793
 552  405     13.245     10.629    -64.561
  -1  491     -3.514      1.353    -57.773
  -1   -2      7.134     -2.804    -66.179
  -1   -2     -6.298    -10.391    -58.878
  -1   -2    -10.572    -11.944    -66.153
 407  429    -10.988     -9.424    -63.130
  -1   -2     -9.428    -12.243    -67.983
 638  353      3.930     -8.209    -75.483
  -1   -2     -8.217     -7.248    -60.584
 806  394     -9.390     -3.912    -58.398
  -1   -2    -12.575    -11.399    -64.632
  -1   -2    -16.077     10.700    -74.209
  -1   -2     -9.851    -10.742    -64.622
 459  729     -3.308    -10.559    -75.826
 565   -2     -7.228     12.359    -63.264
 207   -2      6.104     -7.165    -71.184
 247   89     13.630      5.083    -66.451
 464   -2      3.714    -10.334    -58.735
 233   -2     -6.718      3.350    -73.986
  -1  470     -9.844     -9.229    -70.126
  -1   -2     -4.816    -11.650    -67.226
  -1   -2    -13.453      8.845    -73.077
 111   -2      0.407     -6.045    -66.461
 644   -2     14.721      7.071    -75.627
  -1   -2      5.332     -5.694    -61.297
 147  232     -4.700     -4.661    -67.987
  -1   -2     -6.607     11.314    -59.895
 477  521      9.965     -8.683    -64.815
  -1   -2     -1.164     -4.592    -58.927
  -1   -2     -9.620    -12.663    -69.130
  -1   -2    -15.016     -9.894    -72.332
 569  515    -10.326     -7.646    -68.638
 197  564      9.343    -12.248    -64.896
  -1   -2      5.232     -2.456    -60.836
  -1   -2     13.271     11.788    -73.583
 617   -2     -9.731      2.563    -71.496
 411  364    -14.386      8.996    -69.250
 481  485     -7.433     -0.741    -61.802
 456  432     -9.993      7.114    -63.110
  -1  418     -8.604    -10.659    -63.868
  -1  516    -10.859      2.829    -68.510
  -1   -2    -11.996      7.730    -83.842
 396  381     11.450     -0.522    -66.029
  -1   -2      9.935     12.090    -63.750
  -1   -2      4.602      2.343    -61.056
  -1  414     12.547     -4.203    -62.658
 433   -2      7.305     -4.665    -64.571
  -1  535      1.045    -12.631    -69.731
 443  486     10.318    -12.731    -67.729
  -1   -2    -12.476     -4.367    -63.371
  -1  547      7.356     -4.422    -64.705
 547  400      3.898     11.437    -71.837
  -1   -2    -14.701      1.365    -69.014
  -1  517     -1.203     -5.488    -58.992
 145  457      0.898     -8.071    -69.746
  -1   -2     11.536    -11.318    -64.604
  -1  162      3.098     12.433    -71.451
 468   -2     10.173      7.869    -61.220
  -1   -2     -4.150     -8.168    -57.488
 488  601     10.081    -13.206    -68.576
  -1   -2     -0.040     -0.509    -60.164
  -1   -2    -14.296      5.184    -67.107
  -1   -2     13.190     12.462    -72.466
  -1   -2     -4.242     -7.390    -73.951
  -1   -2      4.283    -10.248    -73.261
  -1   -2     -7.060    -12.447    -66.645
 423   19     -0.819      1.379    -75.520
 225  675     -2.871     -7.164    -69.070
 149  494     -9.544      8.302    -73.557
  -1  413      9.177     -3.180    -63.458
 239  220     -0.171    -12.193    -65.348
  -1   -2     -7.142      9.983    -57.980
 818  497     -1.802     -8.556    -71.496
  -1  752      8.961      3.302    -60.438
 467  452      0.408      5.683    -67.253
  -1   -2     17.695     -8.133    -80.403
  -1   -2     -5.731     -3.589    -69.199
 382  273     -7.027      4.688    -69.575
  -1   -2    -11.083     10.326    -59.851
 557   -2     12.568     -6.190    -68.536
 261  789      3.430      5.488    -66.258
  39  206      0.966    -10.807    -75.400
 108  122     -3.256     -7.486    -63.828
  -1   -2    -14.941     -0.582    -68.562
 424  449     17.961     -7.065    -67.386
 442  152      9.258      0.552    -72.963
  -1   -2     -1.269     -7.578    -56.569
  -1   -2     -6.241    -10.124    -62.123
  -1  588      2.449    -12.932    -62.265
  -1   -2     11.269     10.760    -75.435
  -1   -2     -6.857     10.492    -73.295
 682  450     -7.732      8.990    -72.585
  -1  397     17.007     -0.730    -66.421
 188  124      4.850     -4.768    -63.436
 534   -2      6.557      1.301    -75.002
  -1   -2    -12.613     12.878    -67.635
  -1   -2     13.896      9.788    -62.209
  -1   -2     10.888      8.394    -53.934
  -1   -2     -1.269     -4.706    -52.602
  -1  476      3.004     -5.089    -58.447
 213  215     -2.719      3.877    -65.359
 499  576     -2.926     -6.064    -69.031
  -1   -2     -4.615     -8.156    -68.230
  -1   -2    -11.424     -9.031    -72.994
 229   -2     -0.355      3.470    -72.573
 526  546     14.759     -7.045    -66.856
 389  402     17.193     12.441    -73.000
 282  312     14.119      1.704    -64.763
  -1   -2    -12.601      0.137    -85.926
  -1  267      9.408      6.656    -65.225
  -1   -2    -11.979     -9.867    -68.867
 490  795      1.379      4.584    -61.726
  -1  528    -11.785      3.706    -75.278
 101  726      9.503     -3.066    -71.706
  -1   -2     -5.557     -1.157    -54.142
 625  365     -2.104      1.288    -74.571
  -1   -2     -9.960    -10.106    -58.912
 760  756      5.432     12.348    -61.278
  -1   -2     -9.971     12.599    -62.783
 689   -2     10.744     -8.860    -62.891
  -1   -2     13.983    -11.431    -64.031
  -1   -2      7.484     -1.958    -62.065
 253  787     -4.944     12.621    -65.441
 507  638      5.803     -9.919    -72.255
  -1  468      9.326     -6.245    -62.447
  -1   -2     -5.244      8.143    -62.267
  -1   -2    -11.612      6.439    -87.784
  -1   -2    -10.886      0.851    -66.541
  -1   -2      9.316      9.732    -55.968
 163   -2     -9.068      0.702    -76.020
  -1   -2     -2.654    -10.769    -59.605
 128  781    -11.059      3.687    -68.597
  -1   -2     10.449     -7.581    -54.047
  -1   -2     -4.671    -10.030    -57.095
  -1   -2     11.839     11.448    -62.156
  -1   -2    -13.137      4.460    -63.904
 586  499      7.534     10.692    -69.103
  -1   -2    -11.050     11.712    -62.479
  -1   -2    -13.123     -8.533    -70.594
 427  794      4.396    -10.630    -75.417
  -1   -2      3.786      4.350    -61.436
 274  734     12.735     10.011    -73.182
 632  654     13.694     -6.936    -67.333
 598  700     15.759     -8.872    -64.456
 590  347     -3.808      2.407    -62.481
 117   -2     12.135     11.199    -69.171
 668  116     10.614      2.106    -65.320
 257  788      3.028     -9.343    -69.351
  -1  755     12.135     12.672    -67.870
  -1   -2      5.348     10.387    -61.303
  -1   -2     13.651     -0.415    -59.633
 412  562     -3.047    -10.984    -69.186
  -1  117      1.318      0.911    -70.125
  -1   -2    -14.621     10.853    -72.958
 693  735      2.294      1.548    -75.403
  -1   -2     -7.298     -2.085    -70.508
 592  463     14.559     11.532    -76.728
 629  382     11.897     -4.972    -62.710
 651   -2     11.406     -9.275    -62.448
 305   -2      5.516     10.689    -66.240
  -1   -2     12.170      0.404    -68.669
  -1   -2      4.046     -2.961    -57.544
  -1   -2     12.843     10.561    -64.468
  -1   -2    -13.093     11.272    -65.033
 587  798     16.071      7.679    -66.943
  -1   -2     -7.624      6.858    -57.984
  -1   -2    -14.020    -12.146    -70.073
  -1  438    -15.859      3.019    -77.081
  -1   -2     -0.727     10.947    -63.943
  -1   -2     -1.873      7.859    -73.094
  -1   -2     17.465     -6.856    -68.796
  -1   -2    -14.531     -3.761    -72.652
  -1   -2    -11.290     12.908    -66.099
  -1   -2     13.323     12.501    -73.137
 824  251    -13.701     -6.119    -73.837
 224  784      7.648     -0.215    -62.675
  -1   -2      8.632     12.249    -63.010
 660  800     14.952    -10.202    -63.744
  -1  109     -5.719     -9.813    -71.231
  -1   -2    -12.918     -3.616    -77.067
  -1   -2     12.783     -0.930    -74.598
 264  659    -14.896      4.621    -73.355
  -1   -2    -11.542     -4.934    -77.343
 300   -2     11.636     -9.677    -69.913
 768   -2      9.638     -6.499    -71.014
  -1   -2      4.842      8.219    -56.473
  -1   -2      9.243    -10.459    -76.024
  -1  587     10.199     -2.763    -67.181
  -1   -2    -10.904    -10.730    -62.074
  -1   -2     12.698     -6.683    -60.960
  -1   -2    -13.762      5.306    -68.883
  -1   -2    -11.057    -12.109    -62.306
  -1   -2     -4.717     -9.489    -58.262
  -1   -2     -0.205      1.328    -54.126
 589   -2     12.046     -9.677    -75.302
 610  289      3.678     -7.228    -75.512
  -1   -2     -3.342      5.440    -70.268
  -1  316     -2.445      9.691    -62.583
  -1   -2      7.318     -5.516    -54.179
 316  668      9.969     -7.069    -65.130
 579  767    -11.740      2.856    -70.683
  -1  308    -14.977     10.777    -74.494
 786  804      2.966     -0.512    -71.151
  -1   -2      6.193    -10.852    -62.347
 648  707     13.142      4.235    -62.481
  -1  699     12.772      8.640    -62.416
 732  803      8.425      4.067    -59.220
  -1   -2    -12.812     -2.356    -72.501
  -1   -2      6.718     -0.689    -61.179
  -1   -2     -7.251     -3.008    -70.193
  -1   -2      4.072     -9.193    -77.113
  -1  242     10.731     10.133    -73.485
  -1   -2    -14.553     -5.550    -72.520
  -1   -2      0.690     11.076    -69.662
  -1   -2     -5.953      0.003    -73.575
  -1   -2    -11.640     10.011    -71.825
 131  644     -3.783      9.718    -72.653
  -1  441      2.071     -9.301    -74.125
  -1   -2     -7.439    -12.811    -65.059
  -1   -2     -8.424      7.511    -77.465
  -1   -2    -10.699     -8.543    -74.765
 474   -2      9.787     11.759    -61.866
 608  746      8.407     -1.570    -61.713
  -1   -2      3.118     11.958    -63.921
  -1   -2      8.192     12.422    -70.489
  -1   -2      7.272     10.249    -58.975
  -1   -2      8.281     -5.111    -64.998
 789    7      1.328     -2.494    -69.740
  -1   -2    -13.475     10.262    -73.832
  -1   -2     16.217    -10.470    -80.024
  -1   -2      4.059      7.126    -61.991
  -1   -2    -11.507     -8.198    -62.656
  -1   -2     11.013      6.822    -58.684
 170   -2      6.071      4.434    -73.302
  -1   -2     -8.933     -5.403    -61.434
  -1   -2      2.081      6.962    -84.977
  -1   -2     -2.174      2.763    -56.243
  -1   -2    -13.998     10.679    -77.208
  -1   -2     10.532    -12.694    -62.493
  -1   -2     11.153     -8.328    -82.338
  -1   -2     12.532      2.802    -75.441
  -1   -2      0.575      9.937    -61.401
  -1   -2      3.645     -8.070    -63.072
 705   -2     16.081     -4.695    -63.610
  -1   -2     -7.070      3.210    -67.503
 672  745     15.639     -3.636    -61.416
  -1   -2     -3.520     10.115    -52.730
  -1   -2     -3.073     -5.190    -59.256
  -1   -2     13.109     -4.488    -66.128
 341  791      6.896     12.098    -71.005
 618  721     15.970      0.939    -65.020
  -1   -2    -14.272     -9.021    -70.527
  -1   -2    -12.360      7.354    -70.474
  -1   -2    -12.017     -6.079    -63.115
  -1   -2    -13.268     -0.240    -85.135
  -1   -2    -14.539      9.432    -69.077
  -1   -2    -13.396      9.290    -71.117
  -1   -2     -5.991      0.927    -65.090
  -1  534     -2.749      0.858    -62.246
  -1   -2     -6.500      0.247    -62.131
 347   -2      5.690     12.031    -67.166
  -1   -2      7.324     -1.068    -77.291
  -1   -2      5.752     -9.310    -69.395
  -1   -2     -5.559     -0.378    -76.157
  -1   -2      0.339     -2.354    -68.155
  -1   -2     10.649     11.789    -62.040
 647  810     17.000      7.743    -71.258
  -1   -2      6.618     -6.359    -59.389
  -1   -2      2.742      8.276    -53.575
  -1   -2     -1.384      6.385    -61.188
  -1   -2     -6.340      5.504    -64.501
  -1   -2      1.775      7.195    -80.266
  -1   -2      1.054     10.313    -53.638
 343   -2     11.366      0.546    -60.142
  -1   -2     10.283     -4.312    -59.393
 674  801     16.990     -6.912    -66.924
  -1   -2      4.757     -8.395    -59.232
  -1   -2     -7.998      8.270    -74.119
  -1   -2     -8.994     -1.578    -77.923
  -1   -2     -3.428     -5.556    -55.707
  -1   -2     16.079     -2.785    -66.880
  -1   -2     -8.259     -2.542    -59.243
  -1   -2     -1.691      2.481    -86.710
  -1   -2     12.972     10.005    -70.728
  -1   -2     15.284     -4.272    -68.014
 603  811      6.981      5.605    -74.375
  -1   -2     13.909     -7.603    -76.149
  -1   -2     -4.288     -4.885    -69.268
  -1   -2     -8.072     12.691    -68.687
  -1   -2    -14.284     -7.848    -69.459
  -1   -2      5.122     -1.201    -64.636
  -1   -2      7.145    -10.460    -58.318
  -1   -2     13.105     -9.326    -78.042
 715  333     11.089      3.068    -68.340
  -1   -2     11.112     10.428    -55.434
  -1   -2      7.138     -9.597    -74.482
 695  280      2.959      6.320    -65.764
  -1   -2     -1.820     10.117    -84.468
  -1   -2    -14.709     -2.707    -71.510
  -1   -2    -11.984     -9.901    -67.620
  -1   -2      7.084      2.579    -71.657
  -1   -2    -15.978    -10.216    -70.461
  -1   -2     10.961     12.871    -66.000
  -1   -2     13.968     -5.982    -71.677
  -1   -2     15.335    -10.538    -75.001
  -1   -2    -13.019     -7.553    -74.437
 244  294    -14.297     -2.405    -69.666
 301   -2     -2.619     -2.324    -76.065
  -1   -2     -9.644      1.860    -85.409
  -1   -2      9.002     -9.443    -53.730
  -1   -2     -3.746      8.213    -62.177
  -1   -2     -6.375     -3.105    -69.602
  -1   -2     13.909      6.958    -66.738
  -1   -2     14.804     10.921    -71.382
 653   -2     -1.831    -12.932    -68.485
  -1   -2    -12.261     -0.178    -62.931
  -1   -2      0.610     10.674    -59.183
  -1   -2     14.398    -13.458    -71.365
  -1   -2     -8.040     -4.391    -53.927
  -1   -2      8.613     10.404    -69.192
  -1   -2     -2.119      8.686    -66.102
  -1   -2     -7.724      7.762    -61.439
  -1   -2    -14.741     -2.129    -69.207
  -1   -2     10.487     -6.056    -52.913
  -1   -2      4.338      2.340    -70.596
  -1   -2     -6.608      8.274    -62.640
  -1   -2     14.086     11.766    -61.264
  -1   -2     13.835     13.238    -68.559
  -1   -2     16.714     -4.064    -64.836
  -1   -2     -3.546     -7.998    -86.249
  -1   -2    -11.369      7.592    -64.865
  -1   -2     -6.268     -4.832    -66.670
  -1   -2      3.161     10.455    -54.793
  -1   -2     16.884      5.934    -65.020
  -1   -2     -9.392     11.494    -63.235
  -1   -2    -11.473     10.837    -75.642
  -1   -2     13.729      8.313    -74.682
  15   -2      1.048      2.386    -73.236
 790  805     -0.381      8.421    -69.699
  90  495      3.963     -8.484    -61.996
 206  180     -3.176      2.259    -75.691
 226  785     -9.321     -2.840    -73.135
 175   -2     -0.789     13.090    -66.080
 820  806      5.601     -0.282    -67.870
 381   66     -5.511      3.983    -73.338
 486  355     -9.002    -11.944    -69.856
 462  291     -8.725     -2.477    -74.121
 234   86     -5.525     -8.003    -71.063
 144  723      9.070     -5.455    -73.068
  48   88      0.833    -11.949    -71.325
 420   -2     -1.453     -4.852    -65.652
  32   -2      2.717      8.915    -69.819
 310  812    -13.434     12.892    -66.955
 751   -2     13.634     -8.611    -63.675
 238   -2      1.926      7.379    -68.152
 334  739     -8.693     11.397    -70.193
 573   -2    -12.957     -7.394    -74.126
 329   -2     12.123      3.168    -67.915
 600  799      6.834     -7.763    -74.409
 480  544     16.078      5.904    -69.063
 808   -2     -2.243     12.534    -76.331
 439  283     -3.884      8.616    -58.617
 446  610      6.937     -0.158    -59.545
 821  813    -10.706     13.614    -61.402
 686  802     -2.338      6.875    -73.944
 521  148     -8.273     -0.160    -65.255
 401  793     12.333     -1.176    -72.811
 228   -2      1.289      3.735    -58.662
 815   -2     12.138    -12.090    -60.345
 613   -2     -9.437     -1.756    -75.308
 498   -2     -3.466    -11.613    -60.524
 599  670      8.732     -9.752    -74.161
 737   -2     -0.779    -10.995    -63.830
 809   -2      0.158      4.247    -62.341
 661  814     17.245     11.925    -73.173
 630   -2      8.358      8.952    -61.364
 296  790     -2.140     10.276    -73.030
 692   -2     13.119     12.416    -61.391
 654   -2      2.215    -12.536    -67.794
 765   -2      7.558      1.231    -64.674
 621   -2     11.010     -3.202    -70.601
   7   -2      0.414     -2.446    -73.117
  -1   -2    -12.878      9.107    -74.727
 564   -2     12.227      5.481    -64.012
 656   -2     -9.810     -8.469    -73.655
 738   -2      7.110      4.996    -72.726
 748   -2      5.166     -1.935    -66.433
 798  685      5.099      8.892    -66.375
 826   -2      4.808     -7.896    -72.584
 828  815    -11.478      6.158    -68.031
 832   -2     -3.297     -1.124    -72.871
 835  816     17.065     -7.542    -74.656
 836  817     17.166    -10.862    -73.981
 837  607     -1.827     -5.572    -75.688
