822
   4    9     -6.020      7.260    -73.510
  -1   -2      2.576     -5.093    -75.912
   5  374     -2.099     -7.101    -73.514
 197  123      9.941      5.359    -70.900
   0    0     -1.108      3.218    -71.044
   7  377     -4.346     -0.198    -71.353
  15   71     -4.704      7.398    -72.194
   3   10      1.656      2.682    -69.757
 398  155      2.444     -7.756    -72.255
  35   17      5.236      1.809    -67.941
   2    4      9.672      7.856    -70.371
  71   61      3.521     -7.909    -69.521
  18   14      3.953      1.646    -67.699
  14   15      1.924     -6.186    -70.987
  83   31     -6.677      5.787    -68.785
 400   16     -2.040     -6.827    -69.363
  49   22      3.624      6.659    -67.037
  41    8      1.548      4.419    -68.550
 134  373      2.180     11.703    -69.841
 480   86      7.634     -5.292    -68.705
   6   11     -1.104      9.428    -72.157
  38   53     -9.192     -3.765    -68.934
  28   52      0.612      3.393    -69.429
 386   -2    -10.276      5.101    -71.781
  -1  375     -5.107     -8.008    -73.480
  23   34      0.422      1.462    -67.216
  48  118      0.340     -6.522    -70.718
  11    3     -4.617     -5.841    -70.428
  12  510     -0.747     -5.823    -71.018
 100    5     -4.579     -2.116    -71.587
  53  184     -2.464     -3.190    -73.950
  40   13      2.755     -1.874    -72.356
  19  284      4.783     -6.510    -71.737
  25  813     -3.125     -1.406    -70.461
 185   81     -4.556     11.349    -72.462
  46   69      6.268      9.914    -70.923
 123   41     -2.505     -2.183    -71.060
  50   70      4.209    -12.432    -73.855
 380   65     -2.683    -11.861    -72.732
 406   24     -5.936     -4.889    -70.398
  17   40     -6.064      0.984    -69.438
  33   30      4.580      2.906    -66.750
   1    2      7.381      8.171    -71.896
  39   48    -11.085    -10.656    -69.752
 425   18    -11.232     -3.399    -75.759
  30   23      5.276     11.401    -69.764
 417   32      4.208     10.006    -67.428
  42   36     -6.474     -5.529    -69.467
 257   26      3.719      4.370    -72.808
 455  420     -4.135      0.405    -67.026
 332  159     -1.549      3.611    -76.487
  31   91    -13.978     10.282    -73.291
  45   35     11.542     -1.841    -69.207
 199  397      2.464      4.385    -70.042
  20   62      2.374      9.443    -68.062
 409  205     -1.033      5.129    -69.233
  16    6      3.344      5.745    -69.589
  61   -2      0.143     11.244    -64.563
  43   93     -4.804      8.565    -65.478
 131  168     -5.280     -3.681    -66.693
 133   25      8.297     10.378    -69.360
  52   58     -6.767     -1.619    -65.606
  -1   -2     -7.719     10.436    -72.979
 177  186    -11.763     -7.594    -69.153
  55  200     -7.417     12.534    -68.049
 392   19    -10.192      2.932    -70.200
 105   56    -11.150      5.751    -67.974
 384  651      7.675      3.781    -76.011
  84    1     -0.790      0.374    -70.639
  13  461      8.833      5.579    -68.887
 142   78      3.590      8.086    -74.026
  58   44      7.453      1.068    -67.667
  -1   -2    -10.569      7.905    -75.247
 113   59      1.321      2.073    -66.537
  62  148      5.441     -8.856    -75.501
  89  152     -8.082    -12.261    -66.600
 150  171      1.378      7.044    -76.064
 102   99     -1.075      6.783    -63.047
  91   73      6.156     -3.266    -68.711
 171   77      2.201      4.049    -61.934
 451  114     -5.105      5.590    -72.939
 454  456    -10.931     -6.188    -66.194
 420  164     -2.442     10.996    -61.545
 155   51     -7.748    -10.410    -69.908
  77  125     12.285      8.672    -67.898
  98  104    -12.562     -6.409    -70.070
  97  139      5.620     -5.015    -63.422
 109   87      4.555     -0.262    -63.158
 128   74     -6.002      5.243    -64.056
 162   67     -7.619      5.858    -67.852
 287  603      1.466      1.387    -74.526
  59  113    -14.833      4.236    -69.453
  63   80      1.369    -11.530    -73.195
  26   29      7.572      8.912    -70.011
 145  129     -7.539      0.540    -64.593
  -1   -2     -8.640      1.850    -73.123
  78   49     -1.599    -10.747    -65.946
 114  818     -6.236      8.344    -66.161
  44  281     -6.207      0.930    -72.940
  34   76      3.748      8.373    -67.423
 538   39    -12.432      1.131    -76.090
  36  154    -10.408      6.756    -74.645
 117  100    -10.912      7.762    -62.952
 478  325      0.592      5.946    -73.348
 483   47     -9.301     -1.755    -70.024
  51   46     11.387     -5.534    -68.886
  68   84     -7.902     11.990    -69.164
 404  829      2.206      7.827    -63.715
 187  279     11.261     -3.264    -68.497
  72  103     -5.338     -7.996    -69.199
  -1  178     -7.638     -4.418    -69.939
 184  494     -5.438      5.964    -62.630
 186  241     -0.220      4.301    -60.095
  -1   -2     -4.311     -8.623    -65.751
 165   64     -9.630     -7.605    -66.018
 156   63     12.028     10.808    -69.155
  87   12     -0.757      6.052    -70.303
 101  174      4.123     -0.502    -71.507
 233  432    -12.015     -5.145    -69.096
 395  188    -10.935      2.127    -71.890
  79  235     -8.730     -7.658    -68.240
  -1   -2     -0.543      1.412    -62.542
  93  816     14.305     -4.854    -71.849
 231   89      9.402      2.531    -65.853
 115  156      5.606     -1.619    -68.182
 491  403      2.183    -10.284    -69.912
 226  211      3.853      1.758    -62.149
 655   33      7.832      1.656    -70.351
 127  462     -9.423      1.403    -68.643
 110  492      1.832      8.457    -66.213
  -1  121    -13.567      1.823    -70.083
 125  304      7.010     -4.469    -73.887
  95  102     -7.660     -8.156    -70.308
 814  142     -1.870     -3.387    -64.330
  65  438     -1.834     -2.270    -66.330
 446  385     -1.695      3.960    -66.551
 170  116    -10.780      1.875    -69.248
 141  110     -6.504    -10.340    -69.730
 138  130    -12.786     10.104    -65.567
 209  127     10.636      2.214    -62.620
 242  141      9.809    -10.788    -70.605
 228  349     -2.275     -1.850    -74.600
  -1  252     12.199     -4.924    -69.869
 229  287     -4.962      6.799    -71.791
 453   -2     -3.154     11.171    -70.861
  -1   -2     -1.568     -6.717    -63.113
  86  815      9.545      3.095    -71.780
 234  238     -8.452    -11.427    -71.450
 108  161      5.047     -4.451    -69.185
 313  212     -9.520    -10.807    -69.891
 557  169     -7.230      6.783    -64.471
 477  514    -12.877     -6.089    -65.948
 519  721      5.763     -2.573    -73.562
  -1   -2      0.296    -11.340    -68.438
 136  269     14.399      8.591    -68.709
 439  137     -0.952     -4.623    -63.044
 153  133     -8.802     -7.891    -65.382
 167  172      9.761     -8.347    -70.035
 413  433      3.776     -9.767    -63.829
 204  227     13.273     -0.279    -67.405
 121  439      6.724     13.088    -66.975
 382   -2     -4.662     -2.345    -74.234
  -1   68     -6.490     -9.624    -66.655
 188  511    -14.680      7.798    -69.816
 129  162    -11.015     -9.668    -68.317
 623  275     -3.211      9.232    -72.546
 106  153     -8.706      4.618    -64.175
 164  268     -1.754     -0.873    -66.822
 303  107    -12.117      7.123    -71.016
  -1   -2    -11.558      0.069    -67.249
 396  846     -0.476      6.524    -60.100
 254  112    -13.810     12.151    -73.033
 419  263     -6.376     11.156    -65.795
  56  296     13.558      8.818    -72.086
 205  391    -10.853     -4.133    -69.201
 159  151     -4.873      3.073    -60.149
 206  149    -11.777     -9.064    -69.121
  73  167     -3.156     -3.190    -70.892
 215  240     12.916     -1.804    -69.974
 130  176    -12.505      4.629    -70.893
 126  163     10.750     -7.329    -66.652
   9  388     -3.806     -4.687    -77.348
 178  182      8.996      8.586    -64.836
 505  448    -12.845      0.283    -63.387
 500  119     -7.432     -6.415    -73.569
 816  105      0.065     -7.914    -71.816
 458  183     10.195     11.642    -69.183
 119   -2      7.388    -10.966    -69.616
 139   38     -9.951      4.643    -62.506
 140  465     -6.534      6.305    -65.424
 217  181    -13.779     -1.983    -70.738
  81   96    -11.020     -7.598    -69.412
 166  117     -8.285      9.906    -63.655
 320  338     -9.706     -2.861    -73.161
 163  203    -11.325     -1.562    -72.081
  -1  253      7.773     -3.379    -70.411
 158  173      7.007    -12.059    -66.994
 192  192      3.789      7.427    -63.537
  -1  157     -3.633      0.992    -71.922
 195  452      4.190      7.553    -73.480
 122  216      9.561      5.837    -62.988
 405  418      8.314     10.666    -62.261
 485  832     -1.932     -8.769    -64.619
  -1   -2      3.576     -8.917    -65.356
  -1  414     -8.300     -2.438    -63.238
  -1   -2      1.479      0.261    -60.430
 147   54     -0.785      6.067    -72.140
 183  196     14.863     -8.188    -70.624
 473  522      9.377      2.921    -62.890
 216  237    -14.601     -2.023    -69.584
 278  190     14.875      2.554    -70.882
 247  459     13.449     -7.528    -68.608
 291  185     11.610      7.136    -67.362
  -1  257    -12.445      5.272    -73.710
 308  233      7.147      0.210    -61.551
  -1   -2      2.953     -1.758    -69.205
 251  249     15.402      8.765    -67.638
 273  535    -11.876      9.529    -75.880
 427   -2     -4.325      5.443    -60.360
  -1   -2      0.504     -1.973    -63.483
  29  138     -5.466     -4.604    -69.951
 275  209     -7.707      7.669    -65.909
 272  419    -11.998      3.925    -68.557
  47   97      8.162     -6.745    -72.551
 210  332     12.019      5.590    -62.689
 182  214     13.719      1.248    -70.542
 256  265      4.416    -10.747    -68.141
 224  260    -13.302    -10.091    -68.748
 146  236      9.951      1.024    -70.314
 211  534     -4.791    -12.528    -68.327
  -1  136      7.556     -7.330    -69.417
 362  199     13.018     -8.308    -65.246
 250   -2      6.035     -1.575    -63.159
 230  823     -9.591     -8.936    -65.666
 514  328     12.286     -0.294    -73.388
 807  355      7.201     -5.037    -69.807
  70  226     12.701     -4.331    -71.509
  -1   -2      0.375      8.295    -62.984
 796   -2     11.536     -4.739    -69.661
 194  258      8.190    -12.111    -67.471
 616   -2     -8.592      1.697    -60.841
 259  210    -12.661     -5.321    -69.179
 812  306      8.791      2.545    -70.180
 804  410     16.387     -2.923    -73.461
 218  305    -11.467     -4.448    -69.390
 297  256     11.899     -5.916    -69.369
  99  255      3.694     -4.080    -68.847
  -1   -2     -7.697     -2.026    -72.776
 615   -2     16.207     -7.677    -72.666
 124  147      9.518      6.222    -68.238
 524  531     -1.757     -5.366    -62.554
 196  501     -2.105     10.597    -70.549
  -1  242      0.727      9.035    -64.399
 596  111      1.856      2.078    -68.348
 262  541      9.666    -11.783    -71.164
  -1   -2     10.886     -3.975    -69.413
 501  246      1.937     11.066    -62.786
  -1   -2      0.672     -6.082    -76.524
  -1   -2    -10.332     -9.707    -63.628
 258  303     10.631      3.084    -65.587
 286  220     13.720      2.662    -74.145
 269  261    -13.838      5.607    -68.433
  82  144      7.458     12.567    -68.808
 353  217    -11.097      0.860    -62.490
 154  312     -6.316     -6.047    -73.215
 148  488     -7.660     -4.113    -70.877
 201  436     -2.091      2.939    -59.325
 235   66      3.385     10.074    -73.478
 172  278    -13.948     11.322    -67.429
 607  669     17.784      9.784    -70.155
 174  160     -6.855      9.109    -75.509
 305  239     10.339     11.093    -66.423
 528  847     -9.419      6.522    -68.731
 200  193      7.778     -1.844    -70.238
 270  301    -10.159     -0.137    -61.862
 346  482     -3.739      8.388    -61.070
 104   -2     -5.679      2.963    -64.312
  -1   -2     12.668      2.044    -63.120
 339  202    -13.477      8.495    -71.009
  -1  189    -15.740      4.019    -71.410
 241  318      9.431     -8.622    -70.418
  -1   -2     -7.413      7.122    -71.751
 292  826     -4.729     -0.746    -68.079
 268  518     14.913     -5.856    -73.737
 582  587     14.910     10.017    -67.076
  37   -2     -8.441     10.313    -73.337
 293  395     10.851     12.610    -66.888
 281  411     -6.156     -8.380    -73.100
  76  814     -6.470      3.808    -66.001
  -1   -2     -5.017     -1.058    -64.760
 279  283      2.701     12.689    -65.724
 277  340     13.152     -6.247    -67.878
  -1   -2      1.946     12.590    -66.720
 253  425     15.034      5.284    -71.144
 264  277     15.266      7.253    -67.977
 338  245     12.305      6.479    -67.390
  -1   -2     -7.088     -3.558    -76.748
 299  248      8.916     -5.360    -72.229
 559  314     12.701      4.488    -64.188
 469  563     13.140     -2.616    -63.086
 324  276      8.775     11.682    -68.103
 260  166     -2.788    -12.038    -67.525
  -1  631     10.657     -8.186    -73.019
 675   -2    -14.242     -1.343    -69.454
 372  204     -9.214      7.336    -60.768
 555  695    -11.663      7.553    -75.455
  -1   -2      8.564      1.809    -62.190
  -1  367     -1.238    -11.331    -73.723
  -1   -2     -7.981     -6.356    -70.149
 314  627      7.761     -3.412    -67.700
  -1  435     17.315     -3.514    -69.431
  -1  335      8.475    -12.567    -66.642
 554  350     -3.445     10.392    -71.469
  -1   -2     -5.533     -2.985    -76.140
 334  530     14.094      4.203    -70.949
  -1   -2     -7.282      1.262    -75.344
  -1   -2    -13.188     -9.205    -67.655
 797  106      6.015      8.482    -68.371
 321  244      0.598      6.647    -75.293
 238  311     12.234     11.848    -66.952
 300  302     13.716      1.141    -68.400
 255  824      6.349     11.254    -72.181
 245  319      9.371     -4.675    -71.996
 193  344     -6.613      5.109    -73.063
 243  383     -3.502     10.199    -73.588
 579  194     -5.683     -4.110    -73.334
 312   50      9.643      4.247    -69.324
 348  828     -7.381      3.910    -64.666
  -1   -2     -4.499      0.936    -61.708
  -1  320    -11.787      0.597    -72.379
 306  561     13.941     10.937    -68.418
  -1  313     12.434    -12.258    -68.979
  -1   -2      4.857    -10.863    -65.632
  57   45     -3.984      7.680    -68.423
  -1   -2     -5.402     -1.141    -60.262
 290  525     13.406      5.022    -69.445
 252  342     -5.628      5.054    -61.911
 648  291     10.924    -10.652    -72.110
 118  331    -10.431      0.816    -67.546
 337  207     -8.536      0.289    -64.506
 595  348     10.477     11.881    -69.363
 351  361     -5.821     -9.208    -67.551
 544  734    -11.504      2.073    -67.078
 345  345      8.287     11.731    -70.059
 285  825      8.698      0.008    -74.506
 657  597    -13.075     13.143    -66.925
 221   -2     11.371      8.022    -68.159
 340  357     16.013     12.811    -68.464
  -1  228    -15.527    -11.798    -72.691
  -1  213      7.716     -5.329    -70.092
 632  840     11.880     -3.119    -66.567
 343  354    -10.913      9.854    -69.048
 369  360     13.724     -7.985    -73.104
  -1   -2     10.186      5.833    -61.807
 336  827      5.772     12.239    -69.692
 424   -2      3.196     -4.666    -71.920
 701  749     -7.948      2.723    -66.444
 745  368     -7.764     -5.152    -75.572
  94  292      3.403     -7.801    -66.368
  -1   -2    -10.170      3.094    -74.421
  -1   -2    -10.465    -12.015    -70.999
 363   -2    -13.946      4.642    -68.458
 367   -2      7.406     10.896    -67.862
  -1   -2    -13.766     -2.339    -77.561
  -1   -2     -4.042     -3.832    -73.522
  -1   -2      1.598     -3.483    -74.624
 778  777     -0.870      2.328    -67.258
 360  752    -13.986     -5.940    -75.885
 359  366      3.390     -1.874    -65.227
  -1   -2      6.780    -11.762    -75.344
  90  382     -1.151     -1.115    -70.144
  -1   -2    -15.915     -0.290    -76.305
 383  379     -5.060      6.035    -71.473
  66  250     13.680      4.998    -73.083
 120  819      1.545    -10.938    -70.417
 643  234      3.049      8.826    -71.049
   8  376     -6.876     -2.468    -70.839
  -1  497    -10.573      8.240    -73.934
 116   72      0.768     -9.375    -72.976
  75  430     -7.035     10.842    -70.821
  -1   -2     -1.859      1.232    -58.409
  -1   -2     -1.624      0.801    -64.839
  10  128     -1.108     10.664    -69.486
 212   75      2.804      4.235    -71.343
 665   20     -5.429      0.984    -72.309
 391  393     -2.394      3.362    -68.807
 213  386     -5.169      3.748    -72.777
  -1  485      8.499    -12.591    -74.336
  -1   -2     -9.598     -9.599    -63.949
 390   90    -13.209     -1.632    -73.018
  -1  472    -10.244      1.796    -63.242
  85   95     -0.109     -9.124    -63.610
  -1   -2      9.440    -12.711    -72.775
  21  399     -2.326     -7.923    -68.823
  -1   -2     -2.066      0.455    -79.957
  88   85     -6.798      7.891    -61.946
 295  143     -5.779      4.010    -74.507
  -1   -2      0.433     -6.444    -64.340
  -1   -2     -9.004      3.227    -71.036
  64  390     -9.564     -4.824    -68.680
  -1   -2     -3.543     -8.779    -60.661
  24  412     -5.436      3.945    -66.704
 434   27    -12.181     -0.202    -68.924
  -1  135     15.238      8.996    -71.437
  60   -2     -2.178      7.272    -71.581
  -1  124     -9.659      0.707    -64.109
  -1  232     12.386     -7.047    -70.782
 456  424     -2.232     13.368    -62.584
  -1   -2     -3.614      1.059    -56.713
  54  521     -3.075      3.314    -68.560
  -1   -2      6.089     -7.520    -62.513
 445  206      6.646      8.348    -68.708
 444   60     -3.872     -9.330    -68.836
  -1  427      6.000     -8.905    -63.582
  32  579     16.495      1.353    -68.952
 135  101      9.240      9.848    -66.629
 429  108     -5.787     -1.453    -69.886
  -1  290      7.134    -12.336    -73.029
  -1   -2     -3.594      5.728    -76.839
 189  513      6.930      4.234    -62.893
  22  396      8.349      2.065    -68.212
 531  471     -7.683     -1.352    -68.541
  -1   -2      5.903    -12.115    -68.277
 441  337      3.788     -1.520    -65.010
 203  463      8.724     10.281    -65.350
  -1   -2     -6.585    -11.201    -61.902
 111  817     17.058      2.809    -71.943
 220  180    -14.820    -11.782    -72.738
 823  845     -6.050     -6.103    -68.148
 503  470     -7.699    -11.924    -63.383
 311  606    -13.164     -8.005    -73.439
  67  537      5.349      8.723    -76.091
 415  848     -8.409     -5.534    -61.768
  -1   -2     -1.527      6.342    -60.812
  -1  615      5.192    -10.183    -62.231
 801   -2     -3.248     -0.254    -65.453
 437  495    -11.975     10.737    -64.392
  -1   -2     11.689     -8.708    -61.230
 497  423     12.343     -4.366    -62.896
 137  487      0.540    -12.116    -64.381
 495  477     -4.021     -6.203    -71.275
  -1   -2      9.143      5.826    -74.821
 401  401      4.251      1.728    -72.857
 151   -2    -13.421      8.161    -69.487
  -1   -2     -4.346      8.107    -62.038
  -1   -2     -5.482      8.193    -69.655
  -1  484     -3.895    -10.399    -60.445
  -1   -2      5.742      4.033    -65.882
  -1   -2      5.288     -9.044    -74.803
  -1   -2     -3.369     -5.554    -54.097
 261  442     -4.948      3.717    -61.743
 329  120      9.660     -3.041    -67.475
 240   -2      4.897     11.579    -63.021
  -1   -2    -11.282      5.229    -63.288
  -1   -2     16.215     -4.252    -64.684
 438  831      5.043     -7.452    -63.464
  -1  453    -10.959      9.304    -61.695
 575  356      2.839    -12.542    -71.721
 280  272     -9.037      8.828    -73.495
  -1  474      4.602      1.746    -69.094
  -1  271      4.744     11.025    -62.097
  -1   82      1.542    -12.480    -64.378
 541  835     11.156      2.456    -76.349
 450   -2      5.700     -2.272    -76.894
  -1   -2     -1.137     -2.181    -77.319
  -1   -2     -3.921    -11.113    -76.425
 431  223      8.469     -3.787    -73.619
 176   -2     -1.067    -11.947    -73.770
  -1   -2     11.244      8.596    -59.501
  -1   -2      2.612     -3.334    -57.166
 475  446     15.839      0.349    -64.358
 498  833      4.148      8.996    -60.148
  -1   -2      7.972      8.394    -60.982
 508  243     -1.112     -9.429    -62.344
  -1  230     -6.300     -1.526    -68.420
  -1  351      2.193    -11.867    -70.155
 499  274    -10.296     10.560    -61.955
  -1   -2    -13.586     -5.394    -67.074
 605  583      2.630     -4.098    -68.706
  -1   -2     -6.317     -6.924    -56.252
 493  293     12.988      0.544    -70.321
 590  838     11.704      9.950    -59.586
 546  109    -12.478      2.238    -69.605
  -1   -2     -5.234     -6.400    -60.094
 161  131     13.053     -1.365    -64.982
 523  481     10.228     -6.647    -62.634
  -1   -2     -3.161     13.580    -62.412
  -1  500      3.896      9.740    -62.897
  -1   -2    -11.086      3.717    -61.963
 430   -2     -1.403      9.919    -75.122
  -1   -2     -3.536     -3.405    -60.119
 793  622      9.780      9.835    -68.130
  -1   -2      0.101     -5.102    -67.290
  -1   -2     -7.876     11.547    -54.797
  -1   -2     -6.998     -8.038    -58.144
 512  215    -11.875      9.596    -65.136
 697  560     10.234    -10.447    -65.211
  -1   -2     10.506     10.489    -59.900
  -1   -2      1.142     -1.021    -59.646
  -1  299     -6.514     -3.774    -67.191
  -1   -2     -5.605    -11.664    -63.306
 550  437     -0.393      5.527    -58.171
 532  282    -15.060      3.065    -76.163
 578  519     11.850    -10.373    -65.540
 563  315     -5.674    -10.565    -59.425
  -1   -2     13.601     -8.944    -75.280
 547  836     16.118    -11.370    -70.496
  -1   -2      0.397     -3.034    -59.697
  -1   -2    -16.522     -4.722    -74.657
  -1   -2    -14.591     -2.692    -82.272
  -1   -2     18.271    -10.299    -70.840
  -1   -2     12.354      2.238    -65.691
 149  699    -10.091     -0.981    -67.741
  -1  309    -11.412      8.996    -71.487
  -1   -2      5.006     -7.227    -58.198
  -1  317      9.136     -0.694    -73.362
  -1   -2     18.007     -7.727    -69.122
  -1   -2      6.471     -6.363    -63.683
 443  565     17.644     -0.570    -66.590
  -1   -2      1.156     -8.781    -57.939
  -1   -2     -0.811     -0.450    -55.057
 504  834     16.663     -9.295    -65.577
 468  624      4.654     10.342    -72.040
  69   -2     -4.881     -1.272    -72.726
  -1   -2     -4.217    -10.011    -68.680
 496  643    -10.065     -8.413    -63.729
  -1  612     14.123    -12.525    -76.586
 271  562     15.382      8.183    -72.772
 800  450     -6.373      0.113    -63.818
  -1   -2     -7.855     -4.007    -59.283
  -1   -2    -11.252     -8.981    -75.839
  -1   -2     -1.688      0.768    -60.976
 558   -2    -12.089    -12.591    -63.932
  -1   -2    -10.039     -4.269    -67.613
  -1   -2     -4.566     -5.822    -60.439
 723   -2     14.864     -3.417    -74.347
 448   -2      7.897      2.153    -67.044
 624  701     -2.063     -8.412    -71.757
  -1   -2    -10.928    -12.107    -65.258
  -1   -2     -4.798     11.929    -58.504
 144   -2     -6.519      2.503    -75.719
  -1  455     -7.258     -3.203    -59.679
  -1   -2    -15.299      6.513    -76.159
 568  476      5.380     -8.238    -62.672
 599  663      9.972     -4.183    -64.302
 570  837     16.317     11.718    -66.159
  -1   -2      5.925      9.659    -56.428
 828  264      3.773      6.930    -66.159
  -1   -2     -8.415      4.460    -58.732
 693  225     17.458      3.786    -68.334
 246  517      4.521    -12.379    -66.798
  -1  177     -6.546      5.595    -75.215
  -1  321      5.124     -7.308    -67.073
 583   -2    -11.887     -4.478    -75.313
  -1   -2      6.178     12.430    -62.987
 627  359    -15.551     -5.890    -76.142
 244  310     15.174    -12.167    -71.398
  -1   -2     14.138      1.488    -69.247
  -1   -2     -5.237    -10.110    -56.337
  -1   -2      9.698     -0.491    -54.724
  -1   -2     -3.579    -10.983    -72.964
  -1   -2     -0.542     -5.096    -68.310
 331   -2     -0.578      9.399    -62.217
 294   -2      0.185     -1.507    -59.517
 316   -2     10.463     -0.436    -61.999
 640  842    -14.105    -10.335    -69.787
  -1   -2     10.790     -3.686    -57.057
  -1   -2    -10.096     -2.452    -75.310
  -1   -2    -15.721    -10.456    -74.023
 535  682     15.378      1.942    -64.006
  -1   -2      5.543      8.328    -59.575
 440   -2    -13.584      7.942    -64.888
  -1  447     14.981    -10.503    -68.438
  -1   -2     -4.096      9.213    -60.415
  -1   -2     -5.864     -5.454    -75.088
  -1   -2     13.159     -4.356    -74.537
 534  505     -3.186    -10.412    -60.757
 325  333      4.927      1.677    -73.264
 237  580      8.558     -1.036    -70.177
  -1   -2     -7.353      5.252    -62.152
 191  219      2.357    -10.845    -76.053
 198  821     10.515      2.316    -64.138
  -1  498      6.124     -8.102    -76.407
  -1   -2      2.607     11.601    -69.419
  -1  288      0.781     -8.421    -65.236
  -1   -2     -3.922      2.241    -59.121
  -1   -2     -2.880     -8.084    -55.952
  -1   -2     -9.006     -2.233    -66.117
  -1   -2     15.618      4.837    -71.400
 782  273      5.250      1.880    -63.420
  -1   -2     12.461      3.879    -61.845
 284   -2    -13.953      6.330    -71.623
 536   -2      4.481    -12.086    -72.296
  -1   -2      0.163    -11.876    -68.559
  -1   -2     -8.120     -9.869    -61.841
  -1   -2    -14.568      2.784    -68.023
 330  713      5.753     -5.404    -60.838
  -1   -2     -4.028     -0.649    -81.863
 407  830     16.609     -8.297    -72.424
 656  286     13.457     10.029    -65.047
 620  341    -15.659      2.998    -73.513
  -1   -2     -6.375     -4.921    -58.861
 422  543     -6.603     -4.776    -66.888
 548  849     14.056      3.196    -58.800
  -1  298      8.514     -3.478    -62.716
  -1   -2     -0.163     12.358    -69.485
 612  706     -8.342     -0.474    -64.928
 227  539      7.971      6.368    -76.179
  -1  294    -14.256     -5.154    -69.431
  -1   -2     16.649      6.839    -65.565
 225  768     11.422     -6.805    -68.308
  -1   -2     -7.582     -7.315    -57.826
 190  636     11.917     -1.437    -68.312
  -1   -2     -3.733      1.736    -76.105
 602  231     12.936     -5.288    -73.984
  -1   -2     -4.379     -1.600    -66.068
  -1   -2     13.068      2.347    -59.766
  -1   -2      9.163      9.305    -55.004
  -1   -2     -8.777     -0.290    -59.511
  -1   -2     -3.954     -0.604    -62.697
  -1   -2      8.954     -3.066    -52.061
  -1  247      4.237     10.328    -72.255
 357   -2     12.805     12.427    -63.422
 651   -2     14.670     -7.583    -63.801
  -1   -2     -2.423    -10.910    -58.935
 670  611     -8.920      3.979    -64.833
  -1   -2     11.175     -2.952    -62.772
  -1  415      8.208     -8.267    -71.610
 613  295     -7.076    -12.432    -66.159
  -1   -2    -10.925    -12.204    -63.712
  -1   -2    -14.589     -3.674    -85.094
  -1   -2    -13.662     -7.852    -64.662
  -1   -2    -13.296    -12.272    -68.579
 565  632     11.871     -0.100    -59.847
  -1   -2      5.275     -7.217    -67.047
 249  601      0.036      0.612    -61.308
  -1   -2     -6.487     -2.576    -64.571
  -1   -2    -13.129     -3.474    -84.730
  -1   -2     -0.885     -3.754    -65.275
  -1   -2     -3.471      5.205    -70.492
 639  267    -14.985     -8.488    -70.336
  -1   -2     -9.478     -5.343    -65.568
  -1  329      9.699    -11.763    -63.249
  -1   -2     -6.322      5.767    -62.074
  -1   -2     10.899      6.693    -58.382
 598  700     15.758     12.979    -64.542
  -1  512      2.978     -6.635    -58.237
  -1   -2     19.611      4.815    -74.573
  -1   -2      2.900    -12.114    -62.022
  -1   -2    -14.091      9.062    -78.418
  -1   -2     -6.766     10.042    -57.319
  -1   -2     -9.172     -0.760    -60.957
  -1   -2     -3.626      7.149    -58.474
  -1   -2      0.171      8.926    -72.160
  -1   -2     11.873      1.834    -73.348
  -1   -2     -8.192     10.632    -59.756
  -1   -2     -9.342      2.084    -62.033
  -1   -2     -9.360      6.160    -54.343
  -1   -2    -16.328     -2.160    -74.364
 621  850      5.049      6.298    -61.344
  -1   -2    -13.968     -1.853    -76.219
  -1   -2     -9.736      1.179    -76.760
  -1   -2      8.948      4.716    -74.980
  -1   -2    -12.715      7.037    -63.636
  -1   -2      0.407    -13.113    -65.187
  -1   -2     13.545     -7.449    -63.604
  -1   -2      5.666     -1.054    -61.026
  -1   -2     -7.693     -8.903    -55.657
 618   -2      1.257     12.327    -73.548
 679   -2     -3.301     -6.874    -64.886
  -1   -2     -3.919     -9.545    -77.017
  -1  572     17.206      9.861    -73.450
  -1   -2     -3.969     11.335    -65.947
 659  595     11.464     -9.813    -60.300
  -1   -2     11.543     -0.584    -67.738
  -1   -2     -1.115     -0.798    -57.903
  -1  197      0.802     10.411    -68.341
  -1   -2     15.971      5.604    -62.988
  -1   -2    -15.435      2.246    -75.175
  -1   -2     10.056     -9.049    -64.318
  -1   -2     -2.379      6.325    -57.661
  -1   -2     -7.224      4.096    -63.355
  -1   -2    -11.589     12.860    -69.140
  -1   -2     -1.266      8.439    -73.714
 356  300      1.322      5.879    -68.246
  -1   -2     -3.449      2.561    -61.699
  -1   -2     11.468      8.553    -75.864
  -1   -2     17.028     -3.241    -69.100
 688   -2    -12.364    -10.284    -71.123
  -1   -2      9.624      5.313    -72.561
  -1   -2     -4.750     -1.037    -69.094
  -1   -2      3.901     -9.026    -75.389
  -1   -2     -2.569     -9.083    -60.370
  -1   -2     12.459      8.948    -57.873
  -1   -2    -11.356     11.212    -67.022
  -1   -2     -7.273     12.150    -58.811
  -1   -2      8.794      0.596    -61.391
 635  841      7.927     -3.025    -74.669
  -1   -2    -10.678     -2.077    -81.075
  -1   -2     -8.933     11.050    -70.960
  -1   -2      6.982     -3.546    -59.577
  -1   -2     -0.184      4.930    -61.609
  -1   -2     -3.633     12.501    -65.745
  -1   -2     16.833      4.111    -74.495
  -1   -2     -8.400      9.753    -58.374
  -1   -2     -6.660      4.897    -72.388
 714  733     15.734      0.242    -72.157
  -1   -2     10.972     -3.200    -83.433
  -1   -2     -6.065     -6.909    -68.039
  -1   -2     -5.581     11.051    -58.088
 781  635    -13.574    -11.897    -67.625
  -1   -2      3.135     11.040    -58.055
  -1   -2     13.038     -5.313    -59.808
  -1   -2      9.666     -6.834    -61.391
  -1   -2     11.552      6.562    -60.551
  -1   -2    -11.856     -3.794    -69.782
  -1   -2     14.223     -5.671    -66.971
  -1   -2     17.940     -6.529    -70.505
  -1   -2     15.798      5.704    -70.816
  -1   -2      5.459    -10.691    -60.332
  -1   -2    -10.531     10.195    -84.713
 768  844    -12.469     -1.286    -67.577
 717  843    -14.085      4.383    -65.409
  -1   -2      2.187     10.594    -84.500
  -1   -2      4.006     12.934    -66.412
  -1   -2     -8.528     10.335    -76.681
  -1   -2     -6.565     10.593    -83.657
  -1   -2     -3.792    -10.023    -56.365
  -1   -2     -3.427      0.213    -62.291
  -1  327      3.394     -4.390    -61.337
  -1   -2     -1.771      1.562    -61.027
  -1   -2      5.066     -5.137    -72.423
  -1   -2     -4.817      5.847    -63.600
  -1   -2     -6.167     -2.715    -67.687
  -1   -2     -7.423     -2.579    -56.230
  -1  553     -7.326      6.830    -71.566
 729   -2      4.751    -10.838    -73.546
  -1   -2      0.816     10.914    -59.147
  -1   -2     17.646     -8.281    -74.930
  -1   -2     -4.651      4.093    -68.225
  -1   -2     -7.449      8.235    -55.024
  -1   -2    -13.614      4.048    -80.237
  -1   -2      8.466     -7.055    -64.424
  -1   -2     12.370     -3.766    -59.276
  -1  372     -3.813     -5.209    -68.669
 354  722     16.042     -2.308    -67.070
  -1   -2      4.172     11.825    -58.274
  -1   -2      9.967     -2.021    -58.590
  -1   -2     -9.391      5.443    -53.670
  -1   -2     19.662      5.906    -80.529
  -1   -2      0.341      6.068    -64.409
  -1   -2     -7.466      8.697    -61.100
  -1   -2    -12.940      1.748    -72.414
  -1   -2     11.371    -12.667    -67.317
  -1   -2     -0.681     10.119    -57.796
  -1   -2    -12.882      5.209    -74.855
  -1   -2     11.559      3.277    -64.504
  -1   -2     -5.416     12.847    -65.819
  -1   -2      4.321     -9.789    -61.660
  -1   -2      7.770     -7.872    -60.630
  -1   -2    -12.831     12.843    -64.345
  -1   -2      8.670     -9.387    -75.992
  -1   -2     11.152     -2.007    -76.640
  -1  358      5.334     -0.692    -64.318
  -1   -2    -11.691      1.139    -81.300
  -1   -2      2.311    -10.363    -68.328
  -1   -2     -9.969      9.511    -72.017
  -1  687    -13.858      2.077    -78.144
  -1   -2      7.421     -7.552    -64.768
  -1   -2     17.251     -3.486    -74.699
  -1  334    -13.465     -3.578    -72.294
  -1   -2     17.728      8.918    -71.826
  -1   -2      9.458    -10.777    -59.539
  -1   -2     11.543      9.911    -69.078
 610  839     -3.907     11.970    -60.063
  -1   -2     13.669      5.579    -63.679
  -1   -2     13.442      8.143    -56.378
  -1   -2     10.180     -5.998    -71.182
  -1   -2      3.252     -5.329    -87.029
  -1   -2      5.863     -1.046    -71.702
  -1   -2      7.141     10.597    -55.510
  -1   -2    -14.092     -0.312    -77.227
  -1   -2    -11.706     12.164    -64.158
  -1   -2      2.803      1.574    -63.673
 103  458    -14.269    -10.540    -69.797
 435  642     -9.801    -11.143    -68.006
 143  820     -8.993     -7.129    -68.992
  -1   -2      8.520     -0.940    -70.242
 802  285     12.148      7.327    -70.674
 333   -2      0.266      7.168    -72.758
 248  175      9.320      4.943    -65.962
 646  353      9.699     -9.683    -66.785
 385  384     -4.201     -6.839    -72.457
 482   -2     -1.544      0.351    -67.902
 389   42      1.326      7.145    -68.291
 402   98     -1.094      8.227    -61.904
  -1   -2      5.861     13.402    -64.530
 784   -2     15.496      0.261    -72.206
 181  198     -0.887      1.499    -74.871
 232  528      8.320      8.364    -72.438
  -1  629      7.910     -7.222    -56.852
 805  428      8.441      6.980    -66.947
 414  440     10.682    -13.145    -65.467
  -1   -2      9.905     -2.912    -61.887
 373  259      2.823     -1.776    -69.131
 289  712     16.009      2.752    -69.703
 614  851     13.318     -0.701    -58.412
 822  750      7.540    -12.847    -69.373
 798   -2     -3.281      8.273    -72.480
 609  280      4.376    -10.878    -63.834
 168   -2     -6.248     -7.695    -67.290
 207  852    -10.526     -1.863    -67.478
 214   -2    -11.107     -9.587    -65.975
 219  664      8.362      0.168    -63.148
 301   94     -3.973     -5.756    -73.007
 361  633     -4.086    -10.192    -71.573
 577   -2      6.790     -8.666    -61.300
 678  853    -14.569     12.301    -67.562
 687  343     10.270     -9.737    -65.550
 825  454      7.477     -5.527    -64.037
 826  559      4.201      3.711    -77.272
 830  483     12.681     -5.349    -67.258
