814
   0    0     -7.559      4.103    -72.615
   5  362     -0.675      2.229    -69.189
   4    7     -0.122     10.010    -72.135
  55    4     -8.242      4.667    -72.278
   6   63     -6.610     -3.945    -71.674
   2    1      3.030     10.456    -71.023
  12    6     10.816      5.025    -73.344
 372   12     -5.362     10.524    -69.458
  11    8     -6.842     -0.250    -70.411
 203   32     -1.105     -4.494    -70.176
  26    3      3.795      2.611    -70.536
  17   20     10.597      6.661    -69.368
  14   55      0.588     -3.827    -71.394
 459   46      3.376      2.042    -74.588
 218  143     -5.588      0.741    -68.193
  21   16    -10.086     -0.083    -71.222
   8   21     -4.539      3.597    -69.838
  46   15     -2.078      6.112    -67.735
 508   25     -2.388     -9.543    -72.269
 365  122      4.999      4.203    -70.331
 235   28      9.920      2.848    -71.676
   7  372      3.089     11.209    -71.419
 758   -2    -10.291     -3.166    -71.463
  32   75      0.205     -4.911    -72.606
  40   82     -7.541      5.984    -64.694
  28   27      6.246      0.619    -67.986
   1   13      5.954      2.933    -70.580
  49   52     -0.507      7.803    -68.541
 105   50     -0.052      2.326    -69.314
 362   56      4.779      8.228    -69.498
  24   48      7.848     -5.574    -68.509
  30  414     15.101      3.568    -69.587
  -1  490      1.133     -1.445    -71.915
  27   33     -4.486     -2.945    -69.285
 423  174      1.562     -6.902    -69.516
 140  177     -2.605      7.637    -68.865
 422  408    -11.600      4.262    -65.713
 132   44    -12.571      3.620    -71.342
 387  446     -4.330      4.904    -65.961
  50   36      3.965     -6.221    -68.063
  59   29    -10.698      8.976    -69.955
  -1    5      7.224      4.772    -71.610
 175  104      3.162     -5.292    -68.736
 129   57      5.200     -1.931    -63.309
  34   81     -0.545      4.220    -66.884
 123   19      1.907      7.254    -69.780
  63   61    -12.511      8.840    -70.073
  41  486      4.102     12.290    -67.487
  -1  179     -3.838      9.772    -65.537
  74  149      2.238      8.823    -72.466
  81   17     -3.269      3.896    -67.740
 104    2      2.493      0.209    -73.354
  93   65    -11.526      8.853    -65.887
  19   40     -6.474     -2.564    -71.710
  45   58     -3.741      1.030    -73.485
  47   69     -4.859      8.560    -71.073
  42  148    -15.334      9.354    -74.628
  71   86     15.632      9.892    -72.087
 174  160      8.622     -7.054    -67.744
  44   73      4.746     -6.330    -68.083
 118   80      2.955     -5.654    -68.479
 193   76    -13.213     -8.367    -71.871
  62   68     -1.610     10.907    -67.408
 237   35      6.772      8.531    -68.797
  -1  370      0.565     -0.254    -68.325
 189   71    -10.692      0.285    -67.310
  78  114      3.683     -7.601    -71.585
  -1   87      4.274     -6.813    -63.239
  -1  156     -0.457     -8.399    -62.104
  90   38     -9.453      5.708    -67.371
  15   23     -1.410      2.856    -69.296
  58   91    -14.897      6.403    -70.739
 138  441      4.220     -0.113    -66.224
 391   51     -6.984     -2.636    -64.228
 425  395      0.946     -8.278    -68.111
  22   93     -5.441      8.336    -66.502
 173  145    -14.315      0.796    -73.354
 398   -2      0.366      8.013    -65.704
  64   90      9.206     10.424    -66.906
 526  260     10.765     -6.841    -71.517
 276  264     -4.844      6.385    -73.425
  99   84     -2.614      1.576    -64.912
  95  153     -3.519     -5.127    -67.419
  76   43     -6.962      4.048    -74.080
  92  121    -10.205     -8.716    -71.035
  51   60     -2.655     -1.156    -66.402
  70   10    -11.558      9.092    -72.559
 360  781     -0.876      4.905    -66.087
  -1   83      6.115      6.766    -71.637
  33  132     -7.277     -4.154    -71.408
  16  485      7.503      2.235    -74.305
 406  120     -7.803      6.557    -68.311
  91   54      2.738     -2.600    -66.591
  35  389     -2.173      9.126    -66.092
  23  418      6.360      5.139    -71.210
 154   31     -7.577     10.240    -76.274
 164  378      0.198      0.082    -61.536
 109  118     -3.141    -10.380    -68.081
 409   88      0.600     -6.433    -66.381
 172  771     -6.675    -10.493    -72.760
 401  103     -5.744      2.232    -61.203
   9   99      5.009     -1.023    -71.432
 159  203      1.898    -12.174    -63.699
  -1  365      1.274    -11.460    -76.306
 142  106      1.558    -11.624    -64.362
  88   64     10.205     -9.555    -67.294
 122  429     -4.220      1.862    -64.275
 107  135      3.517     -0.994    -65.962
 111  119     -9.459     12.112    -66.260
 408  266     -2.150      6.836    -65.688
 126  226      0.923      2.992    -64.169
  80  767     -9.059      7.816    -66.838
 103  169    -13.545     -1.090    -66.793
  -1  239     -0.282     -6.993    -61.069
 417   59     -5.203     10.698    -67.093
  -1  147      5.047      2.208    -66.974
  94  133     13.851      4.015    -65.612
 258   14      3.777      6.070    -69.505
 446   -2     -7.941     -2.037    -68.406
 806   30     -0.591     -9.560    -72.757
 128  128     -0.002    -11.763    -65.065
 535  210      7.473     -1.152    -71.002
 177   78     -1.789      1.624    -66.039
 215   49    -15.833     -0.954    -73.477
 248  199      0.713    -10.416    -70.374
 165  134     -7.304      3.361    -62.654
  25  112    -12.621     -8.749    -71.001
  18  193     12.454      1.251    -68.413
 149  140     -2.888      8.050    -66.231
  -1  182      0.267     -9.945    -70.432
 382  102      6.923     -6.276    -64.443
 511   67     -5.697     -4.058    -61.311
 484   -2    -10.948     -1.134    -62.930
 147  394     -8.914     -0.567    -66.023
 117   79    -11.563     -3.207    -65.929
 478  201      1.792     -8.250    -62.897
 120  159     -7.294      1.186    -63.806
 146  326     -3.102      0.520    -65.819
 115  129      5.943     -2.534    -62.603
 295   89     -6.487      2.950    -66.300
  -1  473     -8.431      0.777    -73.121
  48  304     10.354     10.425    -70.228
 130  202      7.212     11.027    -66.571
 285  218     12.258     -0.600    -68.317
 113  234      4.986      5.430    -64.718
 101  452      8.357     -2.843    -63.449
 161  141     10.544      2.895    -63.725
 437   -2      0.476      3.514    -64.790
  20  405     -8.050      7.961    -68.933
 495  116      1.023     -2.532    -61.152
  -1   39      5.551     -9.932    -72.508
  -1  484     -3.730    -12.067    -64.648
 145  208      9.518     11.114    -68.026
 135   72      3.645     -3.421    -67.905
  56  146     10.191     -2.871    -71.863
 176  191     -7.181     -1.772    -66.214
  13  113     -3.293     -3.404    -71.952
 257   62     10.882      0.864    -73.963
 771  302     -1.808     -2.679    -61.645
 587  192     14.365     -6.522    -73.489
 432  185      2.770    -11.533    -63.039
  -1  257    -14.729      4.669    -70.222
 212  422      0.018      2.882    -68.455
 153  198     10.235      8.876    -67.721
 181  271    -11.523     -4.512    -74.137
 206  215      2.359     -5.299    -68.033
 426  359     10.479     12.132    -66.770
 402  161     -2.578      9.855    -65.819
 770   -2     -4.817     -5.617    -67.989
 170  269      2.871     -8.196    -69.666
 567  204    -13.993    -10.507    -68.483
 190  465    -12.303      5.061    -66.277
 300   53     -9.232      7.809    -72.481
 151  249     14.501     -0.418    -73.611
 213  220    -10.218     11.542    -65.915
 191  172     -7.779      1.074    -61.766
 204  227     -4.403      2.574    -62.405
  -1   -2      6.886      8.320    -62.833
 106  223     -4.783      5.617    -61.628
 169  334      1.958      1.619    -62.621
  -1  206      3.261      9.465    -65.973
 321   77     -3.565      0.330    -74.319
 166   -2    -10.219     12.695    -65.374
 227  205      4.666     -9.126    -66.944
 158  442      9.003     -4.734    -63.375
 144   94      9.758     -4.720    -70.185
 217  209      5.215      2.674    -65.626
 116  217     -8.488     10.662    -65.111
  -1  124      5.595     -5.059    -65.729
 143  769     -3.693     -0.499    -62.959
 748  520      8.254      3.602    -66.780
 162  237     -3.548    -11.963    -66.802
 429  142    -14.243      5.416    -67.868
  -1   -2     -7.287      9.604    -60.098
 376  251     -6.953     -6.416    -66.091
 768  623     -1.615      0.494    -64.126
 269  388      1.172     -1.768    -70.131
 482  483    -10.737    -12.204    -70.891
 208  100      7.870     -7.821    -66.869
 228  151    -13.115     12.655    -68.725
 211  663     -1.294     -4.588    -72.006
 759  166      7.487     -3.771    -64.518
 242  545     -6.570     12.821    -63.584
 240  321      7.217    -12.143    -72.665
 225  154     12.670     -0.217    -64.827
 753   96      7.648      5.183    -71.354
  54  188     -9.993     -3.660    -68.795
  -1  183    -10.988     -1.044    -75.500
 112   98     11.101      1.638    -69.568
 292  189    -11.335     -3.381    -67.790
 265  297      7.291     -4.782    -72.310
 274  568      6.956    -10.921    -71.366
 270  287      1.640     -2.461    -63.481
 533  377      2.468     -6.914    -72.870
  60  625      0.171     -0.985    -68.295
  -1   -2    -10.938     -3.647    -61.767
 221  427     -6.152     -8.673    -66.639
 179  231      8.781     -0.194    -70.729
 286  170     10.651     -2.520    -68.061
 509  255     -6.274     -6.830    -67.748
  -1   -2    -14.313      9.228    -68.243
 195  283     13.134     -3.395    -66.848
 131   -2     10.378     -2.212    -65.668
 186  200     -7.326     -8.776    -70.958
 168  522     -4.347     13.138    -65.006
  -1   -2      1.211     -6.085    -80.149
  53  397     -5.363     -8.064    -71.080
 259  272     15.565     12.447    -68.864
 314  565      0.881     -1.556    -76.683
  -1   -2     -0.347      3.388    -64.706
 280  284     12.384      8.112    -68.073
  -1  105     -7.399    -12.549    -69.675
  -1  303     -8.868      2.452    -74.846
 263  433     12.467     -5.113    -70.025
 187  111     12.940      7.609    -68.521
 200  252      2.078    -11.220    -64.404
 141   -2    -15.283      9.837    -72.819
 784  570     13.041      0.814    -65.969
 428  207     -6.150     -2.460    -68.347
 747   70     -6.202     -4.572    -65.769
 525  216      5.936    -11.658    -75.305
 136   -2     -2.591     -6.496    -66.334
 640  155     -9.682      9.840    -63.228
 180  115      7.965     -7.403    -67.536
 244  546     -0.700      8.180    -76.976
 194  126     -4.802      7.501    -64.931
 256  180     15.998     -0.017    -73.051
 220  293     -2.334      7.370    -75.651
 152   -2      3.202      9.440    -64.316
 156  235     -0.140      2.710    -60.851
 201  477      9.964     -4.254    -65.669
 272  317     -1.014    -11.217    -67.460
 178  152     -1.546      8.317    -70.072
 550  499     15.553      0.326    -70.226
 245  292      4.936      2.827    -62.611
 264  536     -1.422     -8.466    -63.778
 261  345     12.274     -4.680    -70.038
  98  171      2.048     -7.013    -69.129
 306  344      0.926     -7.118    -69.976
 304  288    -14.022      2.026    -67.307
  72  150     10.978     -7.675    -68.212
 209  592     -8.832     -0.054    -61.217
 254  343      8.835     -5.000    -66.153
 436   97     -8.125      4.705    -75.507
  -1   -2     -6.084      0.799    -59.389
 807   -2      9.361    -12.802    -73.570
 763  108      2.514     -1.125    -72.662
 249  291      6.981     10.760    -74.586
  -1   -2     11.156     -9.857    -65.161
 216   -2      3.657      7.388    -61.142
 569  458     11.570    -12.042    -72.181
 199  267     -4.782     11.145    -67.544
  -1  512     -2.118     -5.189    -76.050
  -1   -2     -7.927     -2.249    -60.985
 319  289      3.021      6.312    -63.289
 571  322      0.997      7.566    -60.908
 252   -2      3.583      0.663    -61.240
 185  285     16.536      8.538    -69.220
  -1  518     -8.936    -10.036    -60.806
  39  547      5.854     -8.338    -74.185
 230  313    -14.956      3.187    -72.599
 273  472      9.097    -10.105    -68.875
 266  775      9.126     -0.662    -67.874
 331  630      5.714      1.339    -74.453
  -1   -2     -9.158    -10.193    -63.919
 277  280     14.972    -12.482    -72.763
 167  244      4.581     -6.196    -64.612
 196  186     15.814     -2.779    -68.913
 326  299      0.701      0.844    -72.043
 386  184     11.350      6.715    -70.312
  -1   -2      4.347     -3.627    -70.625
 320  515     -2.959     10.247    -74.184
 332  652      8.528     12.629    -66.098
 184  453     11.309     -1.757    -74.038
 530  346     -5.220     13.115    -63.543
 631  540     -2.490     -4.740    -63.287
 553   -2    -13.922     -4.717    -75.166
  -1   -2     -1.597    -12.334    -69.114
  -1  349     -2.528     -7.188    -68.734
 344  319     -4.993      6.341    -64.092
 341  262     12.485     -6.608    -66.855
 373  676     -3.940      7.904    -69.076
 241  250     11.899     -6.542    -70.197
  -1   -2     -0.614    -11.820    -75.011
  -1  440    -12.233    -11.294    -72.838
 359  308     11.949    -11.814    -68.894
 348   -2      1.401      8.217    -73.976
  -1  342     -0.674      3.379    -64.230
 513  282    -13.710      4.687    -67.911
  -1   -2     12.685     -1.125    -74.052
  -1   -2      9.606      4.094    -54.678
 330  777     -9.070     11.017    -69.280
  -1   -2      9.592      4.938    -65.705
 630  711      9.180     11.707    -64.295
  -1   -2     -9.897     -8.128    -56.180
 338  335     15.383     -6.747    -69.312
  -1   -2     -5.773     -4.876    -77.376
 283   -2     12.328      5.743    -71.836
 490   -2      7.344     -3.297    -76.892
 657  793      7.094    -11.806    -65.100
 297  327     16.317     -7.729    -70.894
 328  722     11.281      5.109    -63.712
  -1   -2      5.852     -8.927    -66.743
 357  325     12.889      2.472    -70.157
 605  337     11.747     12.998    -67.009
 303  548      4.773      9.740    -68.031
  -1  341     16.413      1.126    -73.513
  -1   -2    -12.344     -4.883    -67.189
  -1   -2     -8.500      1.624    -71.131
  -1   -2    -10.021     -6.559    -58.552
  -1   -2     -6.878    -11.032    -64.163
 310  358      8.740      6.078    -64.128
  -1   -2     -8.381     -3.338    -69.992
 358  360     -0.370     12.987    -64.873
  -1   -2      5.662     10.338    -76.757
 346   -2      3.992    -12.704    -68.514
  -1  355      0.088    -11.269    -64.977
  61  373     -5.784      5.168    -63.901
 363  363      1.395      9.016    -71.375
 744    9      1.880      7.877    -68.112
  36  364     -2.339      1.071    -73.734
  -1   -2      7.220      6.300    -64.077
   3   11     -2.231     -1.007    -70.224
  -1   -2    -10.588     -4.512    -84.111
 466  516      6.197      3.925    -75.022
  43  366     -1.227      4.533    -71.085
 404  259     -2.290      7.903    -71.384
 396  298     12.095     -1.887    -64.863
  -1   -2     -3.530     -8.338    -58.738
 392  402     -5.814     -6.053    -58.977
 369  421      6.135      7.401    -73.538
 751  369      2.821     -4.873    -68.552
 102  125      8.875      9.637    -73.235
  -1   -2    -13.879     -8.304    -74.246
  -1   -2     -4.770    -13.011    -63.979
  86   -2     -9.726     -2.015    -70.992
  -1   -2      7.283     -3.012    -52.069
 110   41     -9.547      4.381    -64.897
  -1  460     -6.272      4.581    -60.349
  -1   -2      5.072      0.639    -61.796
  -1   -2     13.715    -10.458    -71.203
 754   85     -9.952     -1.174    -69.460
  -1   -2     14.980    -10.447    -74.596
  -1   -2    -10.426     12.629    -67.434
 385  381      3.159     11.936    -61.983
 395  481     -2.589     13.103    -61.455
  -1   -2      1.400     10.441    -62.799
  -1  187    -12.833      2.443    -68.709
  -1  624      9.833    -10.833    -58.597
 393   34      6.495     -2.993    -66.199
 375  782      3.004     12.164    -68.112
 384  783     12.470     -7.471    -63.829
 470  339     -1.830     -8.247    -73.231
  75  766      2.353     -8.143    -73.633
 139   -2     -5.021      7.740    -61.009
  -1   -2    -11.437     -6.458    -68.013
 424  212     -2.287      0.441    -62.745
  -1  406    -16.017      0.394    -76.455
  85  376     -4.328     -5.275    -70.946
  -1   74      4.050     -5.333    -66.480
  -1   -2     -9.635      8.164    -61.313
  -1   -2      1.090     10.201    -60.719
  -1   -2     -7.454    -11.882    -69.910
 134  382     -5.794      4.076    -70.630
 399   45    -12.487      2.706    -70.934
 797  425      0.250     -7.199    -75.490
 505   -2     12.656      4.096    -65.134
 564  528     -2.430      5.201    -73.859
 197  294     -2.661      1.266    -68.445
  -1   -2    -12.136     -5.067    -85.231
 456  214     -7.209     -6.036    -63.580
  -1   -2     -2.324     -5.086    -61.704
 795  798      2.147     -3.233    -66.866
 461  176     -5.069     -9.764    -66.606
 374   26      6.646     11.972    -71.949
  -1   -2     14.642    -12.081    -86.822
  -1   -2     -4.116     -8.525    -63.917
 133  768     17.180      6.198    -66.263
 445  493     17.360     -1.591    -67.013
  -1   -2    -13.329     10.935    -67.765
  -1   -2      8.363     -3.325    -77.235
  66  386     -6.205      4.706    -64.505
  -1  404      4.191      0.230    -61.493
 435  213     13.100     10.011    -63.767
  -1  447     -0.947     -2.757    -60.756
 246  232     14.086     11.369    -69.467
  97   -2     -8.787     13.394    -64.110
  -1   -2      6.708     -9.564    -71.802
  -1   -2     15.823      1.664    -64.429
  29  765      6.307     12.864    -64.679
 412  415     -4.116      4.010    -60.651
 493  195     -7.724      7.309    -58.620
  -1   -2      1.909     -4.401    -62.695
  -1   -2     -3.404     -8.020    -61.088
 322   -2     -6.386      6.820    -72.432
 388  375      1.340      4.888    -66.238
  -1   -2      3.101      9.230    -74.854
 794  131    -12.673     -9.606    -65.416
 150  194     -9.851      0.586    -63.628
 516  168     -0.289     -4.515    -63.324
 496   -2     -7.512    -10.074    -64.984
  -1  130      0.905    -12.223    -62.782
  -1  263     -6.521    -13.003    -65.428
  -1   -2     -7.946     -2.579    -77.899
 749  410     -8.120     13.077    -64.321
  -1   -2     -6.145      9.061    -59.206
  -1   -2      5.520     11.493    -61.130
  -1  531      7.406    -13.016    -71.544
  -1   -2     -4.200      9.168    -55.706
  -1   -2    -13.728     -3.017    -68.926
  -1   -2      3.592     -7.445    -62.961
  -1   -2     -4.406     12.226    -59.041
  -1   -2     -4.537      1.195    -76.520
 540  117      0.088    -10.559    -68.817
 441  504    -11.549    -10.268    -63.033
 805  524     -2.717      6.269    -73.793
  -1   -2     -5.090     10.135    -77.209
  -1   -2      4.548      5.909    -69.135
 239   -2    -11.382     -7.910    -63.749
  -1   -2      0.470     -3.746    -60.705
 371  158      4.314     10.596    -67.191
 416   -2    -11.916    -11.739    -65.175
 489   -2     -6.222      1.737    -61.827
  79  110     -5.379      3.425    -64.861
  -1   -2      3.668      8.032    -58.901
  37  123      6.946     11.775    -67.490
 430   42      5.361     -6.728    -73.307
 305  316     11.998     10.739    -72.627
  -1  523    -10.298     -8.455    -63.463
  -1   -2     13.432     -5.608    -59.156
  -1   -2     -3.286      5.253    -62.687
  -1   -2     -0.778      0.243    -73.655
 502   -2     11.425     -4.433    -59.629
 205  136    -12.109      7.348    -69.446
  -1  448     -4.036    -12.806    -64.375
 100  268      5.933      8.690    -68.479
  -1   -2    -10.728    -11.433    -59.887
 534  525    -14.005      6.238    -73.320
  -1  449     11.391     -8.000    -63.030
  -1  243     -5.813      8.140    -64.348
  38  163      8.226    -11.070    -75.569
  -1   -2     12.072     -8.677    -67.410
 255   24     -9.828     -4.123    -73.013
  87  368      0.025     11.063    -72.063
  -1  309      2.949      7.275    -76.060
 454  467    -12.516     13.086    -65.354
 442  196     -1.694     -9.054    -62.920
  -1   -2     11.465      9.662    -59.517
 486  789      8.009     -1.952    -57.083
 488  627     15.993     11.679    -71.754
  -1   -2    -10.006     -6.545    -61.864
 641  296    -11.372     -6.238    -70.602
 790  445      8.815      3.249    -64.007
 520  790     -8.215     -0.352    -62.339
 514  245    -13.872     -8.624    -72.070
  -1   -2      8.295      1.469    -61.589
  -1   -2      5.538     -7.681    -60.082
 515  462     14.092     -1.635    -61.526
 468  412      6.922      4.452    -69.111
 559  236      2.069    -11.464    -63.356
  -1   -2    -13.990      6.718    -80.805
 114  157     -8.065     -7.259    -76.342
 337  778     -3.940      8.999    -73.751
 521   -2     -4.823    -11.494    -62.274
  -1  290     15.356     10.747    -66.502
  -1   -2     -8.907    -11.395    -71.033
 238  774     15.554     10.496    -65.613
  -1   -2     -5.312     -0.851    -57.349
  -1  324     -9.165      2.612    -59.469
  -1   -2     -4.148     11.680    -76.674
 287   -2    -15.703      4.291    -75.247
  -1   -2     -7.015     -4.656    -58.503
  -1   -2      4.721     -2.922    -70.305
 542  559    -11.860      9.461    -60.650
 494  569     13.357      3.730    -63.995
  -1   -2      2.481      5.549    -61.259
  -1   -2     -9.508    -10.373    -62.914
  -1  579      8.867     -2.556    -61.180
 438  787    -11.075      4.632    -76.214
  -1  178     13.638      1.380    -63.322
 222   -2     -9.649    -11.631    -66.592
  84  799      7.488      1.139    -74.553
  -1   -2     -1.860     -9.487    -67.014
 223  274     16.509      9.316    -71.385
 268  281     11.309     12.662    -68.527
 603  510     14.456     -0.707    -65.559
  -1  513      5.506     -5.436    -62.681
  -1   -2     -4.769     -8.652    -60.432
  -1   -2     12.028      8.568    -54.434
  -1   -2     -3.610     -5.059    -60.318
  -1   -2      2.083     -8.752    -57.365
  -1   -2      3.663      9.361    -61.574
  67  233     -5.643      1.468    -63.535
  -1   -2      5.077     -7.231    -67.966
  -1  610     -5.083     10.956    -60.867
  -1   -2     14.303     11.518    -73.873
 518  137      8.852      7.177    -60.701
 232  581    -10.184      4.443    -73.037
  -1   -2      6.720     10.256    -86.528
  -1   -2     -0.622     12.808    -67.372
 214  351     -3.256     -2.049    -68.904
  -1   -2     -3.717      4.322    -69.743
 589  311    -13.825      1.533    -69.051
 192  529     -6.480      5.514    -67.115
  -1   -2      5.251    -10.182    -58.622
 547  584      6.222     11.201    -61.124
  -1   -2    -11.890      7.082    -67.748
  -1  276    -15.459    -11.138    -71.037
  -1  597     -4.869    -11.203    -70.684
 198  347     -7.646      9.722    -67.826
  -1   -2    -10.497     -8.701    -67.362
  -1   -2      3.800     -3.949    -61.685
 556   -2      6.190      7.762    -66.389
  -1   -2     11.374     11.857    -64.455
  -1   -2     -2.216     11.487    -59.041
  -1  175     -9.724     -5.721    -74.321
 309   -2     10.120      8.137    -64.399
  -1   -2    -15.006     -5.358    -76.247
 329  560      9.441      9.799    -61.751
 427  786      1.396      2.153    -76.324
 394  784     -1.234      9.089    -71.056
  -1   -2      1.240     -6.555    -60.728
  -1   -2     -2.591      3.003    -75.138
  31   -2      6.961      0.187    -73.204
 234  310      6.346      0.077    -65.925
 296  495     11.939     -9.142    -65.253
  -1   -2     -0.324      0.695    -57.518
 291   -2    -10.991    -12.272    -64.635
  -1  162      2.136    -12.930    -70.305
  -1   -2      9.074     -9.857    -64.836
  -1   -2     16.786    -11.081    -84.141
  -1   -2    -12.787      8.370    -65.824
 350  779    -14.147      0.538    -72.198
 400  785     -0.058      1.036    -76.221
  -1   -2     -3.718     -6.211    -78.042
  -1  553     -3.142     -9.514    -61.718
  -1   -2      9.293      4.552    -61.559
 390  643    -13.189     12.165    -74.923
  -1  561     18.084     -7.608    -67.658
  -1   -2      4.162      5.660    -59.289
 512  505     17.104      1.038    -67.684
  -1   -2      1.470      6.109    -76.112
  -1   -2      9.769      4.014    -73.320
  -1   -2      7.442    -10.790    -77.522
  -1   -2     12.068     11.317    -79.339
 561   -2      8.867    -12.000    -73.224
  -1   -2     -1.873     -2.813    -70.884
 477  457      2.015     -4.027    -65.806
 271  519     11.199     10.339    -66.468
  -1   -2    -11.419     -0.381    -68.968
  -1   -2     10.888     -9.568    -67.445
  -1   -2      0.024     12.775    -60.460
 284   -2      8.675    -11.589    -71.799
  -1  464    -15.769     -6.666    -75.222
  -1   -2     15.550     11.696    -70.625
  -1   -2    -11.321    -10.956    -76.841
 313  436      9.881     -6.992    -68.381
 202  772      7.401      8.078    -64.953
  -1   -2      6.194      1.484    -68.256
  -1   -2     -8.950     -6.406    -74.618
  -1   -2      3.941      4.593    -75.862
  -1   -2     -3.228     -9.943    -60.946
  -1  598    -15.103     11.496    -77.155
 108  224     -4.504     -3.968    -71.022
  -1   -2     -2.781      8.066    -53.100
  -1  475      9.876     12.940    -65.631
  -1  385     -0.503      2.759    -71.750
 607  632     13.026     -4.707    -75.115
  -1   -2      3.078     12.917    -65.547
 575  566     -7.533      4.167    -58.701
 590   -2     11.412      9.409    -62.417
  -1   -2    -13.969     11.238    -68.376
 769  544     17.082     -9.103    -67.847
  -1  430     12.421    -10.304    -67.240
  -1  409      4.553     -8.290    -75.461
  -1   -2      7.606     -6.401    -77.609
  -1   -2     12.372    -11.617    -66.467
  -1   -2     -8.348     -9.634    -77.413
 183  534      5.337    -11.060    -73.145
  -1   -2     -5.237     -0.112    -54.036
  -1   -2    -13.177      1.839    -76.631
  -1   -2    -10.449     -4.597    -56.913
 720  261    -13.807     10.350    -74.656
  -1   -2     17.530     -9.044    -68.500
  -1   -2     -1.277      4.628    -76.858
  -1   -2     14.260     11.060    -66.357
  -1   -2      7.539    -10.251    -62.800
  -1   -2     10.979      2.031    -56.926
 207  773      2.145      5.772    -69.271
  -1   -2      8.083     -5.570    -59.601
  -1   -2     11.407     -0.491    -86.395
  -1   -2      6.295      0.935    -56.445
  -1   -2     -9.225     -5.374    -62.340
  -1   -2    -14.435      6.612    -82.343
 333   -2    -15.778     -3.751    -73.856
  -1   -2      6.772    -10.095    -60.027
  -1   -2     -1.559    -10.130    -58.198
  -1  704     -5.313     12.446    -65.359
  -1   -2     -9.127     -0.086    -83.255
  -1  590     15.510     -2.243    -67.100
  -1   -2     -4.164      9.704    -56.614
  -1   -2     11.336     11.796    -62.272
 243  572    -11.111      2.843    -68.231
 545  459     14.828     -3.289    -74.769
 481  253    -15.920      4.190    -73.552
 325  576     16.345      4.735    -66.355
  -1   -2     -6.654     -4.445    -61.356
  -1   -2    -10.171     -4.818    -60.541
 462  730      8.746      7.653    -73.002
  -1  634     -3.609     -6.772    -65.182
  -1   -2     -3.085    -12.704    -70.334
  -1  707     16.321      0.291    -64.649
 622  729     13.882     -9.736    -65.851
  -1   -2     10.264     -3.661    -57.728
  -1   -2     15.338     -5.862    -63.154
  -1   -2     -4.655    -11.129    -77.062
  -1   -2     13.967     -9.410    -61.907
  -1   -2      0.595     10.721    -66.221
  -1   -2     14.199     10.267    -74.399
  -1   -2     -9.563    -10.941    -72.691
  -1   -2      4.982     -3.708    -59.114
  -1   -2      7.678     -6.884    -76.330
  -1   -2      3.957     -2.365    -65.458
 731  795      2.130     -9.291    -57.813
  -1   -2      8.319      2.083    -53.738
 476  788      7.470     -6.166    -62.240
  -1   -2     -3.169     11.129    -63.690
  -1   -2     -2.951      7.453    -55.971
  -1  591     -7.945      9.407    -74.144
  -1   -2    -10.437     11.444    -61.589
  -1   -2      0.038      7.055    -70.352
  -1   -2     14.133      4.667    -78.964
  -1   -2     13.125     13.401    -64.353
  -1   -2     -5.649      1.090    -75.692
  -1  640     -8.355     10.468    -75.511
 233  167      2.010     -1.266    -61.720
 289  776      7.219     -4.476    -68.979
  -1   -2    -11.066     -2.281    -85.309
  -1   -2     -9.393     -7.446    -76.425
 613  677      1.450      0.772    -73.053
  -1   -2    -14.620     -2.472    -83.212
  -1  353     12.996     11.668    -67.190
  -1   -2     -7.802      9.945    -62.173
 600  791     -6.417      2.388    -73.224
  -1   -2      3.216     -3.036    -65.286
 307   -2    -13.702     -6.892    -67.609
  -1   -2     -1.326     12.123    -60.626
  -1   -2     10.873     -9.405    -70.473
  -1   -2     -3.514      5.947    -67.874
  -1   -2     15.567     -4.525    -60.594
 598   -2     12.696    -12.033    -66.953
  -1  685      1.008    -10.322    -76.525
  -1  580     11.030      8.262    -74.593
  -1   -2    -11.722      7.354    -84.315
 661  197      5.062      9.603    -73.209
  -1   -2     -2.124     10.495    -66.805
  -1   -2      7.591     -9.140    -60.079
  -1   -2      9.893      2.752    -58.186
  -1   -2     14.620      8.039    -66.537
  -1  138    -11.031    -11.067    -70.991
  -1   -2      4.426    -11.072    -71.594
  -1   -2     -0.331    -10.455    -60.750
  -1   -2      4.821     -8.836    -74.057
  -1   -2     15.817    -11.659    -81.230
 773  700     11.655      6.374    -65.496
  -1   -2     17.397     -8.743    -65.228
  -1   -2     12.994     11.557    -63.569
  -1   -2     14.025     -4.094    -66.839
  -1   -2      5.160     -6.169    -59.393
  -1  323      5.453      2.642    -58.525
  -1   -2     -6.697    -11.220    -61.530
  -1   -2     -7.063      0.879    -68.943
  -1   -2      0.460     10.751    -61.475
  -1   -2     -5.341      5.295    -62.282
 697  668      8.599     -3.223    -67.025
  -1   -2      8.326     -3.725    -65.055
  -1   -2    -14.341     12.521    -67.183
  -1   -2     -4.950      6.258    -77.556
  -1   -2      3.404     -8.696    -67.029
  -1   -2      7.912     -7.756    -62.590
 646  792     -9.890      7.539    -61.350
  -1   -2     12.563     11.189    -61.891
  -1   -2     -1.957      8.284    -53.766
  -1   -2     12.474     -5.602    -60.519
 584   -2     -0.060      8.925    -67.643
  -1   -2     -7.446      8.866    -54.356
  -1   -2     11.899      0.978    -87.619
  -1   -2      9.689     -2.843    -62.735
  -1   -2     -4.996     -6.378    -70.363
 704  670    -12.841     12.641    -67.157
  -1   -2      8.936     -7.100    -61.293
  -1   -2    -13.961     12.115    -73.187
 619  331      3.118      0.150    -64.093
 351  340     14.929      0.692    -63.142
  -1   -2     -5.412     12.584    -58.215
  -1   -2     -6.444     -2.467    -64.475
  -1   -2     -5.649      5.647    -63.480
 342  715     -1.086    -12.400    -64.991
  -1   -2    -14.779    -10.651    -75.681
  -1   -2     15.686      0.440    -66.215
  -1   -2     15.518      0.157    -66.486
  -1   -2     -5.315     -2.645    -71.381
  -1   -2      3.705     -3.516    -69.555
  -1   -2     -5.077      2.364    -69.739
  -1   -2     17.163     -3.768    -76.329
  -1   -2     13.426      3.683    -71.831
  -1   -2      4.352      4.665    -65.863
  -1   -2      1.496      5.472    -66.019
  -1   -2     13.613     -7.210    -73.660
  -1   -2    -11.221      4.126    -58.455
  -1   -2     15.518     -4.820    -63.807
 736  796    -11.857     10.612    -67.886
  -1   -2    -13.423     -1.702    -67.515
  -1   -2    -10.360      4.121    -62.756
  -1   -2     13.921     -3.925    -67.223
  -1   -2     11.466     -2.149    -71.506
  -1   -2      4.173      3.266    -73.309
  -1   -2     -5.895     -1.514    -83.122
  -1   -2      4.910     -8.196    -51.925
  -1   -2     13.715     -6.209    -74.813
  -1   -2     12.260     -0.495    -54.890
  -1   -2      9.370      9.899    -68.945
  -1   -2     14.068     -4.633    -66.671
  -1   -2     -3.029    -11.764    -64.666
  -1   -2      0.926     -6.917    -76.839
  -1   -2     -2.018     10.533    -53.890
  -1   -2     -3.518    -10.277    -75.557
  -1   -2    -15.882    -10.827    -77.960
  -1   -2     -8.453     -6.191    -65.013
  -1  749      0.033     -2.214    -69.658
  -1   -2     -6.260      8.372    -65.097
  -1   -2      3.502      3.390    -58.159
  -1   -2     10.386     10.157    -60.485
  -1   -2    -11.185     -5.717    -64.938
  -1   -2     -7.115     13.007    -68.051
  -1   -2     -7.974     12.071    -62.473
 275   -2      3.811    -11.021    -66.808
  -1   -2      6.443     12.084    -66.728
  -1   -2      0.288    -10.832    -57.927
 531  496      3.486     -9.229    -72.649
  69  800      0.842     -0.151    -69.198
 148  770     -3.701    -11.156    -66.875
  89  439    -10.743     -3.564    -68.849
  73   95     -2.368     -1.663    -63.685
 411   -2     -6.313    -10.343    -70.757
 302  256     12.481      3.718    -66.558
 160  242     -5.009     -5.105    -62.922
 125  221      6.541     -9.891    -67.963
 155   -2     -9.597    -11.303    -73.547
 299  305    -14.030      9.544    -67.135
 541  222    -10.904     -4.313    -67.164
 247  328     -5.409      0.651    -63.849
 339   -2     -7.992      2.554    -77.836
 316   -2     -5.157     -7.925    -75.992
 389  801     16.143     -5.648    -73.158
 231  578      0.286     -4.052    -74.962
 762  348     13.904     -5.566    -68.144
 290   -2     10.618      1.938    -66.944
 479   -2     10.761      4.644    -75.977
 752   -2      3.025     13.541    -68.283
 413   22      1.000     11.953    -67.046
 464  541     -9.400     -9.366    -65.478
 421  139    -13.073     -6.387    -67.234
 361  468     -7.371    -11.847    -75.031
 450  456      8.545    -12.556    -64.281
 449   -2     -5.656     11.336    -68.833
 137   -2     -6.687      7.725    -63.871
 761   -2      0.767      5.241    -71.807
 491  535     10.862     10.383    -61.647
 549   -2    -14.112      9.393    -75.038
 620  144      1.225     -1.707    -64.235
 673  794     -0.488      4.263    -71.536
  57   47    -10.889     -2.949    -73.449
 293   -2     14.306     11.166    -66.061
 529   -2     10.671     -7.523    -61.976
 776  797     14.478     -7.674    -75.411
 719   -2     -0.175    -11.066    -76.718
 618  555    -11.642     -2.246    -74.344
 682   -2     15.810    -13.188    -68.211
 671   -2     -4.949      9.233    -65.593
 792  450     -3.240     -4.766    -66.170
 355  780     -3.584     11.159    -70.988
  96   -2      0.477      6.555    -77.635
 182   -2    -10.710     -0.711    -67.378
 298   -2     -1.456     -9.619    -65.843
 679  802     -4.966      7.963    -68.366
 683  803     -0.628     -2.386    -63.458
 708  804      0.080     -1.297    -67.784
 779  718      4.799     10.857    -65.574
 793  805    -13.586      3.127    -74.329
 796  806     -0.690     10.031    -60.260
 804  807     -6.541     -2.842    -63.632
 808  808     17.795     13.348    -70.953
 809  809     -7.814     13.042    -71.249
