817
   0    2      4.843      0.604    -71.012
   4    3      1.118      9.901    -69.754
   5    6     -1.310      3.837    -70.264
 774   17     -7.827      0.393    -75.253
  10   28     -6.667     -4.089    -72.851
  23    4     -9.778      0.968    -71.783
   8    8     -0.137      6.900    -68.350
  34   22      5.684     10.375    -72.718
  44    0     -1.702     11.644    -72.153
  30   15      4.819      1.308    -70.246
  56   12      0.943     -7.273    -70.006
  21  197      1.683      7.225    -71.928
  40   14     -1.689      9.631    -68.653
  11   25      4.692     -3.952    -72.231
  -1   11     -7.050      3.385    -69.582
   1    9     -0.128      5.414    -76.399
 137   23      6.624     -1.748    -71.030
  17   35      0.503      8.083    -69.289
  26   18      1.192     10.528    -67.670
   9   10     -1.379      4.930    -71.980
  14   29     -3.076      1.903    -69.194
  47   47      8.573      1.257    -66.733
  20   13      8.722     -0.867    -68.461
  38   27      1.484      0.361    -68.657
  -1   34      1.308      8.836    -66.721
  18  347     11.695      0.157    -71.895
  35   39     -3.144     -1.811    -66.934
 257  107      6.425     -0.279    -73.441
  33   37     -2.977      6.527    -68.675
  52    7     -7.768      0.479    -67.396
  80  166      3.812      9.389    -71.517
  88   60      0.631     11.579    -69.401
  37   65      6.334     -4.337    -68.886
 379   19     -1.266     11.509    -67.771
  29   31    -10.529      5.183    -68.405
   3    1      5.590      1.127    -71.236
  90  150     -1.631      3.539    -73.857
  42  755     -2.784     13.111    -66.177
 393  385     -0.833      5.879    -69.219
  13   43      4.572      7.034    -71.786
 374   96      8.285      4.682    -68.605
  85   46      5.997      4.635    -71.863
  94   53     -0.836      1.704    -71.763
  48   38     10.105     -1.215    -68.151
 125  123      7.693     -2.141    -70.809
  39  754     -1.714      9.382    -66.385
  27   21     -4.896      3.074    -71.232
  46   45     -0.659      2.545    -65.669
  36  176      3.224      4.336    -69.072
  15   55      1.525     11.342    -65.907
  72   26      1.826      4.921    -70.362
  28  125     -9.116      6.657    -74.126
   6   33      5.625      8.510    -73.537
  16  212      5.465     -2.580    -74.130
  96   41     -4.336      0.374    -67.035
 269   16      1.603      7.328    -67.823
 387   69      2.725     -7.391    -66.552
 183  202     -5.541     -0.971    -70.015
 100   66      8.643      6.579    -68.377
 103  589    -12.957     -3.332    -71.021
 435  157     -3.499     -6.048    -64.815
  19   20     -9.174      8.058    -70.119
 118   78     -1.776     -2.886    -66.334
 116   80      0.547      7.374    -68.404
  93   57     -3.916      9.630    -62.642
  -1  240      0.362      1.666    -73.889
  55  178     11.619     11.013    -70.686
  43  122    -11.193      7.496    -71.171
  -1  132      7.201      4.418    -65.854
 153   59      3.946      5.916    -66.349
 114  640      0.099     -5.076    -70.417
  54   -2    -14.483     -2.781    -70.034
 110  106     13.444      8.140    -73.136
 384   52     -0.751     11.381    -66.001
 436   24      9.439     11.551    -70.295
 385  126      6.772      0.530    -73.377
 440   64    -13.440     -6.157    -72.982
 104   83     -4.576      5.875    -65.054
 404  376     -5.132      3.073    -64.389
  -1  164    -12.873      3.029    -66.764
 485   76    -11.063     -6.166    -66.909
 101  100     -0.904     13.091    -65.449
 420   99    -13.019     10.235    -67.954
 775   56     -6.849     -1.439    -68.607
  77   30     -7.114     -0.693    -75.032
  67  128     -1.848     -7.656    -69.426
 106   81     14.901      2.982    -68.230
  74   68      6.816      7.957    -65.237
 133   40     -4.371      9.572    -68.032
  50  384    -10.231     -2.180    -72.481
  65  373     -6.968      7.228    -75.540
 481   73      3.533      1.651    -64.734
 155  161      2.587      4.739    -69.437
  32    5      9.394      2.237    -70.672
  62  377      0.200     -5.280    -68.686
 158  801      2.306     -0.695    -69.748
 390   36    -16.128     -9.177    -74.153
  -1  228     -5.302    -11.108    -71.815
  -1   90     -7.002     -2.234    -65.532
 515  155     -8.583     -0.384    -65.035
  -1   61     -2.808     -0.821    -63.343
 148  129     12.905     -2.162    -68.699
 185   79      3.701     11.846    -70.048
 414   94      0.282     -1.488    -65.016
 122  275      4.483     -0.938    -69.505
  57  152      4.981     -8.508    -70.236
  58   93      9.230     -3.299    -68.883
  68   49    -12.016      5.058    -72.681
  63  154      4.117     10.469    -69.085
 179  116      7.670     -2.553    -68.704
  98   71    -10.596     10.059    -69.144
 256  597     -4.344     11.367    -74.154
  73  147     -4.224      7.296    -68.289
 209  214     15.237     -4.864    -67.477
  66   85     -6.298      7.690    -62.561
 215   95      7.915      3.906    -65.260
 195  391      6.660      4.206    -66.859
 512  778      1.289     -4.130    -67.643
 191  101      0.432     -4.937    -64.380
  92  124     10.771     -5.397    -69.486
 162   54     -7.683     11.134    -68.917
  91  457    -13.609     11.440    -68.740
  64   70     -5.945     -0.546    -64.414
  -1   -2     11.382     -8.740    -65.697
 248  379      3.982      6.679    -70.888
 159   67     -0.721      4.929    -67.010
 418  148     -7.569      0.681    -64.115
 150  232      7.215    -11.054    -66.877
 722  140      3.719    -13.061    -66.149
 151  109     -7.938     -3.856    -66.463
  22  175    -11.060     12.098    -72.591
  59  127     -0.864    -10.823    -70.633
 217  121     -2.636      3.090    -62.691
  86  169      9.539     12.161    -66.017
 107  523     14.526      2.434    -69.251
 325  292      4.042     -9.178    -66.257
 286  192    -15.036      5.832    -72.284
  61  218      9.572      3.454    -66.551
  75  133      0.572     -0.011    -68.185
 466  151      5.440     -8.843    -68.593
 407   51     -5.241      6.649    -73.975
 105  427     10.648     -4.711    -63.959
 109  183     -9.964     12.070    -66.152
 192   92     -5.109     -4.095    -65.957
 120   88     -6.341    -12.143    -70.049
 423  104     11.769     -6.963    -65.700
  -1  113      7.575     12.564    -69.297
 176  111      5.666     -2.621    -65.024
 171   87      0.676      5.937    -63.176
 129   91      9.665     -2.079    -67.167
 139   98     -0.749     11.631    -70.392
  97  226      6.848      9.838    -75.560
 232  130     12.277      0.245    -67.046
 727  285     10.555      7.492    -75.193
 138  238     -0.786      1.616    -65.015
 163  263     -1.194      2.975    -60.863
 128   -2      7.356      7.729    -72.804
 343  470    -12.273      1.856    -68.474
 446  136     -2.028      4.304    -64.295
 167  515    -10.237     -8.886    -67.790
 113  180    -13.570     10.066    -72.203
 214  158     16.672     -0.072    -67.616
  25  110     -0.576      8.869    -68.865
 228  452     -4.572     -0.888    -66.763
 397  117     -8.700      9.608    -71.384
 144  181      2.471      0.238    -63.865
  -1   -2     -4.702      2.248    -65.934
  -1  170      5.383     -8.283    -66.918
 121  338      5.762     11.240    -70.548
  -1  242     -0.446      0.741    -76.798
 223  761     12.195      6.676    -65.864
 450  163     -0.501    -10.579    -65.203
  -1   -2      7.705     -0.793    -74.076
 201  201     11.604     -2.760    -68.439
  79  233    -10.362     11.153    -70.518
 204  250      2.049      5.729    -72.528
 288  134      2.683      7.272    -64.970
 496  777     -2.251    -10.614    -69.466
 169  215     -3.513      5.831    -61.996
 253  271     15.536     -5.201    -70.008
 282  219      9.076      0.815    -66.920
 224  204     -7.700      1.514    -63.418
 154  223     -7.360      2.094    -61.616
  -1  139      8.859      5.803    -60.776
 403   74     -7.878      3.961    -69.914
 141   77      0.315      0.078    -63.049
 180  190     13.907      9.612    -67.781
 165  231      2.669     -9.398    -63.747
 338  209     -3.603     -6.303    -69.354
 227  159      9.420     -4.854    -67.124
 576  443     10.126     -6.653    -63.980
 237  244     10.338      0.726    -66.532
 274  426    -13.229     -8.587    -65.515
 222  160      4.781     -3.006    -74.633
 190  135    -10.300     -3.817    -72.651
 181  255    -11.649     11.905    -65.544
 211  206      9.712     -6.812    -64.341
 212  220    -12.539     -6.384    -71.921
 166   82    -15.186     -4.125    -70.458
 131  143     -6.961      5.997    -64.796
 504  173     14.172      6.415    -67.456
  -1   97     -5.824      6.821    -63.354
 230  145     -5.743    -12.167    -70.098
 145  258    -13.262      3.326    -73.162
 417  441    -11.856     -6.872    -63.886
 206  225    -13.018      3.341    -68.200
  78  172     -0.955     10.730    -63.065
 472   -2    -15.855      9.569    -73.852
  -1  105     -3.423     -7.078    -67.856
 220  438     -1.824    -11.877    -65.036
  -1  193    -14.279      3.240    -68.368
 249  199      0.962    -12.866    -68.291
 136  236     10.491    -10.270    -65.282
 111  317     -9.938      5.700    -62.602
 467  187      8.589      1.674    -63.160
  51  395     -8.465     11.846    -76.351
 800  203      3.085      5.093    -66.221
 254  396     13.720      2.341    -67.524
 229  243      5.514    -12.147    -67.436
 132   -2     -1.001     -2.828    -61.088
  -1  198     -4.755      7.086    -60.747
 283  272    -13.160      3.456    -75.047
  -1  502     11.070      9.350    -64.837
 245  375     10.849     -6.205    -74.119
 309  305      7.603    -10.502    -66.112
  99  416      8.891     -5.645    -68.929
 255   89     15.156      4.952    -71.107
  -1  363     -7.999     -6.531    -74.445
 189  213    -14.986      4.568    -70.973
 130  246      0.442      8.706    -64.073
  89  284     10.043     10.472    -68.444
 294  266      9.774     -8.453    -69.879
 221  252      4.323     -0.504    -71.868
 164  249     -2.013     10.548    -67.410
 184  316     12.019      5.717    -69.734
  -1   -2     -3.771      5.870    -77.782
 198  802     -3.612    -11.689    -77.118
 469  413     -5.538      5.554    -60.427
 781   -2      4.038     -7.557    -74.799
 143  138     -7.973      1.410    -69.607
 135   72      8.058      1.167    -70.449
 323  210     -9.190     -7.349    -65.919
 196  283     -4.577     12.752    -68.042
 218  736    -10.114      0.503    -65.384
 307  535     -9.380    -11.426    -67.623
  31  224      2.922     12.010    -70.486
  12  464    -14.911    -10.006    -75.645
 241  762     -8.531     -5.346    -72.775
 517   42     -7.149     -9.298    -69.157
 231  207     -3.683      5.962    -69.699
 612  312    -11.513      5.950    -74.519
 574  462     -6.976     -3.293    -61.959
  -1  184     -1.951    -12.960    -66.902
 238   -2     -6.155     -9.273    -73.635
  -1   -2      3.851     -5.098    -64.546
 251  286      1.724      4.538    -61.627
 434  771      4.499     -2.037    -66.030
  -1   -2    -10.062     -9.123    -71.626
 115  309      8.002     -1.048    -73.226
 266  593     14.294     11.353    -68.561
 353  767      6.312     10.957    -71.838
 273  350     12.639      8.484    -67.926
 123  251      4.591     -4.469    -65.987
  41  420    -13.595     11.052    -73.421
  -1   -2     -7.804     -4.611    -64.267
 168  144      8.353     -8.896    -67.394
 279  532     14.118      0.603    -68.373
 152  758     15.462      8.201    -72.432
 465  773     -1.087      4.982    -64.706
 311  684    -14.849     -0.941    -75.866
  -1   -2     -1.436     -0.425    -62.499
 421   84      0.326     -5.818    -73.350
 476  776     -2.333      4.927    -68.326
 449  274    -11.714      5.317    -71.075
 778  536      4.406      9.929    -76.047
  -1   -2     10.758      0.549    -61.164
 219  315    -14.051      9.419    -73.487
 233  211      4.038      5.918    -63.631
 287  763      7.016     -6.509    -63.985
 322  343      2.728     -3.306    -67.778
  -1  518    -11.752     10.825    -61.017
  -1  273      9.016      6.594    -66.464
 342  525     -5.065     -4.685    -75.901
 271  287     12.705     -3.732    -68.960
  -1  248     -7.908      5.881    -60.922
 265  103     -3.274      7.315    -75.759
 284  256     -1.207    -10.247    -66.498
  -1   -2     -2.384     -2.041    -60.847
 299  196      3.562      1.902    -66.678
 194  650     11.693      3.076    -65.855
  -1   -2     -6.351      2.055    -65.891
 268  142     15.759     -4.548    -70.265
 712  616      7.760    -12.915    -69.189
 301  432      6.653     -5.289    -76.556
 597  570     -3.491     -5.655    -72.936
 486  188      9.988     -1.977    -72.273
  -1   -2      6.407     -5.080    -60.486
  -1  346    -11.248     -4.316    -72.528
 534  227    -10.593      0.416    -72.241
 278  298     10.652      3.332    -62.632
 351  247      9.477     -2.720    -70.551
  -1   -2     -2.823    -11.100    -65.063
  -1  264     -4.697     -5.657    -62.261
  -1  234     -3.769     -7.164    -72.969
  87  476     -9.376      2.200    -72.984
 310  706     -5.060     10.550    -74.586
 296  764     -5.355      2.372    -63.424
 321  584      1.224      7.346    -61.857
 647  555     16.463      0.841    -73.687
 358  235      4.420      4.274    -71.732
 276  307      8.608      4.760    -65.874
 456  282      4.618      4.144    -73.365
 348  269      3.971      7.411    -75.789
 592  608     12.506      5.165    -63.124
  -1   -2     -8.004      4.041    -75.995
 285  803     14.213      4.615    -71.951
 127  526     16.255      4.034    -71.918
 290  513      9.405      8.476    -63.476
  -1   -2     -9.010      5.457    -59.771
  -1  294     10.527     -2.685    -65.830
 305  304     -0.705      9.844    -74.759
  -1  179     -8.858      6.654    -65.829
 412  336     -6.163      8.550    -75.801
  -1  260     14.321      9.340    -70.728
 200   -2     -2.381      9.495    -76.885
 350  804     12.158     -4.524    -67.035
 347  310     10.359    -12.099    -70.745
 349  345      3.419    -12.370    -66.391
 447  412      4.995     -2.960    -68.280
 572  577    -13.691     12.735    -67.838
 270  696      2.635      8.948    -68.724
 300  308     -3.675     -0.094    -70.796
 292  625      6.732      0.175    -67.422
 332  331     15.258      0.928    -66.873
 317  295     17.178     -6.313    -69.574
 318  318     12.891     -2.445    -72.374
  -1   -2     11.456    -11.468    -73.127
 267  334     14.628      7.529    -71.092
 207  366     -2.450     11.275    -73.610
 336  268     11.958      9.952    -68.282
  -1  262     -3.409    -11.967    -74.575
 262  352     -6.346     12.047    -69.180
  -1   -2     -0.952     -1.277    -62.697
  -1   -2      1.260     10.069    -71.418
  -1  330     -1.322      6.712    -65.093
  -1  337     10.950     -3.834    -62.739
 326  729     16.183      9.306    -71.130
  -1   -2     10.815      6.222    -61.515
  -1   -2      5.322      8.166    -61.855
 259  293     15.630      7.645    -70.923
 340  276     -3.483      6.155    -64.611
 791   -2      2.956    -11.533    -68.760
 618  643     -3.874     10.196    -72.390
 744  356     16.921     12.539    -67.301
  -1  358     16.793     -6.505    -71.529
  -1   -2     -2.295     -1.787    -70.387
 367  712     -6.278      3.188    -63.473
  -1  508     -0.049    -10.420    -74.420
 621  349      7.408      4.262    -59.736
 334  646    -12.716      7.371    -72.571
  -1  690     12.020     -8.809    -64.242
 341  354     12.356     -1.189    -65.334
  -1   -2      2.742     -9.136    -67.801
 587  785      3.588     -9.554    -68.927
 362  558     -0.365     -3.139    -66.786
  -1   -2     -5.107      7.629    -69.518
 369  370     -6.409      7.050    -72.301
 424  769     -4.112     -8.808    -71.324
 371  186     -2.581     -2.316    -71.704
  -1   -2     -7.677    -10.079    -57.950
  -1   -2      8.414     12.117    -75.250
  45  756     -6.902      3.106    -70.986
  24  371    -11.640      6.021    -69.607
 386  447     -7.122    -11.222    -76.770
  -1   -2     -7.327    -12.223    -64.402
 391  386    -15.244     -5.004    -70.728
 464   -2     -0.277      0.841    -63.648
  -1   -2     -6.578     -8.988    -61.853
  -1  374    -11.307     -8.725    -66.342
 102   -2     -6.085      8.303    -61.767
   2   48     -5.834      6.531    -72.441
 438   -2     -4.055     -0.788    -64.442
 463   -2     -5.856     -4.183    -76.928
 401  333      3.967    -10.942    -65.492
 521  222      7.404     -3.329    -67.412
 142  167     -9.696     11.551    -70.816
  -1   -2     -7.273     -7.667    -54.392
 494  444     -0.129      6.705    -74.348
 380  378      9.472      4.864    -71.576
  49   62     -3.294      8.128    -64.112
 186  265      1.639     -2.267    -75.341
 377  402      1.592     -6.105    -66.482
 484  398      9.538      4.073    -70.495
  -1   -2     -5.223     -8.407    -56.817
  81  399     -2.186      9.176    -60.779
  -1   -2      2.211     -9.438    -74.419
  -1   -2      0.764      4.873    -75.955
 402  405     -0.727     -8.145    -70.938
  -1   -2     -1.678     -4.341    -61.602
  60   -2    -10.585      2.521    -72.164
  -1   -2    -14.620     -9.050    -78.735
  70  482     -1.277     12.162    -63.722
 426   -2     -6.952     -9.142    -59.533
 372  229     -0.248    -11.999    -68.029
 499   -2      3.566    -11.269    -65.227
 415  191      3.654      0.926    -64.474
 405  414      5.109      5.792    -63.361
   7  492     -9.799      6.419    -74.564
 826  230      2.112      2.896    -62.322
 479   -2     -9.796     -7.904    -64.968
 234  278     -9.015      8.054    -75.372
  -1   -2      6.233      5.099    -63.558
  -1  392      1.086      3.930    -76.419
  -1   -2     -3.824      9.869    -52.233
  -1   -2     -7.552      3.420    -81.557
 210  149     11.753      8.048    -70.069
 582  667     11.758     -1.980    -71.530
  -1   -2      6.449     -7.147    -72.497
  -1  390      5.210     12.066    -63.278
  -1   -2     -6.937     -9.307    -65.599
  -1   -2     -1.350     -4.448    -72.910
 445  290    -13.650      1.100    -76.094
  -1  165     -7.533      9.591    -63.381
 453  480     16.915      4.056    -65.176
 773  796      4.191      1.392    -62.281
 522  632    -15.764      7.139    -75.363
  -1   -2      8.866      3.979    -56.762
  -1  394     -9.685      3.202    -59.846
  -1  477     -7.976     11.161    -59.573
 430  770     -9.713     -8.646    -65.224
  -1   -2      2.991     -9.789    -68.097
  -1   50     -2.931     -4.879    -59.874
  -1   -2      5.161     -6.573    -57.158
  -1  185     -0.799    -11.584    -65.341
 406  468     -9.975      4.952    -62.866
  -1  120     -8.570      2.461    -63.839
  95  431     -7.918      9.516    -66.680
 400   -2      3.802      0.242    -73.929
  -1   -2      9.764      1.251    -61.728
  -1   -2     11.431    -10.124    -67.677
 247   -2      0.197     -0.569    -63.414
 175  306      5.017     11.737    -75.584
 551  455     13.943     -5.318    -64.665
 474  775      0.612     -0.402    -61.523
  -1  118      6.054     -5.767    -60.228
  -1   -2     -7.982      4.750    -61.710
 451  421     -0.749    -11.475    -61.171
  71  156      4.079      7.789    -64.825
 170  177     -8.596    -12.480    -67.161
 147  137      4.542    -11.731    -67.473
  -1   -2     -7.774     -6.424    -52.338
  -1  400      0.976     -6.712    -76.908
 478   -2     -3.244     -9.871    -61.903
 443  454     -2.159     12.008    -62.179
 500  460      3.220      0.229    -59.801
 272  303      9.599    -12.250    -77.386
 243  459      7.186     -0.442    -66.788
 320  510      1.886      1.701    -77.117
 388   -2     -8.597     13.177    -63.666
  -1   -2      1.267     -7.346    -62.657
 422  108     -7.253      4.841    -61.731
  -1   -2    -12.688     -9.617    -66.217
 444  504     15.975     -3.143    -62.628
  -1   -2      1.406     -5.120    -54.950
 780   -2     -8.962     -6.279    -64.092
  69  424      7.257      9.943    -69.802
 213  418     -1.467     -9.480    -68.707
 160  254      4.420    -10.677    -69.033
 252  467     -4.450     -7.780    -66.665
 193  465     -4.692     10.217    -64.648
 329  245     15.567      7.566    -67.844
  -1   -2    -13.791     -0.081    -67.078
  -1   -2     -4.449    -10.064    -61.385
  -1   -2     -7.962     -7.778    -65.766
  -1   -2     11.489      2.933    -58.966
  -1  326     10.771     -5.195    -67.209
  -1   -2    -11.864    -10.329    -63.306
 146  200      9.807     -5.895    -70.386
  -1   -2     -5.881    -10.019    -84.872
  -1  487     -6.213    -11.180    -65.425
  -1   -2     -1.878     -7.686    -57.430
  -1  538     14.005     -6.575    -65.949
  -1   -2     -4.964    -11.314    -59.453
  -1  409     12.687    -11.363    -70.043
  -1  257     -0.258      8.915    -58.273
 293   -2      2.398      2.063    -64.313
 557  782     13.158     12.451    -65.405
  -1   -2      3.321     10.907    -75.504
  -1   -2     -9.823    -11.981    -71.801
 520   -2     14.720     -7.557    -74.178
  -1   -2    -11.584      3.355    -62.583
 454  772      3.021     -5.724    -60.326
  -1   -2     -5.432     -8.156    -86.731
  -1  448     -8.357     -9.635    -63.042
  -1   -2      9.567      8.924    -57.888
  -1  497     -0.601    -12.075    -65.257
 225  241    -10.486     -1.373    -65.400
  -1   -2    -12.225    -10.270    -74.424
  -1   -2     -7.017    -11.450    -63.795
  -1   -2      7.184     11.897    -62.591
  -1   -2     -5.287     -7.060    -59.630
  -1   -2      3.284      3.712    -57.360
  -1  313    -13.462     11.574    -72.372
 595   -2     10.639     11.922    -60.685
 547  780     -4.856     12.888    -66.471
 117  259     -7.114     -6.147    -66.828
 528  300     11.871     11.408    -65.396
 558  388     -0.525      5.352    -73.161
  -1  565    -15.208     -8.646    -70.966
 566  547     -6.926      6.186    -59.906
 583  544     15.044     -3.978    -62.926
 315  325      4.769     -7.913    -75.211
  -1   -2     -6.942     -4.948    -61.900
  -1   -2     10.786      7.655    -67.657
 244  541    -13.763      8.276    -68.522
  -1   -2     -8.550     -6.399    -71.769
 277   -2     14.935     12.454    -67.548
  -1   -2      0.324      7.100    -83.579
  -1  469    -11.485     -7.885    -67.440
  -1   -2    -11.567     -3.018    -74.255
 119  522     -3.709      3.395    -73.024
 240   -2     10.337     12.962    -65.590
  -1   -2     -5.122     -1.167    -61.883
 579   -2      5.778      7.435    -59.292
  84  805     -9.580     -4.178    -74.570
 530   -2     14.633     11.436    -64.162
 569  491     11.335     -4.497    -60.883
 615   -2     12.614     -4.360    -62.780
  -1   -2     14.604    -12.486    -80.843
 337   -2      7.832      8.323    -60.934
  -1  119      2.149     -5.865    -73.991
  -1  637      5.955     -4.287    -55.793
 495  302    -10.302     -0.236    -60.769
 316  765    -11.720     -5.942    -65.372
 458  585     -4.168     11.630    -72.677
  -1   -2    -10.114     -2.752    -67.485
  -1   -2      2.941     -5.484    -52.948
 236   -2     10.548      5.469    -62.331
  -1   -2      7.458     13.050    -63.762
  -1  425     11.956     -9.888    -64.378
 480  194      5.634      0.123    -61.078
  -1   -2     -9.826     -6.038    -78.190
  -1   -2     -6.962      4.300    -63.348
  -1  348    -13.087     -5.672    -74.671
  -1   -2     -4.764    -10.187    -76.402
 671  319     -8.503      1.588    -74.365
  -1   -2    -10.129    -12.887    -65.893
  -1   -2      6.835      0.004    -52.796
 524  539     -2.146     11.271    -69.739
  -1  645     -3.059     -7.999    -59.711
  -1   -2      2.919     -7.098    -58.008
  -1   -2     -6.523      6.399    -57.747
  -1   -2     -6.078    -10.484    -75.103
  -1   -2     -2.934      3.753    -61.583
  -1   -2      7.048     -9.519    -56.699
 580  784     11.550      7.738    -61.668
 203  596      7.694    -11.137    -76.072
  -1   -2      2.909     10.826    -63.647
 603  217     -1.313     -3.124    -75.683
  -1   -2    -13.395     12.240    -74.009
  -1   -2    -12.412      2.436    -69.311
 289  486      8.160      3.583    -70.514
  -1   -2      4.241    -12.264    -66.356
  -1   -2     10.678     -2.529    -62.738
  -1  383    -14.175     -8.619    -73.860
  -1  205     -8.713      3.820    -68.525
 523  560      1.130     11.166    -63.025
 596  786     -0.617    -11.651    -71.018
  -1   -2     -3.872    -10.050    -57.280
  -1   -2     -0.620     -0.608    -79.061
  -1   -2    -13.309     -9.973    -65.326
 172  182     -3.722    -11.315    -68.060
 216  806     -2.305      4.971    -62.126
 546  623     -4.713     -4.633    -61.863
 527  564     17.574      8.830    -67.015
 628  297    -13.743      8.049    -65.890
 297  548     -0.474     11.425    -72.402
 291  221      2.742    -10.742    -75.214
  -1   -2      0.309     11.775    -62.946
  -1  550    -13.673     -2.248    -63.987
 552  781    -15.695     -9.911    -70.852
  -1   -2     -3.681     -7.258    -81.326
  -1   -2     16.820    -10.466    -64.189
  -1   -2     -1.002     -8.350    -53.836
 805  799     16.133      2.752    -76.523
  -1   -2     -3.541      3.945    -61.881
 594  553     14.068    -11.401    -72.987
 540  546      5.280     -4.806    -74.805
  -1  463      5.144     -6.322    -62.194
  -1  435      4.449      3.773    -65.785
  -1   -2    -12.211     -6.844    -65.104
  -1   -2      0.884     -9.968    -58.941
 302  807      7.197     -5.377    -73.756
 339  573     12.068      1.436    -63.555
 197  291      9.344      3.340    -64.977
  -1   -2      3.498     11.652    -66.861
 635  789     11.866     -2.761    -63.059
  -1   -2    -12.796     -6.833    -64.518
  -1   -2     -3.896     -5.916    -58.903
  -1   -2     -4.561      8.445    -53.072
  -1   -2     -8.645     -8.957    -52.729
  -1   -2      7.104     10.281    -58.224
  -1   -2      3.586      7.987    -62.585
 226  707      0.559      8.686    -76.875
  -1   -2    -14.822      7.899    -74.563
  -1   -2     -5.875     -9.305    -63.085
 599  493     11.051     -7.988    -65.134
  -1   -2     -6.338     -7.946    -70.357
 724   -2    -11.384     12.194    -64.233
  -1  239     -4.264      6.213    -63.505
 346  351     11.381     10.719    -64.700
 324  766     -9.293      0.955    -77.653
  -1   -2      8.280     -3.607    -77.526
  -1   -2    -15.012    -11.800    -73.447
  -1   -2     -0.130     -8.852    -58.528
 819  569     -4.114      1.843    -69.323
  -1   -2     -7.344      5.520    -61.615
  -1  517     -2.001      7.434    -60.278
  -1   -2    -11.455      0.911    -67.581
 345   -2      1.060    -10.228    -73.270
 535  174     -8.810     -8.092    -74.695
  -1  602     14.750      1.607    -83.724
  -1   -2      6.199      1.706    -61.366
  -1   -2     -1.637     -7.289    -60.201
  -1   -2     -0.035      7.657    -52.978
 327  681     12.408      9.384    -70.327
  -1   -2     -0.781      6.077    -67.539
  -1   -2     16.311     11.573    -65.007
 314  277      8.251      7.107    -64.008
  -1   -2     17.065     -2.477    -72.697
 808   -2    -15.169     -9.887    -77.868
  -1   -2      4.025     -2.443    -73.767
  -1   -2     -9.917      6.266    -59.231
  -1   -2    -10.343     -4.215    -60.007
  -1   -2     16.670    -11.509    -75.254
  -1  280      8.932     11.012    -65.255
  -1   -2     10.351    -10.399    -67.585
  -1   -2     13.963      5.795    -72.932
 616  328     16.530     10.031    -71.587
  -1   -2     15.784     -7.518    -73.940
  -1   -2    -10.377     13.332    -59.484
  -1   -2     16.209     -6.265    -74.610
  -1   -2    -11.980      7.771    -65.239
  -1   -2      4.712     -3.163    -73.225
 357  683     -4.485      2.646    -65.812
  -1   -2    -10.141     -9.600    -55.060
  -1   -2    -13.141      1.621    -66.481
  -1   -2    -14.677     -2.666    -68.925
  -1   -2     10.522      3.294    -76.207
  -1   -2      8.155     12.980    -65.507
  -1   -2    -15.989     -3.439    -76.560
  -1   -2     11.306     -5.865    -69.011
  -1   -2     -3.462     -2.950    -66.992
  -1   -2    -13.293     -2.123    -80.196
 360  768      8.909     -7.575    -73.479
 672  299      3.503     10.149    -75.850
  -1   -2     13.042      9.850    -62.135
  -1   -2     -3.928    -11.198    -64.638
  -1   -2     -9.415     13.299    -59.395
 511  566     17.606     11.401    -69.903
 518   -2     11.033      1.128    -65.231
  -1   -2     -1.945      4.847    -55.212
  -1   -2      2.912     10.588    -65.027
 716  636     14.778      9.536    -64.264
  -1   -2     -3.057      3.764    -72.897
  -1   -2     12.107      6.123    -67.879
  -1  320     -2.758     10.540    -68.619
 733  794     13.270    -10.918    -76.441
  -1   -2     14.179     11.584    -71.091
  -1   -2     12.649      7.994    -62.167
  -1   -2     11.424     -4.836    -69.232
 308  146    -10.094     -2.009    -70.545
 581   -2      8.688      1.280    -61.562
  -1   -2     -9.814     -9.877    -58.659
  -1   -2     -0.240    -10.469    -70.440
 526  779     17.998     12.145    -74.148
  -1   -2     12.854     -7.306    -53.701
  -1   -2    -15.189     -5.144    -75.234
  -1   -2    -13.302    -11.295    -64.900
 344  340      1.753     -5.103    -68.257
 501   -2    -14.059     -3.198    -70.792
 609   -2      7.933     -8.659    -68.785
 601  787      3.710      5.192    -76.430
  -1   -2    -13.239    -10.347    -77.452
 735  365      5.858     10.662    -67.800
 352  368      4.109     12.586    -67.822
  -1   -2      2.684     -5.068    -58.570
  -1   -2    -10.516     -9.469    -80.189
  -1   -2     -9.876     10.069    -61.302
 710  745    -12.031      8.111    -71.592
  -1   -2     -8.224      9.375    -58.222
  -1   -2      8.229     10.665    -66.845
 333  568     -2.267      2.501    -69.030
  -1   -2     -6.775     -2.987    -60.447
  -1   -2     -3.195     -7.174    -52.218
 550  574     14.617     -6.609    -65.001
  -1   -2      2.841     -8.528    -52.644
  -1   -2      5.622     -9.775    -85.155
  -1   -2     14.516     -0.343    -65.544
  -1   -2     -7.473     -1.448    -78.972
  -1  630     17.253     -0.849    -66.732
  -1  332     10.753     -8.469    -73.777
  -1   -2      9.116     -4.674    -69.870
  -1   -2     -5.272     -6.553    -53.993
  -1   -2    -14.469     -1.881    -86.564
  -1   -2     14.601     -5.281    -64.280
  -1   -2      1.120    -12.102    -73.888
  -1   -2     -7.483     -7.042    -64.771
  -1   -2      1.160     -6.164    -59.769
  -1   -2      5.250     12.444    -64.731
  -1   -2     10.499     11.282    -62.258
 701  791     18.578     -7.516    -69.115
 728  793     -4.046     -7.256    -78.213
  -1   -2     -7.233      8.777    -68.762
  -1   -2      9.765     -5.574    -65.753
 682  710      5.090      7.063    -62.637
 644  790     11.456      1.698    -72.068
  -1   -2      8.720     -6.236    -54.731
  -1   -2     12.571     11.209    -78.396
  -1   -2     -6.900    -10.395    -60.146
  -1   -2    -13.240     12.215    -66.247
 723  709     15.916      0.379    -64.230
  -1   -2      7.122      9.808    -53.165
  -1   -2     16.214      1.400    -66.124
  -1   -2     17.746     -5.816    -70.792
  -1   -2      4.495      6.584    -58.279
 355  357     13.227     -9.062    -68.291
  -1   -2      5.263     -5.047    -62.152
  -1   -2     -3.038      8.031    -54.230
  -1   -2     15.410     -1.156    -66.290
 653  675     11.236     -3.939    -69.599
  -1   -2      3.575     -2.475    -52.432
  -1   -2      1.592      1.632    -60.249
  -1   -2     -1.106     -1.382    -62.746
  -1   -2     11.493    -12.494    -72.279
 697  808     -6.130      1.064    -61.205
  -1   -2      2.081     11.782    -61.637
  -1   -2      1.671      6.016    -76.704
  -1   -2     -6.790     -2.875    -55.082
 313  361     -0.192     -3.415    -72.782
  -1   -2     -2.716      5.436    -69.070
  -1   -2    -13.394     -7.868    -78.536
  -1   -2     -9.906      4.441    -56.627
  -1   -2     12.841    -11.734    -66.608
  -1   -2      6.585     12.207    -66.361
  -1   -2      8.838      3.339    -62.163
  -1   -2     -3.665     -7.680    -72.616
  -1   -2     -3.271      1.163    -55.195
  -1   -2    -14.086     -9.563    -71.007
 704  792     -3.327      4.726    -62.379
  -1   -2     -3.012    -11.061    -57.481
  -1   -2      3.869      6.597    -80.124
  -1   -2    -12.837    -12.588    -69.199
  -1   -2     10.977      0.586    -62.212
  -1   -2     -9.300     -8.330    -54.673
  -1   -2    -12.563      2.245    -75.968
  -1   -2    -11.812      6.259    -77.128
  -1   -2      2.102      7.663    -63.509
  -1   -2     -8.543     -2.525    -63.873
  -1   -2     -2.235      4.928    -64.937
  -1   -2     -5.619     12.810    -67.470
  -1   -2     -9.246    -11.657    -63.772
  -1   -2     -2.757    -11.431    -71.194
  -1   -2      2.316     -3.007    -67.689
 487   -2     -5.108      1.817    -72.456
 264  387      4.931      5.815    -74.140
 235   -2      7.387      0.063    -72.620
 156  355    -11.502      0.986    -67.320
 177  253     -9.771    -10.041    -74.690
 354  626     -2.742     -1.544    -71.983
 632  788    -14.547     12.268    -67.329
 178   -2    -13.189     -0.540    -65.284
 298   -2     -0.156      0.863    -63.824
 622  520    -14.666      9.740    -69.187
 788  322     -0.468     -3.521    -66.736
 261  576      6.270      5.976    -75.377
 666  607     13.746      5.976    -72.202
 368  360      6.435      9.063    -65.213
 811   -2     -2.184      9.165    -70.584
 793  798     -2.038     12.269    -75.617
 452   -2     -0.017    -10.122    -65.969
 202  759      0.810     -8.652    -62.788
 375   -2      4.895      4.386    -65.455
 473  809     -3.226    -10.028    -61.148
 304   -2      2.100     -5.612    -69.362
 613  631      0.246      2.383    -72.683
 470  774     -0.753    -12.868    -63.669
 782  797    -15.714      8.748    -69.499
 182  614     -2.180      8.295    -74.075
 577  783      1.946     -8.204    -64.632
 693   -2      7.226      9.543    -74.432
 567   -2      5.645    -12.010    -67.475
 685   -2      9.034      5.788    -69.881
 573  583     -6.775     -0.912    -60.533
 738  795      5.728    -13.030    -63.850
 590   -2      1.367     -8.983    -75.805
 359   -2     -2.033      2.652    -77.754
 331  341     -8.000      6.351    -74.986
 640   -2    -13.134    -11.594    -67.981
 798   -2      7.630      8.660    -62.749
 643   -2      0.980     -0.419    -75.418
 809   -2      9.593      9.784    -55.743
 658  702     -2.337      2.627    -61.936
 789  810    -11.117     -6.487    -75.488
 768   -2    -10.456     12.859    -68.104
 796   -2     12.141      6.529    -77.209
 815  800     -8.682     -8.142    -67.068
 306  811     -0.481      5.131    -66.700
 363  629     -2.989      2.018    -67.123
 427   -2     -9.156    -10.460    -62.904
 585   -2    -13.660     11.565    -66.523
 679  812      5.824    -10.501    -71.774
 715  488    -14.034      0.145    -75.202
 719   -2     10.589     -5.542    -67.301
 795   -2     -8.160     -5.991    -66.785
 797  451     -5.103    -10.431    -61.644
 821   -2     -9.129     -8.664    -76.858
