820
   1    1     -0.528      8.670    -71.813
   0    0      2.917      3.230    -70.258
  26   20      1.409      4.594    -69.958
 505  186     -1.127     -6.389    -72.340
   2   10     -4.270      9.659    -71.026
  27    2     -9.559     -1.491    -71.412
   4   18      3.345      8.041    -69.507
  58    5     -0.669      7.087    -72.564
 400  105    -11.448     -3.881    -74.538
  20   59    -13.600      1.114    -72.668
   6  128     -1.435      9.555    -69.404
  13    8      0.794     -0.538    -69.663
   3    4     -2.224      3.521    -68.490
  16   12      2.305     -1.074    -70.435
  43   14     12.834      6.276    -73.137
  12   22      7.258      7.496    -68.295
   9   19      0.099     11.881    -67.329
 374    6     -7.209      3.354    -69.266
  71  191      0.714      4.081    -69.490
  -1    3      0.760     -1.909    -70.874
 767   85     -3.918     10.953    -72.910
  51   51      8.579      9.428    -70.762
  91  390      0.473     -0.771    -71.901
   8  106     -0.252     10.722    -70.720
  18  396     -3.314     -3.276    -73.435
  11  135      4.402      8.131    -68.988
 382   31     -8.739      2.560    -67.528
  19   24     -1.141      5.404    -67.455
 139   26     -8.828      1.807    -71.834
  89  159     -4.971     12.059    -72.384
 387   65      2.637    -11.716    -70.805
  67  138     -0.121     -3.317    -69.807
  -1   23      7.088      9.973    -71.329
  74    7    -12.577     -4.473    -72.499
  14   48     -3.565      5.554    -67.124
  -1   -2     -5.702     11.089    -71.038
  35   61      1.844      2.259    -68.172
  63   36      1.824     -5.323    -70.056
 600   79     11.947     -1.335    -70.588
 233  170     -9.909     -8.605    -71.744
   5   83      6.302      1.761    -71.642
 129  111     13.778      0.431    -69.663
  38   49     -7.217     -5.989    -71.465
 133  393     -4.074    -10.482    -71.569
 184   32     -8.786     -7.151    -71.608
  65  407     -9.040      9.810    -62.861
  66   -2      1.889     -7.878    -71.025
  57  109      5.129      3.921    -69.720
 465   25     -9.923     -0.980    -74.301
 167  129      0.539     -2.223    -68.762
  34    9     -0.264      6.837    -68.121
   7  391    -13.019      3.559    -74.420
  46   93    -10.810     11.144    -72.252
  84   76      2.869    -11.832    -68.736
  24   58     15.763     -6.875    -71.670
  -1   -2     -9.829      7.832    -72.155
  41  208      3.462     -2.151    -72.749
  23  487     -3.888    -12.346    -69.316
  32   33     -3.821     10.930    -66.517
  42   42      5.120      1.631    -66.988
 101  776     -0.620     -0.370    -68.545
  50   62      2.667      3.064    -66.054
  40   52     -8.667      6.689    -69.273
  -1  127      2.179     -8.868    -64.267
 185   54     11.144      5.675    -67.947
  94  104     10.923    -11.374    -67.920
 172   47     -8.240      5.106    -67.874
 373  121      3.281    -10.195    -62.161
 135  116      6.484     -6.171    -68.387
  25  230      0.779    -12.176    -71.618
 210  108     -7.501     -3.826    -72.370
 130  101     -8.753     -7.110    -68.257
  62   38      0.689     -3.397    -68.373
 164   39      7.978     -9.220    -70.295
  97   64     15.205     -0.077    -67.831
 404   50     -6.820      2.378    -68.997
  53   43     -1.939     -4.250    -65.739
 110   44      0.872      9.911    -69.168
 779  731    -13.854      8.424    -76.380
 180   35     -0.273      8.212    -71.226
  80   75     -8.307    -10.869    -66.953
  15  606      5.727      6.844    -72.338
 111   66     -5.265      9.672    -65.333
  36   45     -4.233     10.153    -69.786
  95  117     -7.243     11.527    -68.629
  99  343      0.167    -10.249    -73.318
  56   55      6.287      4.139    -67.826
  75  103     -5.670      4.156    -64.672
  10   74     -1.779      8.981    -74.182
 191  152      2.170     -6.573    -70.776
  98   99      0.940     12.018    -66.144
 355   71     -4.352     -3.283    -71.441
 173   80     12.636     -0.784    -66.776
  64   72     -5.965     -1.326    -66.518
 405   97     10.391    -10.849    -69.187
 203  100      3.837     -3.637    -64.208
 151  416      4.566      3.042    -69.327
 102  133      2.120      7.479    -65.129
 124   94     -3.962      3.351    -66.196
 462   77      4.962     -1.348    -67.950
 100   87     -8.525      0.501    -67.521
  76  213    -11.593     -9.406    -72.029
 170   13      1.122      5.964    -72.370
  83   82     -9.853      8.962    -75.610
  72   92     -5.953      9.597    -63.387
 104  107     -1.461      3.659    -62.508
  29  608      6.346     -5.580    -73.446
 392   -2      4.058     -4.692    -67.422
 187  409     -3.374     12.247    -67.125
  30   29      6.943      7.094    -72.315
 494  193     -8.582     -4.596    -70.782
  77   15      7.388      2.242    -71.482
  -1   -2     -9.360     -4.204    -64.514
 161  222     -0.516      9.989    -63.474
  -1   -2    -13.061      1.690    -65.152
 182  118      8.278      0.413    -72.688
  78  161    -11.931     -7.642    -70.464
 114  110      9.963     -3.714    -66.122
 143  475    -10.801     -3.731    -66.873
 162   -2      6.475      0.260    -64.860
 244  122    -12.554      6.149    -66.450
  85  423     -9.426     12.555    -68.020
 108  148      2.528      8.248    -63.488
 107  498     -4.214     -0.960    -65.274
 119  430      2.953     -9.653    -67.715
 120  113     -2.592     13.034    -64.852
 418   28     -1.324      1.495    -66.733
 263   89     -0.624     -2.706    -69.246
  -1  140     -1.097      5.161    -60.383
 763   27     -2.738    -12.011    -73.240
 156  517      5.110      7.479    -66.446
  82  258     11.484      8.044    -70.467
 132  130     -7.882      6.796    -64.042
 106  183      9.771      6.520    -70.267
 163  151     -8.942      8.689    -65.383
 118   57      4.558     -4.619    -76.519
  -1   -2     -9.717     10.284    -73.222
  -1   -2    -12.105      9.765    -71.538
 117  190     11.262      7.057    -69.627
 393  299     12.112      2.891    -65.724
 134  195     -5.031      6.659    -63.772
 464   41      4.051      0.649    -66.356
  93   -2    -10.774     -9.432    -70.443
 226  199     10.001      9.165    -67.137
  -1   -2      2.113     -6.687    -62.010
 245  323      1.193      3.047    -63.906
 584  452    -12.371     -2.465    -64.766
 137  461     -5.726      7.886    -62.014
  31  160     13.638      6.496    -67.707
  -1   -2     -3.149     -6.248    -62.352
  92  315    -14.633     -5.761    -73.801
 200  248     -8.231     10.124    -64.305
  -1  231     12.616      2.867    -67.684
 288  174      2.456      7.196    -62.437
 430  368      5.136     -0.128    -76.332
 229  120     15.599      1.996    -69.144
 142  247      2.192      5.754    -64.776
  21  503     -1.248     -2.281    -70.275
  90   16     10.389      3.101    -69.141
  -1  476     -7.979     -8.754    -64.514
  22  162    -14.871     -4.817    -75.007
 155  287      6.014     -9.998    -67.152
 259  449    -11.726      4.360    -71.970
  -1  163    -10.840      8.389    -66.157
 196  119    -10.784      8.403    -68.969
 409  194     -6.716      2.275    -61.601
  -1  314     -2.639     -9.237    -73.589
 269  356     13.269      0.178    -73.174
  -1  420      1.209      3.472    -62.008
 431  169     -8.984      4.052    -70.018
 149   -2      7.932      5.246    -76.177
 234  266     -0.047      0.012    -62.441
 186   86      7.325     -4.660    -66.831
  -1  189     -5.602    -11.606    -66.816
 199   91     -6.701      5.547    -67.984
 416  221     -7.391     -7.942    -65.752
  -1  207     -2.344     -2.347    -70.328
 347  165      2.882     -2.856    -66.430
 171  263    -11.784     -1.308    -65.069
 138  206      9.157     -1.127    -67.084
 281  209     -3.516      4.189    -63.872
 195  149      5.296     -3.386    -61.905
  73  146     -6.587      3.656    -75.188
 523  242    -13.356     -0.624    -75.740
  79  114     -0.745     12.638    -67.651
 279  692      7.234    -10.909    -72.471
 367  139     -7.778    -12.510    -66.107
 352  395     -2.485      9.536    -74.311
  -1  320      2.529     -2.853    -62.907
 286  311     -2.502     -5.614    -73.652
 154  154     -6.398    -10.479    -68.666
  -1   -2     -3.613     -5.411    -62.691
 411   73      3.581      0.686    -70.326
 766   -2     -6.265     -9.306    -75.813
 272  788      7.616      0.572    -72.520
 128   60     -8.184      5.563    -69.038
  86  334     -8.043      8.532    -64.839
 493  305    -13.574      5.970    -72.540
  33  250     -3.716      8.424    -64.718
 243   78     -4.297    -10.612    -65.155
 304  204     11.056      4.036    -68.745
  -1   -2     -9.338      0.842    -66.851
  -1  253     -5.065     -3.088    -70.926
  -1  515     11.110     -0.553    -64.737
 115  185      5.316     11.493    -70.274
  -1   -2     -0.793     -7.130    -60.512
  -1   -2      5.097      9.900    -63.085
 168   68    -11.420      4.061    -74.480
  68  265     -0.668      0.538    -72.885
 297  176     14.517      3.475    -65.873
 444  817    -10.343      0.112    -70.920
 140  180     13.993     10.733    -73.715
 131  172      0.229      3.224    -63.083
 160  441      5.063     -6.716    -62.018
 459   -2      1.907      8.351    -60.415
  -1  200     -1.916     -7.458    -66.414
 194  256     -0.583     -8.626    -66.724
 285  234     -3.027     -7.622    -69.684
 214  542      8.851      4.160    -73.692
 212  175     10.629     -4.132    -66.817
 500  674    -14.581      1.777    -68.503
 486  440    -11.457      9.846    -66.317
 125   98      3.974     -2.111    -70.831
 144  353     -4.006      3.091    -71.559
 217  179     -4.380     -9.189    -66.165
 502   -2     -2.974     -8.765    -65.677
 562  240     13.943      2.089    -65.712
 315  303      5.134      4.306    -69.582
  -1   -2    -10.873    -10.683    -73.842
 765  115      8.778     -0.367    -67.988
 166  668      9.869     -4.126    -71.469
 208  228      8.114      5.096    -62.840
 147   63      7.241     -2.715    -71.734
  54  211     -6.545     -4.795    -70.589
 254  184     -0.818     11.215    -65.344
 289  270      9.942     -4.054    -68.813
 188  144      3.077    -12.115    -64.932
 220   -2    -11.214      8.924    -68.234
 177  301     -7.333      0.680    -69.655
 122  167      8.330      8.353    -68.255
 235  785      2.292      4.015    -62.752
 503   90     -1.032     11.172    -69.898
  -1   -2      5.450     12.256    -64.355
 283  166     -7.220     -6.409    -63.787
 308   -2     -1.900      5.325    -73.450
  -1   -2      8.525     -3.968    -75.149
  -1   -2     -8.696     -4.766    -72.453
 159   -2     -0.915     -8.004    -67.350
 290  297    -13.811     10.146    -66.575
 574  249     11.210     -4.832    -66.651
  -1  307     14.533     -8.066    -71.599
  -1  131    -15.754      0.926    -73.677
 218   -2      7.577     12.555    -65.653
 153   -2     14.782     -3.405    -72.401
 239  237     10.545      1.193    -64.352
 573  272    -13.012     -4.855    -71.074
  -1  259      4.548    -11.835    -65.139
 216   -2     11.159     12.642    -67.447
 157  779     -1.809     11.618    -74.759
  -1   -2    -11.249     -1.135    -71.802
 327  462     14.377     -1.025    -66.877
 158  780      7.973    -12.100    -69.468
 487  328      8.835     10.631    -64.473
 192  229     17.475      5.071    -69.872
  -1   -2     -8.755     -0.620    -60.652
  -1   -2     14.052      8.635    -71.649
  -1  257     -7.869    -11.297    -71.157
 253  235     10.490      4.188    -63.262
 246  530      3.878      8.588    -60.892
 329   -2     12.092      1.161    -67.516
 249  203     -5.947     -9.493    -68.383
 105  143      4.712     -8.246    -68.026
 179  276     -9.383     -4.264    -70.128
  39  346      4.872     10.350    -68.807
 542  797     -3.091     -8.464    -64.052
 238  411      3.573     11.586    -71.633
 771  811     14.085     11.320    -70.675
 318  192      4.515      7.885    -65.715
 581  261     12.159     -6.900    -74.145
 336  182      6.941      5.492    -62.479
 328  141      0.636      4.525    -62.734
 604  271    -13.514     -7.219    -70.132
 335  790     15.085      0.483    -70.271
 277  329     13.318     10.360    -74.429
 275  789    -11.854    -11.715    -71.656
 148  201      4.851    -11.825    -69.277
 797   -2     11.696      0.991    -74.660
 299  280     13.172      7.327    -73.252
  -1  282      0.575     -5.607    -62.789
 207  217     -5.229     -1.783    -70.710
 247  255      3.102     -8.657    -70.608
  -1   -2      4.941     -3.009    -75.600
 266  560    -14.640      4.898    -70.154
  -1   -2     -5.726     -0.132    -72.097
 224  784    -15.455     -0.734    -72.450
 260  337      5.114      4.733    -61.184
 231  295    -12.758     11.851    -72.756
  -1   -2      3.945    -10.709    -77.992
 303  455     16.623    -10.721    -70.937
 261  294     16.153      4.761    -68.442
 280  713      4.111      5.172    -61.381
 321   -2     13.326     -1.845    -64.425
 267  350     12.533     -6.268    -68.265
 312  277     12.431      2.805    -64.816
 250  359     11.328      8.358    -64.874
 483   -2    -15.778      6.839    -75.493
  -1   -2      1.407     -4.588    -66.158
 576  340    -15.685      8.138    -73.608
 150  599      3.466      6.190    -62.658
 265  252     12.971      2.533    -65.845
 264  283      0.752     10.998    -73.060
 780  812     14.241     -6.555    -70.796
 775   -2     -6.449     10.648    -71.170
  -1  147      6.453      3.037    -65.741
 641  322     13.306    -10.781    -70.608
  -1  556     -6.292     11.712    -71.949
 326   -2      9.579      8.958    -67.872
 271  292     15.097     -1.079    -67.406
 531  655      9.030      6.418    -60.998
  -1   -2      8.366      3.368    -72.513
  96  134      4.045      2.998    -71.715
 145   -2      9.000     -6.112    -65.643
 345  379     13.139     12.343    -71.948
  -1  578     -0.515     -4.597    -77.514
 291  269      9.164     -7.233    -72.515
 284  284     15.144      0.473    -66.028
 773  339      5.689      9.455    -66.700
 349  236    -13.437     11.415    -66.150
 255  787     -1.211     -1.868    -68.667
 316  372    -14.866      1.638    -72.971
 519  344     14.633      8.205    -69.053
 201  321     -6.309     -3.152    -73.807
  -1   -2      9.046     -1.630    -68.975
 268  715    -14.425     -8.324    -75.753
 236  786    -10.255      5.778    -76.863
 112   40      4.115     -0.831    -70.046
 331  362      0.663      6.249    -64.582
 694   -2     14.970      2.643    -67.728
  -1   -2    -10.709     -7.391    -77.532
 787  815     -8.714    -12.509    -68.616
 721  357    -14.994      9.029    -69.359
  -1   -2     -6.907      2.810    -62.224
 227  332     10.492      8.874    -69.685
  -1  279      9.968     -9.613    -68.554
 644  376     -5.417     -9.816    -68.272
  -1  469      7.101    -10.625    -72.635
 306  483     12.848    -10.019    -71.883
  -1  361      3.711     -0.387    -60.997
 450  281     -8.111     -5.028    -72.150
 660   -2    -15.229      1.814    -76.033
 570  319     -6.375     -7.200    -70.110
 311  274     16.867      7.085    -69.300
 333   -2      9.113      8.539    -62.898
 256   37      4.405      6.177    -69.479
  -1  384     -9.832     -1.555    -67.566
  -1   -2    -16.175     -3.639    -73.850
  -1   -2     -3.064     -2.343    -75.992
  -1  631      6.664     10.907    -62.531
 360  722     13.782      5.889    -64.105
  -1   -2    -10.033     -5.070    -68.419
 639  676     12.343      3.853    -65.639
  -1  666      0.955      4.902    -63.769
 362  387      6.717    -10.264    -66.877
 363  737      5.534      0.265    -65.209
  -1  686      3.369     10.500    -62.503
 372  400     -8.712      5.748    -70.642
 123   -2     -1.138     -5.654    -65.005
  -1   -2     -5.741    -11.964    -73.444
  -1   -2     -2.011     -6.406    -68.465
  49  312     -2.371      2.781    -74.522
  -1  142      7.671     10.608    -64.652
 370   34     -0.242     -0.260    -68.863
 116   -2      0.514      3.818    -72.241
  -1   67     -3.731     -5.159    -67.500
 783  422      0.747      8.981    -70.794
 165  781    -13.883      3.859    -72.615
 424  421    -14.387     -3.143    -76.380
 230  478      5.908     -4.377    -73.007
  -1   -2    -15.961      3.475    -77.093
 439   53    -10.529      2.203    -66.231
 788   17     -3.283     -4.691    -68.760
  -1   -2     -8.406     -2.255    -65.713
  -1   -2      4.636    -10.864    -63.502
  -1   -2    -15.993     -3.050    -72.086
  -1   -2     -4.653      1.225    -76.286
  69  775    -12.095     11.283    -69.120
 398  220      1.846     -8.657    -61.877
  -1  225     -2.563     -8.367    -67.692
  -1   -2     11.754     12.278    -66.763
 386  598     10.249    -12.711    -64.887
  -1   -2     -6.288     -7.480    -64.317
  -1   -2     10.046     11.317    -62.447
  -1   -2      9.757      6.548    -70.583
  -1   -2      9.509     -9.050    -57.848
 602  802     13.558      6.783    -73.496
 784  813      4.685     -8.077    -72.324
  -1   -2     -4.397     12.103    -64.827
 412  792    -10.271     12.045    -66.025
  -1   -2      4.931     11.955    -62.985
  -1   -2     -0.793      7.269    -65.815
 410  425     -5.452      1.461    -61.841
 103   21     -3.519     -6.891    -70.281
  -1  215     -6.267     -5.557    -72.539
 402  564      9.778     -7.112    -65.416
  47  774      4.636     -0.861    -75.340
 732  510     -9.068     -9.006    -76.749
  -1   -2     -1.691    -10.028    -61.218
  -1   -2     -5.158     -2.409    -74.479
  -1   -2      1.997     -3.043    -55.461
  28  433     -6.770      3.506    -61.602
  48   -2    -15.506     -2.604    -75.461
  -1  226    -11.037      5.984    -66.837
 457  494    -13.017    -11.829    -71.652
 270  300    -12.155      9.823    -65.178
 548  540      2.243     -8.828    -73.921
 174  216      3.026     -1.881    -63.501
 176  402    -14.027      4.268    -71.207
 428  794      3.843     -0.296    -62.685
 152  241     -6.228      5.384    -76.962
 408   -2     -3.369      9.632    -63.792
  -1   -2      8.836     -9.738    -75.510
 421  793     11.523    -10.783    -63.696
  17  338     -0.569     -6.677    -74.692
 497  304     10.063     -3.127    -76.628
 141   -2    -15.389     11.439    -71.013
 181   96     12.842      0.861    -66.444
  -1   -2     -7.655      7.900    -77.308
 320  569      2.216     -1.935    -61.384
  -1   -2    -16.220     -1.615    -72.574
  -1  310    -11.533     -2.685    -64.277
 258   30     -2.658     -3.632    -70.361
 273   70      0.621     -7.572    -72.241
 383  164     -9.727      6.827    -61.593
  -1  410      6.717     -8.059    -74.137
  -1   -2     -5.808      7.319    -64.308
  81  219    -11.540     -4.577    -72.491
 451   46    -11.848      1.678    -74.420
  -1   -2     -6.922     -6.664    -53.842
 126  445    -12.066     12.190    -69.040
  -1  330     -9.811      9.280    -62.293
 221  313     12.335    -10.049    -71.916
  -1   56     -6.030     -2.846    -58.962
  -1  468     -1.314     -5.453    -66.672
  -1   -2      1.904      4.268    -63.334
 422   -2     -9.280     -8.260    -67.775
  -1   -2      6.346     -9.160    -62.316
 376  471      2.304    -11.780    -62.508
 183  245     -3.129      7.125    -64.495
  -1   -2      0.374     -9.921    -64.669
 498  535     17.053     -3.132    -67.018
 228  173      9.473     -1.895    -64.542
  -1   -2    -13.005     -3.399    -74.479
  -1   -2     -5.758     -6.666    -60.052
 121  316      8.262     -1.493    -71.597
 274  491     16.408     -2.507    -68.448
  -1   -2     -5.255     -3.721    -71.329
 461  293     -0.646     10.753    -61.350
  -1   -2      7.731     -9.015    -61.618
 314  818     16.945     11.119    -67.635
  -1   -2      9.591     -4.834    -61.942
 339  262     10.035     -0.221    -72.734
  -1  591     -0.539      3.962    -75.586
  -1   -2      0.355     -7.069    -80.942
  -1  205    -13.448     -2.706    -71.895
 309  520     -9.576     -7.826    -75.902
  -1   -2     -1.114      1.803    -69.032
  -1   -2      4.196     -5.579    -66.728
 426  155     -0.594      8.703    -66.466
 471  417    -10.284      4.533    -69.898
  -1   -2      9.042      0.472    -77.068
 613  522     14.803     -3.964    -71.233
  88  168      0.725      2.277    -64.773
 378  615    -15.656     -7.961    -70.156
 557  370    -12.907      5.096    -72.262
 558  342     15.006     -8.222    -69.020
 414  336     -5.138     11.151    -60.996
  -1   -2     -7.741      4.781    -86.885
 501  454     10.879      0.480    -59.940
  -1   -2     16.144     -6.351    -66.238
  -1   -2     -6.015    -11.039    -63.684
  -1   -2     12.142     -0.699    -72.447
 804   -2     13.453      9.332    -60.132
  -1  278      0.028     -0.876    -62.359
  -1   -2     -9.370      1.804    -54.181
  -1  500    -14.608      7.943    -76.204
 709  671     -3.540     -0.754    -60.512
  -1   -2     -6.957    -12.619    -65.077
 127  579     -2.981      0.603    -74.899
  -1   -2     -6.735     -0.635    -59.706
  -1   -2      1.271      4.529    -63.853
 381  791     -7.615      6.504    -67.813
  -1   -2     -0.928    -12.738    -69.590
  -1   -2     -4.799      5.251    -79.916
  -1   -2      8.153     12.939    -64.145
 242  275    -11.516      2.275    -73.472
  -1   -2     12.950      2.759    -73.476
 551  799     -8.065     10.426    -59.439
  -1   -2     -2.059     -9.254    -60.327
 205  196     14.952     11.627    -70.538
 287  506     -2.034      4.317    -72.650
  -1   -2      4.141     -1.701    -63.781
 391  707     -0.039     -2.578    -73.129
 532  260      3.048     12.574    -63.804
  -1   -2    -14.537      4.654    -77.689
 518  496     -7.345      9.107    -60.432
 611  803      3.051     -0.128    -73.196
 575  581    -12.569      5.032    -65.098
  -1   -2     -2.780      8.988    -59.199
  -1  554      6.080      2.584    -62.636
 509  505     12.970    -10.141    -62.371
  -1   -2      3.583     11.698    -63.841
 437  558      8.598     10.065    -68.124
  -1  246      2.859     11.333    -64.979
  -1   -2     10.157     -9.046    -73.623
 298  548      6.255      1.837    -63.958
  -1   -2     -7.338     -6.080    -61.704
 545   95    -11.906     -6.353    -68.739
  -1   -2     10.393     -4.526    -53.537
 325  653     12.629     -1.323    -72.659
  -1   -2      8.810      8.101    -58.135
 379  404     -0.856      1.125    -68.866
  -1   -2     -9.919    -11.432    -79.620
  -1   -2     13.675      2.074    -63.808
 544  291      6.039     -0.148    -60.424
  -1   -2      1.893     13.022    -66.940
  -1   -2      3.149     -5.302    -61.499
  -1   -2    -14.688      0.152    -68.133
  -1   -2     -3.265      3.552    -60.680
  -1   -2     12.237     12.862    -65.316
  -1  660      4.134     -5.884    -76.516
  -1  243     -0.451     -7.212    -65.493
 529   -2    -15.356    -12.072    -73.688
  -1   -2      5.966     -6.795    -60.464
  -1  501     -2.447     -6.539    -68.367
  -1   -2     -9.296      0.548    -60.403
 538   -2      5.322     -9.276    -77.691
  -1  406     -4.572    -12.776    -67.441
  -1   -2      1.647     -4.459    -62.093
  -1  444     13.125     -5.499    -63.411
 223  254     -0.619      1.839    -65.821
 282   -2     -4.437      4.069    -77.991
 397  355      4.584    -10.082    -74.775
 313  383     -8.538      4.768    -75.739
 232  212     -9.177     -6.082    -69.471
  -1   -2    -15.740     -2.613    -73.196
  -1  318     -0.085     -0.456    -65.308
 482  486     17.127     -7.078    -64.660
 629  557      9.530    -10.476    -64.022
 490  796      0.240     12.118    -66.592
 587  405      5.834     -0.276    -72.683
 440  112      8.710    -12.927    -66.546
  -1   -2     -0.282     -8.474    -62.438
  -1   -2     18.470      7.981    -70.229
  -1   -2     13.267     -7.576    -57.780
  -1  600      1.941      1.246    -59.172
  -1  354      6.623     10.082    -70.388
 512  545     -8.719     -9.960    -67.076
  -1   -2    -15.518     11.904    -70.681
 252  536    -10.244     10.971    -62.324
  -1   -2    -15.870     -8.731    -73.547
  -1   -2     15.049     12.541    -68.898
  -1   -2     -4.129     -0.097    -59.593
  -1   -2      2.244    -12.328    -60.204
 225  188     11.200    -10.387    -72.262
 565  529     17.167    -12.978    -69.548
  -1   -2     -0.146      8.399    -54.567
 358  617      4.659      1.473    -69.806
  -1   -2     10.889     -8.718    -60.379
 594  296    -11.652      4.147    -61.139
  -1   -2      4.312     -5.468    -56.590
 554  488      7.196     -8.796    -64.050
 525  156      2.450     -2.684    -64.224
  -1   -2     -5.490     -6.246    -77.249
  -1  502     13.297      7.658    -62.116
  -1   -2      4.390     -9.313    -59.825
 609  531     -5.654     -4.512    -70.510
  -1  288      4.950     -4.250    -63.541
  -1  577     -0.632    -12.134    -68.136
  -1   -2     -2.021      2.336    -87.079
  -1   -2     -1.903    -11.719    -61.291
  -1   -2      2.841      3.659    -66.700
  -1   -2    -11.296     10.024    -77.471
 456  489     15.100      2.136    -70.287
 700  481    -13.285      1.513    -71.207
  -1   -2      3.286     -4.949    -63.059
  -1   -2     -2.225     -2.455    -56.210
 622  264     13.089      6.456    -69.761
  -1   -2      8.014     -4.240    -67.170
  -1  479      3.256     10.065    -68.721
 607  672     13.815     -9.821    -62.743
 543  798      9.396     -0.823    -61.622
 215  783      1.282      6.889    -74.654
  -1   -2     13.465     12.567    -74.242
  -1   -2     14.380     -3.566    -67.891
  -1  637      9.752    -11.388    -60.635
  -1   -2      7.335     -1.782    -52.908
  -1   -2     -9.274     -6.381    -79.430
  -1   -2     11.502     11.925    -75.997
  -1   -2      9.198     -3.865    -62.991
 789   -2    -12.320      6.065    -69.894
  -1   -2    -11.506     -4.969    -71.479
 472   -2      4.575      4.436    -76.848
  -1  549     -7.158      2.506    -55.436
 432  819    -13.241     -6.103    -76.313
 330  663      0.711      6.563    -67.373
 572  563     -3.385     -9.930    -69.532
  -1  642     14.601      9.276    -64.590
 448  290    -11.640    -10.925    -70.055
  -1   -2     -0.254     -8.706    -57.507
  -1  504     -5.305    -10.860    -76.184
  -1   -2     -8.292     -3.571    -61.520
  -1   -2     -7.026     -4.929    -62.220
 645  807     -1.727     11.593    -70.446
 642   -2     12.772      4.227    -66.338
  -1   -2     -2.865      5.875    -59.402
  -1   -2      3.354     -1.633    -61.606
  -1   -2     10.019     12.867    -62.816
  -1   -2    -12.049     -9.569    -61.902
 515  607    -15.138      4.612    -69.728
 516  601     15.773      6.767    -68.375
  -1  285     -1.828    -10.656    -63.655
 590  298      3.088      4.277    -61.524
 701  810    -11.442      1.500    -72.911
  -1   -2     -9.727     -5.216    -75.353
  -1   -2     -5.554     -8.138    -56.709
 429  701     16.399     -7.568    -71.315
  -1   -2     11.901     -0.509    -63.641
  -1  214     -8.374    -10.918    -58.086
 301  102     -7.645      9.019    -76.286
  -1  317      8.245     -7.207    -69.141
 563  551      7.531      8.069    -60.120
 785  814     17.347     11.824    -70.697
  -1   -2      5.497     -0.378    -59.367
  -1   -2     -6.803    -10.721    -60.000
  -1   -2      3.663     -0.055    -70.621
 647  377     13.583      9.822    -68.952
  -1   -2     -9.734     -7.081    -57.413
  -1   -2    -10.766      3.924    -64.824
  -1   -2     11.090     -3.635    -68.370
  -1   -2      1.187     -7.810    -60.588
  -1  629    -12.002      0.368    -68.393
 578  820     15.758     12.000    -63.609
  -1   -2      2.655     13.139    -67.654
  -1   -2    -15.249     -7.963    -74.924
 663  326     15.851     -5.193    -68.523
  -1   -2    -12.413      9.267    -75.200
  -1   -2    -12.222    -11.525    -82.717
  -1   -2     11.037     -3.916    -83.440
 699   -2     -9.948     10.551    -76.150
  -1  619      1.571    -10.888    -75.426
  -1   -2     -8.809      8.847    -53.491
  -1   -2     -2.076     -4.114    -78.181
 219  268    -14.553     -8.862    -71.829
  -1  369    -13.718     10.005    -67.816
 673  349    -11.557      8.961    -60.127
  -1   -2      7.522    -10.555    -80.537
  -1   -2     -4.820     -2.317    -75.268
  -1   -2     10.321     -9.338    -75.299
  -1   -2     -2.548     -4.765    -70.371
  -1   -2     -3.164      6.649    -72.891
  -1  327     -4.279      2.385    -61.736
 556  374      7.222      6.953    -62.050
  -1   -2     16.861     -9.874    -72.073
  -1  611     -4.798    -11.449    -62.673
 528   -2      5.375    -11.314    -61.565
  -1   -2     16.484     12.105    -72.353
 693   -2     14.549     -3.804    -73.181
  -1   -2     -8.420     -5.551    -61.623
 361  821    -15.109      4.840    -75.729
  -1   -2     16.759      9.892    -71.528
  -1   -2      5.433      9.921    -66.376
  -1   -2      6.740     -4.675    -61.534
  -1   -2     13.296    -11.932    -68.473
 626  804     -6.625    -12.462    -67.191
  -1   -2    -12.672     -9.707    -69.151
  -1   -2    -11.758    -11.480    -61.818
 634  583     16.794     -5.297    -65.328
  -1   -2    -16.015      5.861    -76.605
  -1   -2    -13.470      2.678    -68.879
  -1   -2    -10.272     -2.351    -59.280
  -1   -2    -14.812    -11.731    -70.403
  -1   -2      9.558     -7.578    -57.492
  -1  636     13.835      6.296    -73.777
  -1   -2     12.940     -7.165    -63.245
  -1   -2     -1.443    -12.635    -61.487
  -1   -2     11.432     10.977    -67.382
  -1   -2     11.949     -7.688    -67.494
  -1   -2    -15.923     -8.025    -71.728
  -1   -2     -9.631     -5.189    -71.107
 209  782     -6.948      1.700    -73.129
  -1   -2    -12.487      7.226    -63.850
  -1   -2      5.627     -4.371    -62.915
  -1   -2      9.329      6.161    -62.058
  -1   -2    -13.261     -1.733    -67.120
  -1  691      0.022      1.125    -66.974
  -1   -2      8.057    -12.082    -71.081
  -1   -2      5.501     -1.647    -67.091
  -1   -2     10.994     -0.242    -51.978
  -1  381     12.117      7.354    -62.688
  -1   -2     -2.830      5.878    -60.203
  -1   -2    -10.467     -3.286    -66.343
  -1   -2     -0.293      0.925    -62.024
  -1   -2     12.699      9.898    -61.687
  -1  657     -0.989     -3.845    -68.500
  -1   -2    -11.341    -12.049    -73.771
  -1   -2    -11.908     -8.479    -78.586
  -1   -2     -8.833     -0.646    -52.442
  -1  333    -15.018      5.944    -68.705
 638  806    -12.867    -12.067    -77.396
  -1   -2     -1.219      9.092    -54.731
  -1   -2     -5.390    -11.372    -63.534
  -1   -2     -8.194      5.747    -63.276
  -1   -2    -14.696     -8.886    -76.699
 484  673     -6.572     -9.478    -70.469
 690  752     -6.369     10.487    -75.744
  -1   -2     11.852     -2.177    -84.651
  -1   -2     11.490      1.278    -67.551
  -1   -2     13.629     12.515    -64.163
  -1   -2      2.647    -11.469    -77.393
  -1   -2      3.253     -8.041    -67.135
  -1  762    -14.584     -4.678    -75.926
  -1   -2      8.423      9.104    -61.663
  -1   -2      7.900    -12.084    -63.528
  -1   -2    -11.477    -11.536    -65.211
 295  720      6.516     -7.210    -67.723
 307  587     13.982      8.523    -63.177
  -1   -2     15.943     -4.837    -65.514
  -1   -2    -10.268      6.638    -69.169
  -1   -2     10.200     -7.151    -64.854
  -1   -2      8.987     11.023    -63.363
  -1   -2     10.575     -4.116    -54.998
  -1   -2     17.025     -9.856    -76.174
  -1   -2    -14.240      2.895    -81.590
  -1   -2      1.538     -8.758    -86.619
  -1   -2      5.246     -2.121    -74.227
  -1   -2     -4.198      0.881    -58.750
  -1   -2     -6.592      7.117    -67.283
 685  388      8.225     11.615    -64.538
  -1   -2      9.188     -7.771    -80.971
 757  754    -14.422      3.411    -72.601
  -1   -2     12.118      3.764    -64.645
  -1   -2     14.925      2.758    -62.965
  -1   -2    -10.679     -5.905    -72.174
  -1   -2      4.974     -8.465    -76.442
  -1   -2     -2.008     -1.604    -77.216
  -1   -2     15.019      6.842    -62.295
 739   -2     -2.542      1.616    -67.000
  -1   -2    -13.393     11.493    -75.031
 696  772      7.415     12.099    -67.406
  -1   -2    -11.723     -9.034    -60.129
  -1   -2     -3.083     11.473    -64.269
  -1   -2     -4.286     13.406    -62.629
  -1   -2     13.975     12.484    -71.159
  -1  331     12.174     12.724    -70.159
 449   -2      2.103     -9.550    -76.572
  -1   -2     -0.880     -6.903    -66.843
  -1   -2     -5.235      8.988    -70.328
  -1   -2      9.941    -11.784    -82.770
  -1   -2     -6.385     -9.493    -62.332
  -1   -2      0.056      9.768    -71.138
  -1   -2     -8.314      5.594    -73.965
  -1   -2    -12.135     10.126    -81.526
  -1   -2     -1.424      9.633    -72.378
  -1   -2      1.531      8.014    -79.921
  -1   -2     -1.943      0.756    -66.498
  -1   -2     -1.196     -7.324    -86.348
 109  778      0.920     13.279    -66.878
 241  224      2.704    -11.059    -73.352
  45   84     -2.292     -8.965    -69.674
 338  202      4.145     -9.959    -70.560
 661  765      4.528      3.065    -73.721
 790  519      1.280    -10.126    -68.294
 631  805     16.993     -3.062    -74.514
 343  352     10.171     -5.597    -73.385
 495   -2     -7.580      7.743    -77.408
 492  238     -0.872    -12.565    -66.904
 786  177     -3.249     -2.796    -63.805
 169  227     -5.372      0.687    -72.790
 237  593      7.731     -1.823    -70.524
 489   -2    -11.833     -8.545    -64.424
 776  614    -12.859     11.755    -64.763
 322  822     10.964      3.644    -62.846
 588   -2     -9.530      2.913    -76.561
 357  667     13.361      2.809    -74.507
 664  808     -3.109     -7.849    -67.080
 668  809     12.309      3.041    -75.283
 375   -2     -3.782      6.926    -69.480
 447   -2      1.255      3.050    -76.373
 136  567      1.285    -10.251    -69.379
 407  239     12.362     -5.023    -65.491
 319   -2     -0.061      9.597    -72.785
 458  571     14.998      3.970    -73.852
 198   -2     -2.363     -6.988    -60.628
 598  801      1.596      0.316    -58.391
 438  273      4.223    -10.798    -65.250
 793   -2      3.979    -10.996    -65.694
 436  795      4.835     12.674    -70.930
 792  568     12.986    -12.522    -66.226
 803  516    -13.523     -5.946    -75.380
 479   -2      6.535     -1.440    -59.305
 772   -2     -2.257     12.715    -62.573
 380   -2     10.779      0.418    -71.592
 677   -2     13.771      0.559    -75.206
 445   -2     -2.124      5.161    -56.787
 688   -2      9.078      2.566    -59.770
 560   -2     -1.327      9.097    -61.285
 324   -2     -0.367      8.302    -61.835
 675   -2      8.492      5.179    -69.387
 802  197     -9.274     12.262    -61.388
 703   -2      5.742    -11.586    -62.916
  -1   -2    -13.180    -11.860    -71.745
 807  816     16.234      0.046    -76.123
  59  823     -4.192     11.240    -74.368
 354  389      4.173    -10.314    -70.492
 508   -2     -4.691    -11.010    -76.634
 596   -2     15.417     -3.616    -63.713
 778  824     18.088      7.790    -72.007
 794   -2     16.069     -9.662    -71.930
 811   -2      0.480     13.288    -68.981
 812  178      4.285     -1.903    -62.265
