818
  25    0      0.403      5.061    -70.424
   0    1      0.595      4.063    -72.147
  11    5     -0.787      7.484    -68.819
  16  162     14.540      1.834    -71.376
   1   28      4.144      8.703    -69.889
 372   15      1.115      6.974    -75.158
   9  382     -6.797      8.095    -71.754
 674    8      1.618     -2.183    -69.975
   2  761      0.466     10.079    -71.101
  13   10     -4.429      7.270    -67.676
 378   22     -7.317      6.272    -72.181
  -1   -2     -4.797    -11.300    -66.393
   7    4      8.755      3.647    -71.602
  34  199     -1.244      5.246    -69.960
  12   18     -9.351      5.164    -69.648
  90  348      2.204      5.442    -73.758
   3    7     -0.484      1.191    -66.950
  36  762      0.982      2.799    -72.462
  61   23     -1.183     -3.297    -71.275
 513  229     -0.632      1.495    -75.858
  23   94     -0.960      8.143    -67.958
 117  154     -4.210     12.211    -69.973
 167   -2    -10.756      3.775    -66.548
  14  104     13.812      4.395    -71.015
 164  503      3.934      0.642    -71.281
 102  217     -7.656      5.214    -75.148
  52   45      5.055     -0.925    -67.024
 389  216     -8.309     -5.827    -72.648
 411   32      1.460     -6.827    -70.324
 193   71     -6.542     -4.504    -69.744
 436   21     -8.036      0.074    -68.813
 171   -2      1.706      3.991    -68.425
  26   89     -3.295     -8.640    -68.295
 432   13      8.092     10.283    -72.723
  45   19      4.770      3.059    -67.387
 159  513      4.719     -7.366    -73.986
  79   37     13.457      3.375    -67.834
  55  379     -2.613      0.841    -66.690
  41   66    -13.961     -4.241    -73.545
  -1   34      2.631      8.943    -69.744
 443  782      3.310      5.264    -67.546
 163   -2     -1.883     -9.007    -73.207
  69   80     16.191      4.046    -69.862
 122  527     -8.065     -2.868    -73.725
  66    6     -2.307     -4.876    -71.212
 145  100      6.267      3.906    -73.745
  96  399      8.133      7.477    -69.626
 152   46      8.407     -3.724    -68.700
  37  412      7.576      4.730    -73.828
  -1  112     -5.607     -3.306    -68.015
 114  211     -8.699    -11.840    -75.234
  76   36      2.194      7.680    -67.022
  74   84     -6.444     11.345    -64.441
  28   53      3.211      7.704    -73.553
  92  102    -11.008      2.859    -62.431
  48   72      4.408     10.836    -67.384
  68  763      1.479      6.405    -72.032
  39   48     -0.349      8.539    -72.877
  43  442     -1.997    -11.433    -70.389
   4   88      4.113      5.964    -70.223
  85  278     -4.160     -0.640    -67.759
  86   95      9.572      0.193    -65.067
 169   16      9.220     -2.265    -68.865
 404  231     11.328     11.744    -69.022
  42   27      0.491      5.467    -65.499
 119  174      4.266      6.044    -72.240
 791   60     -5.334      4.178    -73.672
 147  768     14.967      3.956    -67.903
  49  408    -10.118      2.349    -70.873
  -1   -2     -6.737     -5.039    -74.587
  -1  359      4.321     -4.885    -72.231
  84  194      5.738      3.345    -69.212
 101  487      1.169     -1.410    -73.498
 100   93      7.151      1.025    -64.981
 118  165     12.159     -4.213    -69.578
 172  214      7.911     -1.003    -71.114
  58   92     -8.788     10.095    -67.182
  91  238     16.376      2.963    -68.640
 113  431      2.133      7.307    -64.867
  97  158      3.660    -10.688    -63.634
  77  448      4.605     -2.781    -66.783
 124  106    -11.846     11.946    -66.771
  73  235     15.152     -4.296    -68.805
 191  152     11.929    -11.788    -71.150
  -1   -2    -14.577     -2.207    -71.595
 395  250      0.596     -5.631    -70.439
 794   -2     -5.344     -7.773    -71.516
  89  247      3.397     -7.772    -65.376
 796  114      0.999    -11.830    -71.333
 463  220     13.743      5.258    -66.620
 374  558     14.845      3.012    -71.633
  98   63      2.035     10.843    -63.760
  81   74     -1.385      6.225    -67.180
 149  430    -11.337      7.604    -70.310
  -1  437     -8.989      1.555    -66.077
 165  467     -9.249     10.181    -62.231
  -1   -2      1.360     -6.775    -58.588
 221  182     13.923      1.787    -68.141
 125  171     -3.001     -0.658    -65.216
 250  772      0.606     -3.011    -72.589
  -1  111    -11.220     -1.981    -75.148
 246  137      8.261     -1.118    -71.113
 174  156      2.607      2.922    -62.311
  -1   -2    -10.125      3.819    -75.673
  24   -2      7.417    -10.055    -65.145
 288  530    -14.094      1.317    -70.440
  71   12      6.751     -4.835    -66.982
 160  141      2.307     -7.915    -67.351
 278  441      4.796      7.660    -63.984
 625  795     -5.500     -9.584    -71.221
 326   52     -0.772     -7.606    -70.182
 151  378     -3.658    -11.869    -69.600
 182  434    -11.535      1.794    -64.296
 228  115     12.550      2.457    -67.556
 229  109      1.411      5.038    -66.469
  93  212     14.923      5.259    -67.499
 593  184     10.609      2.211    -65.458
 599   79      1.522      0.954    -70.424
 212  801     -9.165      3.004    -63.992
  -1   -2      0.706     -9.133    -65.982
  40   51     -1.623      3.721    -67.240
  87   86      6.997      2.290    -66.379
 529  802     -3.007     -7.456    -64.315
  32  277    -10.181     -0.799    -72.761
 540  132      5.071     -4.710    -64.018
  27  425    -11.827     -6.813    -71.584
 187  186     10.859     -7.314    -70.061
 129  124     -8.930     12.934    -64.769
  21   17      4.438      1.076    -74.705
 132  155      1.854      2.919    -62.864
 168  642      5.453     -4.268    -69.668
 200   69     14.310      8.646    -70.553
   5  191     -2.273      6.720    -71.522
 120  486     -4.776     11.795    -63.238
 418   -2      5.698     -3.083    -64.418
  -1   -2      9.984     -5.545    -65.128
  -1  136      5.214     -1.963    -66.904
 223   14      3.711    -12.200    -73.209
 140   57      9.721      9.953    -68.372
 199  133      8.139     -6.593    -64.829
 170  540      4.054      4.025    -64.629
  -1  358     -4.907    -12.248    -69.869
 180  209      1.174      5.249    -66.508
  94   67    -13.694      8.523    -69.176
  -1   -2    -15.231    -11.119    -74.608
 175  187    -12.436      7.065    -65.829
  88  241     -0.663     11.429    -67.775
  -1   -2     11.856     11.591    -67.320
 812  224     -7.969      0.033    -65.227
  -1   -2     -0.603      1.984    -60.228
 197  116     11.552      8.452    -68.869
  -1   -2      0.241     -8.371    -76.475
 532  311      9.574      0.662    -73.386
 233  170     14.547      5.563    -67.199
  -1   -2     -4.257     -7.090    -66.910
 144   -2    -12.399      8.999    -63.817
 241  159      8.548      2.584    -67.470
  82  475     -5.080     11.887    -69.260
 109  447      6.071      8.356    -62.937
  -1  107     -4.138     -6.246    -68.436
 235  205      4.040     -2.854    -68.187
  -1  533     -7.685      0.117    -62.720
 503  101      2.861     12.329    -71.536
 108   -2     10.061      9.435    -67.910
 190   68     -7.857      8.482    -69.810
 301  127    -12.860     -3.841    -70.037
 207  226     11.042     -1.656    -68.949
 274  210      7.231     -1.804    -69.372
  72  179      0.887     -6.842    -64.002
  47  122    -10.255      6.135    -76.245
 249  500      4.568     -8.074    -62.404
 438  143     -3.804      5.640    -63.248
  38   -2     -6.275     -1.905    -73.502
 201  523    -10.542     10.729    -64.787
  83  103     -1.599     12.525    -63.617
 157   83      1.058     -6.217    -74.630
  44   -2      2.559    -10.937    -71.967
 222  204     -3.280      4.449    -64.444
 107  145      4.387     -0.987    -66.725
 155  125     10.385      3.756    -68.040
 787  443     -3.013      2.319    -76.062
 205  239      6.477     12.384    -64.907
 189  288     -9.963     10.533    -68.981
 153  243     -9.852     10.406    -71.065
 253   85      4.177     -6.470    -72.110
  -1   -2      0.207     -0.432    -68.259
 213  206    -13.983     -6.042    -72.693
  -1   -2     -1.626     -4.299    -64.381
 426  119      1.330      5.707    -65.568
  -1  242     -3.015     -6.391    -63.776
 161  301     10.440     -0.992    -70.243
 178  325     12.662      9.921    -72.227
  -1  478      6.926     -6.166    -60.081
  -1   -2      0.295     -0.243    -68.278
 260   -2     12.259      5.536    -63.108
  60  189      9.003      2.516    -69.782
  -1   90    -14.043     -4.813    -77.270
 137  147     12.977      5.313    -67.763
  -1   -2    -14.462     -9.474    -74.939
  -1   -2     -8.838     11.539    -74.700
  67   25      7.599     -8.806    -72.360
 126  183     -4.897     -1.862    -72.803
 406  309     10.918     -0.914    -66.190
 383   76     -8.648      9.462    -72.131
 146  117     -2.379    -12.342    -69.217
 428  451      2.250    -10.431    -65.999
 528  470      1.346    -10.714    -75.635
 224  188      3.387     -8.365    -68.767
  -1   -2     10.411     -4.674    -67.805
 106  300     -4.428     -7.199    -71.488
 204  193      9.175      7.211    -63.751
 110   82      9.260     -2.147    -70.990
  -1   98     -6.724    -12.611    -67.444
 242  249      9.135      2.488    -61.474
 350  258     -3.388      9.344    -68.398
 547  282     -2.632      3.988    -65.731
  -1   -2      5.465     -5.476    -62.045
 291   35     -9.047     -7.356    -73.859
 195  208     -5.596     -9.845    -73.680
 211  509     11.201     -0.373    -62.020
 517  803      0.144    -11.996    -65.342
  -1   -2      0.193     -5.549    -68.360
 272  774     14.026     10.469    -70.124
  22   -2     -2.799     -1.193    -70.643
 148   65    -10.235    -10.620    -72.118
 131  468     -3.568    -11.399    -75.455
  -1   -2     -8.211      3.411    -61.737
 257  181     -8.582     10.361    -65.876
 302  804     -7.709     -0.798    -70.061
  95  267      3.690      8.134    -66.042
  -1   -2    -14.056     -4.483    -67.387
  -1  424     -1.924     -8.617    -59.998
 472   -2     -4.430     -4.335    -68.484
 304  259      5.702      6.272    -62.422
 194  161      1.347      4.084    -69.917
 142  160     -1.900     -2.312    -63.568
 281  436     15.396      2.191    -68.927
 231   -2     -0.863      1.753    -69.653
  99  765     -4.139     -5.938    -73.928
 116  130     11.414     -2.017    -67.831
 166   78     -8.604      8.416    -65.663
 216   -2      0.720     -3.920    -65.326
 658  796     10.996     10.189    -73.858
 158  390     -2.251    -11.442    -64.789
 306  144      4.013      6.565    -66.414
 275  269      8.618     12.579    -65.068
  -1   -2     -6.584     -2.963    -68.840
 208  223     -1.531     10.813    -65.303
 234  603     15.734      7.587    -73.231
 289  316     13.256    -12.643    -68.269
 259  554     -3.914     -4.542    -63.700
 621  213    -13.607     -5.878    -74.084
  -1   97      8.096     12.337    -70.559
 261  253    -13.032     -1.220    -65.301
  -1  307     11.816     12.264    -67.501
  -1   -2      9.186     -3.901    -65.352
 322  139     -0.303     10.340    -62.734
 254   42      1.216      9.230    -72.984
  64   -2      7.509      7.559    -74.758
 256  240     13.173      7.109    -67.199
  -1  313     -9.594      2.906    -71.858
 112  180      8.023      2.705    -65.631
 226  222      8.660    -12.261    -71.220
  -1   -2     14.123     -7.353    -73.399
 240  236     16.651     -1.257    -67.534
  -1   -2      9.509      6.492    -62.861
  -1  302    -13.653     10.020    -66.847
 556  318      9.584      6.662    -65.501
 316  537      5.042    -10.087    -62.570
 251  296     16.218      6.367    -65.317
 279   -2    -12.105      7.165    -68.490
 198  563     11.835      6.136    -69.300
  15  463      6.030      6.798    -71.376
 524  321     -6.883      4.992    -69.707
 445  198     12.100    -11.307    -68.373
 219  291      2.483      3.636    -65.140
 327   -2     -0.402     -1.267    -74.412
 186  769     -5.103     10.686    -65.056
 271   -2    -10.844      8.403    -74.792
 319  776     -5.287      1.829    -65.955
 743  146      3.077      6.410    -65.890
  -1  305     -0.282      9.075    -60.372
 393  157      1.923      0.927    -76.527
 808  655     -3.771      8.806    -58.552
  -1  286      5.480     10.747    -66.263
  -1  304      4.515      9.938    -65.778
 268  773     -9.383      5.298    -65.916
 308  328    -12.297     12.397    -68.931
  -1   -2    -12.946      9.452    -75.070
 642  221      3.897     -7.145    -75.669
  -1   -2     -6.878     10.428    -57.220
 793  635     -8.707     -2.251    -74.092
  -1   -2      3.684     -9.801    -76.460
 349  581     16.001     -7.527    -70.034
 753  289    -14.132     -2.082    -69.720
  -1   -2    -10.202      1.826    -70.916
 328  682     16.388     -4.560    -70.804
  -1  260      2.431    -12.734    -68.109
  -1   -2    -12.513     13.051    -67.519
 352  322     11.358     -6.384    -71.538
 368  326      6.670    -11.020    -69.672
 324   -2     -5.563     -8.079    -73.488
  -1   -2     -1.635     -2.975    -66.669
 276   -2    -10.399     -9.021    -67.088
 215  173    -12.940      7.957    -74.850
 243   49     -7.677      2.573    -73.875
 332   -2      4.272     -4.491    -65.797
  -1   -2     -5.764      2.820    -71.416
 648  704    -14.901     11.058    -74.728
 357  298     11.661      9.371    -65.329
 365  237      7.409     10.520    -71.996
 111   -2     12.845      8.266    -72.464
 554  718     14.163      1.951    -64.798
 184  276     15.754      7.140    -68.002
 133  585      5.026     -1.102    -70.444
  -1  306    -13.180      3.887    -70.656
 644  733     -2.439      9.797    -62.662
  -1   -2    -13.523     11.230    -75.808
  -1   -2      0.593     -5.846    -68.423
 313   -2     -0.068      5.563    -65.855
 354  628      8.130     10.663    -60.830
 315   -2    -11.694      4.407    -75.996
  -1   -2     13.880      7.861    -64.585
 150  257     11.748      4.638    -73.627
 156  337     11.580     -2.497    -75.728
  -1   -2    -12.669    -11.095    -73.364
  -1   -2     -6.132      5.603    -64.775
  -1  294      9.153      9.456    -69.595
  -1  598      9.650      1.984    -76.466
  -1   -2      7.320    -10.644    -84.862
 366  341    -10.661     -5.027    -70.461
  -1   -2     -2.442     -5.304    -68.964
 340  207      7.046      3.651    -71.477
 740  345     11.217      3.070    -68.565
  -1   -2      3.731      5.213    -74.471
 355  716     -1.376    -10.264    -71.130
  -1   -2    -14.053     10.179    -73.689
  -1   -2      1.208      9.834    -65.084
 414   41      1.728     -0.821    -67.933
   8    3      0.142     -1.345    -70.322
  -1   -2    -10.197     -6.999    -60.705
  -1  460     -7.386    -11.761    -75.397
  57    2     -0.610     10.363    -72.031
 379   39      2.960     -7.194    -74.625
  -1   -2     -5.440     -0.149    -61.221
  29   26     -5.214     -2.480    -68.714
 381  805     -6.904     -4.347    -73.474
 591   -2     -3.537      2.562    -62.794
 143  312     15.391      4.396    -71.532
 385   77     -4.919      6.404    -68.001
  19  192     -1.236     -5.087    -67.592
  -1   -2      3.561    -10.275    -59.053
  -1   -2    -13.601      9.825    -83.872
 454   -2      4.060     -8.209    -75.695
  50   81     -8.875      8.145    -72.113
 792  369     -8.761    -11.732    -69.711
  62  275      7.445     -3.860    -74.556
 430   20      5.594      2.916    -64.446
  -1  471    -13.844     12.055    -72.481
  -1   -2      2.535     -8.494    -59.610
 347  374    -11.986      3.162    -74.535
 433  364      0.867    -12.134    -67.011
  51  371      2.815     -8.845    -64.535
  -1   -2    -10.870     -7.603    -72.336
 483  110    -14.161      9.303    -69.590
 562  120     -1.886      1.512    -74.912
  30   31      1.913     -2.546    -66.948
  -1   -2    -10.998     -6.326    -62.932
  -1  354     -3.829     -8.684    -70.266
 387   59     -8.140     -4.952    -65.692
 402  485     16.602     -9.685    -68.009
  -1   -2     -1.865    -10.447    -63.854
 139  129     -8.694    -10.589    -67.687
 435  108     11.701      1.307    -68.907
  -1   -2     -5.183     -9.011    -52.940
  -1   -2      0.145    -11.189    -64.293
 413  380     -7.604      4.048    -57.057
 400  203     13.521    -12.432    -69.786
  31   -2    -12.802     -2.024    -75.490
 409   -2      3.820     13.191    -62.763
 177  149     16.384      0.326    -68.703
 489  401     11.644     -0.495    -66.296
 604   -2     11.941     -4.962    -63.145
  -1  600     -9.676    -10.598    -64.521
 391  778      5.277      2.276    -65.957
  -1  618     -3.653      3.594    -65.256
  -1   -2     -1.460     -2.755    -59.303
 397  414     -3.378      5.091    -62.768
  78  454     -7.822     -8.571    -68.663
 415  377     12.619     -5.268    -65.847
 375  297      6.372      0.686    -69.282
  56    9     -2.824      2.324    -68.237
   6   29     -3.209      2.777    -71.041
  -1  410     -4.131    -12.807    -66.149
 456  465     -9.354     -3.920    -58.732
 377   38     -7.620     -5.080    -71.192
  -1   -2     -1.799     -8.419    -64.516
 539  329     17.027     -0.516    -66.588
  -1   -2     -4.852    -11.434    -64.310
  -1   -2      7.663     -4.603    -64.925
 498  163      3.804     11.317    -71.816
  -1   -2     -8.177     -0.783    -62.314
 553  469     17.306     12.490    -73.212
  80  764      0.928      3.009    -65.446
  -1   -2    -11.255     -6.480    -62.043
 447  400     13.337     10.447    -64.375
 154  385     -7.946     -6.935    -62.465
  -1   96    -14.073      5.374    -66.809
 121  391     -0.125     -3.945    -70.263
 390  450     13.321     -9.415    -64.648
 247  140      6.393     -2.289    -74.996
  -1   -2     -3.886     -3.225    -63.444
  -1   -2    -10.136    -10.255    -78.471
 516  438      9.583     -3.092    -64.083
 492  440     12.692     -4.207    -63.022
 441   -2     11.637     -7.570    -63.484
 425   -2     18.110     -0.874    -68.143
  -1  177     13.034     -2.598    -69.840
 486  464     -8.458    -10.601    -64.043
  -1   -2      7.834    -11.281    -60.674
  75   -2     -3.029    -10.721    -68.796
  -1   -2    -15.671     -7.642    -77.399
 434  552      2.573      0.437    -63.966
  -1   -2    -13.702    -11.162    -77.297
  -1   -2     10.059      2.067    -82.309
 401   -2      4.840      8.480    -52.281
  -1  373     -4.799      0.209    -75.181
  -1   -2     -5.753     -8.983    -61.006
 202  508     13.438     -7.578    -68.346
 452  461    -10.970     -9.352    -63.270
 141  426      1.309      1.575    -62.374
  10   -2     -2.362     -3.885    -71.257
 485  406     -9.984      7.303    -63.341
  -1   -2    -13.414    -12.093    -69.835
  -1  392     -6.681    -11.416    -67.391
 263  290    -10.709    -11.199    -72.491
  -1   -2     -4.193      0.005    -59.612
 115  142      1.401     -6.875    -67.083
 614  794    -15.865      3.220    -77.275
  -1  610     -3.364      1.119    -76.660
  -1   -2     10.297     -9.856    -73.091
 664  474      2.235     -9.207    -74.203
  -1   -2      5.980      3.485    -54.313
 196  770      7.229     11.366    -63.611
  -1   -2     -1.362      3.438    -59.702
 232  455      6.794    -11.786    -65.018
  -1   -2     -8.534     -3.837    -62.326
  -1   -2      5.351     -0.342    -84.704
  -1   -2     15.369     11.493    -64.958
 531  445     18.052     -7.175    -67.700
 538  748     -7.709      9.334    -72.835
  -1   -2      0.260     -0.563    -60.194
 521  457      0.520      5.815    -67.525
 303  339     -6.684      0.597    -69.639
  -1   -2     -1.072     -4.512    -59.419
  70  806      0.838     -1.903    -73.899
  -1   -2     -6.343     -9.179    -59.061
 501  595      1.037     -8.034    -70.002
  -1   -2    -10.051    -10.203    -59.305
  -1  578    -10.037      0.719    -75.515
  -1   -2      6.414      1.294    -70.730
  -1   -2     11.571    -11.349    -64.704
  -1   -2     12.178     10.764    -68.938
 603  792     14.606     11.585    -76.966
 423  781     14.319     11.120    -73.128
  -1  178      1.391     -3.561    -62.917
  -1   -2      6.640      5.316    -62.082
  46   50     -8.549     -3.871    -73.598
 571  790      9.558     -6.153    -62.939
  -1   -2     -6.621     10.904    -73.361
 466  586     -9.569     -8.913    -70.116
 206  402     15.424     -6.739    -73.712
 128  529      8.020      8.564    -69.347
  -1   -2     -4.989      5.539    -60.428
 307  411      1.859     -6.779    -66.457
 298   -2      2.646      1.135    -62.638
 546  466      3.132     -4.878    -58.753
  -1   54      6.228     -7.112    -71.714
  -1   -2     -3.331     12.791    -66.842
  -1   -2     12.503     -2.075    -68.604
  -1   -2     -8.160      1.547    -73.192
  -1   -2      5.487     -9.023    -70.024
  -1   -2      2.854      6.276    -83.608
  -1   -2     -7.488      0.193    -59.831
  -1   -2    -10.609     -0.504    -60.693
 484   -2     -7.224     -0.494    -61.954
 495  784     10.367    -12.762    -67.952
 321  548      1.872     -1.739    -64.377
 239  771     -5.434      8.764    -64.035
  -1   -2     14.027    -11.491    -64.203
  -1  473      3.595     11.295    -61.301
 448  783     -3.463      1.369    -58.065
  -1  453      5.479     -2.275    -61.513
  -1   -2     12.925     -6.365    -68.538
 515  310     -9.514      8.621    -73.784
 786  232      3.932     -8.364    -62.123
  -1   -2     -7.086      3.600    -68.108
 519  787     -1.737     -8.457    -71.685
  -1   -2     -3.963      5.274    -57.378
 583  482      7.458     10.523    -69.196
  -1  551     -3.533      4.473    -58.224
  -1   -2      2.385     -1.026    -60.214
  65  153    -12.370     -0.008    -69.076
  -1   -2     -1.717     12.915    -70.312
  -1  308    -12.430    -11.059    -69.468
 105  766      7.327     -7.129    -71.988
 337  528     13.006     12.507    -67.266
  -1   -2     -5.674     -3.811    -58.729
 138  767      8.519      4.387    -71.138
  -1  284    -10.805      4.439    -62.090
  -1   -2      9.056     -8.762    -82.077
  -1   -2     14.614     -0.264    -64.536
 325  444     -3.705      8.685    -64.963
  -1   -2      7.757     -0.288    -63.582
 405   -2     10.316     -0.186    -72.710
 478  271    -10.109     -7.459    -68.690
 487  201    -10.487      3.053    -68.655
 500  785     -1.070     -5.317    -59.146
  -1  274     -6.931      9.803    -60.726
 421  215      6.132    -11.928    -71.636
  -1   -2     10.222     11.416    -60.432
 474  420      9.967     -8.573    -64.754
  -1  389      8.593    -10.221    -67.671
 103   -2     -9.399      1.331    -65.813
  -1   -2      2.018      7.802    -62.342
  -1  150     -1.053     -3.041    -62.279
  -1   -2     -5.120     -4.816    -59.321
 230  361     13.693     -3.432    -69.987
 559  550    -11.801      3.865    -75.454
  -1  428     15.810     -4.707    -64.441
  -1   -2    -12.735      5.008    -63.782
  -1   -2     -7.718      4.504    -57.289
  -1   -2     -5.049     10.267    -68.291
  18  202     -0.447     11.037    -72.777
 705  798     -2.410      1.095    -62.299
 494  658      1.245    -12.572    -69.640
 329  531     14.467      7.276    -67.076
  -1   -2     -8.150    -10.822    -79.097
  -1  280     -0.813      5.503    -59.559
  -1   -2     -3.714      4.487    -52.647
 294  525      8.322     11.635    -63.483
  -1   -2     10.777     -8.842    -62.745
  -1   -2     -1.868     10.952    -62.486
  -1   -2     15.313     -4.755    -70.046
 806  536     16.209      6.163    -69.335
  -1   -2      1.583      6.420    -75.250
 552   -2     14.857     -6.999    -67.027
 497  279      7.606     -4.341    -65.068
  -1   -2     -7.370     -8.692    -53.819
  -1   -2     -8.453     -9.833    -76.328
  -1   -2    -10.424      0.480    -57.546
  -1   -2     -6.605     10.138    -54.101
  -1  491     -1.516      2.572    -60.170
 282  283      9.237      8.651    -60.169
  -1   -2    -12.593     11.761    -66.184
  -1   -2     10.471      5.278    -76.208
  -1   -2     -6.642      6.370    -73.625
  -1   -2      8.433      8.974    -61.306
  -1   -2    -10.228      2.764    -67.201
  -1   -2     -0.624      2.918    -58.622
  -1   -2     -7.372     -7.186    -86.826
  -1   -2    -10.085     12.841    -62.758
 598  353     -2.795    -10.839    -69.414
  -1   -2     -7.042    -12.995    -66.007
 479   -2      9.543    -12.246    -64.934
  54  128      1.435      1.558    -74.496
 262  566     -7.562     11.384    -77.837
  -1   -2    -11.795     13.495    -62.796
 342  614     13.483      9.572    -71.769
 296  633     -5.591    -11.326    -68.506
  -1   -2     -8.563      5.919    -62.147
  -1   -2     -2.114     -9.759    -58.932
  -1   -2    -12.783      7.311    -76.403
 290  685    -14.754     -1.801    -73.412
  -1   -2     -4.257     -8.923    -60.577
  -1  571      7.693     -1.877    -62.437
 548   -2     -2.981     -5.695    -69.540
  -1   -2      6.386      4.582    -73.827
  -1   -2      2.884     11.552    -73.929
  -1   -2      3.646      4.739    -62.133
  -1   -2     -0.723    -11.178    -64.368
  -1   -2      2.189     -0.131    -70.339
  -1   -2    -15.474     -1.690    -76.824
  -1   -2      7.653      5.273    -71.769
  -1   -2     -8.140      6.764    -60.364
  -1   -2     -8.168     -9.505    -69.436
 407  780     17.105     -5.935    -68.760
 634  332     10.490     -2.804    -67.833
 535  789      2.517    -12.826    -62.275
  -1   -2      1.010     -2.626    -71.720
  -1   -2     -3.366      1.327    -60.470
  -1  634     -0.012      3.036    -70.194
  -1   -2    -10.446      1.105    -66.196
  -1   -2     12.249     -6.435    -59.454
  -1   -2      7.491     -5.433    -54.127
  -1   -2     10.459      9.847    -59.867
  -1   -2    -11.870    -12.278    -68.057
  -1   -2      0.868     10.086    -61.252
 214  295     -0.921     13.367    -64.551
  -1   -2    -13.023     -3.372    -77.244
  -1   -2     11.427     -9.199    -62.670
 506  786     10.217    -13.220    -68.731
  -1   -2    -10.334    -11.887    -65.985
 310  432      1.749     -5.013    -76.149
 127  688      0.485      7.259    -74.780
  -1   -2     12.946     -0.755    -63.149
  -1   -2     -8.752    -10.731    -60.245
 840   -2     -1.699     -5.540    -75.862
  -1   -2    -10.161    -12.365    -62.953
  -1   -2     13.273     12.559    -72.889
 809  607      7.031      0.056    -59.755
 284   -2     -3.449     -9.438    -65.395
  -1   -2    -12.645    -12.433    -72.986
  -1   -2      3.461     -5.237    -72.481
 285   -2    -10.188      8.499    -74.719
 252   -2      3.773     -4.987    -63.793
  -1   -2      7.547     -7.310    -65.049
 360  574    -13.399      7.182    -76.058
 351  331     12.343     -3.459    -69.580
  -1   -2      9.285     10.643    -62.469
  -1  251     13.200     -5.200    -68.452
  -1   -2     -4.008     -5.138    -58.262
  -1   -2    -11.520     10.368    -71.966
  -1   -2     -1.777     11.596    -77.495
  -1   -2      0.054      8.449    -68.442
 317   56      4.164     -0.043    -70.698
 287  334     -8.651     -5.688    -77.268
 323   -2     10.884     -0.852    -61.986
  -1  255     14.883     10.288    -63.526
  -1   -2      9.130     -7.284    -66.428
  -1   -2     -9.677    -10.442    -58.029
  -1  625     -9.951     -7.928    -63.214
  -1   -2     -6.605      0.035    -63.072
  -1   -2      2.147     -8.347    -87.461
  -1   33      1.222      6.332    -71.153
 185  319      4.702    -12.231    -71.856
  -1   -2     17.737     -2.411    -76.583
  -1  565     12.170    -12.154    -60.396
 570  608      5.919     -9.888    -72.423
  53   -2      4.968      5.695    -70.262
  -1   -2     14.659      4.494    -62.857
  -1   -2     14.348    -10.077    -68.696
  -1  580    -12.956     11.230    -64.820
  -1   -2     -8.915     -2.571    -54.388
 663  200     -3.852      9.939    -72.577
  -1   -2      9.681    -10.500    -65.047
  -1   -2     -7.079      1.373    -61.143
 335   -2    -13.377     -3.968    -70.874
  -1   -2     -1.119      9.704    -66.343
  -1   -2     14.032     13.047    -68.037
  -1   -2     11.819     13.511    -63.907
  -1   -2    -11.513     -6.505    -86.324
  -1   -2    -14.565     -6.054    -82.988
  -1   -2     16.454      1.719    -77.411
 589  731     13.916     -6.958    -67.476
 312  775     -9.467    -11.112    -69.806
  -1   -2     13.383     11.909    -73.555
  -1   -2     -4.946      8.325    -62.672
  -1  609    -14.191     -3.301    -72.820
 628   -2    -14.769      4.816    -73.448
  -1   -2     -1.296     -7.222    -56.699
  -1   -2     -5.407     -9.533    -60.475
  -1   -2     12.851     10.338    -64.575
  -1   -2     13.820      9.537    -64.123
  -1   -2      9.924      9.306    -60.665
  -1   -2     16.857     11.837    -76.484
 269   -2      7.743     -5.301    -76.757
 396  779     13.408     -9.206    -74.522
 646   -2      9.822     -7.215    -65.584
  -1   -2     13.831     -8.634    -63.608
 818  670      8.880     -9.674    -74.286
  -1   -2     -3.723    -11.214    -85.668
  -1   -2     16.081     -4.723    -63.586
  -1   -2     -4.623     10.232    -54.696
  -1  546     -9.418     -1.591    -77.561
 514   -2     -3.012     -7.053    -69.193
  -1   -2      2.695     11.915    -65.256
  -1   -2    -12.303      3.703    -86.640
  -1   -2      6.118      2.194    -61.302
 341  344      9.280     10.101    -62.374
  -1   -2     18.100     -4.099    -70.035
  -1   -2     12.999      2.249    -62.658
  -1   -2     -3.032     -0.855    -73.242
  -1   -2     -1.645     -9.841    -68.622
  -1   -2     15.028     -6.925    -64.741
 834  315      5.117      9.016    -66.276
  -1   -2     -5.958      1.742    -55.806
  -1   58      5.158      2.072    -66.623
  -1   -2     -1.720      3.891    -55.970
  -1   -2     -6.380      3.896    -57.940
  -1   -2      9.931     -1.136    -61.918
  -1   -2      4.861     10.058    -59.174
  -1   -2      7.421     12.390    -63.776
  -1  749     -5.177      6.936    -61.774
 339  627     10.927     -4.657    -69.223
  -1  330     16.864      4.466    -65.995
  -1   -2    -15.395      1.305    -75.902
  -1   -2      0.822      3.784    -59.625
  -1   -2      9.486    -10.444    -76.165
 652  664     12.789      8.700    -62.374
 590   -2     15.877     -8.856    -64.464
  -1   -2     -6.266      0.138    -74.476
  -1   -2     16.640      6.184    -64.859
  -1   -2     -1.195    -10.583    -82.231
  -1   -2     15.350     11.147    -66.390
  -1   -2      4.219    -10.067    -72.906
 248   -2    -11.634     -0.527    -61.796
 651  707     13.123      4.338    -62.467
  -1   -2     -6.034     13.305    -64.785
  -1   -2     11.818     -2.360    -52.785
 362  777      5.114      2.953    -64.907
  -1   -2      7.691     12.190    -64.742
  -1   -2     11.396    -11.270    -72.163
  -1  632     17.109      1.594    -65.300
  -1   -2     -5.369     -7.031    -60.497
  -1   -2    -12.806     -3.153    -71.405
 280  285     13.301     -4.789    -71.217
  -1   -2    -14.351      2.486    -73.762
  -1   -2     -7.066     -3.809    -56.579
  -1   -2     12.391     -9.155    -73.590
  -1   -2     -3.160     -5.534    -56.007
 697   -2     15.954      1.213    -65.194
  -1   -2     -7.514     -2.804    -57.688
 795  619      9.316     -5.366    -73.497
 258   -2     -0.116      5.169    -65.717
  -1   -2     -6.468    -10.056    -56.505
 560   -2      9.589     -2.990    -72.221
  -1   -2     -6.232    -11.570    -88.173
  -1   -2      2.867     -3.267    -77.983
 460   -2     -3.179    -10.466    -76.127
  -1   -2     -6.238      4.145    -76.464
  -1   -2     -5.749      0.913    -62.519
  -1   -2     11.849     -9.754    -69.528
  -1   -2     -8.252     -0.839    -78.115
 588  791     12.918     10.224    -73.481
 601   -2      2.312      1.739    -75.633
  -1   -2     11.449      2.869    -77.852
  -1   -2     -5.863      4.694    -68.269
  -1   -2    -16.151     -0.427    -76.209
 802  721     -8.683     11.469    -70.368
  -1   -2     -0.261    -12.913    -65.390
  -1   -2      4.938     12.133    -69.298
  -1   -2      8.485      9.784    -57.433
  -1   -2     13.728     -2.591    -58.601
  -1   -2    -10.884      1.301    -68.117
 692  797     15.597     -3.554    -61.326
 669  317      8.562     -1.456    -62.230
  -1   -2      7.248     -4.527    -57.691
  -1   -2     -3.274     -8.710    -65.246
  -1   -2     -1.503      2.345    -53.942
  -1   -2    -13.356      9.208    -73.346
  -1   -2     -1.955      6.740    -76.055
 520  788      8.873      3.370    -60.873
  -1   -2     -8.868      1.212    -62.420
  -1   -2     -2.266      8.689    -66.345
 595  727     12.432     12.570    -67.668
 564   -2      5.335     12.414    -61.041
  -1   -2     11.821     -5.541    -64.871
  -1   -2    -11.933     -5.979    -63.784
  -1   -2     12.671      3.967    -61.410
  -1   -2     -5.964      7.202    -66.017
  -1   -2      6.939     11.032    -58.272
  -1   -2     -8.982      8.796    -57.698
  -1   -2     11.741     11.135    -83.998
  -1  739     -7.303      7.344    -65.748
  -1   -2     -6.554      6.755    -78.226
  -1   -2      8.908     -7.466    -61.369
 647   -2    -11.446      2.874    -70.748
  -1   -2     15.680     -6.531    -60.344
  -1  631    -12.818     -0.197    -74.400
  -1   -2      9.887     -3.735    -59.018
  -1   -2    -12.191      9.579    -70.094
  -1   -2     -7.721      0.553    -63.853
  -1   -2    -13.137      8.001    -65.002
  -1   -2      9.863     11.440    -61.141
  -1   -2     -6.078      7.247    -53.367
  -1   -2    -13.117      4.893    -80.867
  -1   -2      0.360     -7.304    -67.440
  -1   -2     -9.124     -6.943    -58.301
 388  501      6.217      0.175    -70.180
 283   -2     -5.607      9.326    -63.402
 578   75    -10.721      3.824    -68.473
 203  462      0.148     -1.184    -74.145
 408  526      2.696     -0.321    -70.829
 622  472      7.814     -0.033    -63.082
 788   -2     -9.312     -2.743    -73.352
 176  233     -9.086     -7.631    -70.826
 569   -2     -4.963     12.741    -65.124
 594  228      3.223     -9.180    -69.436
 527  138      3.476      5.529    -66.540
 823  800     -2.279     10.484    -73.066
 696  579      6.832     11.913    -70.890
 444   -2     -9.646      0.429    -65.535
 813  799     12.581     -1.050    -73.219
 586  807      4.485    -10.632    -75.483
 558  167      1.307      4.807    -62.075
 277  262      7.069    -11.013    -65.249
 305   -2      4.573      4.818    -60.760
 611  793     16.212      7.879    -67.254
 805  413      7.024     -7.746    -74.614
 624   -2     15.071    -10.260    -63.638
 722   -2     17.130     -6.904    -67.089
 811   -2     -2.285      7.151    -74.028
 653  808      8.313      4.094    -59.203
 649  172      3.289     -0.228    -71.255
 785  261     -0.398      8.614    -69.795
 790   55      5.761     -0.238    -68.251
 318  646    -12.674      1.061    -65.828
 376   73      4.389    -10.326    -70.097
 422  327    -13.042      3.067    -76.662
 713  809     17.148      8.027    -71.411
 732  538      7.155      5.752    -74.485
 799   -2    -13.226     13.140    -66.991
 810   -2    -10.807     13.723    -61.475
 821   -2     17.412     11.988    -73.314
 836  617    -11.453      6.198    -68.364
 838  810     17.062     -7.524    -74.938
 839   -2     17.209    -10.944    -74.152
