822
  31    0     -0.576      8.185    -71.649
  63    6     -1.986      8.355    -73.721
   2    1     -2.167      2.779    -67.899
  10   24      3.245      0.331    -69.483
  29   62      4.685      3.759    -68.917
  -1   -2     -5.050      3.902    -71.022
  33   96      8.139      3.806    -72.806
  15    8      4.466      7.917    -68.758
  36   17      1.183     -7.966    -70.462
   0    5     -0.127     10.180    -70.777
   3  250      8.173      9.080    -70.461
  44   12      0.053     -7.682    -71.656
 194    4      3.417      7.757    -69.263
  28   16     -3.397      5.173    -67.222
  23   34      4.860     10.012    -68.969
  35   13      1.823     -1.597    -69.288
  -1   -2     -6.017      9.889    -71.016
  22  556     -9.403      1.194    -70.993
 114   39     -1.983     12.578    -66.257
  16  234     -6.544      2.827    -74.701
  25   28     -9.873     -1.694    -71.231
  38   14     -0.662     -0.956    -67.503
 103   22     -3.610     10.407    -66.767
 225   90      3.827      5.690    -69.786
  67  174     -0.702      7.601    -71.242
  30   21     10.228      2.414    -68.600
 369   49     -3.567     -3.433    -72.582
 370  138     -7.421      1.022    -72.043
  20   47      0.425     -1.342    -70.916
  -1   80    -10.183     11.381    -66.267
 151  145     -3.090      2.033    -73.403
  -1   -2     10.867     -2.050    -70.121
 400   85    -10.118     -8.847    -71.240
  32  797     -3.553    -12.106    -72.544
  26   35     -1.378      4.914    -67.080
  19  796     -7.269      2.791    -68.151
  41   20    -13.785      0.652    -71.671
  52   19      0.240     11.515    -67.552
 183   42     -0.480     -2.918    -73.001
  71   73      6.404     -2.914    -70.804
  34    7      0.562     -0.979    -68.452
 124   64     -0.261     -2.808    -68.359
  -1   -2      0.220      5.719    -71.381
  13  122     -1.465      8.656    -69.429
 612  132     -4.256      9.723    -69.949
 122   74      3.279      9.697    -68.933
  84  157     -6.726      5.153    -67.241
 801   52      2.412     -9.621    -67.326
  51   38      4.390      0.968    -65.706
 388   29      1.288     12.988    -67.453
 172  149      0.235      3.747    -62.131
 116  202      9.578     -5.941    -72.384
 386  419     -1.691     -2.478    -69.414
 276  179     13.512     10.567    -72.852
 104  538     -1.120     -1.136    -67.324
  45   89     -7.746     -4.090    -72.190
  12    3      5.296      6.320    -71.742
  54  113      4.307      2.826    -68.324
  93   68     -8.265      4.981    -68.067
  81  435     -5.217      9.307    -65.410
  73  390     -1.985      3.186    -61.868
  60  153    -11.918     -9.543    -71.651
  77  134     -7.517      0.052    -68.600
  68  121     11.157      7.571    -69.868
  47   33     -1.671     10.784    -74.391
 108  108    -15.982      0.294    -72.987
  72  400     -7.926      8.114    -64.637
  42  798      7.243      7.326    -67.951
  92   78     -8.297     -5.629    -71.688
 180   56      7.341     -9.127    -69.549
 206  242     -5.895      0.315    -71.632
 398  146      1.417      3.605    -69.239
  48   23      6.829      1.778    -70.257
  80   81    -10.799      1.499    -65.411
  -1   -2      0.482     -2.179    -69.840
   8  217      5.544     11.314    -70.025
 107   99     -1.776     -6.636    -64.275
  11   18    -11.626      3.507    -74.136
  24  182    -13.054      2.597    -73.980
  61   77      5.789     11.425    -65.796
 111  241      8.875     -0.819    -67.407
  46  169     -9.225     -7.529    -70.686
 144   72     14.977      1.815    -70.022
 255   63     12.708      0.251    -66.185
  66   41     -8.566      6.181    -68.732
  14   59     -0.523      6.943    -65.706
  64  698     -6.536     -0.706    -71.377
 195  378    -10.049     -1.366    -73.843
  95   95      5.801     10.886    -65.794
 100   79      9.256     -4.015    -65.235
  -1   15     15.689     -7.208    -71.172
 153   97     -0.701     -3.783    -69.355
  57   83     -1.317      0.703    -67.661
 519  165      3.958     -8.470    -67.143
 160  385      3.509     -1.272    -68.718
 136  805    -10.993      5.725    -66.063
  99  225     -1.508      4.429    -68.951
  -1   -2    -10.501      9.158    -72.758
 117  210     -6.077     -2.589    -69.910
 193   53     -3.409      7.926    -64.636
 105  115     -3.012      6.681    -64.223
 203  188     -3.364      0.005    -73.767
 198  104    -10.486      3.795    -63.403
 574  127      2.557    -12.274    -68.434
 131  184      2.507     -2.278    -62.517
 126  446     -0.484      7.925    -66.470
 267   60     -6.230     -3.825    -73.795
 261  612    -13.272     -4.027    -73.548
  -1   66     -6.814    -10.029    -75.153
 162  393      1.690     -6.609    -70.555
 112  156      3.117     -3.916    -62.821
 448    9     -4.149     10.428    -72.749
 415  142     -0.138      2.465    -62.113
 240  120     13.686      5.832    -67.419
 403    2     -0.550      6.139    -72.408
 636   94      1.073      9.486    -69.314
 164  247     -3.887      3.811    -63.037
  -1   50      1.426     -5.325    -69.871
 143  173     -3.170      9.171    -64.027
 142  211     12.668     -1.314    -66.405
 233  201    -14.939     -5.424    -74.644
 150  119      5.020      7.037    -66.451
 199   -2    -11.276      9.548    -76.909
  17  455     -4.307     10.750    -74.101
 430  106      4.329     -1.944    -66.232
 461   88     -4.577    -10.812    -71.126
 115  212    -11.082      8.045    -66.152
 190  449    -10.750     -9.520    -69.797
 414  191     -5.088     11.456    -72.301
   7  152     -3.556     -4.170    -69.585
  89  139      4.835     -0.682    -71.635
  58  444     -1.465     -3.060    -68.821
 252  215     -4.953     10.383    -61.372
  74  801     -0.923     -7.892    -64.837
 504  192     -6.711    -11.001    -68.124
  -1  228      3.576     -5.094    -64.616
  -1   -2     -6.410     -6.712    -57.574
 146  137     -2.375      4.732    -72.978
 109   11      5.814      1.262    -70.763
 154  189      9.173      6.108    -69.887
 152  105     10.988    -10.577    -71.418
 427   -2     -4.784      3.660    -77.619
 161  131     -2.393     -5.156    -65.335
  -1   -2      1.194      2.741    -60.975
  65   37      0.335    -12.481    -71.584
  -1   -2    -11.604     -5.076    -71.870
 219  231      4.696     -2.387    -65.303
 166  439      5.930     -0.279    -63.675
  96  838      5.273     -4.403    -71.784
  75   58     -7.673     -6.523    -71.059
 475  264      9.965     -9.459    -72.593
 278  641    -15.097     12.201    -72.223
 244  811      6.729      0.056    -72.093
 213  531      3.512     -2.323    -61.884
 458  632     -6.889     -7.509    -69.183
 121  205     -1.347    -12.578    -66.550
 284  293     16.055      7.030    -68.820
 334   -2     15.619      1.710    -69.093
 147  224     -0.852     10.610    -65.578
  76  236     -0.539     12.356    -67.864
 248   61     14.827     -0.851    -67.586
   6  286     -9.732      8.260    -75.028
  70   87     -9.041     -0.425    -66.863
 283  143      8.974     -4.193    -70.576
 482  702     -1.001      8.773    -61.176
  90  147      2.686      5.441    -62.323
 134  180      2.842    -12.607    -65.223
 520  167    -11.797     -7.850    -69.860
 485  261     16.067     -2.901    -68.395
 220  259      1.958      6.911    -61.922
 270  187     10.944      3.494    -68.709
 163  177     11.766      2.345    -65.650
  -1   -2     15.290      7.537    -72.343
  -1   -2     -6.971     -7.271    -61.884
 211  254    -11.887      9.285    -66.326
 349  401    -11.431      3.903    -70.554
 184  467    -12.869     -3.172    -64.685
 119  109     -9.443     -4.609    -69.452
  53  278      8.537      7.991    -68.023
 789  404    -11.910      3.458    -71.194
 177  176    -12.429      5.791    -65.881
 235  203     17.173      4.573    -69.502
 140  290     -8.669      4.004    -75.365
 157  135     -8.969      8.383    -65.216
 208   -2     -8.604      2.932    -78.042
 216   93     -8.869      9.138    -62.808
 247  269    -14.829     -6.626    -73.456
 200  123     17.019      8.024    -66.304
  78  839    -10.462      3.753    -68.671
  -1  117      2.392      2.269    -69.909
 128   -2      1.608     -4.575    -77.448
 598  829     -4.860     -1.880    -70.747
 777  248      6.538     -1.946    -69.050
 384  817      9.894    -10.622    -68.770
  -1   -2     -0.688     -9.536    -63.738
 176   44      0.320      1.679    -63.586
 181  233      7.567      4.584    -62.557
 224  181      6.507     -4.917    -65.192
 342   32     -4.219      8.816    -70.823
 148   55     -8.640     -4.866    -69.993
 533  512     -9.740      6.877    -73.424
  -1  150      3.920      2.382    -73.573
 294  347      1.549     -9.669    -76.316
 413  252     -3.150     10.617    -62.687
  49  107      7.884     -1.405    -68.108
  -1  438      9.961    -10.447    -64.490
  -1   -2      2.025      2.741    -65.224
 135  268     12.644      6.164    -69.242
  -1   -2     -0.208      6.480    -67.917
  -1   -2     -0.518     -8.682    -61.673
 242  172      9.901     -4.387    -66.098
 196  807      7.542     -7.340    -68.554
 280  129     -9.468     11.637    -68.207
  91  452      7.324     -0.210    -72.081
 354  326     12.327     -1.377    -71.928
   9   -2    -10.216      6.302    -71.998
  -1   -2     -4.328      6.468    -68.791
 274  262    -12.612      9.678    -65.323
 300  593      7.662     -4.786    -74.648
  -1  216     -8.121      4.694    -66.962
 129  332      6.389      4.972    -62.002
 319  814      3.979     11.269    -71.543
 402  249     -4.374    -10.477    -64.777
 508  206    -11.040      7.823    -68.552
 204  277     12.308     -6.662    -67.777
 271  520    -12.232     -1.654    -67.863
  69  197     -7.694      8.600    -75.999
 487  300      2.011      5.124    -64.569
 132   46     -9.292     -6.164    -68.790
  -1   -2    -12.420      8.280    -71.689
 791  164      4.360     -3.399    -75.372
 489  339      5.293    -10.051    -66.983
  -1   -2     -6.508     -5.958    -72.255
 125  299      3.378     -0.122    -65.031
 202  304     -4.562      1.774    -61.219
  -1   -2      0.347     -5.484    -64.925
 266  226     16.045      4.141    -67.849
 287  348     -3.244     -8.153    -69.353
 324  324     13.121      8.595    -71.017
 215  808     -9.136     12.896    -68.418
 298  316      1.949      3.469    -61.853
 197  260     -8.385    -11.294    -70.934
 226  222     13.673      1.293    -65.315
 102  318      1.996     -3.703    -65.568
 212  256      3.707      8.191    -61.338
 501  284     -5.728      6.884    -64.424
 631  183     -4.878     -3.945    -70.792
  -1   -2     -8.570     -7.602    -58.990
 607  507    -14.037      9.243    -67.917
  -1   -2     10.507      0.924    -64.125
 265  310    -11.690      8.394    -68.188
  86  416     11.118     -1.655    -73.982
  -1   -2     -7.836     12.864    -63.742
 155  195     11.990      0.857    -67.701
 256  289    -10.014     10.387    -62.248
 186  491      5.411      9.468    -63.467
 346  353      4.225      1.097    -68.901
 279  229     11.118      7.982    -64.717
  -1   86      5.955     -6.273    -67.247
 307  564    -13.099      4.141    -71.247
 127  258      5.872     -5.772    -72.622
 192  291    -13.393      2.014    -67.729
 228  237     10.009      3.811    -63.070
 292  232     13.152     11.671    -70.331
 281  360      9.431     -4.346    -68.012
  -1   -2    -14.730      1.493    -73.426
  -1   -2     10.856     -0.175    -71.279
 207  295      3.728    -10.456    -70.122
 376   -2    -11.884     -1.773    -76.744
 301  140      3.606    -10.035    -70.074
 174  223     -0.464     -0.322    -61.719
 237  116     13.516     -0.415    -69.209
  -1   -2      9.253     -0.916    -71.539
 313  694      4.771      4.115    -68.886
 356  253     -1.895     -2.272    -67.975
  79  802    -13.740     -3.136    -71.233
  -1   -2      9.833      7.488    -60.722
 352  595     -2.374     12.074    -62.923
  -1   -2     -0.315     -6.053    -60.882
  -1   -2      4.422     -5.117    -60.340
 668  204     -7.572      7.337    -77.175
  -1   -2      9.142     -1.616    -66.080
 351  367     10.386     11.181    -70.099
 222  267     10.307      8.350    -69.200
 502  325      8.359     12.634    -64.064
  -1  245      4.444      7.275    -65.561
 141  100      3.064     -5.385    -65.838
 296  350      5.644      9.009    -66.621
 596  828      3.597     -6.120    -76.323
 236   69     14.195     -3.628    -71.603
  -1  199     -3.515     -7.481    -70.049
 374  338      3.651      2.336    -71.201
 179   -2    -14.328      3.445    -70.354
  94   25     -2.800     -5.599    -73.084
 437  504    -14.586     -3.399    -76.207
  -1  161     -4.983      6.262    -64.094
 418  821     -6.865      9.211    -71.290
 311  298     -0.888     -8.870    -66.316
  -1   -2     -6.652      9.924    -75.634
  -1   -2      2.503     -1.681    -60.405
  -1   -2     -4.476     -1.758    -60.010
 331  580     15.531      5.969    -68.077
 272   -2     10.104      7.287    -77.704
  -1  280     14.236      2.688    -65.494
 295  271    -12.827     11.739    -65.006
 330  240      5.925      4.000    -67.264
 338  340     -4.337     10.370    -66.509
 588  198      1.099     10.580    -72.953
  -1   -2    -11.005     -6.345    -71.362
 329  128     13.182     -0.039    -72.666
 809  837      1.602     -2.092    -60.714
 243  276     15.073     -1.852    -67.137
 304  732      9.697     -5.519    -72.420
  -1   -2    -11.588     -1.582    -71.022
  -1  313     -8.907      4.953    -69.626
  56  534      7.015    -10.211    -71.128
  -1   -2      3.207    -10.606    -63.120
 308  320      9.935      8.948    -66.928
 332  329     13.077      2.735    -73.858
 496  618     13.494      6.325    -73.281
  -1   -2    -12.600     -0.004    -67.419
  -1   -2      9.575     -0.108    -70.830
  -1   -2     14.960      2.207    -62.957
  -1   -2     -6.551     -7.358    -63.185
 303  840      7.399    -11.927    -63.744
  -1  496    -12.260     -3.231    -64.018
  -1   -2    -14.182      2.613    -84.639
  -1   -2     11.819     -1.055    -64.009
 275  321      0.268      9.756    -65.885
 210  657     12.572      2.203    -67.778
 309  285      4.771      4.307    -60.736
 254   -2     12.373      7.204    -72.634
 321  815     11.251     -7.792    -72.525
 490  576     15.957      5.486    -71.673
  -1  710     17.475      7.401    -71.550
 727  832     14.334     -1.721    -66.566
  -1   -2      6.478      9.825    -70.267
 695   70     -2.041      0.691    -65.547
  -1  263    -12.528     -8.920    -64.118
 217  809    -13.794      7.878    -76.264
 657  830      2.201      5.949    -65.382
  -1  650      3.116     12.081    -64.358
  -1   -2     -7.681      1.787    -67.989
 230   -2     -6.939     -9.166    -69.275
  -1   -2    -13.092    -10.251    -69.251
  -1   -2     16.546     11.287    -65.740
  -1   -2     13.659     -6.728    -59.982
 336  634     15.539     -5.462    -68.018
  -1   -2      0.979    -11.216    -75.110
  -1  178     14.194     -6.550    -70.295
 766   -2      9.486     -9.645    -68.125
 584  331     14.684      1.888    -67.468
  -1   -2      9.123     10.647    -63.211
  -1   -2      2.015     10.769    -62.455
 366  372      7.627     11.865    -67.562
  -1   -2     -6.777     -7.747    -52.508
  -1   -2      9.573      0.511    -74.875
 288  780     -2.013      5.233    -71.928
  -1  363     -8.623    -10.138    -65.011
  -1  368     -1.702     -6.624    -68.755
 372  209      0.694      8.396    -70.541
 417  311     12.104      6.189    -72.508
  83  803      4.111     -8.225    -71.800
  -1  376      0.820      2.384    -75.895
 110   27     -0.959     -7.030    -74.413
   4  841     -4.494     -2.643    -74.856
  40   31      1.558      1.495    -66.745
  -1  414    -15.916     -3.703    -75.202
  -1  185      5.018     -7.159    -60.439
  -1   -2     -1.032     -7.359    -62.397
  -1   -2     -9.693     -9.066    -67.223
  -1   -2      2.102      0.512    -70.849
 395  411     -9.154      1.731    -66.335
  18   54      4.114     -4.800    -76.413
 557  423     -0.015      9.279    -72.871
 409   71    -12.682     -4.984    -71.965
  55  412      2.309    -12.073    -70.282
 404  388      0.081      2.802    -71.613
  43   -2     -7.252     10.929    -68.710
 443   40     -7.632      6.103    -67.401
  -1   -2     -0.269     -7.424    -53.197
 227   -2     -5.572      8.921    -63.274
  -1   -2     -0.321     -9.674    -77.965
  -1   -2      3.993    -10.589    -62.020
 286  532     16.968     11.534    -70.423
 257   -2      5.435      2.597    -64.940
  50  799      0.902      3.325    -68.417
  -1  227     -3.561     -3.750    -62.644
 381  395      3.315    -10.062    -61.760
 182  806     -0.835     10.371    -69.839
  -1   -2     14.117     12.600    -70.532
 137   84     10.691    -11.204    -67.485
  -1   -2      3.089     -7.467    -71.242
 380  469     -8.921    -12.794    -67.667
  -1   -2      5.714    -11.334    -65.425
  -1  102      2.111     -2.980    -61.833
  -1  463      6.937    -11.153    -71.983
 291   -2    -15.241     10.279    -71.067
  -1  661     14.165     10.743    -66.093
 416  691     16.153     -6.544    -62.412
 405  819      1.528     -8.913    -61.733
 412  421      7.807     12.415    -65.880
  -1   -2      4.321     -2.454    -74.256
 399   36     -4.376     -5.613    -68.266
  -1   -2     -0.930      3.440    -74.995
 556  379      0.642      5.394    -71.961
  -1   -2     -7.979    -12.460    -65.413
  -1  510    -12.380      5.303    -68.849
 460  101      2.208      2.303    -64.946
 239  159     -5.976    -11.624    -66.056
 457  500     -3.813    -10.310    -69.147
 790  476     12.588    -10.246    -62.303
 799  418     -7.517      3.125    -61.550
  -1   -2     -7.843     -1.395    -58.834
 408  429     11.483    -11.138    -63.409
  -1  274     -5.108    -11.491    -76.555
  62  800      0.703     12.955    -69.054
 387  398     -0.075     12.170    -69.164
  -1   -2     -2.046     10.355    -72.018
  -1   -2      5.426      7.170    -57.363
  -1   -2      0.928     -3.104    -55.021
  -1   -2     10.006     11.073    -62.465
  -1   -2    -13.028    -11.366    -76.398
 229  606     -4.221      2.237    -70.194
 432  396      7.228     -1.843    -70.856
  -1   -2     -6.601     -2.183    -65.358
 411  430      8.857     -7.201    -64.514
  -1  162      0.995    -10.388    -68.364
 503   -2      1.253     13.268    -63.013
 705  413     -0.899     -0.264    -71.780
 158  130     -4.499      2.898    -65.417
  -1   -2     -1.627      1.783    -65.283
 101  243     10.991      4.797    -67.873
  -1   -2      6.644    -10.125    -75.461
  -1  239      1.953     -7.343    -60.344
  -1  126     -5.861      7.253    -61.742
 353   43      4.042     -1.337    -74.946
 238   -2     12.278     10.263    -62.083
  -1   -2    -10.948     -6.243    -62.311
  -1   -2     12.195     -5.758    -62.966
 406  820     -7.571     -0.253    -70.910
 130  315     -0.162     -4.012    -67.990
 431   91     -3.339     11.749    -67.488
  -1   -2      7.500    -12.128    -69.159
  -1   -2     -4.666     13.220    -61.278
 459  221      0.752      3.979    -63.459
 439  453     -9.255      3.116    -68.826
 521  513     11.459     -6.813    -63.950
 175  445      2.364      7.626    -63.293
 165   -2     -1.513      0.174    -62.397
 530  327     12.734     10.345    -73.681
 783  213      8.127     -6.163    -64.942
 484  112     -6.978      2.033    -67.722
 277  391     -0.280    -10.475    -73.145
 429  498     16.908    -12.808    -69.445
 424  273      3.929     11.273    -63.959
  -1   -2     -7.798     -5.372    -60.587
 592  383    -16.005      6.179    -74.854
 392  818    -13.675    -12.318    -71.257
 282  554      8.478     -7.488    -72.078
 232  447    -12.074     11.300    -69.447
 231  319      4.470    -12.023    -69.166
  -1  160      3.131     10.881    -64.960
 666  627     16.634     10.152    -72.570
 463  328     -9.607      2.311    -76.092
  -1   -2      6.928      2.516    -77.728
 591  552     12.780    -12.500    -65.948
 774  836     -1.846     -6.010    -65.973
  -1   -2     -2.987     -8.615    -66.884
  -1   -2      5.805     -7.405    -58.427
  -1   -2     11.051     12.985    -67.438
 577  827    -10.714     -5.353    -72.931
 139  322      2.603     -8.805    -70.156
 469   -2      7.755     10.481    -64.544
 704  831     15.156      0.122    -69.983
 467  486      0.418     11.781    -66.899
 264  158     14.033     11.637    -70.141
 410  154     -1.370     -8.369    -66.820
 659  555     12.186     -7.213    -73.201
 478  287      8.498      9.739    -67.844
  -1   -2     -9.434     -8.931    -58.235
  -1   -2     12.798      7.347    -65.400
 371  543    -14.583      7.423    -75.851
  -1   -2     -7.651     -4.001    -81.780
  -1   -2     -2.960      3.940    -62.485
  -1   -2     -1.378     -0.628    -68.802
  -1   -2     -0.769     -1.211    -61.857
  -1  426     -4.348    -12.511    -69.074
 373  405      5.585     -1.709    -74.793
 214   -2    -11.433     -4.277    -66.014
 263  220     -4.981     -9.303    -65.519
  -1   -2     -7.429      8.709    -60.665
 156   -2      5.605     11.859    -64.492
 509  526     16.118     10.553    -66.942
  -1   -2     -2.303      3.559    -74.676
 525  503     12.300      3.160    -65.290
  -1   -2      4.611    -10.869    -81.871
 456  170    -13.851      3.027    -71.815
 684  281     11.991    -10.349    -71.266
  -1  567     12.219      2.659    -60.262
  -1  431     10.475     -5.042    -65.677
  -1   -2    -14.968      9.411    -74.920
  -1  514      6.528     -8.396    -63.659
 389  433      8.275    -12.999    -66.034
 325  230    -10.874     -0.606    -70.143
 145  141     -2.759     12.625    -65.319
 345  522    -12.480     -6.392    -76.382
 322  317    -12.956     11.441    -72.702
  -1  490     -5.959      5.223    -58.240
  -1   -2      1.988     -9.199    -55.161
  -1   -2      6.071     -9.476    -63.353
  -1   -2     10.649     -4.237    -67.900
 390  428     14.677      3.575    -73.517
  -1  380     -4.541     -2.081    -64.542
  -1   -2     -8.956     10.409    -59.042
  -1   -2     -1.243    -12.059    -67.494
  82  464      1.154     11.619    -66.555
 123  492     -1.220      1.224    -64.824
  -1   -2      8.909      5.679    -62.133
 223   -2     13.998      8.009    -68.274
  -1   -2     -6.256     12.884    -60.491
  -1   -2     -9.439     -4.709    -74.526
  -1   -2    -10.853     11.919    -61.631
  -1   -2     16.664     -9.804    -71.469
 554  208    -14.710     -9.646    -71.465
  -1   -2    -13.465      5.325    -80.259
  -1   -2     -3.484     -8.858    -63.876
 189  314     -2.818     -9.255    -73.878
 609  517     14.730     -8.559    -69.025
  -1   -2     -4.502     -4.637    -60.132
 396  742     -2.144      3.306    -72.360
  -1   -2    -11.036      4.886    -64.960
  -1   -2     10.333     10.705    -60.617
  -1   -2      4.571     -4.057    -60.180
 523  478     16.883     -3.502    -66.957
 652   -2      5.118    -11.506    -75.274
  -1   -2     -5.896    -11.976    -70.095
 493  193     14.635     -4.174    -63.655
  -1   -2      3.376     -6.595    -58.933
 531  499     16.236    -10.956    -70.768
  -1   -2     -4.917    -10.757    -57.217
 593  519      3.361    -11.126    -65.684
 688  358     10.792      6.843    -69.859
 581  620     10.138     12.956    -63.061
  -1  475    -16.024     -3.629    -72.486
  -1   -2     -2.494      3.012    -63.515
 711  335     15.908     -9.840    -71.453
 470  219      9.234     -1.939    -64.251
  -1   -2     15.839     -7.169    -69.657
 775  297     -1.734     -2.187    -65.095
  -1   -2     -6.458     -2.648    -55.505
  -1  613      4.697     -9.468    -77.568
 602  525    -14.916      4.048    -69.445
 514  494      8.571     -3.869    -61.933
 614  728    -12.854      4.625    -64.441
 344  568      9.536      8.780    -67.567
 245  572     12.562      1.822    -65.559
  -1   -2     -4.201     11.297    -65.101
  -1   -2      4.957      2.254    -61.634
 579  633      2.074     11.896    -67.646
 681  545     13.481     -9.570    -63.405
  -1   -2     -9.827      1.068    -54.188
  -1   -2      6.387    -10.232    -63.743
  -1   -2      8.797    -10.281    -63.521
  -1   -2     -4.997    -10.065    -68.322
  -1   -2     -5.584     -7.768    -68.956
  -1   -2      4.085     -5.038    -61.078
 568  557     13.117      7.015    -62.068
 302  553     -5.912     -9.973    -62.357
  -1   -2     -1.971     -4.080    -75.487
  -1   -2    -13.296     -4.723    -63.385
 241  810      0.943      6.599    -74.574
 173   76    -12.251     10.515    -69.280
 290  303      6.905     -8.169    -67.501
 522  560     -9.043    -10.439    -66.422
  -1   -2     -1.483     -5.563    -77.245
  -1   -2    -14.392     -9.238    -76.177
  -1   -2     16.611     -3.241    -74.554
  -1   -2    -14.146      9.635    -67.895
  -1  410     11.482     -5.252    -64.540
  -1   -2     -6.552    -12.136    -65.205
  -1   -2      2.981     -6.746    -69.276
 600  336     11.109      0.736    -73.568
 299  436     12.227      2.287    -64.416
  -1   -2     -2.620     -7.478    -58.736
  -1   -2    -15.606     -7.194    -71.385
 622  570     10.339    -12.840    -64.307
  -1   -2     -6.160      0.752    -60.169
  -1  533     13.982     -3.955    -72.249
  -1   -2     -7.057     -9.091    -57.589
 339   -2     14.152     -5.385    -61.945
 643  591      6.790      6.241    -61.677
  -1   -2     -4.022     -8.094    -53.867
  -1   -2      4.220     -9.999    -62.387
 477   -2      5.399     -7.304    -66.756
  -1  288     12.851     -2.776    -64.063
  -1   -2     -6.309     10.621    -71.055
  -1   -2    -15.163     12.276    -70.545
  -1   -2     12.990      9.567    -68.228
  -1   -2    -10.166    -11.348    -86.482
  -1   -2     -9.548     -3.744    -64.759
 516  713     -1.719     -6.445    -71.726
  -1   -2     -6.150      6.575    -63.119
  -1   -2      1.627      5.421    -58.639
 610   98     -8.493    -11.209    -66.070
  -1  541    -16.117      3.020    -76.388
  -1   -2     -7.032      6.910    -68.782
  -1   -2    -10.758     -2.777    -58.553
 567  584      8.503      1.548    -61.592
 583  625     -7.984      9.922    -59.306
  -1   -2     -5.702     -3.929    -70.244
 326  484    -11.829      1.926    -73.112
  -1  615      4.672    -11.389    -61.668
 320  605    -15.430     -8.983    -75.189
  -1  294    -15.132      4.359    -74.762
  -1   -2      4.337    -11.819    -66.755
 575   -2     12.518      9.391    -61.950
  -1   -2     -7.048      1.423    -64.192
  -1   -2    -12.289     -1.199    -75.584
 480  515     -8.571     -6.768    -63.557
  -1   -2     -3.746     -1.576    -68.979
  -1   -2      0.199    -10.031    -56.580
  -1  103     10.893      6.085    -69.545
  -1   -2      9.421    -11.870    -70.313
  -1   -2     13.709     13.320    -64.573
  -1   -2      0.005      1.652    -75.769
  -1   -2     -5.099     -5.873    -55.867
  -1   -2      4.760    -11.235    -60.431
  -1   -2     -1.107     -6.386    -87.068
  -1  151     11.327     -0.784    -64.785
 249  748     13.851     -6.573    -73.371
 269  505     11.484     -1.943    -73.215
 524  825      2.316      7.551    -75.244
  -1   -2     -5.415     -9.264    -55.306
 491  680     13.563     12.407    -74.154
  -1   -2    -11.019     -4.195    -64.799
  -1   -2    -13.627     -1.085    -73.902
  -1   -2      7.520      7.431    -60.501
 595   -2     17.626     -3.586    -65.759
 641  582     12.496      3.510    -66.408
  -1  306      5.599     10.957    -57.105
  -1   -2     -2.023     -5.945    -63.548
  -1   -2      7.348      2.390    -71.444
  -1   -2    -12.243      3.221    -60.896
 723  279    -11.996      1.068    -74.349
  -1   -2      7.538      6.092    -76.445
  -1   -2     15.801     -7.056    -60.703
  -1   -2      8.016     -4.227    -65.307
  -1  562      4.643     -0.692    -76.017
 714  842     14.760     -3.632    -70.556
  -1   -2     12.461    -10.427    -70.558
  -1   -2     -3.392      7.366    -63.038
 758  617    -12.188    -11.714    -70.938
 285  843      4.279      4.044    -76.323
  -1   -2    -14.846      5.611    -72.544
  -1   -2     -4.576     -7.092    -63.721
  -1   -2    -12.652    -10.332    -63.284
 779  575     15.525     11.130    -63.239
  -1   -2      3.367     -9.610    -78.749
 721  696      0.372      5.875    -64.602
  -1   -2      0.544      8.502    -56.502
  -1   -2      3.831    -10.262    -74.680
 451  485     -5.945      1.009    -61.275
  -1   -2     -5.174    -10.787    -61.940
  -1   -2     -9.908     -1.772    -60.217
 725  346      6.730      7.428    -57.183
  -1   -2    -16.256     -4.455    -73.091
 293  813     16.413     11.967    -71.377
  -1   -2      8.643      7.714    -58.278
  -1  715     -9.410      6.598    -70.863
 590  758      7.115      0.528    -73.247
 729   -2    -11.017      6.283    -60.070
  -1   -2      2.694      0.916    -52.591
  -1   -2     11.847    -10.576    -61.191
  -1   -2     -1.392      1.897    -66.882
 327  579    -12.942     -7.344    -70.166
 735  833     13.902      1.467    -68.115
 348  357     12.930    -10.980    -69.635
  -1   -2     -5.287      4.341    -78.480
  -1   -2     15.499     11.018    -71.642
 486  540      5.108     12.329    -70.694
  -1   -2      7.538      2.066    -65.619
  -1   -2    -13.358     -9.522    -88.186
  -1  716     18.558      4.458    -70.812
  -1   -2     -0.879     -9.056    -57.247
  -1   -2     -4.142     10.274    -86.736
  -1   -2     12.199     -7.222    -62.888
  -1   -2    -11.355     13.149    -59.887
  -1   -2     16.171     11.731    -77.328
  -1   -2      5.080      5.376    -59.848
  -1   -2     -9.139     -4.679    -52.860
  -1   -2    -14.849      6.584    -77.930
  -1   -2    -12.260      1.059    -76.016
  -1   -2     -7.423     10.599    -77.220
  -1   -2     -1.620     -0.162    -60.410
  -1   -2    -12.252    -12.470    -73.884
 749  834     14.380     -2.836    -62.847
  -1   -2     13.955     -3.896    -63.635
  -1   -2      7.185     -3.810    -71.249
  -1   -2      3.036     -0.762    -60.185
  -1   -2     -1.728      8.871    -73.423
  -1   -2    -11.521      3.282    -84.059
  -1   -2     -4.453     11.892    -57.550
 632  720     11.972     -2.837    -62.933
  -1   -2      6.246      7.364    -77.663
  -1   -2      9.566     10.086    -55.534
  -1   -2     -8.893     -2.865    -57.436
  -1   -2     12.947     12.008    -62.893
  -1   -2     -0.746     13.219    -64.076
  -1   -2      8.091     -3.668    -60.578
 357  312     13.868      8.004    -62.854
  -1   -2      4.985     -2.029    -56.353
  -1  726     -9.007     11.791    -61.269
  -1   -2     11.049      1.608    -67.611
 358  678     -6.288     -9.845    -66.937
  -1  566    -13.758     -6.521    -74.865
  -1   -2     -3.787      3.940    -68.936
  -1   -2     -5.359     -6.139    -80.377
  -1   -2    -15.757     -1.191    -71.575
  -1   -2      9.629     -0.063    -53.634
  -1   -2     12.562     -9.070    -59.877
  -1   -2     17.080     -2.579    -75.500
  -1   -2     -1.502      7.091    -72.602
 642  354     -9.967     -5.399    -75.075
 693  323    -15.711      6.923    -73.153
  -1   -2     12.947      1.557    -61.848
  -1   -2      5.303      1.483    -63.085
  -1   -2     -9.605    -10.394    -72.132
  -1  394     13.266      8.657    -60.171
  -1   -2     -9.587      8.660    -62.355
  -1   -2     -3.423     12.426    -61.157
  -1   -2     -6.454     11.554    -61.927
  -1   -2      1.728    -10.471    -86.922
  -1   -2      8.583     -9.511    -77.214
  -1   -2    -11.377     -5.921    -71.332
  -1   -2    -12.464    -10.986    -70.955
  -1   -2     -3.179      7.254    -64.899
 566  826      3.352     -2.674    -60.578
  -1   -2      0.052     -8.094    -63.925
  -1   -2     -7.695      6.316    -78.762
  -1   -2      7.536     10.953    -57.563
  -1   -2      0.341     -2.508    -62.428
  -1   -2     -2.728      8.862    -53.612
  -1  351     -4.330      4.115    -68.567
  -1   -2    -13.047     -0.811    -65.142
  -1   -2     17.010      2.229    -73.824
 796  621     10.470     11.926    -64.064
  -1   -2     -6.219     11.666    -55.887
  -1   -2     -4.678    -10.963    -62.221
  -1   -2     12.154      4.694    -54.971
 619  473      6.096      1.187    -60.759
  -1   -2     16.695     -7.386    -65.445
  -1   -2      3.866     -1.373    -65.275
  -1   -2     -8.448      3.563    -69.699
 537  725     10.571     -6.927    -74.114
  -1   -2    -10.737    -12.312    -69.393
  -1   -2    -13.366    -11.010    -70.057
  -1   -2     11.849    -11.525    -65.524
  -1   -2    -10.601     -6.267    -63.992
 807   -2     -5.818      7.384    -67.278
  -1   -2     -8.425     -5.990    -80.281
  -1   -2     -8.697    -11.787    -68.200
 350  692    -13.567     11.198    -66.600
  -1   -2     -4.685      0.250    -76.458
  -1   -2      7.369    -11.875    -59.402
  -1   -2     11.495     -6.361    -64.203
  -1   -2    -11.085      2.377    -68.221
  -1   -2      5.610    -13.089    -67.585
 755  369     -3.152      1.113    -66.148
  -1  759      6.350    -10.218    -66.561
  -1   -2      1.796     12.987    -67.291
 752  763      4.913      0.036    -63.824
  -1   -2     -2.568      5.633    -58.174
  -1   -2    -11.400      3.268    -67.922
  -1   -2     11.120      7.112    -57.100
  -1   -2    -10.437     -5.059    -84.637
  -1   -2    -16.228    -11.021    -74.930
 798   -2      5.581    -12.714    -69.859
  -1   -2      6.155     -6.983    -63.048
  21   92     -6.806     -5.400    -70.303
 205  355     -3.579     -5.267    -69.477
 268  292    -10.799     11.645    -73.555
  85  804      1.850      7.018    -64.463
  88  114     -2.750     -9.476    -69.255
 472   -2     -8.952     -7.695    -67.660
 441  537     -6.023     -5.273    -69.935
 428   48     -6.042      3.756    -63.953
 246  812    -12.986     -5.052    -70.318
 421  822     -2.885     -7.016    -71.904
  98  349     12.839      6.592    -73.002
 333   -2    -13.172    -10.289    -69.694
  -1   -2    -11.499     -5.211    -73.589
 454  549     -5.271     -5.880    -74.697
 623  590    -10.243      5.125    -76.502
 762  835    -11.666      1.113    -72.487
 363   -2      3.256     10.966    -67.094
 343  844     -9.661     -8.314    -75.654
 513   -2     10.099      9.358    -77.173
 169   82      2.445     -8.726    -66.639
 382  136      7.123     10.114    -71.145
 118  458    -12.379     -8.316    -64.993
 512   -2    -13.924     -1.375    -74.736
 444  824     -2.373     -7.930    -65.876
 543   -2      8.875     -1.012    -61.376
 784   -2      6.793    -10.925    -72.144
 615  668     -7.109    -12.648    -66.758
 573   -2     -9.708      1.631    -75.967
 645  708    -15.882     -1.170    -72.028
 433  823     15.884     -0.453    -75.696
 499  466     14.381     -8.002    -70.706
 589  352     -3.499     -8.125    -66.702
 703   -2     13.685      3.741    -68.988
 757  370    -12.579      9.002    -74.857
 800   -2     -9.025     13.233    -75.577
   5   65      6.500      6.639    -71.879
 259  125      3.162     -2.616    -69.565
 379  845      4.688     -1.683    -70.330
 686  643    -13.487     -7.806    -69.891
 803  846      9.170      6.768    -74.086
 805   -2      3.484      9.681    -59.936
 806   -2      4.097      9.935    -74.785
 811   45      2.881     -2.437    -72.157
