853
   0    0     -0.472      1.167    -71.718
  -1  371     -6.144      1.689    -72.925
   7    8      1.503     -4.038    -70.841
   5   67      1.556      4.083    -71.747
   8   62     -4.501     -3.943    -69.165
   1    6      1.835      7.009    -70.738
   9  367      1.785      5.772    -69.765
  17   18      0.671      5.088    -70.931
 408    4     -1.012     -0.402    -71.801
  72    3    -11.186      5.475    -72.169
  62   11     -2.091     -1.175    -71.307
   2   42     -1.995     10.692    -69.877
  -1  380      0.192      1.000    -67.283
  89    9     -0.279      1.898    -72.859
  38  385     -3.152     -0.044    -71.588
  21   13      5.247      2.484    -68.710
  22  772      3.843     10.361    -69.881
  16    7     -3.346      6.405    -69.674
 220  250      7.517     -5.738    -72.640
  26  109      7.554      7.977    -72.470
  13  405     -5.617      9.083    -73.190
  31   30     -2.425     -4.187    -69.942
  29   21      8.223      2.793    -68.751
  23   76      5.087     -3.070    -70.832
  -1   91      3.702      3.264    -69.243
  10    5     -2.884      6.090    -70.515
 108   14      4.061      7.526    -74.206
  20   79     -1.531      4.853    -73.186
  14   57      0.381      3.964    -68.854
  -1   73      3.331      9.500    -67.989
 402   17     -3.679     -5.134    -67.000
  59   23     -5.070     -3.162    -67.836
 134   45     -5.960      4.175    -74.352
 174   35     -1.640     12.214    -72.290
 100  370      7.007      9.430    -68.587
  25  129      2.941     -0.741    -75.506
 212   -2     -4.862     -8.028    -73.034
 455  148    -11.585      8.671    -75.009
  -1   -2     -7.900     -7.212    -74.580
  33  373     -6.272     -0.335    -67.214
  64   53     -8.339     -8.418    -66.188
  44   -2      7.322      7.679    -70.086
  47  402     -6.639      0.240    -68.170
  41   28      5.013      4.405    -67.895
  32   61      6.866      4.962    -66.849
  24  442      1.067     10.420    -68.899
  19   31      5.173      8.150    -70.202
 104   52      7.276     12.060    -70.001
 117   12      6.755      2.188    -72.086
  34   25     -8.021      5.024    -69.039
 178   88      6.077      8.942    -72.488
  45   16     -3.360      3.990    -68.719
  55  421      2.933     11.613    -68.442
   4  249      5.772     -3.257    -71.396
  -1   -2     -6.199     -1.860    -70.570
   3  427     -8.351     10.326    -74.228
  46  431     -0.440     -4.188    -69.239
  69   60    -15.050     12.074    -73.004
  -1   -2    -12.391      8.814    -72.292
  86   20     -0.765      3.176    -69.156
  96   63     -0.544      8.780    -68.156
 153   54     -7.224     -9.106    -66.593
 404   19     -2.082      7.638    -72.047
 111   43      4.053     -4.298    -66.321
  61   32      3.165     10.967    -68.162
  65   41      1.742     -5.586    -65.526
  39  306      8.096      3.783    -74.042
 475  366      8.873      6.301    -71.827
   6   36      1.407     12.174    -70.920
  67   37      9.234     11.774    -67.910
 177    1     -5.386      7.442    -72.599
  91  111      7.772      9.573    -65.585
 431  157     -5.784     -0.080    -67.558
  -1  386      1.915      2.345    -65.108
  81   34     -8.011     11.439    -72.574
  11   10      1.453      3.874    -69.532
  50  151     -5.703      1.864    -68.609
 421   89     -2.351      2.958    -61.162
 163  108     11.652     -0.393    -69.999
  40  159     -4.754      0.105    -70.583
  53   29     -4.058     -1.877    -74.812
  80   81     -7.973      1.958    -69.198
  68   58     -9.135     12.306    -69.639
  90  497      3.381     -6.195    -63.382
  54   26     -2.964     -2.328    -73.838
 155   49      2.601      7.535    -63.722
  88  388     -9.088    -12.045    -69.218
  57   86     13.034      8.987    -71.299
 129  115     -1.411      0.880    -72.006
  98  425     -6.417     11.649    -62.011
 168   46     -5.130     12.440    -65.516
 264  379      7.175      0.392    -69.874
  85  128      0.888      0.885    -69.189
  48   64      7.057      2.944    -72.496
  95   55    -12.144     -0.075    -68.901
 113   72      5.580     -4.770    -65.963
  -1   -2    -10.064     -8.314    -68.582
  35   33      5.832      8.708    -70.486
  92  185     -8.178      6.885    -65.048
  93   27     12.464     -3.610    -71.597
  82  441     -6.074     -3.838    -67.488
 397    2      8.773      4.064    -69.094
  83   70     -9.650      2.394    -67.085
 211  479     -6.107      3.267    -76.137
 233   50     -4.351     12.150    -66.702
 175  514     -0.378     -5.745    -66.697
 326   96     -8.985     -6.475    -67.983
 274   98     10.127     -7.494    -71.369
 467  221    -15.214     10.692    -72.857
 105  251    -13.195      7.308    -71.103
 819  101      2.274    -10.180    -71.015
 165   22     -3.053     12.143    -71.799
 186   66     -2.163     11.862    -72.905
 440   -2     -8.824     -3.308    -66.616
  87  105    -12.308      5.062    -68.822
  -1   -2     -4.036      6.639    -56.617
 131  116    -13.281      2.070    -70.660
 147  381      0.321     -9.568    -71.440
 137  100    -10.498      9.641    -63.922
  63  170    -11.607     -4.396    -75.623
 130   93      1.824     -1.823    -63.772
 115   83     -8.255    -10.137    -67.087
 110   51    -11.341     -5.332    -68.973
 118  127    -13.468      5.341    -73.954
  -1   -2     -9.426    -10.122    -68.792
 339  120    -14.296     -1.816    -69.255
 187   -2     12.647     -1.312    -70.952
 136   85    -10.747     12.962    -67.529
 103   59      1.585     -9.753    -73.099
 183  177     13.018     -4.227    -69.997
 126   99     12.627      8.380    -64.450
  15  408     -5.249    -10.164    -69.325
 116  130     -2.751      8.073    -66.464
 143  132     -6.274      4.476    -69.614
 210  393      7.524     -6.061    -74.798
  18   69      5.519     -7.420    -76.578
  -1  112     -7.576     -5.857    -64.698
 250  445     -7.404      6.908    -73.008
  94   94    -12.727      1.723    -70.620
 838  541     -1.009     -7.215    -72.070
 412   -2     -4.299      7.892    -61.086
 171   92     14.234      1.255    -65.883
 133  150     -5.486     -7.377    -64.976
  60  776      7.861     -4.102    -75.041
 167  780     13.639     -5.046    -65.837
 206  382      9.611     -3.619    -74.575
 140  134    -14.501     -8.093    -69.070
 236  165     -0.623      1.871    -69.127
 172  240      8.088      3.735    -68.471
 230  412     -4.424     -4.695    -66.462
  -1   74     -5.189     -2.464    -68.890
 280  253     14.895     -6.963    -71.563
 125  113    -11.726      2.313    -63.390
 127  103    -10.814      1.665    -69.916
 223  550      0.735     -5.793    -64.291
 114  832     -5.515      6.064    -62.646
 185  277      7.744      6.188    -63.544
 246  135     -8.760     -5.931    -65.253
 244  155    -12.792     -7.740    -67.983
 295  141      6.400      9.693    -73.898
 635  140     -7.742      2.166    -64.055
 145  142    -11.891      9.715    -65.548
  -1   -2     -3.997      3.775    -65.100
 181  124    -10.831     -6.642    -68.525
 190  161      9.164    -12.018    -68.443
 184  439     -0.505     10.843    -61.390
 112  434      4.006    -10.698    -65.452
 158  153    -13.028     10.516    -65.330
 188  220    -12.008      3.307    -69.161
  73  368    -10.999     -4.846    -65.570
  12  289     -4.331     -9.880    -76.582
 459  254     -8.779     10.530    -62.977
 343   48      9.769      8.056    -70.489
  -1   90     -1.826     -1.334    -62.435
  -1   -2     -2.771     -6.332    -73.650
 825  475     -4.948     -2.904    -75.589
 612   -2     -7.386      7.332    -70.264
 566  530     11.115      8.859    -70.407
  79  275     14.682     -3.943    -72.485
 203  164      9.489      4.501    -66.674
 164   -2     -5.152     -8.578    -64.814
 138  117     10.951     -5.547    -66.967
 201  163     16.807      8.903    -66.337
 529  188     12.639     -1.771    -69.304
 513  167    -10.154     -2.503    -67.164
 170  256     -1.063      6.701    -71.251
 466  523     -0.082     10.207    -66.787
  -1   -2     -7.840      2.611    -61.744
 123  110     -9.429      6.124    -70.252
 192   95      0.794      0.971    -61.759
 837  609     15.770     -4.063    -75.385
 216  152     10.216     -9.258    -71.023
 485  175     -3.550     -9.317    -61.014
 510  187     13.873     10.261    -69.101
 256  448      1.300     -0.198    -63.483
 571  420     -6.413     -7.227    -70.403
 281  394      7.562      9.519    -70.878
 391  183     15.567      3.339    -70.665
  -1  209     11.992     -4.339    -70.281
 141   -2     -7.335      0.199    -62.089
 221  782     14.835      8.807    -73.300
 669  495      1.713     -2.611    -61.598
 378  123     -2.832    -10.315    -72.209
 204  524     10.627      6.423    -72.873
 196  500     -0.375     11.944    -62.470
  42  278     -9.097     -0.272    -70.918
 228  579     -3.708    -12.066    -74.258
 194   38      7.432     -4.345    -71.067
 621  160     -5.956    -10.919    -65.635
 224  288     -3.090    -11.991    -66.055
 213  323     12.918     10.522    -67.659
 227  339     -4.989      6.500    -73.899
  37  773     -7.672     -1.098    -60.081
 561  192     15.864    -11.512    -71.219
 302  230     -3.736     -4.457    -64.668
 195  244      9.720    -12.239    -67.178
 219  513    -14.147     -1.268    -70.626
  -1  190      7.598     -7.719    -71.762
 591  264     10.076     -9.499    -72.640
 243  114     11.981     -1.605    -69.663
 151  171      1.983      5.671    -64.503
  -1  106      6.795     -8.920    -63.871
  -1   -2      6.582     -7.450    -82.807
  -1  146     -8.453     -1.170    -63.456
  -1  225    -10.982      7.573    -64.186
  -1  219     -6.615     -8.999    -65.749
 251  257     -2.538      0.641    -72.746
 522  176      0.254      7.868    -61.608
 231  242      9.357      3.412    -63.469
 166  224     -7.557      0.447    -68.537
 406   40     -7.316      7.335    -71.354
  -1  118     -5.650     -2.865    -69.044
 298  195     -2.394      9.076    -63.232
 152  494      8.666    -12.447    -67.729
 157  779      1.584     10.736    -64.873
 828  213     13.354      2.982    -72.402
  84  272      0.284    -10.495    -70.783
 217  271      2.610      9.958    -63.784
 342  149     -8.639      8.189    -63.483
 257  131     -9.636      3.547    -64.923
 306  184     13.613     -6.098    -71.196
 711  246     15.505      8.267    -67.551
  77   39     -3.151      2.160    -71.941
 226   47      0.145      8.233    -72.324
  51  774     -8.281      2.295    -72.958
 240  675      7.913     11.348    -65.822
 191  212      3.410     -9.658    -68.153
  -1   -2      6.279      3.366    -61.089
 269  284    -11.757      1.412    -67.271
 473   -2     -5.949     11.339    -71.242
  -1  260     -7.342     -3.981    -67.318
  -1   -2      5.857    -12.143    -82.805
 478  628      1.124      4.242    -61.468
  28  186     -7.208     10.183    -66.930
 292  298      4.166     -9.040    -65.206
 128  191      8.858     -4.329    -69.903
  -1   68     -6.426     10.190    -69.345
 802  229      7.187     -5.744    -68.997
  -1  154      4.935      9.387    -73.443
  -1  247     13.178     -6.499    -72.496
 550  231     -1.443    -12.770    -68.335
 247  282      5.138     -0.479    -62.158
 633  269      7.013      5.436    -64.836
 464  227     -7.412      9.367    -62.650
 261  557      3.858     12.133    -72.835
  99  426    -10.372      3.769    -67.317
 273  297     17.673     -6.955    -71.820
  -1   -2     -0.697     -9.402    -64.267
 540  287     13.912     -0.238    -63.285
 225  226     14.119      2.152    -70.338
 248  217     11.627      6.510    -64.673
  -1  147     16.350     -1.549    -68.100
 392  202     -2.603      7.009    -74.207
 106  312      6.119     11.996    -71.299
 340  669      9.118      0.333    -71.962
 294  268     10.515      0.018    -65.824
 439  540     12.217      9.034    -74.364
 238  210      7.106     -0.125    -62.685
 265  281     12.322     -4.918    -69.129
 308  484      9.617     -7.797    -71.582
  -1   -2      1.045      9.333    -74.514
 179  267      0.516    -10.108    -72.170
 312  189     11.113     -1.820    -68.510
 624  822      5.470     -3.295    -62.131
 396   -2     -7.138      5.122    -76.217
  -1   -2     -5.413      6.604    -64.940
 135   15      6.894      6.737    -70.328
 743  305    -11.095      3.515    -67.145
 290  223     13.316      4.689    -63.678
  -1  215     -6.636      0.176    -61.044
 307  216     16.579      6.318    -69.931
 260  674     -2.223      3.251    -66.133
 283  833     -4.266     -8.677    -64.493
 497  270      7.766      3.734    -71.083
 351  169    -12.968     -3.553    -72.142
 237  325     14.326     -4.263    -69.188
  -1   -2      0.539     -6.546    -76.806
 348  301      9.672     10.617    -69.508
 101  662      1.644      5.590    -71.672
 353  469     15.672     -9.611    -71.745
 425  551     12.217     -3.769    -69.144
  -1   -2      3.892     -5.843    -56.389
  -1   -2      3.524     12.885    -61.901
 278  341     14.631     -3.875    -66.105
 198  143      2.954     -9.901    -75.595
 824  543      2.566    -12.682    -65.037
 291  214      9.586     10.622    -67.509
  -1   -2    -14.687      5.125    -68.506
  75  162     -0.804     -6.522    -67.911
 370  797    -13.440     12.102    -66.728
 428   -2      0.317     -4.013    -65.676
  -1  126      3.745    -10.301    -67.303
  -1   -2      4.375    -12.335    -72.134
  -1   -2     -8.584    -10.673    -73.581
 507  197     12.163      0.589    -73.601
 762  496     -7.799     -5.965    -59.192
 580  283     11.276     11.990    -68.480
 300  790      7.437     -7.535    -69.709
 823  488    -12.580    -11.133    -66.320
 252  508     -3.285     -9.192    -70.234
 255  784     10.555      1.046    -62.557
  -1  336    -11.362      0.151    -76.168
 275  684      6.741      2.619    -63.836
  -1   -2     -8.022     -7.029    -69.878
 241  239    -13.410      7.987    -69.106
 506  235      1.824     -6.647    -72.197
  36   -2     -6.114      6.156    -73.676
 568  588     -2.245      9.551    -61.122
 159  493     14.444      8.434    -71.318
 347  482    -11.456      9.611    -69.399
 371  303    -14.982     -5.788    -74.823
 338  794     -9.950      3.857    -74.153
 535  559     -2.994    -11.201    -64.188
 806  181     14.511      1.917    -68.620
  -1   -2      3.628     -0.238    -58.241
 357  334     14.764     -9.399    -68.326
  -1   -2      6.001     -1.869    -70.142
  -1  466     -3.927      1.334    -70.615
  -1  276     -5.631     -0.633    -68.397
  -1   -2     -6.843     -6.173    -57.817
 538  404      8.468     -2.481    -72.704
  -1   -2     -6.760     -8.629    -77.732
 333  322     12.970     11.834    -70.862
 344  795     -6.136     -3.010    -76.745
 375  273      2.474    -11.230    -70.376
 552  326    -13.357      7.098    -75.048
 358  627      8.081      1.848    -65.187
 329  694     10.229     -8.138    -66.400
 374  300     17.196     -8.845    -70.570
  -1  318     -6.086    -10.932    -68.731
 714  347     10.543     -7.167    -73.884
 356  280      6.694      0.413    -63.245
  -1   -2     -9.071     -3.855    -77.712
  -1   -2     10.651     -3.598    -69.959
  -1  343     -9.522     -4.695    -70.787
 355  296    -10.773      5.165    -65.513
  -1   -2     -1.580      9.870    -64.084
 337  308     -8.168      8.482    -64.111
 387  330     12.758      2.049    -71.802
 304  517     15.945      2.839    -63.968
 366  346     15.401    -12.049    -68.838
 361  796     10.930      2.504    -62.730
 372  349     -3.681     -6.337    -64.906
  -1   -2     -5.379     -5.919    -63.534
 786  327      9.122     -2.199    -69.452
 373  742     11.799      0.537    -63.145
 601   -2      8.866     -0.182    -76.719
 383  798      0.060     -9.028    -62.776
 315  681     13.305      4.821    -73.469
  -1   -2    -11.987      0.153    -67.354
 705  310     -1.838     -0.379    -66.760
 388  800     -6.090     -9.156    -66.252
 277  198     -4.199      1.983    -68.134
  -1   -2     -9.889     -2.721    -74.148
  -1   -2    -12.153      5.772    -68.164
 386  799    -11.292     11.191    -66.932
 751  363      4.929      7.160    -64.891
  -1   -2    -11.561     -1.371    -65.411
  -1   -2     -8.602      8.711    -53.901
  -1  705      4.589     -7.764    -71.809
  -1   -2     -3.496     -7.499    -64.322
  -1  307     16.230      3.702    -64.852
  -1   -2      0.849      3.938    -68.713
  -1  158     -2.105     -5.257    -76.852
 122   -2     -3.575     -5.099    -72.184
  30  233      6.895     -1.679    -70.940
 331  403     -7.221      9.565    -76.761
 393  203    -14.644    -10.588    -76.717
  78  378     -8.260     -2.692    -69.460
  76  193    -13.272     -0.979    -74.009
 235  369     16.721     10.502    -73.056
  -1   -2     -1.522     -5.441    -62.788
 432  236      1.598     -3.853    -75.324
 197  137     -2.006      6.689    -68.339
  -1   -2     -8.005     -8.400    -60.645
 420  392     17.851      1.325    -68.143
  -1   -2     -8.647      8.641    -67.127
  -1  397     -5.447    -10.471    -77.738
 399  437     -3.621      5.211    -60.337
 182  121     12.651      5.408    -74.567
 146  390     -3.371      4.081    -67.034
  -1  168      1.444     -7.631    -73.911
  97  377     -1.282      5.061    -64.157
  -1  417     -6.874      7.961    -62.383
  -1   -2     -5.712     12.761    -67.331
  -1   -2     -8.502      5.311    -60.961
 102   78      6.135     -2.610    -65.278
 132   -2      9.476      8.623    -63.820
  -1   -2     -4.169     -4.463    -72.465
  -1   -2     -5.177     -3.287    -58.794
 418   -2      0.618      5.820    -62.870
  66   56     -7.728     -5.481    -66.917
 454  499     12.807    -12.497    -66.099
 469  133      2.614     -4.878    -76.646
 411  122      8.618     10.682    -69.331
  -1   -2      4.689     -4.126    -84.137
  56  775      3.593      9.679    -70.243
 477  418     -1.219     -7.451    -61.686
 400  218     -9.241      1.724    -66.400
  -1   -2     12.581     11.931    -61.052
  -1  200      8.243     -2.392    -62.197
 445  464      6.879     13.173    -63.500
 189  503     11.476      7.057    -70.210
  -1  182      2.557    -11.804    -66.510
 443   80     -6.237      8.529    -65.375
 222  391    -12.349    -12.054    -69.251
 424  462     14.062     -5.138    -75.051
  -1  487     -0.880      6.732    -58.937
 423   75     -9.930     -8.594    -69.343
  -1  208    -10.402     10.605    -62.319
  -1   -2      7.568     -2.828    -60.903
 124   65     -5.136      1.709    -65.196
 245  592     -0.864      9.254    -60.524
  -1   -2     13.248     -6.605    -73.880
  -1   -2      3.669     13.350    -64.064
  -1   -2     -0.421     -1.954    -58.385
 483   -2     -9.628     -4.596    -63.354
 495  808     12.518    -11.238    -65.958
  -1   -2     -4.367     -0.411    -60.483
 148  486     -6.147      2.258    -63.691
 398  396     -1.703     -0.667    -64.638
 119  428    -10.082     -2.870    -68.443
  27   -2      0.569     -4.027    -70.062
 205   87      5.717      1.374    -65.645
 169  196     -1.539     10.579    -62.244
  -1  450     10.923      6.006    -63.695
 608  447    -13.930     -4.226    -69.801
 472  807      3.046     -4.248    -66.901
 532  414     11.883     -7.694    -65.742
 521  809     -8.826      2.397    -63.397
 413  422     -6.255      9.500    -62.719
  -1   -2      2.120      0.513    -62.320
  -1  205     -0.694     -2.411    -70.563
  -1   -2     -6.003     -2.968    -60.788
  -1   -2     12.469     -1.526    -59.766
 160   97     -6.693     12.748    -65.289
  -1   -2    -13.506     -5.890    -84.199
 144  778     -7.554      5.726    -61.802
 634  512     14.119    -13.111    -67.105
  -1   -2     -2.050     -5.847    -67.271
  -1   -2      6.450    -12.859    -69.487
 504  463    -10.633     -2.173    -68.105
 149  294    -14.348     -1.940    -67.852
 468  806    -11.418     -7.944    -61.172
  -1   -2      9.539     12.364    -62.019
  -1   -2     -7.982     -8.492    -76.952
 350  262      5.409      1.102    -66.208
 546  738     -5.191      9.937    -74.767
 327  793    -10.464     -2.756    -73.963
  -1   -2     -6.663     -7.489    -77.352
 272   -2      8.564     -3.485    -63.974
  -1  387     -8.146     -2.379    -62.413
 463  389     -5.504     -2.328    -72.924
 517  372     -1.993      9.455    -73.986
 161   24    -11.929      8.188    -75.665
  -1   -2     -3.895     12.150    -62.947
 646   -2    -14.898    -10.311    -72.211
 558  429    -10.415    -12.069    -62.182
 527   -2      5.822      0.168    -62.567
  70  598      1.402    -11.758    -72.479
 405  407      9.193      7.193    -67.040
  -1   -2     -4.686    -12.135    -61.786
  -1   -2     -9.092      9.327    -74.757
 595  453     -3.599     12.183    -61.540
 271  587     -9.530    -11.655    -64.829
 176  136      6.731    -12.932    -66.417
 215   -2     11.121     -0.248    -65.609
  -1   -2      6.710     -9.129    -67.993
 303  458     -4.606      0.678    -65.568
  -1   -2      5.746    -12.151    -64.795
 109  178     11.426     10.794    -70.815
 628  506      4.731      8.420    -60.977
  -1   -2    -12.978      1.404    -76.359
 301  332    -10.142     11.400    -75.014
 498  455      5.334     -8.682    -62.556
 841  478     12.493     -9.044    -64.743
  -1   -2     13.357      5.760    -58.228
 287  787     -5.104      3.745    -64.964
 530  531     11.036      4.468    -64.286
  -1   -2     -1.611      5.304    -59.352
  -1   -2      1.977      8.647    -61.216
  -1   -2      8.469     -6.736    -60.856
 449  465      2.742     11.653    -63.583
  -1   -2    -12.959      0.074    -62.701
  -1  259      5.347    -10.985    -64.285
  -1   -2     -9.616     -9.474    -63.999
 461  805    -11.632     -8.423    -65.914
  -1  258     13.470     11.116    -65.842
  -1  204    -12.118      0.798    -73.032
 453  804     -6.713      9.485    -66.654
 809  286      5.685     -9.973    -74.511
  -1   -2     -2.743      9.493    -54.087
 567  814     -3.795      8.998    -74.138
  -1  519      8.591     -4.839    -62.429
 218  293     12.471      0.636    -69.496
  -1   -2     -2.196      5.316    -59.773
 559  647      6.833      7.770    -58.390
 505  665      0.631     -3.252    -62.723
 804   -2     -9.502     -6.370    -63.629
  -1  348     17.289      7.897    -67.372
 403  801    -16.411     -9.127    -75.948
  -1  698     13.470     -7.911    -65.858
  -1   -2     14.340    -13.145    -68.820
 610  542      5.787      9.446    -60.099
  -1   -2      7.761      5.617    -63.448
  -1   -2    -11.015      7.754    -79.514
  -1   -2     -3.352     -6.508    -77.290
  -1   -2     -1.989     -3.082    -60.033
  -1   -2      5.820    -10.382    -66.196
  -1   -2     -5.130     -4.326    -60.433
  -1   -2     12.409     -4.384    -62.037
 180  456     -4.695      3.884    -62.052
 457   -2     -6.643     -6.659    -67.933
  -1   -2     12.914     -5.677    -67.243
  -1   -2      2.354    -12.602    -63.866
 479  612      1.355      4.926    -73.337
  -1   -2      8.519     -8.118    -63.080
 516  547      7.741    -11.366    -69.986
  -1   -2      9.740    -11.575    -73.233
  -1   -2     -6.726    -11.516    -69.122
 415   -2     -7.084     -0.486    -65.617
  -1   -2      9.051      6.988    -52.675
  -1   -2      3.407     11.373    -60.478
  -1   -2     -6.604     -8.838    -56.185
 539  526     11.986    -10.758    -62.486
  -1   -2     -6.913    -11.112    -62.853
  -1  265      5.801      4.971    -62.632
 259  785     -0.031     10.722    -61.189
  -1   -2      1.263    -12.795    -69.046
  -1   -2      6.701      9.117    -55.536
  -1   -2     17.538     -5.977    -71.060
 512   -2     12.201      4.252    -64.694
 232   -2     14.632      9.733    -74.187
 800  365      2.996     -5.535    -70.424
  -1   -2     -7.838     -5.865    -57.522
 585  818    -13.906      9.930    -76.171
 562  813      3.381     10.512    -76.262
  -1   -2     17.290     -1.599    -76.077
  -1   -2      3.637     -2.374    -78.584
 810  290      1.319     -8.637    -65.855
  -1   -2      9.108     -3.312    -75.554
 202  399    -15.211     -9.990    -74.242
 583  241     -3.256      2.097    -66.434
  -1   -2     -6.942    -12.810    -68.129
 474   -2      4.985    -11.886    -73.701
  -1   -2     -4.376      0.698    -63.263
  -1  520     -9.571     -9.211    -59.076
 199  594      7.418    -11.324    -64.837
  -1  632      3.312     -8.940    -63.071
 820  528    -13.933     -8.811    -66.547
 234  156     -0.330      6.965    -76.074
 723  583    -11.415     -6.221    -60.915
 533  611    -15.594      3.930    -70.627
 641   -2     -3.497     11.680    -75.302
 276  630    -14.854     -8.475    -69.056
 606  561     -5.920      9.288    -62.427
  -1   -2     -8.626     -5.325    -62.452
  -1   -2      4.058      3.237    -57.836
  -1   -2      1.321    -12.784    -63.038
  -1   -2     -5.164      6.137    -60.538
 360  535      9.561     -2.017    -62.738
 593   -2     15.924     11.214    -67.140
  -1   -2      1.309     -0.109    -87.132
 480  333     16.248     -7.677    -70.515
 518  179      4.438     -5.423    -73.344
  -1   -2      1.864    -10.973    -77.543
 502  173    -11.218      7.415    -62.077
  -1  406     14.292     -2.142    -75.309
 605  819     13.489     -7.035    -60.213
  -1  737    -11.284     -3.665    -62.363
 322  263     13.721     -2.998    -68.614
  -1  511     16.391     -6.921    -71.064
  -1  604      5.219      0.876    -73.452
 368  696     13.345     -0.253    -67.894
  -1   -2    -12.585     12.592    -66.888
  -1   -2    -10.631      6.345    -66.762
  -1   -2     -5.081     -8.210    -61.418
 488  138    -14.193    -11.470    -71.811
 321  792    -13.144     -4.462    -74.402
 831  232      4.616    -12.158    -63.411
 253  783     -4.087      1.300    -69.403
 826   -2      4.540     10.030    -72.079
  -1   -2     16.658      4.650    -67.026
  -1   -2     -3.168     11.647    -73.677
  -1   -2      4.980     -9.408    -60.080
 840   -2     15.967      4.317    -71.200
 193  781     -8.840     -0.151    -61.286
  -1   -2     -5.830      6.241    -58.554
  -1   -2    -10.245      3.262    -61.632
 551  621    -12.184     -1.624    -60.955
 309  634     14.110     -5.785    -70.263
 755  830     16.194      9.201    -69.246
  -1   -2      9.370      7.640    -75.910
  -1   -2     -8.296      8.468    -59.319
  -1   -2     -1.227      8.648    -73.711
  -1   -2     -6.469      8.878    -54.951
 584  817    -14.123     -7.576    -71.630
 487  509     -4.835     10.973    -69.109
 643  823     11.872     -7.033    -64.269
  -1   -2     17.005      4.468    -75.263
  -1   -2     13.373     -4.215    -74.795
 844   -2     10.449      4.471    -70.232
 367   -2    -11.658    -10.675    -66.851
  -1   -2    -10.889      5.419    -60.681
 615  820     -6.621     -3.121    -77.631
 526   -2     11.950     -8.738    -65.700
  -1   -2     -1.534      1.290    -61.013
 718  315     -1.564      4.631    -58.418
 698   -2     10.277     -5.264    -67.787
 604  834      8.214     10.561    -68.301
 565  416     15.043      2.104    -73.565
 121  201     -7.939     -3.102    -68.014
  -1   -2     -5.459     -4.406    -75.559
  -1   -2     -3.256     -8.818    -52.261
  -1   -2     -4.456     -0.444    -54.242
  -1   -2      1.777      6.476    -63.890
  -1   -2      2.316     -0.003    -65.344
 520   -2     -2.633     -8.488    -60.831
  -1   -2     -7.414    -10.382    -63.019
  -1   -2     -5.526    -10.091    -76.550
 267   -2     11.155     -4.011    -70.006
  -1   -2      5.389     -5.612    -74.457
  -1   -2     11.170      2.580    -75.561
 649  629     -7.467     -3.278    -74.585
 537   -2    -13.489      5.487    -71.014
  -1   -2      5.769    -11.391    -73.678
 547  811     15.279     10.075    -63.830
  -1   -2      8.083    -12.790    -73.667
  -1   -2     13.772    -11.731    -85.358
  -1   -2     15.318     10.422    -83.726
  -1   -2     11.925    -13.345    -62.713
  -1   -2     16.185     11.494    -68.774
  -1   -2     -2.821     -6.295    -64.318
 142  777     -4.928     10.559    -75.037
  -1  207    -14.250     -0.839    -68.785
  -1   -2     -1.742     -5.841    -59.792
  -1   -2      4.564     10.468    -53.557
 617  548      2.415      3.253    -60.165
 268  729     12.536    -10.309    -61.965
  -1   -2     -8.662    -10.823    -77.730
 594  291      2.291     -9.273    -70.547
 674   -2    -12.616      7.901    -76.126
  -1   -2      8.409     -7.629    -68.383
  -1   -2     -8.569      5.690    -61.632
  -1   -2      9.579      8.381    -68.555
 644  824     -0.924     -3.677    -65.425
  -1   -2      5.923      4.814    -78.491
  -1   -2     -7.895     -3.511    -77.393
  -1   -2     13.473     -9.142    -61.013
  -1   -2     14.506    -12.385    -77.326
  -1   -2     -8.206     -5.813    -63.621
 759  835      5.385     11.623    -65.710
  -1   -2      5.300      9.990    -60.913
 572  815      3.585     11.859    -77.205
  -1  302     17.293      7.445    -68.347
  -1  211     17.795      9.832    -71.371
 620  821      5.588      2.840    -59.043
  -1   -2    -14.817      1.329    -70.450
  -1   -2     14.335     -2.154    -62.474
  -1   -2     -5.515      8.234    -72.807
  -1   -2     -8.957     13.268    -62.987
  -1  618      7.551     -8.181    -74.450
  -1   -2     -8.211     -7.733    -53.335
 296  788    -10.973     -2.921    -76.285
  -1   -2    -10.444      1.016    -79.684
  -1  243    -10.862     -2.742    -64.337
  -1   -2    -13.214    -12.449    -72.552
  -1   -2     16.123     10.988    -75.794
  -1   -2     14.383      3.641    -72.955
  -1   -2     13.259      2.805    -64.250
  -1   -2      0.360      9.128    -61.512
  -1   -2    -10.753    -12.140    -61.204
  -1   -2      9.190    -10.133    -59.657
  -1   -2      9.554     -6.618    -68.899
  -1  600    -11.125     10.966    -64.809
  -1   -2     -7.081     -7.336    -66.334
  -1   -2     17.135     -9.153    -85.122
  -1   -2      7.777      7.952    -59.489
 597  726     10.591      5.665    -66.553
  -1   -2     13.095      1.788    -60.387
  -1   -2     -3.574     -2.763    -70.203
  -1  648      5.529     -7.290    -75.307
 704  248    -10.714     -4.153    -67.081
  -1   -2      8.554      6.266    -77.433
  -1   -2     -7.392      6.440    -65.537
  -1   -2      9.794      0.439    -66.279
  -1   -2    -11.371     -0.447    -58.893
  -1   -2     -9.369      3.104    -86.853
  -1   -2     -5.256      5.196    -67.432
  -1   -2     -5.146     -7.875    -74.994
  -1   -2      1.493     -1.740    -76.530
  -1  338     12.785    -10.099    -68.712
  -1   -2     -5.890      4.215    -67.845
 671  667     -5.096      7.036    -65.977
  -1   -2      1.460    -10.056    -70.576
  -1   -2      0.777      6.343    -70.254
  -1   -2     16.412     -6.409    -62.916
  -1   -2     -0.866     -6.217    -61.859
  -1   -2      2.675      6.000    -76.146
  -1   -2    -10.472      6.246    -65.331
 690   -2     -4.737    -11.384    -62.761
  -1   -2     -5.142      4.383    -63.902
  -1   -2    -13.787     -3.704    -80.257
  -1   -2      6.724      4.779    -63.699
  -1   -2      0.536      8.194    -63.255
  -1   -2    -13.155     -6.016    -78.177
  -1   -2     11.587     -6.045    -77.675
  -1   -2     -9.237     10.174    -78.782
  -1   -2     -4.684     -6.226    -59.516
  -1   -2      8.647      4.654    -64.095
  -1   -2    -11.641      4.286    -61.339
  -1   -2    -14.580     -9.549    -88.087
  -1   -2      6.333     -9.988    -57.494
  -1   -2     -3.178      2.994    -62.648
  -1  670     -6.912      6.187    -64.872
  -1   -2     -1.963      9.565    -59.160
  -1   -2     -3.362     -9.661    -61.910
  -1   -2     12.154      9.758    -55.996
  -1   -2    -10.128      5.198    -58.477
  -1   -2     18.293      4.399    -74.470
  -1   -2     -2.019     11.143    -58.242
 679  689      1.813      4.971    -67.891
  -1   -2      5.776    -11.516    -70.281
  -1   -2      5.764     -4.027    -56.614
  -1   -2     -3.057      6.901    -52.336
  -1   -2     16.937      0.853    -75.832
 680  659     17.094      0.100    -68.244
 346  292      4.886     11.248    -70.178
  -1   -2     -5.837     -4.878    -74.787
  -1   -2      4.952      9.126    -70.001
  -1   -2     11.942     -2.013    -76.553
  -1  144     -0.259     -9.227    -67.919
 707  827     16.350    -11.035    -66.941
 377   -2     -0.216     11.456    -68.398
 447  802      4.248     -4.341    -73.391
  -1   -2     -9.828      0.755    -69.255
  -1   -2     10.907      9.093    -60.804
  -1   -2     -6.724      6.092    -67.973
  -1   -2     -3.707     -1.367    -56.863
  -1   -2     -8.169     11.564    -77.421
  -1   -2     17.452     -7.049    -74.329
  -1   -2    -14.402      0.437    -67.523
  -1  631     -1.093      4.138    -73.095
 725  829     10.589     11.967    -63.100
  -1   -2     -4.125     -7.697    -81.407
  -1   -2      3.517     -3.087    -75.820
  -1   -2      2.691     -4.363    -67.757
  -1   -2      3.416      9.206    -84.380
  -1   -2     -1.614     -8.944    -52.831
  -1   -2    -10.683     11.887    -65.611
  -1   -2     16.358     -3.654    -62.935
  -1   -2     -0.127      0.491    -76.877
  -1   -2      3.605     -5.277    -82.671
  -1  357    -15.158      2.027    -77.158
  -1   -2    -14.876      9.291    -69.030
  -1   -2     -3.854     -1.456    -67.363
  -1   -2      6.109     -7.569    -65.583
  -1   -2     16.667      2.393    -67.111
  -1   -2     -6.476      9.428    -57.983
  -1   -2      2.081     -8.278    -61.041
  -1   -2     -4.588     11.772    -58.759
  -1   -2     13.322     13.325    -63.872
  -1   -2      3.666     10.563    -68.384
  -1   -2      6.775      9.839    -78.297
  -1   -2    -10.455      8.694    -80.621
 678   -2     -3.801      8.280    -61.983
  -1   -2     -0.122     12.864    -69.856
  -1   -2    -12.533      4.301    -62.338
  -1   -2     11.419    -12.658    -74.344
  -1   -2    -11.413     11.298    -60.498
  -1   -2     -0.817     -4.073    -53.839
  -1   -2    -10.100     -1.995    -54.805
  -1   -2      4.263     -3.788    -55.345
  -1   -2     -5.911      0.468    -82.591
  -1  755    -13.278     12.172    -67.431
  -1   -2     -2.489     -7.904    -52.474
  -1   -2     -4.765     -4.596    -56.756
  -1   -2    -11.059      0.578    -76.668
  -1   -2     -5.497      5.514    -51.876
  -1   -2     15.286     -6.505    -74.481
  -1   -2     17.504      6.748    -70.344
  -1   -2     -9.554     10.305    -68.188
  -1   -2     15.359     -0.321    -69.843
  -1  716     -5.884      4.999    -65.194
  -1   -2      3.905    -12.651    -73.264
 481  375      8.652     -4.655    -73.144
 448  836     13.401     -0.877    -63.669
 120   -2     -6.202      8.301    -63.716
 263  786     -7.375     -7.879    -65.038
  -1   -2     -4.301      0.543    -66.824
  52  423     11.119     11.630    -66.921
 229  199     -5.483     -8.284    -69.968
  -1   -2      9.694      2.442    -71.781
 317  837     14.833      5.212    -71.409
 323   -2      7.682      3.259    -63.000
 313  261     11.469      2.824    -62.098
 299  789     16.490     -4.483    -72.348
 376   -2      4.404      1.925    -69.432
  -1   -2     -8.062      6.234    -65.987
 661  825      8.930    -11.054    -72.232
 818   82      8.628      8.778    -74.799
 417  285      2.499      5.035    -74.523
 154  419     -6.395      6.908    -60.331
 288   -2      2.311      9.003    -75.231
 534   84     11.949      1.296    -74.521
  -1   -2     -7.189     -0.549    -65.738
 207  166     -8.833    -10.214    -67.005
 712   -2      8.188     -7.708    -73.947
 430  119     -8.977     -2.270    -67.280
 839   -2    -14.998     -9.862    -70.000
 675  608      1.540     -9.060    -64.836
 285   -2     -0.818     -6.316    -57.174
 833   -2     12.425      4.843    -72.897
 682  826     -2.427     10.863    -71.534
 726  842     -7.826     -4.479    -59.746
 577  816     16.491     -1.493    -66.032
 429   -2     -5.260      0.752    -72.256
 318  695     16.431      3.947    -74.976
  -1   -2     -2.206      2.896    -67.874
 720  828     11.721      9.343    -59.757
 270   -2      8.070     -8.210    -73.576
 836   -2    -15.932     -5.317    -77.951
 789  838      5.100    -10.991    -72.340
 827  661     15.042    -12.384    -74.543
 829  831     15.672     -7.787    -74.581
 394   -2    -10.506     -4.409    -67.810
 493  839     15.558     -7.459    -71.812
 494   -2     14.547      9.604    -70.449
 590  840     -7.651     12.683    -71.124
 719   -2    -10.528      3.748    -64.367
 832  841     16.272     -9.116    -68.746
 842   -2     -6.090      9.091    -75.633
 843   -2     13.455    -12.195    -67.990
