829
   0  353     -6.738      6.364    -72.344
   5    6      8.777      1.376    -69.437
 374    1     -0.380      5.883    -68.518
   2    5     -6.148      5.858    -72.575
   8    7     -9.460      0.915    -72.342
  45    0     -4.278      2.021    -72.712
 562   31      1.030     10.549    -69.604
  94  740     -3.640      1.215    -71.744
 373  104      1.888      4.519    -72.629
  22  172      8.341     -2.534    -67.969
   9   46      0.114      6.898    -69.346
 762   11     -2.238      8.381    -68.891
   3   27     -1.540      2.904    -70.224
   4   19      5.758      9.874    -72.349
  34  115      4.145      9.451    -69.036
 783  778     -5.595      1.912    -64.386
   1   73     -2.446     10.450    -71.868
  11   56     -0.770     10.705    -70.316
  59    9      0.924      9.854    -67.999
  17   26      6.411      2.779    -65.981
  26   35     -1.881      8.039    -66.792
 763   15    -10.296     10.823    -70.597
   7  355     -7.729      2.071    -70.652
  20   16     -1.706      0.439    -71.361
  67   21      1.061      7.860    -67.132
  18   13      1.678      6.152    -71.970
  65   78      2.330    -11.564    -74.208
 786   55    -10.189      3.875    -68.432
  35   45     -8.433     10.636    -69.123
  24   32     10.374     -1.732    -68.146
  23    3      0.884      8.884    -70.084
 196    4      1.510      3.973    -70.695
  49   63     -6.956      4.785    -64.754
  16   24    -11.165      4.271    -69.971
  33   12      4.984      3.188    -71.199
  27  131      7.487      3.698    -67.986
  32   36      4.976      0.139    -70.069
  36   33      4.361      0.272    -69.080
 205   80     -7.146     -5.438    -72.707
  37   76     -5.656      5.287    -63.569
  51   39     -1.240     10.934    -64.299
 277  320     13.099    -11.029    -73.084
 163    8      4.235     -0.289    -69.874
  31   57      8.383     -0.730    -66.436
  48   65     -6.362      0.471    -66.383
  40   47    -11.577      6.179    -71.213
 387  148      5.520    -10.148    -71.542
  41   64      1.584     -8.330    -65.820
  44  101     -5.499     11.544    -66.565
  55  122     12.451      8.321    -72.300
  15   50      4.802     -3.591    -73.629
  70  364     -1.254     12.122    -65.759
  -1   51      0.792     12.485    -64.078
 222  243     -8.095      3.646    -75.810
 142  391      6.381     -0.865    -71.454
 126   44      3.889     -1.675    -68.618
  82   68      9.432     11.934    -66.329
  50   58     -8.153      8.717    -66.672
  47   82      9.645      9.737    -67.901
  66  125     -3.661      5.039    -63.984
 215   49      5.616     -5.553    -67.516
 484  109     -5.479     -1.323    -64.033
  46   41      3.419      6.797    -64.778
  -1  492     -9.356      6.166    -73.704
 766  385     -3.748      8.233    -62.613
  60  739      8.801      4.054    -70.745
  29  371      2.166      3.574    -69.241
  58  129     -1.972      3.905    -72.204
 208   87     11.259     12.109    -70.106
  56  266     -3.862      6.875    -64.821
  38   -2     -0.319      4.746    -75.916
  -1   -2     -1.553    -12.661    -65.785
 140  157     11.767     -0.413    -66.944
  76   84     -0.934      1.549    -65.156
 398   89      0.790     -6.897    -65.704
 157  782      4.901     -9.442    -66.920
 395  452     -0.839    -10.806    -65.589
 132   17      3.944     -8.668    -68.865
 133  227      3.963     -1.611    -71.071
  81   90     -2.851      8.080    -61.807
  68  111     -7.629      2.350    -68.872
 102  188      7.943      5.777    -68.022
 263   60     14.339      4.264    -70.387
 220  201     16.339      3.969    -71.453
 274  141     10.095     -0.628    -66.307
 481  230      6.355     -2.272    -65.108
 134   94    -11.893     -8.430    -67.129
 270  123     -4.636     -7.789    -67.557
 319  116      9.177     -6.350    -70.018
  74   40      2.453      9.663    -64.856
  75  177     -8.870      9.153    -71.638
 124  107     10.156     -6.174    -66.318
 411   96     -5.931      7.402    -61.664
 185  124     -4.204     -6.096    -63.784
 146   72    -12.235     -0.036    -66.655
 169  160      0.030     -6.593    -73.094
 382  259     -3.616      0.100    -68.971
 128   88     -1.097      8.015    -68.934
 158  127     -9.847      3.576    -63.055
  71  102      6.370      7.326    -65.051
  19  219      5.731     -0.870    -72.112
  52  525     -2.756     -5.700    -77.707
  90  195      2.095     -0.666    -64.164
 127   34     -5.576      5.916    -74.034
  98  145      6.368      8.643    -75.465
  30  408     -9.242      2.018    -68.120
 162  106     13.011      1.443    -67.251
 231  140     -1.682    -11.089    -69.625
 177  418     -3.487     -2.895    -66.248
 250  132     11.778     -3.196    -68.834
  86   81     11.562     -7.581    -65.821
 100  161     14.712      6.799    -67.214
 234   66     14.947      6.827    -69.918
 154  137    -12.710      4.002    -72.746
 119  186      9.102     -7.914    -63.206
 112  192      3.766    -11.087    -67.713
 139   54     -7.737     -1.369    -74.396
 503  434     -8.390     -6.442    -67.796
 152  169      5.332    -12.471    -66.313
  -1  496    -13.367      1.322    -66.492
 279   48     -0.410      1.240    -71.866
 186  331     10.358      6.454    -74.136
 172  411      7.312    -11.438    -65.561
 155  130     -0.200     -0.160    -62.393
  -1  112     10.431     -9.203    -64.648
 141   95      9.425     -3.126    -66.805
 117  361      0.197     -0.961    -68.181
  97  509    -13.231      1.160    -77.158
 428  152      3.376      5.283    -65.792
 118  473     -1.863      3.269    -64.265
 153   43      4.302     -4.070    -74.376
 280  211     -2.735      7.567    -73.843
 138  742      6.230     -4.491    -65.735
 194  381    -12.747      1.094    -68.924
 130  493      4.369     -9.524    -67.787
  14    2      3.824     -4.912    -71.346
 182  134     -1.090     -4.147    -65.452
 197  120      7.652      2.134    -64.921
 123  233    -15.231      3.352    -71.176
 149   99     -5.174      4.921    -64.043
  79  159      0.253      7.731    -64.956
  -1  430     -1.181    -11.242    -65.002
 504   -2     -4.449     -2.362    -62.687
  -1   -2    -14.940     -1.574    -75.582
 271  252     -7.074     -4.813    -67.292
 104  659      1.248     -2.207    -68.833
  96  187     -6.557     -9.466    -65.794
 221  277     -8.782     -0.562    -68.649
 212  139      8.110    -10.307    -66.848
 122  182     -8.068     13.110    -66.654
 233  173    -11.817     -0.770    -65.651
 376  359      3.358      5.035    -70.572
 147  197      8.752      3.260    -69.403
 170  220      2.807      4.484    -65.485
 322   97      8.812     -3.902    -68.386
 691  517     -8.617      2.749    -69.433
 237   38     -3.762     -8.045    -72.815
  63  118     -7.761     -2.291    -67.304
 111  162      3.247    -11.671    -64.858
  87   29     -0.887     -6.117    -67.911
 790  255      7.703     -7.870    -72.363
 206   79      6.052     10.849    -70.006
 110  368      9.852     -5.639    -63.098
 256  216     -9.341     -7.109    -68.393
  95   -2     -5.347     -2.584    -68.391
 108  238      0.536      7.693    -76.425
  88  367      2.085    -10.335    -67.447
  -1   -2     -0.265     -7.102    -63.452
 769  158    -10.367      1.343    -71.145
 535  437     11.511      6.069    -65.418
 211  231      6.005      4.472    -74.558
 316  222     14.067      0.429    -68.295
  -1  303     -6.804      3.525    -62.875
 463  428     -2.126     -5.263    -64.475
 472  200     14.015     12.030    -68.686
 209  328     -0.099      0.453    -73.113
 334   69     11.849     12.017    -73.719
 203  225     -5.056      9.027    -68.353
  -1  347     -1.168     -6.502    -69.989
  54  566      7.504     -9.349    -67.847
 165   59     -3.098     12.099    -66.133
 190  744      2.746     -3.284    -64.409
 407   98      9.631     12.336    -69.604
  -1  672    -10.474     -2.655    -69.832
 807  397     -2.754      2.366    -62.677
 349  551      4.033    -11.735    -66.549
 181  174     11.620      1.816    -65.495
 179  176     -9.871     10.346    -66.332
 232  110    -12.227     11.700    -65.359
 125  149     13.215      5.821    -66.670
  -1  168     -8.125    -12.069    -75.948
 173   -2     -8.576     -8.886    -66.679
 204  119    -10.589     -3.725    -71.945
  -1   -2    -10.007    -12.220    -71.879
 195  223     12.153     10.499    -67.724
  -1   -2     -4.488      5.154    -68.660
 550  213     -5.060      5.169    -60.299
 167  147     11.490      9.266    -69.846
  99  261      8.338     -0.007    -63.217
 166  567     -9.014     -8.770    -66.523
 113  164    -10.804     -0.466    -71.201
 200  229     16.858     -0.470    -67.539
 291  142     14.008      2.613    -67.427
 144   77     -1.338     10.585    -68.065
 239  289     -0.144     -6.768    -65.116
  84   22      4.383      6.049    -71.523
 225  234      2.709     -9.927    -65.300
 545  113    -10.870     10.252    -70.264
 219   10     -6.573      8.093    -75.828
 159  271      1.413      3.439    -61.718
 199   -2     -3.722     -7.915    -65.121
 218  390     10.204      4.237    -61.953
  -1   -2     -6.354    -11.981    -75.274
  62   75     -5.553     -2.477    -69.779
 375  352      3.990     10.714    -70.038
 306  178     -0.878      8.606    -74.399
  85  144     13.635     -2.472    -68.960
 622  491     -9.858     -8.155    -65.084
 145  215    -13.412      2.218    -67.858
  -1   -2      3.263     12.252    -62.178
 248   85    -11.762      2.749    -74.692
 255  748     -9.797      0.049    -71.222
  -1  541    -11.382     -2.680    -63.479
 421   -2      3.571     -4.515    -60.812
 348  293    -13.751     11.191    -72.754
  -1   -2    -13.819      9.888    -72.404
  -1  291    -13.086     11.765    -67.970
 467  765     -6.598     -4.947    -76.601
 244  232     10.254     -5.887    -68.457
 408  199     -2.597     -8.112    -69.195
 607  257      9.469     -2.981    -70.105
 230  307      7.714      5.982    -63.747
  -1   -2      0.633     10.228    -62.964
 287  280     12.525      8.295    -68.214
 817  224    -14.131     -9.233    -73.256
 198  651     -4.264      5.247    -77.554
 164  544      2.739    -11.978    -64.730
 213   -2     -7.009    -11.481    -64.399
 302  292      1.828      0.994    -64.250
 171   93      2.647      3.067    -68.927
  -1  402      4.997     10.727    -63.577
 184  198     -3.671      4.751    -61.945
  -1  260      6.967      8.966    -73.484
  -1   -2      3.729     -0.296    -61.325
 129  126    -11.910      5.088    -74.205
 494  354     -0.598      4.359    -73.475
 342  284     17.026     -6.925    -69.489
 299  221     -9.316     -5.117    -65.171
 593  772     -8.933     -5.409    -62.058
 224  459     -9.892    -10.579    -73.737
 458  762      8.372     12.528    -68.828
 328  755     -2.135    -10.440    -65.531
 260  380     14.434     -5.481    -70.463
  -1   -2     -0.601     -0.108    -63.867
 252  267      7.501      9.850    -69.152
 247  180     -9.234    -12.659    -66.253
  93   62      6.234     -2.962    -69.423
 193  206     -9.868      4.980    -64.335
 772  302      3.962     -4.123    -72.438
 519  202      5.943     -0.778    -66.079
 303  263     11.892     -0.542    -71.698
 267  438     10.277      1.915    -62.430
 275  330    -13.077     11.633    -66.540
  -1   -2     12.530      7.214    -77.318
 329  297     10.539      8.871    -64.932
 297  274    -15.010      5.378    -71.484
 207  212      3.690     -3.737    -67.835
 295  333     10.763    -11.576    -71.926
  -1   -2      7.251      7.350    -61.717
  -1   -2     11.882     10.500    -69.081
 187  208     -0.333     -0.508    -62.973
 308  254     -1.018     -3.821    -65.494
 665  774     -4.949     10.754    -74.020
 642   -2    -12.554     -7.236    -70.401
  -1   -2    -13.934     11.780    -67.381
 240  248     -2.390     10.772    -69.672
 254  450     16.888      7.034    -66.715
 282  239      8.797     10.569    -65.323
  -1   -2     -4.914     10.035    -74.502
 294  265     -1.200      0.126    -64.888
 509  360     -1.403     -8.831    -70.076
 393  167     -5.739      0.451    -72.301
 246   -2      8.824     -2.762    -71.738
  -1   -2     13.552     10.634    -64.115
  -1  489      4.907      9.006    -74.769
 537  667     15.429    -12.603    -73.514
  -1   -2     -1.604    -11.614    -70.195
  -1  610     11.763      0.020    -63.149
 210  273    -14.386      2.169    -67.763
 573  337      3.425      9.117    -71.772
 300  305      8.128      5.793    -66.289
  -1   -2      1.091     -6.974    -77.035
  -1   -2     -7.748      9.829    -53.020
 359   -2     -0.591     -4.577    -72.662
 523  324      4.367     -4.651    -72.162
 553  680    -13.225     -0.206    -64.710
 571  207     -9.189      7.174    -75.434
 350  679    -14.275     -0.482    -74.976
 258  269      8.012     -6.053    -67.976
 189   -2      4.111      8.036    -71.413
 340  644      1.762     -3.981    -66.346
  12  189    -10.438      6.220    -74.284
 318  752      9.115      7.082    -63.019
  -1  298     -3.058     -2.877    -71.875
 298   -2     16.824      1.090    -73.104
 341  287      8.951     -1.036    -66.670
 227  745      7.309      7.039    -71.905
 700  242      6.138     -7.691    -63.108
 577  769     13.458      6.764    -73.558
 621  649      1.519      5.127    -76.720
 362  344      2.280    -12.018    -67.885
 120  345     -9.195     11.991    -64.383
  -1   -2    -12.233     -3.679    -75.525
 238  300    -12.533      8.560    -67.453
 708  179     -8.904      1.523    -63.611
 312  783     -3.206      3.497    -67.909
 242  309    -15.652      7.190    -76.082
  -1  327     13.510     -7.351    -65.816
 293  596     14.008      7.090    -70.444
 694  203     15.164      0.255    -66.635
  -1  334     -6.964     -9.984    -60.342
  -1   -2     -1.325      4.919    -67.772
 808   -2      5.744     -1.195    -73.060
  -1   -2    -12.914     -6.998    -64.560
 311  282      3.048    -12.849    -65.812
 579  770      0.586     10.372    -53.563
  -1   -2      7.604      4.519    -61.713
 518   -2    -11.203     -7.588    -74.824
  -1  275    -13.483      6.965    -68.272
 345  336     12.573     -3.859    -69.348
  -1  319     14.918      2.260    -75.757
 326  311     -7.023     11.750    -69.275
 304  784      3.888     10.700    -74.609
 358  757     -1.029      9.209    -74.898
 352  647     10.612     -7.651    -64.716
 346  756     -3.510      1.065    -67.101
  -1   -2      2.031     -6.703    -66.629
 367  726     -6.420      2.504    -63.012
  -1   -2     10.942     -8.462    -62.227
 360  323      0.500     -5.446    -67.790
   6   23     -5.492      2.199    -70.780
  91   18     -3.833     -1.764    -70.913
  10   20     -3.407      5.151    -68.430
 235  246     17.030     11.426    -69.027
  -1   -2     -6.900    -11.656    -74.772
  -1  175    -11.106      8.107    -69.323
 107  357      1.682     -6.639    -76.538
  25  376     -1.031     10.012    -66.519
  43   67      0.393      6.238    -68.598
  28   37      1.511     10.617    -66.470
 292  358     -1.673     11.722    -74.823
 379  117      6.958      2.441    -69.446
  -1   -2     14.612     -7.172    -74.118
  -1   -2    -10.943    -11.994    -67.411
  -1  181      5.987      7.379    -72.619
  -1   -2      4.404      2.898    -66.333
  -1   -2     14.953     -3.487    -58.695
 378  204      3.511     11.229    -70.405
  -1   -2      4.388      2.329    -66.376
 386  377     -2.116     -3.732    -64.733
 223  463     15.075     -4.961    -70.437
  78  439    -11.999     -7.164    -66.493
  -1   -2      7.536     -4.914    -76.764
  -1   -2     -4.861      4.146    -64.753
 103  549      5.429     -1.625    -72.152
 384  582     -3.080      2.425    -61.020
 477  435     14.366     -5.244    -67.779
  -1  384      5.059      4.418    -63.077
  57   92    -11.072     11.318    -72.552
  -1   -2     -4.484     -9.278    -60.454
 422  146      5.476     11.455    -74.679
  -1   -2     -7.486      9.952    -61.270
 500  383     -2.154      2.812    -74.034
 174   -2    -10.309     -9.186    -67.421
  -1   -2     -6.806      4.100    -61.494
 143  395    -12.921     -4.232    -70.177
  -1   -2     -8.468     -0.990    -66.016
 105   -2     16.659      3.873    -65.430
 668  235     13.123     -5.644    -74.107
  83  441     -3.323     -6.847    -72.821
  -1   -2     -6.747     -3.133    -75.640
 394  404     -0.737     -1.901    -62.907
  -1   -2     -8.191     -9.713    -62.771
  -1   -2     -9.596     -6.935    -65.311
  -1   -2     -8.604     -9.305    -63.561
 109  392     -4.972      8.930    -65.509
  -1   -2      0.995     -9.690    -75.641
 530  370    -16.561     -9.890    -73.965
 429   -2      4.546     -0.523    -65.267
  -1   -2      5.840     -7.185    -71.137
  -1   -2      3.591      0.646    -62.144
 487  485     -1.482    -10.565    -66.940
 549  151      3.356     -8.191    -73.361
  -1   -2     -0.504      8.715    -57.264
 106   -2      0.584      5.251    -62.822
  -1  475     -4.839      6.658    -61.016
  -1   -2    -12.626     11.911    -71.574
 444   30     -0.794     10.340    -71.934
  -1   -2    -12.853     -9.829    -69.704
 214  514    -13.013      0.354    -76.013
 436  322     -8.931     -6.098    -62.878
  -1   -2     -6.498      5.456    -59.551
  -1   -2      8.073      9.566    -64.745
 151  135     -6.356     -4.565    -63.747
 462  410     -3.553     -7.585    -64.096
  -1   -2     -5.256     -8.825    -60.816
  -1   -2    -15.573     -5.283    -75.435
 281   -2     17.493     11.257    -68.089
 136  378      2.876     -5.331    -63.678
  53  241     -4.015      8.891    -63.553
 377  100    -14.952     -3.862    -69.350
 404  443     -4.166     -9.805    -60.033
 585   -2     -8.913      0.591    -73.948
 552   86      7.135     -3.957    -67.019
 532  766     10.236      5.453    -68.636
  -1   53     -2.295     10.794    -73.448
  -1   -2      4.626     -0.629    -60.533
  -1   -2     -6.971    -10.699    -75.006
 400   -2     -2.045     -3.021    -75.342
 161  163     -6.468    -10.140    -73.650
 388   -2     10.759    -10.700    -66.854
 259  193     -5.904     -5.344    -75.997
  -1   -2      2.343      8.650    -67.050
  80  498      4.289     -8.379    -65.477
 443  194     -5.068     -6.279    -63.955
 176  553     -1.355      4.458    -69.027
 439  399     16.702      7.832    -66.910
  -1   -2     -5.174     12.745    -64.569
  -1   -2     -5.585     -4.334    -67.531
  -1   -2     -6.461     -2.205    -72.774
  -1   -2     -3.160    -10.960    -68.377
 148   71    -13.885     -4.548    -70.136
  -1   -2      7.601      4.627    -65.726
  -1   -2     -6.093     -1.927    -58.691
  -1   -2    -14.016     -8.669    -66.278
  -1   -2    -15.479    -10.489    -69.519
  -1   -2     -8.992    -11.545    -60.650
 576  237      8.810     -3.305    -60.706
 241  165     -3.293     -3.828    -71.405
  -1  588     13.954     -1.303    -62.027
  -1   -2    -12.596     -9.642    -65.279
  -1   -2     -3.171     -8.004    -63.098
 791  214     -3.983     10.955    -72.360
 466  114     -2.283     -9.649    -68.060
  -1   -2     -1.014     -9.584    -55.875
 414  494      1.470      1.652    -61.940
 460  763      4.374     -3.569    -64.068
  -1   -2     -4.455      4.515    -52.069
  -1   -2      2.594     -7.323    -52.192
 357  143     -8.866     -8.567    -65.097
 461  764    -15.800     -5.408    -70.680
 450  761     13.621      1.519    -75.204
 168  743     -1.567     10.882    -65.662
  -1  416      8.565      4.416    -60.154
  -1   -2     -8.581     -6.917    -65.344
  -1  471      0.317     -8.423    -63.052
 253  313     17.003     11.207    -73.387
  -1   -2     -4.402     -1.562    -62.996
 188  785    -13.950     10.595    -73.950
 156  446      0.589      3.954    -75.956
 423  153     -0.722      9.390    -63.751
  -1   -2     -1.428     11.442    -58.270
  61  403     -9.037      5.012    -65.587
  -1   -2     -7.936     -9.931    -57.136
  -1   -2      2.089     -5.823    -63.528
  -1  445     11.601    -11.145    -64.026
 495  448      8.735    -12.613    -62.872
  -1  487     -8.666     -0.383    -65.053
  -1  440     -0.537     -1.403    -59.817
  -1   -2    -11.406    -11.202    -61.161
 175  138     -2.579     11.098    -62.974
  -1   -2      6.977      4.098    -53.197
 449  461     -5.418      1.295    -63.469
 771   -2     -1.034      4.393    -64.985
  -1  484     -9.121     -9.404    -77.027
  -1   -2    -12.818     12.899    -69.027
  -1   -2    -15.341    -10.607    -75.003
 490  480     -3.279    -11.494    -64.596
  -1  105    -11.058     -4.958    -72.351
 266   -2    -13.455     -7.173    -72.289
  72  523      7.646     11.975    -64.074
 788  556     15.099     -4.158    -62.714
  -1   28      4.255     -9.383    -68.749
 525  603     14.477     -4.641    -65.081
  -1  516     -4.075     10.863    -74.096
  -1   -2    -14.603      9.471    -74.016
 699  508      4.541      6.862    -71.678
 399  396     -9.786      3.293    -71.768
  -1   -2     -5.311    -10.640    -75.707
  -1  196     -1.738    -11.860    -64.986
 201  304      0.817      3.167    -76.191
  -1   -2     -1.717     -0.579    -61.200
 390  636    -16.253     -6.275    -73.902
  -1   -2    -13.214     -8.731    -65.455
  -1   -2     -7.079     -6.587    -64.440
 301  228     14.728      7.962    -70.940
  -1   -2    -14.988    -10.078    -72.859
 269  472    -12.378      8.962    -62.223
  -1  236      1.232     -6.641    -68.410
  -1   -2      8.212     12.368    -61.602
 813  780     -6.315     -8.830    -67.023
  89  281      7.034      0.176    -69.302
  -1   -2     -3.996     11.905    -74.550
 115  413     -7.714     -0.457    -63.210
  -1   -2    -11.890     -5.336    -72.178
  -1  389    -10.305     -8.964    -64.637
  -1   -2      6.773     -2.130    -71.780
  -1  103      8.267     -4.499    -63.899
  -1   -2      4.523     10.867    -60.893
  -1   -2      4.337      5.436    -57.146
  -1   -2     -8.871      5.965    -59.234
  -1   -2      0.081     12.978    -64.156
 396  670     -9.070      0.563    -77.562
 465  442     -7.141     11.087    -75.104
  -1   -2     -0.500    -10.509    -58.341
  -1   -2     -5.072    -10.406    -59.411
 251  458     10.758     -0.613    -64.964
 511  536      5.425     -5.767    -58.905
 608  278      2.275      6.408    -64.664
  -1   -2      8.457     -4.508    -62.155
 455  542     14.722     12.759    -67.636
 501  481     17.455      2.475    -68.906
 671   -2     -1.457    -10.162    -66.626
 431  136     11.292      5.312    -69.054
 650  326     15.594     -9.920    -68.952
 613   -2      6.252    -10.723    -61.969
  -1   -2      3.198      0.685    -66.079
 489   -2     12.106      6.367    -61.616
  -1   -2     12.768     -6.402    -62.327
  -1   -2     -4.257      9.559    -52.356
  -1   -2     -3.625     -3.987    -53.610
  -1   -2      9.195      2.264    -65.644
  -1   -2     -0.215     -4.709    -81.221
  -1   -2     11.200     -9.649    -63.142
 245   -2     -5.311     -7.642    -64.953
  -1   -2      1.932     -6.038    -61.216
 228  191    -14.127      9.114    -69.397
 289   -2    -12.007     -4.566    -74.161
 397   -2    -13.144      1.959    -73.612
 353  786    -11.895      2.929    -62.093
  -1   -2      3.108     -7.393    -67.610
  -1   -2    -12.463    -11.700    -73.179
  -1  511    -11.653      9.830    -61.521
  -1   -2      5.527     12.285    -63.797
 661  639      3.100     -4.254    -58.310
 288  240      8.618     -5.910    -66.124
  -1   -2     -0.607    -10.219    -55.271
 658  570     -8.194     -3.505    -63.425
  -1   -2     12.119      8.719    -61.987
 728  482     13.755     -6.145    -64.532
 814  781     -3.525     -7.579    -74.172
  -1   -2     11.378     -4.914    -66.996
  -1  256    -10.355     -1.087    -59.555
  -1   -2      8.056     12.192    -64.630
 640  526      7.335    -10.894    -64.689
  -1   -2     -3.854    -12.474    -74.470
 534  609     16.598     -6.732    -71.276
 605  499      7.247      6.529    -76.481
 527   -2    -14.818      8.442    -69.961
  -1   -2      6.105      1.764    -69.965
  -1   -2      2.603      9.310    -65.466
 588   -2      9.377      2.983    -60.011
 667   -2     15.222      9.653    -69.852
  -1  539     -5.380     -9.679    -77.529
  -1   -2     -0.888     -0.247    -63.509
 555  767      7.270     -6.469    -73.710
  -1   -2     14.950      8.355    -78.742
  -1   -2     -9.965    -12.678    -66.889
 663  409      2.985      7.412    -59.707
 590  546     11.451     12.666    -64.115
  -1   -2      4.845     12.967    -65.652
 685   -2     10.854     -2.705    -71.714
  -1   -2      3.964    -12.064    -64.833
  -1   -2      8.706      2.632    -56.724
 451   -2     -3.559      2.764    -61.328
 493  587     11.100     10.905    -65.328
 337   -2     -4.626      3.589    -76.840
  -1   70      4.232      4.600    -73.538
  -1   -2      9.922     -9.032    -64.102
 656  564      5.698    -12.389    -66.310
 572  768     -4.375      6.403    -68.539
 666  342      3.102      7.453    -68.270
 614  787      7.867      3.501    -65.389
  -1   -2    -13.061    -10.609    -71.688
 226  713      4.789     -5.205    -73.901
 506  268     -7.398      3.753    -63.159
 612   -2      9.935    -12.241    -70.984
 457  426     15.522    -10.204    -63.403
  -1  387     11.101     -3.449    -74.203
  -1   -2     12.533     -2.969    -72.713
 773   -2      5.273     12.251    -61.424
  -1  406     11.721      4.993    -75.906
  -1   -2     -6.620     -2.754    -65.793
  -1   -2     13.450      1.685    -59.714
 229  788     16.258      1.880    -75.422
 332  270    -14.091    -11.821    -73.355
  -1   -2    -16.226    -10.033    -70.468
 361  156      7.042      8.491    -75.129
 257  597     13.579      8.964    -67.471
  -1   -2     13.307    -10.442    -76.546
 606  605      6.863      4.505    -60.074
  -1   -2     16.942     -1.211    -66.905
  -1   -2    -11.671     -0.147    -61.498
 692   -2     14.005     -7.073    -64.419
 320  753      4.043      4.651    -63.238
 368  653    -13.454     -3.223    -76.362
  -1  294     11.313     12.072    -65.711
 351  646     -7.199     -4.186    -77.379
  -1   -2    -13.451     -8.745    -85.428
 566  731     16.465     -3.359    -63.325
 262   -2    -13.515      7.011    -70.436
 796  779     15.328     -9.074    -65.012
  -1   -2     -6.904      7.995    -62.976
  -1   -2     -8.974     -6.739    -71.489
  -1   -2     -0.706     -3.450    -65.220
  -1   -2     -9.374      7.362    -57.180
 268  288      9.529     -8.871    -69.573
  -1   -2     -8.226    -10.277    -56.435
 812  121     -9.706      6.606    -70.880
 485  286     -7.356      1.234    -61.476
 427  760    -16.309     -7.222    -75.443
  -1   -2     -2.633     -5.121    -64.172
  -1   -2     10.382    -11.159    -72.813
  -1   -2     13.107     -7.260    -62.496
  -1   -2      8.277      9.180    -61.347
 284  650    -13.163      9.925    -68.498
  -1   -2     16.422     -4.800    -83.176
  -1  558     13.317     11.580    -65.706
  -1  500    -13.949    -11.647    -67.369
  -1   -2     10.713     -3.599    -62.619
  -1   -2     -0.458     -2.112    -78.644
  -1   -2      0.521    -11.704    -80.489
  -1   -2    -15.313    -10.467    -81.685
  -1   -2     10.206     -2.409    -77.844
 330   -2     -4.823      1.181    -66.040
 517  283     -3.282      1.019    -69.032
 310  559    -12.822      7.086    -72.215
  -1   -2     -8.155    -11.815    -62.697
  -1   -2     -9.194      5.750    -58.346
 674  581      8.224     10.088    -62.355
 347  296     15.007      1.184    -64.112
  -1   -2     -7.053      0.155    -72.235
  -1  568     -0.419     -1.613    -62.617
 632  565      7.358     -2.640    -65.246
  -1   -2     -1.612     11.914    -69.777
  -1   -2      3.373     -3.596    -72.803
  -1   -2     -3.895     -8.173    -67.582
  -1   -2     -7.636      0.839    -63.072
  -1  527     11.994     -5.574    -61.884
  73   -2     -6.154    -12.017    -71.726
  -1   -2     -6.820     -1.513    -59.715
  -1   -2     -6.598      6.614    -62.599
  -1   -2      7.855     -4.757    -66.436
 625   -2     11.670     11.138    -60.517
 682  775     12.342      6.732    -63.122
 520   -2     -8.037     -4.825    -77.930
 498   -2     15.138     -4.589    -66.643
  -1   -2     10.010     -3.922    -65.130
  42  217      6.298     -5.913    -72.806
  -1   -2     18.205     -8.012    -68.927
 217  349     -8.922     -2.854    -73.452
 309  272     10.758      3.330    -74.918
  -1   -2    -12.995      5.187    -78.788
  -1   -2     -0.222    -10.296    -62.938
 664  789      9.752    -10.957    -64.730
  -1   -2    -11.968    -12.202    -69.818
  -1  299      3.394      6.240    -75.293
 454  476     18.285     -5.773    -68.180
  -1   -2     -6.835      9.917    -87.759
  -1  655    -15.711      6.087    -73.238
  -1   -2     16.122     -6.159    -74.473
  -1   -2     -0.999     -5.726    -79.175
  -1   -2      3.435      4.694    -53.134
 676  451     -7.204      6.495    -75.552
  -1  575     11.244     -4.195    -62.798
  -1   -2     11.678      3.078    -82.924
 595   -2     13.528     -6.441    -63.671
  -1   -2     17.096    -13.530    -70.648
  -1   -2     14.673     13.349    -63.640
  -1   -2    -14.311     -5.959    -73.391
  -1  693    -12.248      7.342    -71.332
  -1   -2     -8.327    -11.896    -62.442
  -1  692      4.693      2.688    -71.337
  -1  314     -5.845      0.262    -60.879
  -1   -2     11.188      6.017    -60.456
  -1   -2     14.809    -10.396    -73.058
  -1   -2     17.762     -8.403    -74.530
  -1   -2      6.917      7.902    -54.239
 747  616     14.043      6.383    -70.190
  -1   -2      3.727    -10.622    -83.116
  -1   -2      2.113      4.627    -75.394
  -1   -2     14.543     -4.854    -70.703
  -1   -2     -6.649     -7.793    -57.855
 366  629     -5.059      8.973    -61.803
  -1   -2     14.506      2.721    -73.922
  -1   -2     -0.617     -9.152    -68.889
  -1   -2      7.407     -9.072    -66.615
  -1   -2    -10.670      8.033    -68.379
  -1   -2      9.932    -10.524    -66.520
 652   -2      2.517     12.818    -69.615
  -1   -2      7.064      3.485    -58.834
  -1   -2     -2.475      1.403    -61.159
 336  350      6.327      8.199    -65.519
 735  683     15.409     10.362    -64.395
  -1   -2      2.707    -11.670    -84.338
  -1   -2    -12.879     -6.750    -61.743
  -1   -2      7.526     11.803    -74.170
  -1   -2    -11.904     -7.637    -66.518
  -1   -2     -5.311    -10.997    -58.945
  -1   42     -0.606      5.265    -74.310
  -1   -2     -3.293      3.427    -62.342
  -1   -2     10.606     -5.531    -59.836
  -1   -2    -11.393    -10.697    -70.163
 121   -2    -10.591     -6.610    -76.903
  -1   -2     -2.817    -11.848    -64.076
  -1   -2      0.268     -4.513    -67.297
 689  580    -14.730     -6.571    -75.224
  -1   -2     -8.457      5.574    -74.863
  -1   -2    -11.311      4.874    -71.665
 533  321    -14.042     -2.125    -66.269
  -1   -2      6.924     -5.554    -76.380
  -1   -2      8.921     -8.759    -76.255
  -1   -2     10.649    -10.300    -79.109
 742  622      3.364     -0.582    -67.294
  -1   -2    -10.639      5.129    -70.938
  -1   -2      6.906    -11.572    -86.738
  -1   -2    -15.816     -5.622    -72.402
 730  709     -5.062     11.594    -68.155
  -1   -2     -6.521     -5.767    -62.727
  -1   -2     14.921     11.639    -74.655
  -1   -2      0.096     -5.411    -64.525
  -1   -2      5.625     -4.996    -58.493
  -1   -2    -13.721     -1.122    -82.027
  -1   -2     12.160    -11.760    -67.162
 543   -2     13.589     10.384    -69.441
 323  754     -9.600     -1.351    -76.034
  -1   -2     -8.239     -3.357    -70.177
  -1   -2      1.692     -9.971    -67.203
  -1  689      5.898      8.247    -67.282
  -1   -2      3.716    -11.818    -68.512
  -1   -2    -11.629     -5.238    -66.848
  -1  736    -10.938     12.354    -67.791
  -1   -2      4.994     -2.247    -80.692
  -1   -2     17.725     10.052    -74.754
  -1   -2     -5.191     -2.016    -61.338
  -1   -2    -13.732      3.672    -70.032
  -1   -2    -13.228    -11.341    -71.786
  -1   -2     -7.862     -1.990    -60.876
 369  758      3.392     -4.999    -71.396
  -1   -2    -14.781      9.068    -83.417
  -1   -2    -10.059      5.980    -65.298
  -1   -2      4.433    -12.037    -58.900
  -1   -2      2.569     10.382    -78.210
  -1   -2     13.829     -5.900    -75.915
 675  621      0.569    -10.798    -70.085
  -1   -2     10.589      9.713    -72.121
 805  723    -10.573     12.275    -68.061
  -1   -2      7.852     -8.357    -71.132
  -1   -2      4.181     -0.656    -67.492
 314  417     13.417      3.936    -71.302
  -1  718      0.628    -12.250    -64.256
 748   -2    -14.057      5.604    -77.279
  -1   -2     -7.014      7.449    -67.756
  -1   -2     12.422      5.843    -56.934
  -1   -2    -12.997     -5.842    -70.904
  -1   -2     -7.509     -1.758    -78.460
  -1   -2     15.583    -11.127    -74.026
  -1   -2      3.419     -2.349    -59.216
  -1   -2      0.500     10.928    -57.682
  -1   -2     19.044      3.990    -79.221
  -1   -2     16.212     -1.947    -66.143
  -1   -2      6.248     -3.042    -62.198
  -1   -2     11.554    -11.560    -67.383
  -1   -2     -0.409      4.435    -65.499
  -1   -2      4.079     12.091    -74.865
  13   -2     -5.545      0.143    -73.239
  39  790      7.333     -3.326    -68.914
  77   -2     -0.423     -1.211    -67.716
 178   -2     -6.332      8.389    -61.498
 160  721      3.162     -0.613    -73.447
 272   -2     -2.610      3.661    -62.057
 486   -2      5.573     -7.148    -70.764
 191  185     -1.428      4.010    -67.301
 617   -2      2.688     13.416    -66.866
 447   -2     -4.957     -9.857    -70.930
 276  538      8.742     11.583    -73.926
 290  749    -12.401     13.178    -67.595
 202  245    -11.489     10.907    -66.230
 249  747      2.749     -9.394    -73.297
 296  750     -4.321      9.308    -72.150
 315   -2      7.464     13.365    -65.545
 679   -2      2.942     -7.894    -74.236
 634   -2    -13.358      6.553    -63.740
 313  751      8.462     -3.512    -62.137
 331  555     11.156      3.356    -55.304
 780  777     -4.053     -6.777    -69.376
 365   -2      9.946     -6.713    -66.329
 236  746     -4.082      5.490    -70.070
 623  773     -4.808      0.714    -69.172
 392   -2     -4.803     -0.721    -66.653
 278  412      1.918     -6.367    -73.019
 734   -2      6.412    -11.501    -74.853
 541   -2      2.923      8.795    -59.294
 324   -2     12.576      6.861    -77.537
 441   -2     -9.492      2.126    -59.767
 775  776     11.228      1.125    -71.173
 524  515      3.120      3.094    -68.309
 406  759     -8.499    -10.151    -76.204
 724   -2     14.444     -4.556    -62.831
 581  557     -5.922     12.074    -60.728
 584  771    -12.602      4.410    -77.394
 600   -2     13.838      8.309    -64.400
 801   -2     15.447      7.285    -74.506
 150   -2      0.336    -11.251    -73.871
  21   14     -8.482     -0.422    -74.930
 717  618     12.110    -11.546    -70.073
 778  436     -0.369     -0.031    -76.559
 777  310     12.197     -2.204    -65.534
 782  171      1.389      6.240    -67.990
 554   -2     12.530     -0.765    -75.843
 137   -2      6.717      9.233    -75.023
 285  449    -13.611     11.589    -74.560
 321  791    -14.317     -9.720    -73.531
 338   -2      5.131      6.154    -62.115
 529  792      2.527     -8.177    -70.763
 797  793     10.537      7.197    -67.226
 799   -2      4.009      9.269    -74.738
 818  276     11.274      5.684    -67.267
 819  702     -8.747      4.562    -60.250
