832
   7   33     -1.777      5.183    -73.790
   0    0     -5.487      7.838    -72.919
   3    8      8.789      4.696    -69.373
   2   16     -4.488     -7.895    -73.007
  34   21      1.123     12.337    -71.095
   5  362     -0.697      3.806    -69.582
  32  771      1.289      4.311    -69.885
   1   97     -0.331      1.636    -72.166
 376   13      3.646      3.747    -69.759
   4  283      0.360      4.546    -69.308
  13    6      8.356      3.290    -69.088
  21   32    -11.398      5.584    -72.251
  84   14      1.494      4.387    -72.257
  -1    5     -8.274      2.336    -72.781
 168    4     -2.820      2.750    -72.292
  43   11     -3.257      4.819    -69.035
 378    9      5.310      2.713    -68.975
  14   20     -1.804     -0.623    -71.516
 495  800      4.374      9.772    -73.882
  22   39     -0.492     -1.399    -70.682
 109   29     12.423     -3.294    -69.288
  27   -2     -6.035     -6.470    -70.356
  10   85      1.489     -3.319    -70.859
  11   55    -12.255      8.248    -75.917
  33  404      7.521     11.044    -71.801
 400   17     -6.262      0.623    -67.371
  19    2      0.636      5.454    -71.328
  40  416      5.535     -7.049    -76.821
  31   24      8.062      4.171    -68.716
  76   48      3.302     10.195    -68.215
 215  205      0.565      2.056    -67.583
  38   26      5.171      4.728    -68.165
  30   34      7.206     12.030    -70.377
 251  119      7.265      3.751    -71.417
 454   15      1.697     -9.216    -73.077
 216   69     -2.535      8.024    -72.503
 437    3     -7.951     -6.895    -74.306
  97   59     -6.317      9.226    -65.617
   6   71     -3.114      6.650    -70.937
 118   79     -3.266     -4.180    -66.572
  50   46      2.241     -4.630    -66.046
  86   52     -0.940      9.205    -68.128
  59  559     -4.326     12.935    -67.011
  23  478     12.362     -3.420    -71.671
 172  394      1.768     -6.324    -72.272
  73  102     -6.485     11.135    -69.955
  58   53     -5.601     -2.259    -68.641
  37  226      8.572      6.462    -72.120
 187  202      9.204      0.626    -72.446
  66   47    -12.025     -0.005    -68.884
 412   44     -4.188      0.884    -72.953
 221  367      5.697      9.026    -73.098
  60   43     -9.065      2.614    -66.052
  75   88     -4.169      2.631    -68.397
 201  238     -7.121     -1.163    -72.769
 158   31      8.527     11.005    -69.751
 208  159     -6.049      4.697    -70.037
 770  382      7.526      0.867    -70.402
  71   -2     -3.936     -1.808    -74.984
  55  125    -11.130     -4.800    -68.848
  49   51      9.380     11.876    -68.303
  57   89     -7.465     -4.907    -66.415
  41  772     -4.679      2.608    -65.124
   9    7      0.773     -3.272    -70.239
 447  165     -1.168     -7.057    -72.182
  53  391      6.453     -1.948    -66.053
  67  773     -8.352     -2.459    -69.084
  48  377     -4.973     -2.574    -67.772
  -1   74    -13.087      2.164    -70.819
  51   22      7.144      5.185    -67.064
  47   67      2.966     11.547    -68.472
 261   50      9.036     -4.136    -70.287
  92   42      4.510     -3.706    -66.752
 389   25     -5.787      9.517    -73.385
  18  118     12.147     -1.270    -70.035
 394  217     -0.132     -3.102    -69.425
 167    1      5.640      8.877    -70.806
 191   54      9.018      7.684    -67.515
 465   30     -0.316     -5.580    -68.227
  28  331     -5.246     -7.640    -70.041
  99   80    -15.367     12.026    -73.021
  15   37     -0.664      0.059    -72.121
 113   77     12.539     -4.469    -69.351
 102   90     -9.593      3.207    -66.989
 768  457     -6.056      4.205    -74.673
  -1  522      9.067    -12.619    -67.940
  24   62      8.316      8.983    -75.170
 103  774    -15.644     10.885    -72.817
 156   60      3.861     -5.566    -64.022
 153  776     -5.923     -3.200    -66.746
 219  101     -7.282     -8.112    -66.574
  -1   -2      2.496     12.015    -68.851
  85   91      5.764     -4.310    -66.478
 402  206     -9.726     -2.497    -68.289
 220  187    -14.650     -7.880    -68.746
  62  257      9.336      8.248    -71.112
 107   12      1.307      1.364    -69.833
  -1   86     -8.752      2.893    -63.367
 783   -2     -3.791      1.885    -70.971
  74  129     -8.481     -7.427    -65.982
  26   41      6.989     -1.312    -71.553
 115  107     -8.638     -9.807    -67.050
 225  186     -4.865      3.111    -72.287
 408  192      1.137      1.534    -66.242
 121  106    -11.563      3.059    -63.310
 146   92      9.494      5.015    -67.050
  36   93     13.036      3.262    -72.827
  -1  105    -10.497     -3.880    -67.169
 165  155     -7.165     -3.454    -66.501
 409  114     -1.255     -0.435    -62.876
 141   96      9.308      9.259    -64.086
 137   10      6.249      7.019    -70.542
 185  779    -15.606     -9.834    -74.820
 391  222      1.021     -3.372    -65.971
 238  213      1.324      5.812    -72.160
 473  127    -11.129      8.487    -62.425
  77  156     11.215     10.781    -71.308
 337  275     10.189      6.222    -73.400
 424  796     13.554      0.085    -63.732
 123  115     -7.374     -5.469    -63.934
 120  123     -8.614     -2.924    -66.208
  78   23     -2.482     10.816    -69.877
 114  169     16.593     -0.887    -68.491
 180  116     -7.504      2.694    -63.960
  70   99     -0.493      8.132    -72.677
 135   84    -12.687      1.683    -70.832
  25   58     -8.233     11.773    -72.502
 138  185     -5.107     -6.933    -65.386
 341  225    -15.116     -9.694    -72.139
  -1   -2     -6.384    -10.099    -69.659
 150  132     -6.060      9.117    -63.722
  87  126     -8.334     -5.761    -67.776
  91   81      2.670     -1.061    -64.163
 140  410      2.461     12.140    -63.912
 106  775     10.155     -7.277    -71.623
 125  223     -2.929      2.533    -66.464
 551  806     -8.003     -0.655    -63.224
 166  480     -0.361      2.351    -69.654
 132  287      1.194     -4.887    -64.716
 110  175     11.071     -5.216    -67.024
 318  286      0.926     -9.994    -71.067
 197  104     -5.669      3.013    -63.434
 574  180      2.997     -9.990    -64.335
 157   73     11.040      7.406    -69.188
 242   68      2.710     -0.835    -76.247
 444  420     -4.959     -8.019    -65.611
  79  168    -12.364      4.800    -68.967
  16   38     -2.969     -1.953    -73.874
  82  487     -9.405      6.046    -70.687
 218  144    -11.838      9.799    -65.694
 186  109     -1.775     11.181    -62.460
 179  237     13.898     -5.797    -71.373
 207  181    -13.443      7.377    -71.173
 202  162     -9.670     -7.753    -68.557
 287  214     12.450      5.370    -75.253
  -1  134     13.228     -3.807    -70.243
 184  508     -8.297      9.160    -63.751
 548  805      3.219     12.291    -72.988
  96  133      3.826     11.127    -67.774
 450  441     -5.492     -1.819    -62.518
 209  131      3.552    -11.359    -66.608
  -1  636    -15.714      4.140    -70.855
 162  471     -9.871     -2.977    -68.294
 546  158     -2.636    -11.622    -66.664
 601  111      2.600     -8.930    -70.291
 188  140     13.608     -4.416    -66.007
  -1  220    -11.079     -4.402    -64.987
 199  525     -8.613     11.196    -63.017
  -1  300      9.549     -7.578    -71.846
  98  117     12.725      9.091    -71.984
  -1   -2    -13.322      7.939    -69.075
 579   -2     -6.064      1.978    -73.030
 147  243     11.150      6.714    -63.823
 175  145    -10.782      7.404    -64.584
 323  189      8.519     -4.430    -73.377
 213  146     11.338      0.693    -66.059
 405  209     -2.156     -9.845    -61.217
 214   19      7.387     -4.147    -71.433
  65  368      5.278     -3.002    -71.182
  -1   -2     -3.752      4.809    -65.601
 312  307     -8.215      7.500    -65.180
  93  240     -5.499      0.828    -67.713
  -1  219     -2.964     -6.164    -73.515
 136  504    -10.417     10.058    -64.181
 161  396     12.859      8.817    -64.834
 321  408      4.392      3.619    -70.832
 142  425     -6.521      1.100    -61.263
 200  182     16.901      9.014    -67.287
 117  207     11.993     -4.194    -70.431
 159  316     10.304     -8.905    -71.014
 124  470      0.947      1.926    -62.220
 212  141     -8.651    -11.671    -73.174
 190  198      2.250      6.636    -64.624
  -1   -2     -6.200     -3.435    -72.550
  29  164      7.106      7.979    -72.932
 139  178    -10.395      6.503    -66.535
 108  110     14.637     -3.763    -72.724
 282  306     -3.231     -3.640    -64.934
 228  315      3.216      9.695    -70.516
 169  103     11.459     -1.515    -68.791
 152   75     -5.070     -1.920    -68.651
  -1   64      1.397     11.420    -65.118
 443  208      7.729    -12.580    -65.857
 160  777      2.451    -12.424    -64.625
 778  817      5.366      0.482    -62.172
 793  533      5.414     -7.837    -63.266
 176  200    -12.537     -7.306    -67.752
 501  216     -6.352     -6.325    -67.846
  -1   -2     -4.525     -4.941    -71.563
 266  787      2.798     -4.814    -70.614
 486  430     -6.294     10.355    -62.598
 330   -2      2.513     -1.522    -64.359
 322  251     -8.424     -5.686    -64.964
 222  151     11.016     11.369    -66.903
 262  232    -14.889     -5.454    -75.393
  -1   -2     -7.280      0.772    -62.014
 285  177     12.591     10.636    -68.292
 241  143    -10.566     -2.825    -74.176
 127  298     14.494      1.872    -66.137
 148  194     11.665     -0.021    -70.290
 210  389      6.652      2.189    -72.575
 582  153    -13.082      1.436    -76.464
 128  157     -1.689     -4.857    -66.950
 265  204      7.975      6.684    -63.674
  -1   -2     12.145     11.042    -61.484
 271  176      9.557      4.236    -63.584
 777   57      7.158     -5.288    -69.017
 283  485     13.809     -7.285    -66.059
  -1  139    -11.765      3.243    -69.289
 396  266     17.907      1.735    -68.670
 441  327     16.652      6.472    -70.535
 164  184    -13.028     10.686    -65.286
 189  161     -7.458     -6.223    -69.675
 388  183    -12.977      7.819    -75.952
 151  395      5.069      8.187    -70.519
 183  150     -5.679    -10.410    -65.984
 524  239     -0.116     -4.605    -67.023
 272  282      7.644      4.035    -74.748
 583  247     13.303     -6.301    -72.518
 254  303      5.865      1.767    -66.324
 474  584     -5.789     -4.812    -74.850
 357  263     -3.079     -8.744    -70.013
 122   83     -7.556      2.165    -69.276
  -1  294      7.440     -7.568    -71.796
 264  786     -8.939      6.259    -62.000
 223  215    -10.343     -2.225    -64.078
 252  173     14.077      2.498    -70.898
  -1  497      2.331      8.744    -75.745
 276  265      0.303     -8.337    -67.923
 506  802     -4.423      5.050    -62.391
 351  249      9.868     -9.249    -72.811
 296  241     10.210     -1.164    -63.025
  44  499      7.401     -7.516    -69.723
 305  319      1.619     -7.146    -74.156
 230  782     -2.804     10.897    -71.578
 192  171    -13.766      5.368    -73.998
 310  791    -13.722     -4.178    -69.800
 143  277      6.689      2.921    -73.067
 111  460     15.589      4.707    -71.864
 211  285      9.349     -6.594    -65.232
 178   45     -1.081      1.355    -72.519
 236   27     -1.153      7.073    -71.735
  -1   -2      2.683    -12.331    -67.470
  -1  374      2.987     -9.790    -75.500
 309   -2     13.488     10.260    -69.698
 300  229      9.206     -4.458    -65.774
 798  476      7.851    -11.591    -70.073
  -1   -2     -4.501     -7.404    -72.752
 129  190     -7.511      0.901    -68.685
  -1  201      7.284      0.493    -62.506
 502  278    -10.879     11.167    -64.660
 270  563     13.380      5.332    -63.771
 655  318      4.519     10.985    -70.424
 799  292      6.407      5.741    -62.685
  -1   -2      3.926      7.258    -58.654
 234  199     -1.219    -12.572    -68.782
 196   -2    -13.193     -0.889    -74.405
 395   -2    -11.101      2.064    -73.974
 813  255     10.606      6.336    -66.870
 255  643      6.685      0.741    -63.133
 289  244     10.804      0.703    -66.023
 631  323      3.224     10.440    -76.448
 568   -2      7.377      7.346    -72.643
 240  274    -12.820     -3.176    -72.135
  -1   -2     -6.081      5.642    -75.391
  80   61     15.272      3.753    -71.165
 198  781      5.772     -3.025    -71.775
 354  793    -14.818      5.041    -68.578
  -1   -2     -5.015     -2.935    -75.628
  -1   -2      7.305     12.219    -67.740
 206  191     -8.012      2.626    -64.718
 490  297     -4.995      4.464    -65.359
  -1  280     14.543     10.139    -75.221
  -1   -2    -10.036     -4.465    -57.614
  -1   -2     -6.434    -10.275    -63.087
  -1   -2     -3.046      7.252    -74.815
 313  308     10.988     11.950    -68.882
  -1   -2     12.438      4.802    -65.258
 247  291      5.963     10.025    -74.303
  -1   -2      0.944     -6.950    -60.327
 805  179     16.005     -6.633    -71.529
 226  193     14.139      9.760    -71.327
  -1   -2      0.548     -2.067    -63.274
 342  346     13.227     10.723    -67.696
  -1   -2     -6.259      6.765    -67.222
 380  491     -3.532      7.040    -69.982
 448  427      4.110     -4.115    -73.806
 306  228    -11.674      1.807    -67.280
 371  332     15.468    -11.454    -68.884
  -1   -2    -13.287      3.134    -77.747
 203  302     16.348      4.260    -65.013
  -1   -2      0.055      8.451    -65.149
 707   -2      4.039      1.602    -75.656
 334  172     10.643     -3.462    -70.126
  -1   -2     13.809      2.381    -60.303
 346   -2     11.166      3.391    -62.849
  -1  445    -11.528      9.628    -69.494
  -1   -2     -4.519     -5.111    -63.666
  -1   -2     -7.051      0.765    -65.216
 274   -2    -14.090     -1.105    -70.672
 632   -2      5.839      0.859    -62.956
 515  345     16.037     -7.529    -70.754
 459   -2      5.417      1.020    -74.006
 358  314     14.612     -3.365    -66.319
  -1  309    -11.075      3.960    -67.465
  -1  295    -15.073    -10.333    -72.303
 739  325      9.181      8.657    -69.332
  -1   -2      0.121      5.758    -57.963
  -1   -2      7.513    -11.780    -67.606
  -1   -2    -11.089     -3.039    -76.412
 360  273     -2.259      1.031    -72.968
 294   -2      4.474     -9.141    -68.296
 315  686      3.303     -8.037    -63.491
  -1   -2      3.178     -6.966    -59.492
 319  761     14.295     -5.448    -70.648
 580   -2    -14.340      3.699    -69.638
  -1   -2    -13.836      8.789    -70.887
 366   -2     10.350     -7.846    -66.319
  -1  336    -10.369     -7.038    -65.957
  -1  359      4.706    -12.057    -63.422
  -1   -2     -9.217      0.667    -76.666
 327  510    -10.369     11.329    -75.247
  -1  233    -13.749     -0.863    -68.029
  -1   -2     -6.848      6.993    -64.918
 359  343    -13.102     11.968    -68.732
  -1  661      1.383     -5.704    -74.334
 301  357     13.510      3.338    -64.310
 694  347     -8.004      6.718    -66.690
 304  790      2.018     -7.848    -66.604
  -1   -2     14.064    -12.351    -74.836
 338  621     12.720     12.040    -71.578
  -1  252     -4.937      6.673    -74.327
  -1   -2     -2.057     -6.451    -72.316
 348  329     14.084      0.419    -63.364
 504  312      4.686      8.875    -60.841
  -1   -2      7.529     -5.920    -75.092
  -1  353     12.302     -8.307    -65.942
  -1   -2      8.365      2.193    -65.267
  -1   -2      1.049     -0.963    -57.682
  52   -2     -0.171      2.185    -73.497
 100  363     -2.145      7.316    -68.917
 224   95      9.265     10.591    -68.021
  -1  372     -5.411     -9.332    -69.760
  -1   -2     -5.995      7.475    -68.463
 492  597    -13.746    -11.689    -67.882
  64   -2     -8.143     -9.313    -67.225
  -1  364     -3.410    -11.674    -73.978
 377  379     -7.492      7.579    -70.981
 379   28     -7.828      5.190    -69.459
 154  384      2.666     -9.938    -71.082
 436   -2     -6.471      7.669    -60.341
 390  821      1.140     -8.741    -71.332
 375  795     -5.506    -10.022    -77.572
 403   -2     -7.423     -1.438    -62.073
 608  578     16.423     -1.857    -74.664
 385   -2    -10.282      1.967    -71.707
  -1   -2    -11.378     -5.726    -78.954
  -1   -2      0.150      6.257    -66.195
 819  113     -7.574      7.757    -71.958
  -1   -2      6.842     -5.013    -75.900
 182  778      9.992     -3.380    -74.873
  69   18     -2.712      0.516    -71.729
  -1  526      5.799     -6.937    -75.493
 393   49    -11.932    -11.029    -69.393
  -1  142      3.492     10.184    -69.938
  -1   -2      1.916      9.157    -61.082
  -1  267    -13.463     11.904    -66.717
 769  376     -4.538      0.514    -70.668
  -1   -2      8.029     11.179    -60.950
  -1   -2     -0.010      8.570    -62.231
 398  405      7.315      9.558    -71.216
 522  474      4.511     -1.105    -71.959
  -1  378     -8.306     10.510    -74.363
  -1  100      4.565    -10.291    -65.394
 246  784      0.438     -6.638    -77.039
  -1   -2     -7.121     -1.547    -71.105
  17   -2      3.879      7.563    -74.356
 333  792     -4.186     -9.698    -76.621
  -1   -2      2.700      0.839    -65.912
  -1   -2      1.996     -9.568    -81.533
  -1   -2     -1.590     -7.522    -53.081
 381   -2      1.497     -3.655    -75.357
 170  413      7.021     -9.041    -64.141
 411  108     -8.748     -1.997    -66.876
 687  386     11.989     -4.114    -63.447
  -1   -2    -10.888     -5.732    -56.677
  42   78      6.190      2.001    -65.611
  -1   -2      2.324      1.736    -62.568
 105   98      4.698    -10.036    -67.709
 416  402     -3.356     -4.076    -69.911
 430  170     -8.777    -11.160    -69.043
 233  371     -3.395     -4.632    -72.189
  72  149      1.446    -12.232    -64.061
 628  683     -7.472      7.060    -73.108
 550   -2      8.695     -4.133    -60.509
  -1   -2     17.655      2.992    -67.310
  -1   -2      5.977     11.888    -73.117
  -1   -2     -5.632      8.696    -73.141
  -1   -2     -1.227     -1.579    -61.507
 581  809     17.184     -9.567    -74.708
 133  121     -2.293      3.712    -61.443
 290  203     17.298     -6.826    -72.328
 453  166     16.500      7.408    -65.749
 478  392    -13.751      7.071    -74.928
  -1   -2     11.549     -0.077    -78.476
  -1   -2     -8.285      6.811    -59.399
 104   66     -9.420     12.450    -69.708
 421  434      7.446     -8.792    -66.693
 431   -2     -1.542     -0.826    -57.749
  -1  375     -1.905    -11.389    -75.900
  -1   -2     -0.805     12.257    -61.739
  -1   -2     -8.758     -9.506    -64.151
  -1   -2     -4.478     -3.915    -60.339
 149  138      0.574     10.711    -69.297
 217   70    -10.493     -6.042    -68.216
  -1   -2     -3.714     10.788    -55.292
  -1   -2     -1.510      5.287    -62.667
  -1  494     -1.061      7.126    -59.543
  -1   -2     -4.585      6.529    -58.359
  -1   -2     15.693     11.030    -67.360
 510  431    -15.339     -6.858    -68.689
  -1   -2     -9.824     -7.669    -69.564
 235  412     -6.322     -8.472    -66.245
 456   -2     -8.057     -5.395    -62.819
 258   -2      6.648    -13.127    -69.336
  -1   -2     13.416     -1.618    -57.998
  -1  399    -11.566     -8.159    -65.418
 144  268     12.809     -1.231    -69.629
 544  188     -9.363     -4.063    -62.869
   8  770     -2.405     -3.493    -69.883
 503  801      9.055     -7.263    -61.907
 534   -2     -6.390      0.533    -61.034
 595  615    -10.667      5.441    -66.140
 461  289     13.553     11.296    -66.888
  -1   -2     -5.553      8.099    -64.689
 267  231    -10.440      4.235    -64.599
  -1   -2     -0.732     11.507    -61.791
 263  465     14.873     -6.682    -71.782
  -1   -2     -1.835     -2.386    -60.556
 785   -2     -5.840     -9.838    -68.916
 463  419     -1.662      5.265    -64.008
  -1   -2     -8.879      0.580    -61.182
  -1   -2      7.746     11.496    -65.808
  35  488     -2.988      8.666    -66.599
 633  812      9.418      2.867    -73.140
 279  788     -2.420      3.261    -64.229
 134  459     11.148     -3.905    -70.123
 489   -2      3.618     11.022    -63.065
  -1   -2     -5.736     -8.310    -55.789
 445  469     13.120     -8.390    -65.065
  -1   -2     -8.740     -3.610    -66.792
 789  818     -0.806     -6.732    -62.106
  -1  221      8.778     -3.006    -64.214
  -1   -2     -3.462      5.151    -67.486
 426   -2     -5.695      6.759    -63.167
  -1   -2     -5.638    -10.330    -64.253
  -1   -2     -9.453     -7.050    -56.446
 250  495      2.544     12.485    -60.559
  -1   -2     -7.439      3.808    -62.030
  -1   72      0.784      6.899    -63.140
  -1   -2      7.118     11.678    -63.363
 307  611      2.242      5.184    -74.932
  -1   -2     -7.606     -0.411    -60.112
  -1   -2      8.737      9.899    -64.465
 573  646      9.541     -3.399    -73.646
 177  227     -9.227     -4.205    -70.533
  -1   -2     -6.650     -9.532    -63.268
  -1   -2     -6.165      7.282    -58.237
  -1   -2     -3.417     -8.616    -61.560
  -1   -2     17.178     -7.022    -75.217
  -1   -2     -6.633     -9.653    -88.088
  -1   -2      8.272     -8.517    -69.534
 529   -2      7.840     -7.446    -62.931
  -1   -2     -7.033     10.683    -66.132
  -1   -2     -7.056     12.300    -64.141
 452   -2    -11.800    -11.125    -66.254
 260  502    -10.827      8.127    -64.433
 435   -2     12.244     -7.271    -65.696
 257  785     -5.110    -11.174    -60.423
  -1   -2      3.018     -9.354    -58.396
 469  799     -7.244     10.894    -67.147
  -1   -2     -5.377     10.841    -75.673
 547  565      7.156     -8.172    -61.947
 530  532     -6.812     10.306    -66.957
  -1   -2     -9.675     -7.784    -86.147
  -1   -2      0.949      5.502    -67.293
  -1   -2     17.117      4.928    -69.421
  -1   -2      5.012     12.474    -60.434
  -1   -2      2.211      3.548    -64.758
 248   -2     -7.050      5.126    -76.063
 523  804     14.130     -4.954    -75.402
  -1   -2    -14.603    -10.281    -76.562
 496  456     14.641    -12.845    -67.394
  -1  174      5.620     10.062    -60.430
 244  401     -3.977     -4.136    -72.278
 472   -2      7.881    -11.611    -66.739
 259  264    -11.730     -4.168    -68.694
 609  519     -6.875     -7.234    -77.132
  -1   -2     -0.896      6.116    -63.528
 493  235     -9.269     -1.590    -66.744
  -1  369    -14.477     10.129    -76.213
 126  435     -1.190      0.308    -65.187
 498  486     10.010    -12.190    -67.228
 414  513     -1.950     11.633    -72.835
 795  284     -4.178      9.631    -74.878
  -1   -2     -9.814      4.207    -74.088
  -1   -2    -12.034     -5.558    -61.493
  88  681     -1.453     12.351    -72.659
 704  813     13.233     -6.527    -73.959
  -1   -2     15.496      5.373    -62.634
 499  490    -12.164     -1.042    -61.927
 253  167    -11.827      8.803    -75.304
  -1   -2     14.774      1.947    -82.424
  -1   -2     11.728      1.562    -75.042
 286  633      3.630     -3.171    -67.306
 597  811    -14.933     -9.177    -69.831
  -1   -2      0.639     12.121    -73.932
  -1   -2    -10.321      4.527    -67.689
 417   -2     13.362    -12.463    -66.286
  -1  236     10.707      2.143    -62.654
  -1  338    -14.771     -3.757    -68.771
  -1   -2      8.016     -1.689    -62.530
 194   -2     -2.829     12.295    -72.010
  -1   -2      7.686    -13.164    -65.306
 277  248     14.668     10.850    -68.805
 528  234      2.271     -7.445    -61.478
 600  542    -11.525     -9.852    -72.730
 531   -2     -9.617     11.123    -57.136
  -1   -2     -3.131     -6.454    -77.465
  -1   -2    -12.188     -0.976    -60.133
  -1   -2     -1.190     -6.658    -57.099
  -1   -2     12.739     -9.976    -62.742
 308  546     14.675     -3.776    -69.541
  -1   -2     -5.532     -8.215    -64.141
  -1   -2      3.361     10.755    -62.453
  -1   -2     -4.714      1.611    -69.026
  -1   -2      6.849     -6.586    -58.001
  -1  333    -11.520     -2.867    -62.123
  -1   -2    -13.884      3.080    -87.614
  -1   -2     16.664     -1.029    -66.443
  -1  218    -14.707    -10.942    -71.679
 553  807      5.963      3.803    -58.716
  -1   -2      8.014    -12.749    -72.167
 619  380     -8.097      9.543    -64.463
 476  822     -3.629      5.954    -60.600
 420  760      1.623      0.830    -65.097
  -1   -2      0.285     -9.886    -76.222
 536  210      9.622     10.273    -69.703
  -1   -2    -11.675     -9.522    -61.526
  -1   -2      6.688     -2.121    -60.278
 275  452     -0.497     12.632    -62.573
  -1  196      4.621     -5.651    -60.343
 205  444     14.856      2.388    -68.984
  -1   -2    -10.106      6.513    -58.612
  -1   -2     -8.155    -12.929    -65.276
 297  789      7.980      3.928    -62.933
 458   -2      6.367      4.353    -61.233
 281  250     13.451    -11.829    -68.304
  -1   -2    -14.093     -0.300    -68.805
  -1   -2     -4.530     10.172    -54.410
  -1   -2     -1.239     11.196    -69.152
  -1   -2      3.162     -5.150    -57.265
  -1   -2      4.928     10.876    -67.612
 607  558     17.824     10.973    -67.444
  -1  603     17.400      8.162    -68.026
  -1   -2     -3.269     -9.769    -77.872
  -1  385      4.687    -12.352    -72.285
  -1   -2     -6.053     -8.556    -67.087
  -1   -2     -2.844     11.540    -73.536
  -1   -2      4.162      5.522    -59.949
 560   -2      8.553     -2.284    -73.274
 291  619     11.645      3.685    -61.897
  -1   -2     -6.447     12.753    -62.168
  -1   -2      7.333     -0.424    -57.584
  -1   -2      0.132      2.098    -61.127
 556  808    -15.084     -8.414    -68.697
 591  810     14.951      8.862    -73.778
 557  557     11.119      5.013    -64.308
  -1   -2      5.445      2.190    -58.879
  -1   -2      1.322     -5.091    -58.830
  -1   -2     -0.560    -10.566    -58.465
  -1   -2     13.359     -4.076    -74.990
  -1   -2     -5.517     -2.079    -60.980
  -1   -2     12.279      4.833    -65.424
 576   -2     -9.890     -1.255    -67.946
 299  554     14.597      2.539    -73.755
  -1   -2      8.280     -0.737    -61.773
 171  254     15.815    -11.005    -71.330
 566   -2      5.276     10.473    -61.026
  -1   -2     14.066     -6.258    -60.505
 563  650     13.668      0.392    -68.299
  -1   -2    -13.621     -5.865    -68.543
 803   -2     -6.161     10.098    -62.330
 278   -2     -0.594      7.087    -76.286
  -1   -2     -1.634      6.521    -62.192
  -1   -2    -11.449     11.539    -67.463
  -1   -2      8.497     -8.653    -65.926
 284   -2      9.396    -12.114    -68.759
  -1   -2     11.408    -12.537    -73.296
  -1   -2     11.357    -12.363    -73.452
  -1  547     -0.976      9.986    -60.302
  -1   -2     12.243      4.596    -77.581
  -1   -2     -8.709     -8.533    -57.569
  -1   -2    -10.666    -10.344    -60.490
  -1   -2     -8.464      6.202    -59.752
 231  783     -4.096      1.696    -65.261
  -1   -2      1.869     -6.700    -65.625
  -1  320      4.270    -13.229    -67.178
 650  690      8.020     11.149    -68.235
  -1   -2     -4.445     -0.654    -59.988
  56  449     -8.900      0.000    -71.176
  -1  310      2.973      0.890    -65.410
  -1   -2     13.109    -10.769    -65.409
  -1  197      1.967     -8.231    -65.660
  -1   -2     -4.084     -0.553    -65.901
  -1   -2     14.369     -5.430    -82.162
 314   -2     11.480      7.165    -64.618
  -1   -2     -1.859     11.960    -70.164
  -1   -2      8.195    -11.513    -69.638
  -1   -2      7.623     -5.166    -70.905
 243   -2     11.512      5.274    -62.460
 787  479     -7.394      9.685    -77.107
  -1   -2      6.064     -2.355    -63.111
  -1   -2     -2.568    -11.203    -74.100
  -1   -2      6.297     -2.947    -76.171
  -1   -2     -8.040     -1.628    -82.064
  -1   -2     -2.928      3.568    -63.019
  -1  693     10.502     -6.887    -74.088
  -1  609     -9.183     -5.611    -63.430
  -1   -2     16.241     -2.898    -62.806
  -1   -2     10.460     -1.034    -76.756
 567  662     15.810     11.624    -72.349
 652  296     17.358      7.484    -69.053
  -1  654     12.968     -0.895    -59.796
  -1   -2      5.088      8.953    -76.786
  -1   -2      6.114    -10.758    -66.653
  -1   -2      3.955     -0.933    -71.955
  -1   -2     15.784     -9.083    -71.807
  -1   -2     14.284     -2.718    -66.936
 599  613     17.717     -3.819    -70.548
  -1   -2      6.008     -8.582    -57.394
 812   -2     15.025      9.975    -64.140
  -1   -2    -13.848      8.069    -81.478
  -1   -2    -10.822    -10.123    -56.875
  -1   -2     14.244      4.026    -73.511
 295  687    -13.615      5.656    -70.846
  -1   -2     -7.482     -5.651    -59.631
 462  640     -9.968      4.348    -61.675
  -1  475     -5.322      7.581    -65.065
  -1   -2     11.381     -5.200    -63.302
  -1   -2    -13.227      6.991    -75.054
  -1   -2     -1.594     -2.285    -61.667
  -1  281      1.423     10.930    -74.489
  -1   -2     -7.732     -5.394    -58.050
  -1   -2    -12.541     -5.389    -76.884
  -1   -2     12.968     10.733    -62.498
  -1  562     -9.135    -12.815    -65.349
  -1   -2    -12.556     -9.936    -75.595
  -1   -2     -0.412     -1.217    -86.007
 796  534      9.017     -4.417    -62.925
  -1   -2     -4.945      3.928    -76.547
  -1   -2     16.740      1.160    -76.320
 367  246      8.061     -3.930    -75.247
  -1   -2     -2.396     -9.570    -72.336
  -1   -2      9.122    -12.956    -69.950
  -1   -2     -5.176    -12.730    -67.600
  -1   -2     -4.376     -3.813    -56.984
  -1   -2     -5.314      5.347    -65.567
  -1   -2      2.572      9.223    -61.258
  -1   -2      5.587    -11.914    -72.124
  -1   -2     -9.842      4.750    -64.075
  -1   -2    -10.429     12.121    -65.858
  -1   -2      0.666     10.051    -66.677
  -1  577     14.579     -9.054    -68.480
  -1  612     17.183     -1.034    -76.355
  -1   -2     -0.702    -10.040    -67.802
  -1  657     -9.209     10.664    -76.267
  -1   -2     12.867      9.529    -60.531
 817  660     -5.623      5.785    -65.921
  -1   -2     -0.625     -5.032    -60.980
  -1   -2      8.035    -10.974    -64.112
  -1   -2    -12.411      5.626    -71.477
  -1   -2    -11.175     -5.633    -80.339
  -1   -2    -14.282     -0.835    -71.454
  -1   -2     -3.803      4.668    -54.787
  -1   -2    -14.065     -1.105    -67.811
  -1   -2     12.868     -6.063    -83.241
  -1   -2     -9.400     -1.855    -86.563
 669  656     15.410     13.236    -65.448
  -1   -2     -4.866     -4.887    -83.023
  -1   -2      1.511    -12.852    -69.049
  -1   -2     12.483     -6.797    -57.092
  -1   -2      8.293     -7.487    -54.427
  -1   -2     -0.676      3.878    -61.898
  -1   -2      8.032     -7.369    -73.999
  -1   -2     -3.466      5.575    -62.468
  -1   -2      3.873      4.307    -83.180
 347   -2     -1.428      4.303    -73.857
  -1   -2      6.227    -11.164    -75.391
 587  652    -15.277     -2.096    -76.723
  -1   -2    -15.961      3.539    -73.007
  -1   -2     -0.420     -4.308    -74.805
 741  348     12.645      7.520    -63.097
  -1   -2      7.415     -8.296    -75.294
  -1   -2     -2.625     11.298    -64.741
 724  702     11.029      1.752    -64.026
  -1   -2     14.539      0.611    -61.688
 340   -2      5.695    -12.337    -72.820
  -1   -2    -13.623     -0.176    -67.414
  -1   -2    -13.777     -0.199    -78.053
  -1   -2      2.044    -10.897    -77.647
  -1   -2     11.580     10.071    -55.990
  -1   -2     16.931      3.426    -88.202
 353  128     12.787     -9.601    -68.756
  -1   -2     -1.505     10.128    -53.727
  -1   -2      5.160     -3.092    -61.037
 828   -2     16.215     -8.740    -68.824
  -1   -2     13.504     12.000    -68.998
  -1   -2      8.438     -7.477    -68.165
  -1   -2      6.299     10.841    -68.221
  -1   -2      6.158    -11.868    -64.923
 712  815     -1.246     -3.187    -70.616
  -1   -2     10.253     -3.878    -82.537
  -1   -2     13.309      6.455    -75.025
  -1   -2     -0.404      7.558    -54.685
  -1   -2    -12.501      4.614    -62.640
  -1   -2     15.132    -13.267    -72.896
  -1   -2     -6.134     -5.353    -69.774
  -1   -2      4.440      0.772    -76.481
 746  713      8.760    -10.960    -72.637
  -1   -2    -12.213      5.542    -68.227
  -1   -2      4.906     -7.726    -60.361
 370  794     10.402     12.694    -63.826
  -1   -2      3.039     -4.325    -73.226
  -1  714      5.093      7.837    -65.192
  -1   -2     13.605      2.785    -84.130
  -1   -2      3.150      9.696    -82.837
  -1   -2      1.160     -8.860    -64.187
  -1  672      7.235    -11.695    -65.716
  -1   -2      8.598     -8.820    -55.606
  -1   -2     12.993     -4.741    -65.944
 676  326     -0.993      9.004    -62.371
  -1   -2    -10.079     -1.982    -59.893
  -1   -2     -6.487     -2.369    -72.204
  -1   -2      3.685      5.858    -71.451
  -1  717    -11.187      8.329    -85.894
  -1   -2      1.179     -9.601    -72.056
  -1   -2    -14.772     -6.037    -81.357
  -1   -2    -11.306    -11.854    -70.055
  -1   -2     -9.681      9.417    -73.018
  -1   -2      1.370      6.501    -71.554
  -1  766    -15.482      1.966    -77.212
  -1  741     16.673    -10.352    -67.136
  -1   -2      2.889     -8.669    -54.490
  -1   -2    -11.103      2.868    -72.905
  -1   -2     -3.250      7.824    -56.401
  -1   -2     -4.761     -0.883    -57.726
  -1   -2      9.459     11.525    -59.866
  -1   -2      1.624     11.236    -74.323
  -1   -2     11.966     -4.618    -62.733
  -1   -2     -6.263    -12.417    -66.924
  -1   -2     11.038      9.610    -65.407
  -1   -2     -6.924      5.741    -78.846
  46   -2      2.727      8.566    -64.234
 425  797      7.376      9.936    -65.807
 268   -2     -2.302    -10.021    -72.035
 428  403      2.644     -4.809    -76.826
  -1   -2    -11.797     -4.816    -75.732
 195  780    -12.137      0.954    -73.263
 543   -2    -10.703     11.456    -62.571
 302  242     15.348      8.342    -68.379
 804  211     13.897     -2.420    -68.884
 331  638      7.207      5.827    -65.188
 442   -2      2.208     10.712    -63.951
 245   -2      2.729    -10.971    -70.240
 658   -2     -0.556     -7.147    -61.288
 427  798     12.644      2.540    -72.136
 386  397      6.673     10.022    -69.133
 791  819     -2.299      9.588    -74.494
 790   94     -5.320     -1.845    -72.868
 145  393     -6.480      0.837    -68.432
 518  803     14.138     -1.830    -75.515
 418  438     -4.342      8.574    -61.195
 559  305     -7.200      8.848    -62.898
 112   -2     -3.821      5.184    -60.021
 446  645     11.183      7.173    -70.851
 119   -2     10.863      8.850    -70.973
 780   -2      2.667    -12.410    -65.349
 488   -2      4.020      0.893    -58.279
 645  664      7.860     -7.950    -73.847
 797  290      0.961      5.031    -73.810
 811  135     -7.389     -2.828    -74.487
 362   -2    -15.142     -9.924    -76.379
 365  512     -5.284      7.832    -66.426
 706  814     13.172      5.008    -74.228
 815  276      1.851      5.628    -68.319
 736  816     -6.001      4.706    -64.670
 602  437     -7.074     -7.254    -65.372
 806   -2    -12.883     -4.217    -74.596
 549  468    -11.564     -7.498    -62.122
 666  271    -13.908     -7.178    -71.636
 818  820     15.396     -7.680    -75.007
 256  383      9.407     -1.923    -69.865
 298   -2      2.612      3.945    -60.390
 336  299     -2.372    -10.608    -64.660
 345  130     12.072      0.911    -73.888
 482  823     -5.099     11.888    -69.228
 634  311    -10.321     -3.630    -66.624
 784  824     -5.383     -0.227    -68.041
 824  825     15.913      9.005    -69.824
 826  826     15.322     -7.257    -72.290
 827  827     -7.835     13.194    -71.284
