807
   6   15      6.026     -2.548    -73.534
   0   14      9.280      1.880    -69.424
  65    1     -3.834      4.593    -71.929
   7    8     -0.984      5.233    -70.629
   5    0      5.760      2.001    -72.791
  11   43     -9.176      4.407    -73.520
   8   37      6.900      6.196    -68.271
   3    6      0.200      8.536    -68.103
  14    7     -1.992     -1.885    -71.953
 373  364     -8.401      9.524    -68.493
 383   19      1.836      6.461    -69.959
  40   38      5.757     -6.319    -72.826
   4   20     -5.425      4.727    -71.684
  22   81    -15.700      9.779    -72.878
 381  118     -3.532     -9.506    -72.310
  27   30    -12.407      8.977    -68.905
  30  369     -3.549      2.183    -67.445
  89  173     -0.366     -9.095    -70.075
 406  451     -5.208     -0.310    -70.418
 218  200    -11.403      7.258    -75.252
 368   42     -3.661      8.684    -67.588
  33   23     -4.618      4.918    -64.127
 359   33     -2.706      5.762    -73.208
  19   25      1.731      8.936    -67.594
  13   26    -10.576      9.704    -70.872
  25   61    -14.541     -6.213    -72.080
  61  378     -2.731      1.121    -65.767
 501   46     -1.578      0.306    -72.030
  12    5      3.365      2.586    -69.618
  28   57      7.625      6.595    -66.725
  47  252      1.141     -4.442    -73.789
 363   65     10.366      3.234    -72.666
   9    3     -0.855     11.492    -68.479
 221   39    -11.232      6.824    -72.584
  49   28     -3.599     10.591    -67.400
  70   62      4.458      6.791    -67.253
  73   89     -0.035     10.142    -68.755
  71  318      4.657      8.822    -71.121
  48   59     -1.639     12.812    -67.209
  10   18      2.153      2.086    -69.178
  87   10     -2.911      8.515    -68.898
  34   34      1.450     11.589    -66.860
  -1  363      6.001      7.489    -75.706
 386  215      6.199     -7.578    -71.270
  31   80     -6.577     11.833    -68.552
  60   32     -0.624      6.221    -66.342
 246   -2     -7.141    -10.194    -73.765
  52   11      8.186     -0.430    -71.671
  56   21     -0.356      4.031    -66.478
 134  365      5.761      3.002    -72.303
  29  221    -10.665      7.167    -67.996
  35   71     -7.330      2.703    -65.161
  39   67     -7.064      7.980    -64.587
  -1   -2      2.342     -1.689    -66.621
  59   40      1.756      0.799    -67.367
  72   60     10.001     -2.389    -70.009
  37   73     -2.438      0.271    -65.109
 165  106     -9.634     -1.793    -73.478
  -1   -2     -2.287      5.936    -64.323
 414  175     -5.838      5.174    -70.325
  64   87      9.087     -7.700    -69.165
  85   77     -7.940     10.964    -66.284
  42   56      4.874     -5.743    -67.585
 746  119     -9.094     -6.894    -70.226
  54  389     -7.216      5.604    -63.481
  18   35      7.528     -2.621    -70.939
 472  390     -3.907     -4.636    -62.092
 187   74    -13.420     10.618    -71.929
  55   88      4.682     -8.903    -68.958
 601    9      8.578     -1.595    -70.398
  94  112     -5.785      9.480    -62.594
  79   44    -12.825     -0.964    -71.460
  82   68     -9.345     -4.822    -67.939
 153   85    -12.394      4.448    -70.918
  46  101     -7.486    -12.172    -68.672
 222  135     10.106     -1.937    -63.932
 123  104     17.113      8.906    -68.874
 205   72    -10.782     -0.656    -75.003
  53  761      1.664     -9.135    -66.503
  68   82      1.566     10.357    -65.915
  67  199      7.448    -10.348    -69.537
 361  799     -8.707      5.962    -64.792
  57   90    -10.044     -6.612    -67.832
 151  138     14.783      3.723    -68.170
 119  111     12.193     11.535    -67.441
  97  129    -12.100      7.326    -70.767
  -1   -2     -9.985     -4.237    -76.790
 141   63      4.832      5.714    -66.090
  66  122     -1.581     11.417    -65.576
  -1  116     -6.874     -8.392    -67.815
 385   95     -7.035      3.028    -68.933
 125   -2    -13.006     -3.284    -70.659
 140  137     -2.843      9.715    -62.353
  98   76     12.988      1.584    -67.101
 124  121      0.923    -10.903    -65.488
   2  371      0.633      4.002    -72.695
  51  160      0.812     -9.458    -68.938
 236  521      6.665     10.086    -70.189
 761  155     -5.623      8.431    -63.215
  -1  103      6.529     -7.964    -69.655
  23   99      9.972      4.859    -72.117
 121  124     12.656     -5.589    -66.129
 203  370      7.938     10.738    -63.007
  45  126      2.781      1.349    -74.016
 114  202    -12.625     -8.014    -67.776
  91  113     11.639     -3.084    -64.879
 112  125     -0.336     -3.687    -64.828
 254  161     -6.906     -4.262    -75.037
 456  147      9.480      4.157    -63.597
 241  128    -11.694      5.466    -68.665
 143  381     -8.352      1.913    -66.753
  63  194      9.677      7.626    -69.002
 223  108    -13.882      5.041    -73.572
 164  392      6.009    -10.149    -66.725
 152  145      8.524      6.313    -65.819
  38  185      9.972     -0.296    -67.760
 522  430      5.226     -5.385    -62.028
  -1   -2     -1.586     -9.705    -63.529
  77   83     -1.573     -7.021    -67.157
  -1   55     -6.083      5.151    -65.715
   1    2     -3.411     -4.071    -73.488
  99  153     -8.321     -7.373    -68.528
  26  545     -7.188     -7.909    -68.661
 175  141    -12.032      3.764    -70.729
  96   79     -1.100     -3.428    -64.394
 207  441     11.998     12.009    -74.357
  -1  177     -9.120     -3.070    -62.551
 149  201      2.853      4.813    -62.760
  80  149    -15.751     -8.936    -72.721
 237  140     -7.318     -5.201    -67.191
  -1   -2     -2.131     -4.442    -63.011
 174  230     -2.840      5.908    -61.992
  -1   -2     -8.197     -6.986    -66.168
 117  765     -1.227     13.348    -64.487
 474  800      7.905     11.889    -65.679
 602  414     -5.977     -4.660    -67.164
 146  222     -3.803      5.997    -62.266
 118   52     -1.517     -6.288    -67.864
 106  400     -5.238     -1.039    -63.574
 101  763     -2.564    -11.150    -74.860
 420  115     -3.796     -9.546    -62.164
 481  259      8.759     -4.186    -62.151
  95  329      9.398      5.825    -69.609
  16   98      0.905    -10.435    -71.971
 281  293     -8.471      7.482    -74.740
 538   -2     -2.022      4.688    -69.507
 195  151    -11.711      4.486    -62.841
 290  136      3.393     12.015    -68.727
  -1   -2    -14.698     -7.620    -74.991
 202  272      4.618     -7.692    -67.831
 103  144      8.256     -0.929    -66.623
 214  210     13.941    -12.832    -69.623
 102  131    -10.652      7.887    -62.829
 388  388      4.108      3.912    -66.763
 155   45      2.999      6.508    -69.530
  -1  308     -8.349      1.756    -65.738
  84  402    -12.419     -0.506    -68.549
 120  105      0.948    -10.219    -65.820
 418  107      9.880    -11.936    -65.790
 238  187     -7.631     -7.015    -68.063
 536  276     -3.738     -5.714    -73.299
 183  314      3.073      0.051    -64.893
 193   64      0.691    -11.503    -68.215
 178  205      5.853    -11.796    -68.965
  -1  368     -5.939     -8.088    -56.865
  -1  571     -5.895     -7.847    -73.655
 158  224     -0.265      3.724    -65.354
 487   -2     -9.296    -12.468    -69.449
  17  198      7.335      6.642    -73.031
 245  150    -15.773      8.877    -73.087
 190  110    -14.840     -9.075    -71.969
 419  316    -10.258     -8.752    -64.123
 179  148     10.404    -11.572    -66.788
 105  166      4.954      9.250    -64.834
 145  123     -2.091    -12.208    -68.811
 457  325     14.678     10.853    -69.112
 136  168      4.244      2.678    -65.084
 462  156      7.341      8.972    -65.287
 201  100     -3.423     -7.848    -68.639
 220  203     14.298      0.831    -68.730
 219  462     -6.391     -1.904    -73.126
 213  236      5.605      2.661    -62.493
  -1   -2      1.949     11.752    -59.321
 191  169      0.531     -2.071    -63.918
 196  167    -11.225     -9.312    -68.220
  -1  158     -5.711     -6.914    -67.707
 243  235      5.016      9.902    -75.520
 156  182     -1.990      7.015    -62.240
  -1   -2      2.397     -4.656    -63.620
 289   92     10.511      5.880    -73.256
 126  247     -9.788     -8.259    -68.777
 287  237      1.066    -11.255    -68.642
 519  157     -3.546      0.127    -67.979
 282  511     10.932      3.010    -67.068
  41  375     -0.893    -10.009    -70.901
 199  196      4.012     -9.092    -65.082
 405  234     11.603     -4.616    -64.782
 194  109      6.333      6.685    -63.739
 257   91     -1.729     12.366    -70.059
 209  209     -1.433    -11.861    -67.806
 326  255      9.121      5.443    -66.313
 226  288      6.058     -6.941    -72.820
  44  258     -6.234     -4.718    -69.387
 315   -2    -10.590      7.050    -62.293
 278   94     15.924      3.610    -68.657
 641  214      9.302      3.836    -67.234
 491  628     -9.410     -9.243    -76.242
 229  256      6.672     -4.911    -63.946
  88  395     15.787      7.385    -68.540
 398  801     -0.825      4.608    -69.254
 139  162     -0.635     -7.273    -69.636
 395  244    -15.940     -7.777    -74.265
 170  245    -14.396      5.003    -69.666
 619  561      5.544      6.144    -73.987
  -1  225      4.715      8.506    -72.519
 272  776     -5.113     -5.447    -69.259
 552   -2     -0.739     -5.176    -68.839
 652  178      1.598    -12.946    -65.383
 142  482     -5.281     11.515    -74.775
 346  340     10.547    -11.604    -70.336
 252  264    -13.065     -9.414    -66.514
 251  341    -14.160      1.592    -75.758
 592   -2     12.260    -11.108    -69.121
 408  559      6.312     -1.009    -75.123
 324  243     17.005     -3.911    -70.202
 477  267      0.352     -2.876    -68.391
  -1   -2     -4.175      3.444    -74.638
 582  278     13.265      6.099    -70.783
 249  771     -6.103     -3.208    -67.569
 208  549     14.659      7.998    -75.398
  -1  570    -13.814      9.986    -68.595
 173  183      9.982      0.204    -68.388
 473   -2      7.086      1.323    -61.849
 402  592     13.968    -10.813    -69.694
 111   51      2.104      7.568    -72.457
 216  555     -4.904    -10.435    -67.031
 250  586    -13.131      3.350    -68.177
  -1   -2     11.019      7.229    -62.970
 292  233      2.265      6.294    -61.328
  -1  290     -7.715      9.599    -60.983
 204   -2     -0.324     -3.267    -60.878
 305  180     -2.619      4.308    -63.356
 283  241     10.063     -7.905    -70.399
  -1  307     -9.487     -2.661    -64.694
 441  785    -13.249     12.096    -72.505
  -1  228      3.381     -6.593    -61.138
 235  195     -1.454      8.350    -64.321
 258  773      5.016      1.588    -61.096
 517  188     -3.113      3.809    -69.600
 309  227     -8.446    -11.282    -68.795
  -1   -2     -6.362      6.406    -60.580
 588   -2     -5.429      7.965    -62.717
 242  575     -4.704     12.268    -74.334
 296  802     12.257     -1.872    -63.725
 150   -2    -13.252      2.281    -67.590
  -1   -2    -12.473      6.234    -77.596
 180  171      5.009    -11.734    -68.914
 284  132     15.584      3.563    -72.679
 323  260     -4.085     -7.710    -68.312
 264  299      0.897      8.512    -62.135
  58  509      8.843      8.597    -64.438
 370   -2      2.788     -3.661    -68.559
 137  231     -0.704      4.672    -73.851
  93  189     10.025      4.931    -67.804
 677  275     12.186     -8.998    -69.271
 130  295     -2.824      1.152    -68.150
  -1   -2     13.681      6.422    -68.794
  -1   -2      4.744     -6.625    -76.831
 485  615     -0.599      0.278    -62.406
 273  280      8.130     -4.573    -65.079
 569  269     12.533     -5.079    -73.860
  -1   -2     -5.121     -4.453    -64.788
 503  277     14.701      6.076    -62.248
  -1   -2     -4.172     -5.813    -60.052
  -1   47    -13.012     -1.627    -72.177
 529  242     15.774      3.088    -68.822
  -1  181      5.744    -10.208    -71.090
 490  525      8.531    -12.329    -71.012
 600  266    -12.809      4.697    -76.128
 224  703     -0.032      7.640    -67.309
 426  289    -12.935     -3.185    -74.179
  -1  239      5.478      0.383    -71.006
 261  537    -13.552     12.942    -65.468
  -1   -2     12.809     12.866    -65.601
  43  117      3.729      1.703    -71.148
 300  596     12.689     -7.284    -66.636
 131  143      0.453     -2.413    -68.599
  -1   -2    -14.931      9.158    -74.540
 163  197      1.250     -3.104    -64.912
 230  530     10.882     -4.911    -65.906
  -1   -2      9.658      9.905    -70.933
 274  303     10.301      7.756    -66.658
 244  311     -8.694      3.614    -68.193
  -1  305      8.790      1.019    -67.440
 240  285    -11.413     -6.116    -65.958
 133  193      9.892     -1.614    -72.214
 483   31      5.072     11.453    -71.388
 228  176     14.659     10.103    -68.367
 322  527      0.083     -9.752    -67.830
  -1   -2      5.199      6.870    -68.975
 631  296     11.462     -1.694    -68.175
 350  315      9.862      3.255    -62.036
 113  546     -7.764      4.901    -76.137
 276  334     13.443     -3.684    -68.524
 127  729      7.409      0.278    -73.527
 212  320     -4.649     -3.037    -77.427
 161  223     -2.463      8.498    -76.198
 316  411    -13.291     12.421    -71.833
 757  261      9.823     -1.170    -62.910
 308  778    -14.016     12.722    -68.743
  -1  139     -0.080      5.081    -61.636
  -1  271      6.386      2.325    -61.571
 416  638     -2.827     -4.922    -74.872
  -1   -2     -9.549     -5.448    -77.482
 168   70      9.746      2.135    -72.083
 611  327      8.679      7.807    -62.844
  -1   -2     11.625      4.049    -65.915
  -1   -2      7.796     -4.271    -61.559
 270  665    -13.938     -6.097    -67.457
 269  344     12.196      0.658    -72.479
 182  270     -8.837      9.568    -75.173
  -1   -2     -6.811     10.502    -62.555
 159  803      0.749      9.082    -74.561
 336  274    -11.331     12.805    -63.890
  -1   -2    -15.875     -9.763    -72.961
 603  647      5.725    -11.087    -62.227
 712  804     13.190     -7.529    -65.367
 348  333     -6.074      4.355    -64.003
  -1   -2     13.268      1.773    -61.068
 695  331     15.301      2.241    -67.037
 255  717      3.037     -8.436    -65.070
  -1   -2      9.886      0.779    -75.076
 303  598     16.913      9.148    -72.668
 714  623      6.340     10.485    -65.244
  -1   -2     -9.836     -7.980    -66.707
  -1   -2     -9.857     -6.382    -78.508
  -1   -2     -0.878      3.982    -62.251
  -1   -2     -6.795     -4.447    -66.061
 763   -2     13.622      8.531    -67.993
 789  798     15.193      8.893    -72.701
 302  294      6.025     11.278    -72.734
  -1   -2     -0.186      5.745    -65.878
  -1  342     12.020     10.065    -64.690
 259  524     15.813      8.393    -72.103
 217  770      0.709     -1.595    -72.958
  -1   -2     -7.880      2.944    -74.943
  -1   -2    -11.248     -6.809    -61.196
 409  349     -1.256     11.837    -75.518
 640  313      7.257     -3.569    -67.646
  -1  670     -0.275    -12.479    -75.377
 634   -2     -2.281     -9.986    -69.489
 293   -2      7.325     -0.170    -67.819
 329  748      4.082    -10.969    -69.967
 493   -2      3.090    -10.022    -76.605
  -1   -2      5.230      1.798    -68.452
 354  350     -7.773     -1.064    -64.231
  -1  348     -8.786      9.350    -65.647
  -1   -2      4.497     -2.313    -69.971
 545  273     -9.648     -0.583    -71.422
  -1  635     -7.165      1.808    -68.483
  -1   -2    -14.572     -4.282    -68.339
  -1   -2      1.568     -1.286    -62.937
  -1   -2    -11.954      6.626    -79.121
 376  394     -6.790      1.582    -75.780
  21  362      5.241     11.047    -73.684
 364   84     -9.789      2.288    -73.174
 266  775     -6.569      6.004    -70.387
  -1   -2     -7.437      9.128    -74.899
 360   66     -3.437      7.099    -68.732
  -1   48      9.618     12.318    -65.084
  -1   -2      0.152     10.418    -77.718
  81  170     -0.568      6.702    -71.490
  -1   -2     -1.017    -10.244    -76.045
 109  405      4.693    -12.742    -67.293
  -1   -2     -4.098      8.431    -63.834
 768   -2     -3.742      4.099    -73.009
  -1   -2      2.435     -5.372    -71.156
 767  391     -2.100     11.451    -70.836
  36   12      1.467     11.158    -69.371
  32   75      0.742      9.053    -68.036
 401   41     -2.455     -6.745    -67.346
 515  790     -7.241     -0.745    -75.954
 513  496      0.956     -9.732    -74.292
 756  557    -14.413     -9.101    -76.724
 389   -2     -6.059      0.524    -76.326
 390  366      5.557     -1.295    -75.516
 225   97     12.293     -1.149    -68.141
  -1   -2     -1.471     -1.606    -68.564
 378  479      2.641     -5.706    -76.715
  -1   -2    -11.747    -11.612    -69.409
 239  516    -14.700      2.305    -76.361
 268   -2     13.420      7.332    -66.576
  76  204     -5.963      8.313    -72.162
  -1   -2     -2.409    -10.170    -59.334
  -1  432      5.037      7.894    -63.823
  -1   -2    -12.259    -12.270    -62.377
 637  262    -14.940     -0.126    -76.446
 377   -2      8.554      4.265    -66.951
  -1   -2     -1.860     -0.726    -64.682
 375  379     -7.538      6.318    -63.851
  -1   24      2.293     -3.768    -69.825
 115  764    -10.678      4.389    -70.179
  -1   -2    -11.423     -3.609    -77.479
 172  165      2.133     -3.294    -66.776
 392  783      8.182     10.217    -61.329
 391   -2     -4.281     -3.763    -69.058
 186   16     -8.961      6.968    -74.936
 399   -2    -12.472     -7.280    -69.316
 709  542    -14.517    -12.070    -76.386
  -1   -2      2.170      1.040    -63.788
 410   -2     -5.680    -11.557    -66.370
 451  437      5.846      6.684    -72.607
 371  467      3.223     12.944    -63.196
 439  438     -1.173     10.638    -59.636
 579   -2     11.012     12.613    -63.660
 429  426      8.449      0.195    -73.805
  -1   -2     -5.463     -1.555    -66.109
  -1   -2      0.845     -5.876    -63.698
 578  174    -12.963     -5.044    -73.848
 430  420    -10.725     12.267    -63.127
  -1   69      1.708     -7.172    -67.221
 747   -2      2.960     -4.646    -67.879
  -1   -2     14.643     -6.567    -69.719
 452  466      7.670     -6.743    -75.081
 256   78      1.107     11.949    -71.373
 489  454     -9.642     -7.255    -66.744
  -1   -2      1.314     12.706    -63.146
 442  382     -8.350     12.660    -59.083
 379  383     12.838     -8.224    -66.805
  69  762     -4.972      0.845    -70.299
 154  449      9.986     -4.469    -71.353
 470  484      2.069      7.403    -76.702
 460  468     16.681     -4.346    -67.201
  -1   -2     -2.734     10.474    -59.332
  -1  208      8.137    -11.650    -62.954
 104  163     -8.009      6.560    -69.001
  -1   -2     -5.595     -8.155    -63.519
 148  766     -7.476      3.435    -61.850
  -1  179      1.146     -3.910    -65.264
  -1   -2     -6.738     10.059    -60.818
  -1   -2    -10.381     -9.176    -65.993
 433   -2      5.372     -4.192    -63.968
 506   -2      9.341      7.876    -61.911
  -1   -2     12.846     -4.925    -67.002
  -1   -2      3.456     11.988    -76.889
 435   -2     -4.804      7.551    -59.744
 271   -2    -13.707      5.870    -76.975
  -1   -2     -4.697     -8.525    -62.581
  -1   -2     -0.755      3.488    -59.486
  -1   -2      2.448    -11.999    -66.327
 595  508     16.461     -2.759    -63.512
 539  538     15.806    -12.260    -72.594
  -1   -2    -10.708     -7.313    -63.598
 475  495     11.972     -0.749    -63.020
 466  443     -8.470     10.344    -70.928
 132   -2     -1.556     -9.174    -63.330
 233  380      6.448      2.701    -67.471
 586  398     11.416     -0.951    -72.794
 210  457      1.296     -0.125    -66.874
  -1   -2      4.850     -5.697    -74.519
 162  218     -4.452     12.234    -63.127
 286  226     -7.407     12.474    -64.017
  -1   -2     -7.973     12.349    -60.062
 116   -2     -2.911     -6.823    -72.213
 498  248      9.976     -0.518    -61.202
  50  361     -2.774    -11.932    -72.674
  -1   -2     16.847      9.255    -75.051
  -1   -2     -9.626     12.563    -71.069
  -1  534     13.550     10.963    -74.669
 260  774     -8.697      1.368    -77.453
 476  453      9.598     10.244    -63.739
 267  232      9.458     10.545    -72.266
 508  211     -1.040     -6.100    -62.752
 189  768      9.667      9.421    -71.032
  -1   -2    -10.295    -12.148    -75.420
 467  491      0.175     10.407    -58.559
  -1   -2     10.640    -12.020    -67.704
  15  416      6.723      2.850    -73.090
 200   27     -9.704     -0.023    -73.382
  -1   -2      6.037    -10.573    -63.469
 495  787      3.461    -10.062    -61.528
  -1   -2     13.751     -0.132    -63.960
  -1   -2     -6.630     -9.534    -59.342
 304   -2    -10.513      1.124    -62.541
 160   -2      7.357     -9.844    -75.883
 298  300    -13.977     -9.034    -74.021
  86  142     -5.486      3.929    -63.648
 192  769      0.156     -3.285    -75.824
 482  284      2.326    -12.527    -68.587
 585  422      3.067     -4.533    -67.358
 288  253    -15.359      6.174    -73.059
 198   -2     -0.490     13.344    -65.231
  -1   -2      7.010     -3.226    -68.829
 206  464    -10.609      9.440    -64.647
 535  476      4.697      1.616    -74.958
 760  796      1.400      5.411    -76.895
 594  588     -8.740     -0.889    -53.477
 557  439     11.284      5.575    -62.736
  -1   -2     -4.341     -7.998    -55.787
 624  617     13.469     -4.260    -66.695
  -1  419     -3.700     -9.425    -77.204
 523  268     14.270     -3.880    -64.723
 285  777      0.596    -11.772    -65.638
  -1   -2     -6.187      4.578    -60.702
 129  560      0.425      1.734    -64.562
  -1   -2     -9.364     -2.024    -70.378
 748  146      4.451      1.521    -65.057
  -1   -2     11.285     -8.983    -66.018
 532  791      6.597    -10.590    -73.870
 380  498     -7.082    -10.166    -57.927
  -1  610      0.696     10.002    -63.015
  -1  184    -13.685     -9.862    -69.732
  -1   -2     -4.263     -7.230    -71.322
 514   -2    -12.128     -5.614    -74.360
  20   -2     -0.233      8.066    -69.372
  90   -2     -3.958     10.855    -60.674
 437   -2    -10.440     -1.981    -73.155
 518   -2      4.645      8.884    -77.308
 312  435      8.252     -4.762    -75.104
  -1   -2     -2.729     -4.771    -62.037
 537   -2     13.717     -2.154    -63.287
 311  154     10.021     -1.104    -65.220
  -1   -2      9.140      1.499    -76.031
  -1   -2      2.485     10.219    -65.093
  -1   -2     12.345      8.781    -70.028
 185  805      7.715      3.008    -75.507
  24  760     -8.929     12.674    -70.859
  -1   -2      5.862     -6.077    -59.390
  -1   -2    -13.177     -3.160    -71.643
 516   -2     11.342     -1.106    -63.448
  -1   -2     11.217     -7.539    -60.988
  -1   -2     -7.543    -12.925    -67.455
  -1   -2     -4.824      2.571    -60.427
  -1   -2      7.238     -7.460    -56.915
  -1   -2      0.744     -3.506    -60.679
  -1   -2     -9.183     -4.867    -76.901
 751   -2     -4.450     -1.298    -76.812
 367  514    -14.237    -12.659    -68.430
  -1   -2      6.937      8.935    -57.031
  -1   -2     -2.943     -7.473    -55.695
 524  503    -12.136    -12.195    -64.490
 407  323      7.959      2.503    -69.209
  -1   -2      1.981      0.503    -67.430
  -1   -2     -0.601    -11.728    -61.156
  -1   -2     -6.358    -11.469    -67.079
  -1  616     10.306    -11.512    -63.305
  -1   -2    -13.996     -9.603    -64.430
  -1   -2      7.141     10.929    -77.063
  -1  469     -6.602     -9.486    -64.418
  -1   -2     -1.671     -0.827    -57.337
 353   -2      8.158     -7.850    -70.943
  -1   -2     -8.589    -12.165    -65.273
  -1   -2     -6.531     -0.862    -69.802
 778   -2     -7.602      4.493    -59.905
  -1   -2     -3.875     -3.595    -75.852
  -1   -2    -14.752     -9.919    -76.508
  -1   -2     -2.864      0.748    -58.678
  -1   -2     -2.413     -8.019    -61.775
  -1   -2    -14.289    -10.900    -84.449
 215   -2     10.377     -6.169    -71.937
  -1   -2     -1.186     10.165    -59.667
 301  412     17.878     -5.497    -69.628
  -1   -2     -3.013     -9.354    -62.156
  -1   -2     -4.754      4.313    -65.760
  -1   -2      0.322    -12.275    -68.091
  -1   -2    -14.728      7.694    -71.169
  -1   -2     -4.624     -9.265    -59.127
  -1   -2      1.728     -9.176    -57.495
  -1   -2      4.243      6.462    -63.456
 144  309     12.292     -4.096    -68.518
  -1   -2    -11.443     -9.138    -63.821
  -1   -2     -6.878     -8.486    -70.350
  -1   -2    -11.064      6.685    -58.962
  -1   -2     13.724      4.610    -61.200
  -1  622     15.331     -6.028    -65.418
 138   96      0.709      7.094    -63.550
 561   -2    -10.319    -11.007    -77.000
 369  373    -11.700    -11.563    -73.323
 526  475     16.995     -7.717    -67.428
 540  487     -7.556      7.352    -60.328
  -1   -2     10.420      6.365    -60.529
  -1   -2     13.727     -5.578    -75.024
  -1   -2    -12.854     -5.624    -71.709
 567  565     17.558    -10.192    -70.542
  -1  455     -6.560      4.617    -70.813
 550   -2     -1.384     12.967    -61.598
  -1   -2     -8.109     -3.633    -56.318
  -1   -2    -16.125     -5.006    -74.740
  -1   -2      9.203     12.254    -69.839
  -1   -2     -7.282     10.237    -60.202
  -1  399     -4.945     -8.781    -75.679
 511  513     12.594     -8.959    -66.085
 263  528     -2.817      5.457    -71.886
 720   -2    -12.828    -11.919    -77.154
 297   -2    -11.071     -9.375    -75.078
 617  624     -4.877    -11.969    -74.507
 675  572     11.534      8.582    -62.101
  -1  339      3.496     -3.872    -66.859
  -1   -2     -6.764     11.193    -70.323
  -1   -2     -6.786    -10.176    -57.278
 775  220    -13.616      9.567    -73.018
 580  576    -12.914      4.874    -68.321
 319  580      7.621     -5.547    -61.709
  -1   -2     16.330      0.566    -67.862
 227  699     13.738    -11.762    -76.123
  -1  472     13.417      7.882    -72.780
  -1   -2     -0.140    -11.894    -64.229
  -1  249     -8.211      1.476    -60.041
  -1   -2     13.254     -2.797    -74.679
  -1   -2     14.664     -6.616    -63.702
  -1   -2     -0.340     -1.026    -80.955
 542  504    -15.618     -2.549    -71.459
  -1  645     -0.517      1.949    -77.053
  -1   -2     -8.168     -0.190    -74.577
 337   -2     -8.338      0.870    -63.988
  -1   -2     -3.654     -1.670    -57.689
 728  795    -12.590      7.906    -73.321
 560  591     -5.509      9.390    -75.645
  -1   -2      6.821    -11.578    -58.715
  -1   -2     12.889      0.815    -64.275
  -1   -2     -1.756      1.838    -61.301
 653  708      0.764     12.116    -71.270
  -1  535      2.457     -3.109    -70.924
  -1   -2      8.736     -7.166    -60.046
 347   -2     12.279     10.977    -63.758
  -1   -2     17.233     -3.480    -67.163
  -1   -2      5.436    -10.974    -60.942
 211   -2      7.846      5.617    -60.681
  -1  642     -1.834      8.449    -60.180
  -1   -2     -1.800     -2.274    -55.980
  -1   -2     -3.953      4.504    -60.894
  -1   -2     11.608    -13.321    -64.683
 599  304      3.272     11.524    -71.764
  -1   -2      8.658     -9.558    -58.836
  -1   -2      3.775      3.513    -60.986
 573   -2     -3.961      8.038    -64.102
 583   -2      6.371    -13.258    -62.903
 770  806     12.226     -2.829    -62.518
  -1   -2      3.273     -8.175    -58.817
 697  691    -13.328     -0.752    -63.973
  -1  433    -13.168    -10.158    -76.461
  -1   -2      6.122     -6.736    -59.108
  -1   -2     16.008     -3.525    -64.526
 575   -2      8.961    -11.238    -64.553
  -1   -2     -4.406     -2.620    -60.590
  -1  360     -0.227      6.772    -72.945
  -1   -2    -11.299    -11.732    -63.186
  -1   -2      2.570    -11.648    -76.858
 764   -2    -14.082     -2.331    -70.802
  -1  631      1.179     -9.650    -68.635
 581  306      4.305    -11.616    -67.363
 687  263     -8.470     -7.994    -66.122
  -1   -2      4.212     -5.981    -63.510
  -1   -2      8.513     -0.581    -60.869
  -1   -2     -0.652     -8.071    -66.882
  -1   -2      2.030     -6.751    -64.381
  -1   -2      6.448      2.797    -76.152
 234  291     -2.855     -3.999    -63.660
  -1   -2      0.313     12.586    -68.663
  -1   -2     -6.045    -10.176    -60.072
  -1   -2     -8.051      6.971    -62.079
  -1   -2     -3.573     -2.364    -71.061
 327   -2      7.347      7.360    -61.960
  -1   -2     -6.476    -12.860    -67.075
  -1   -2    -11.772     -4.361    -75.544
  -1   -2      6.428     11.702    -73.123
 766   -2      0.924      6.544    -76.405
 680   -2      5.817      9.401    -64.009
  -1   -2    -11.800     -5.389    -66.235
 773  386      4.156      7.026    -76.643
  -1   -2      0.225      6.433    -77.687
  -1   -2    -16.154      8.940    -73.882
 743  541     17.469     -6.269    -72.356
  -1   -2      3.131     -9.353    -58.352
  -1   -2      3.034      0.403    -70.802
  -1   -2    -15.953     -3.565    -75.702
  -1   -2     12.666      5.742    -59.234
  -1   -2      7.394     -4.819    -52.497
  -1   -2      3.765     10.768    -61.280
 780   -2     15.058      1.118    -65.851
  -1   -2    -10.480      5.440    -74.308
  -1   -2      4.877      7.613    -65.150
  -1   -2    -12.460      3.120    -80.524
  -1   -2      6.089     10.847    -58.424
  -1   -2     12.643      8.302    -57.968
  -1   -2      2.623      6.450    -64.223
 334  779      5.263     11.784    -67.840
  -1   -2     -1.304    -13.078    -62.897
  -1   -2     -4.103     12.979    -67.630
  -1   -2     11.700      8.715    -57.681
  -1   -2    -12.725    -10.654    -66.371
 504   -2     -6.761     -8.696    -71.885
  -1   -2    -11.360     10.179    -69.960
  -1   -2     -6.568     -9.291    -68.609
  -1   -2     11.160     11.301    -64.367
 330  669     -8.484      5.928    -68.571
  -1   -2      7.619     -3.101    -77.502
 100   -2     16.201      5.810    -72.121
 681  793     12.732     13.208    -63.646
  -1   -2     -3.004     -3.718    -67.569
  -1   -2     10.323      2.804    -53.196
  -1   -2     -1.297      7.251    -68.554
  -1   -2    -13.521     -1.393    -69.995
  -1   -2     13.582    -12.076    -72.857
  -1   -2     -8.636     -0.000    -62.977
  -1   -2      1.529      0.471    -56.221
  -1   -2      2.761     -4.666    -74.777
  -1   -2     14.033     10.190    -62.571
 291   -2      8.976      1.539    -74.287
  -1   -2     -6.370     -3.463    -59.242
  -1   -2    -14.558      8.176    -71.968
  -1  681      4.178     -7.928    -67.875
  -1   -2     -5.440      2.199    -61.198
  -1   -2      9.773     10.564    -56.413
  -1   -2     -0.362     -8.079    -64.356
 553  385     12.943     -1.332    -75.658
  -1  282      3.474     -3.631    -70.693
  -1   -2      3.593     -0.426    -66.676
  -1   -2     -2.979      3.090    -81.662
  -1   -2      3.749    -11.544    -68.194
  -1  727     -3.337      7.192    -62.352
  -1   -2      3.600     -9.184    -59.434
  -1   -2      6.891      9.562    -78.269
  -1   -2      8.270    -13.180    -67.498
  -1   -2     11.262      8.053    -68.303
 325   -2     13.235      7.270    -64.512
  -1   -2      6.779    -12.226    -62.539
  -1   -2     12.938     -9.086    -67.388
  -1  358     13.494      8.911    -64.183
  -1   -2    -13.300     -0.452    -77.450
  -1   -2      8.980     -5.161    -61.903
 762  807     13.894     -8.050    -69.062
  -1   -2     11.169     11.167    -67.281
  -1   -2    -12.246     -3.279    -68.794
  -1   -2      4.423     -8.122    -71.060
  -1   -2     16.879     -3.470    -66.664
  -1   -2      4.204     -8.303    -77.766
  -1   -2    -11.574    -10.104    -61.268
 313   -2    -13.851     -8.070    -71.378
 275  686     10.825     -3.395    -68.735
  -1   -2      3.440      9.531    -68.099
 355  782     -8.762      7.117    -61.453
  -1   -2     12.391    -11.015    -57.865
  -1   -2      4.015     -7.393    -56.036
 232  672      7.171     -1.698    -69.290
  -1  720     -8.465     -5.818    -63.589
  -1   -2    -10.324      3.253    -59.912
  -1   -2     16.276     -1.577    -70.640
  -1   -2     -3.480     11.644    -72.990
  -1   -2    -13.018     -0.105    -62.152
  -1   -2     -4.804      7.888    -70.596
  -1   -2      1.310      8.687    -85.344
  -1   -2      3.481     13.367    -64.421
  -1   -2      4.201     11.080    -79.240
 343   -2     12.620      4.145    -64.273
  -1   -2      0.098      1.915    -87.725
  -1   -2      2.027     -4.950    -67.549
  -1   -2     -8.279     12.878    -63.138
  -1   -2      5.867    -11.623    -69.035
  -1   -2     -3.259    -10.360    -64.581
 753   -2    -14.804     13.260    -69.164
 777  330      7.489    -10.096    -68.475
 423   -2     -8.010      2.510    -63.797
 265  680     11.902     -4.969    -70.742
 248  326     12.272      5.114    -66.406
 176  767     -8.125     -6.004    -67.144
 247  544      5.763     -1.617    -74.645
 662   -2      3.314      9.080    -62.623
 345   -2    -10.875     -0.671    -77.094
 328   -2     15.651     12.151    -67.350
 340  780     12.973     -1.433    -72.046
 299   -2     10.564     -4.831    -75.031
 331  548     -6.869      9.439    -67.442
 306  229      9.731      6.242    -66.817
 314  808      5.572    -10.392    -66.226
 341  343     12.790      0.808    -65.051
 752  809     -6.765      8.452    -75.877
 365  152     -7.032      0.061    -62.063
 453  120     -3.455      7.964    -61.896
 754   -2      0.812      3.499    -75.232
 525   -2    -10.792      4.750    -73.547
 454  607     13.840    -11.764    -74.212
 771  797     10.547      0.639    -69.467
 463  786     12.047     -0.368    -70.886
 597   -2     15.011     11.621    -61.718
 645  792     17.525     11.335    -72.465
 351   -2      1.020      8.444    -70.141
 648  338      0.160      5.156    -59.193
 500  789     16.289     -0.078    -74.540
 497  788     -7.318     -2.997    -74.578
  -1   -2     -5.015    -11.935    -74.601
 320  190    -12.938     11.280    -69.567
 749   13      4.010      6.474    -69.256
 783   -2      0.907      9.795    -69.219
 692   -2     -3.516      5.933    -77.888
  -1   -2    -16.421      7.238    -73.789
 486   -2    -12.390      3.122    -77.657
  74  114      1.644     12.423    -64.784
 177  219      6.055     -8.072    -67.799
 188   -2     13.176      9.403    -72.576
 321   -2     -3.499     -5.567    -65.133
 635   -2     13.002    -11.628    -70.989
 759  603    -12.112      5.043    -66.317
 776  810    -13.052      4.865    -64.292
 786  427      0.547     -6.524    -72.116
 791   -2     -7.880      6.095    -62.052
 796   -2    -15.404     10.408    -68.308
