830
   3    8     -7.797     -2.709    -71.288
   2   17     -1.866      0.580    -70.243
 393  439      2.312      7.744    -71.427
   6    1      8.629      0.838    -69.930
   4    4      9.020      1.448    -70.291
  11    0      1.826      3.448    -70.111
   5    6     -4.369     12.028    -72.873
 392    7     -5.129     -1.318    -69.811
 103    5      2.485      6.358    -70.127
 145   57    -15.581      7.484    -74.407
 126  151      1.976      1.277    -69.001
   0  374      5.927      4.464    -71.369
   9   16     14.810     -0.094    -71.507
 396   18      0.362      5.657    -66.306
 106  114     -5.133     -5.227    -69.681
  48  153    -10.763     -0.774    -75.912
  22   13      7.462      1.475    -67.862
  17  126      6.881      0.402    -67.622
  54    3      2.575     -3.585    -74.078
 151  378      6.806     -1.681    -72.221
   7   26     -2.581      5.676    -67.170
  29   12      4.857     -2.323    -68.542
  75  397      8.824      7.853    -70.066
 122   -2     -6.233      6.957    -68.600
 128   23     -3.436      5.827    -69.628
  66   91    -12.373      7.339    -72.579
  38  389     -5.887      6.675    -71.553
 404  106     -7.147      1.974    -65.261
  28   21     -8.126     -7.866    -70.593
 269   14      5.507     -2.456    -71.351
  26   43     -6.046      5.011    -69.924
   8   27    -10.286      3.348    -71.929
  -1    9     -5.392     -2.106    -74.743
  32   29      4.978      0.285    -67.241
  15   71     11.970     -2.314    -69.228
  35   55     -1.722      4.088    -64.944
  41   60     -2.584     10.908    -71.243
  53   33     -2.972     -0.273    -69.395
  33   53     -2.223     -7.948    -68.419
  16   62     -9.251     -9.384    -66.649
  55   40     -3.247     12.521    -66.398
  89   32     -8.081      4.336    -67.436
  43   35    -10.003     -4.475    -69.776
  -1   74     -6.780     -8.186    -70.283
  45   37     11.116     -2.786    -72.789
  52   19     -2.506      5.664    -74.226
  25   15     -4.658      4.619    -73.318
 236  230      1.492     -5.104    -70.713
 445   82     -8.186      0.663    -61.944
  78  239      0.551     -1.863    -73.181
 250  530     -2.672      8.602    -65.879
  -1   -2     -6.325      5.387    -75.905
 218  101      2.358     -0.492    -68.748
  74   56    -10.663     -3.231    -70.067
 182   93      2.896     11.856    -66.730
  -1  206     -7.494     -3.533    -77.748
 388   -2     -7.455      2.678    -71.335
   1   51     -0.863     -1.611    -71.098
  14  821     -5.766      6.926    -68.741
 162   24     -6.801      0.185    -67.008
  70   41      8.085     -5.147    -67.989
  72   11      6.158      5.222    -71.525
 174   54     -3.403     -1.203    -70.464
 237   88    -13.577     -6.387    -71.005
  20  145     -3.589      3.349    -68.936
 216   -2      3.993     -9.939    -73.335
  58  122     -7.834     10.667    -70.753
  87   72     -7.848     -4.975    -67.764
  23    2      9.794      2.333    -71.583
  42  384      4.761      8.744    -65.647
  12   10      2.759      4.248    -67.862
  76  111     -2.573     -0.658    -64.669
 397   30      4.318      3.675    -68.256
  34   89     -7.238     -1.091    -63.987
  56   46     -9.311      6.695    -66.846
 142  246     -5.968     -1.349    -75.288
  68  200     -1.735     -6.433    -68.619
  95   65    -14.128      0.274    -69.243
  88  417      1.969      9.658    -68.879
  10   84      3.608      4.121    -70.464
 166   68     -0.615      3.205    -64.029
  96   78     -2.566     -4.677    -67.542
 101   -2     -7.691     12.997    -67.758
 461   22     -2.629     -2.909    -73.898
 484  416     -3.033      6.544    -67.405
 433   63      5.404      4.541    -64.886
  64   58      8.215     10.622    -67.888
 202  138      9.737      3.524    -68.820
  79   67    -12.787     12.133    -73.116
 108  394      4.467      9.694    -68.130
  90  771     -4.535     -1.634    -67.123
  -1  136     -2.940      4.676    -63.975
  71  436      4.661     -7.438    -67.459
 472   59      7.477      8.413    -73.241
  -1   -2      2.668     10.848    -63.167
  63  118      1.851      4.035    -65.968
 424   80     -7.687      4.977    -66.060
  91  123     -7.947      0.315    -66.121
 120   77     12.297      4.074    -73.700
 104  105     -0.389     -6.377    -64.374
 405  144      8.336      7.544    -66.705
 114  407     13.959     -6.317    -67.191
 187  115     -4.389     -3.070    -63.864
  73   94     -5.228     -2.216    -67.654
 105  113      9.520     -3.636    -66.927
 201  308      0.991     -5.171    -71.036
 124   90     13.294      4.179    -65.700
  80   99     -8.319      8.736    -64.233
 130  112     -4.055      9.640    -62.806
  81  429      7.017     -0.412    -68.191
 442  460    -14.268     -9.282    -73.997
  -1   -2      1.866      6.108    -71.234
  36   66      6.296     10.830    -71.879
 137  385     -0.446      6.311    -60.694
 147  177     -1.143     -5.667    -63.989
 260  162    -14.134     -0.716    -67.201
 127  150      5.097     -4.740    -66.213
 119  108     -9.720     10.221    -65.629
 175  285    -13.341      8.039    -70.769
  61   -2     -1.802     -0.522    -70.051
 100  299     -1.850      8.535    -73.173
 784   38     -0.221     -0.290    -64.809
 561  127      5.261    -11.238    -66.438
  24  140     -2.065      0.918    -75.006
  -1   -2     12.195      6.827    -67.091
 265  784    -15.488     -6.978    -75.135
 799  254     -4.936      9.128    -62.440
 113   86    -15.563      5.993    -70.743
  -1   70      3.516     -1.705    -68.983
 133  133     15.889      6.602    -68.354
 149  562     -4.801    -10.507    -69.318
 217   36    -11.686      1.900    -67.405
 468  175    -15.579      1.959    -73.153
 125  371      1.834    -11.538    -69.098
  -1   61    -11.204      1.463    -72.941
 148  396     -1.819     12.292    -61.901
 295  822     -6.123      2.112    -62.391
 171  135      6.581      6.179    -66.291
 176  173      9.071     -8.104    -64.458
  94   64     -0.085     11.817    -64.955
 200  128    -13.924     -1.530    -66.147
 781   28     -9.769      3.132    -72.019
 812  435     10.631      9.055    -67.445
 208  248     -4.905      3.128    -62.256
 407   -2    -15.065     -7.722    -73.941
 401  423      6.246     -8.184    -63.971
 115  214      5.958     -6.800    -64.463
  62   73     10.138      4.732    -66.167
  85   76     -2.247     -2.792    -70.461
 158  158    -10.687      0.305    -63.208
 102  381     -5.945      0.744    -61.719
  -1  192     -0.214    -11.751    -73.252
 205  777    -11.996     -3.052    -64.985
 165  266    -12.805      7.389    -66.573
  13  154      9.481     -1.563    -71.173
  -1   -2      6.006     -3.750    -65.426
 286  194      5.988      0.876    -67.681
 323  130      0.199     -5.275    -63.428
 268  121      6.023      7.515    -66.555
 179  170      3.057     -3.660    -64.945
  92   52    -14.386      8.775    -72.330
 156  395     -4.177     12.468    -70.336
 169  537     -5.432     -6.299    -70.248
 276  109     14.722      1.234    -71.620
 246  781      1.518     -2.131    -65.834
 132  279      1.326     12.170    -70.220
 244   39     -4.288      2.352    -73.600
 267  178     -1.545     -9.176    -64.775
 159  199     -0.743     -9.727    -66.471
 239  421     -6.408     11.622    -73.175
  -1  159     -5.502     -9.475    -64.655
 110  210     -2.369      0.731    -64.543
 306  165     -4.030     -3.759    -61.333
 575  290     -4.071     -7.983    -67.592
 194   81      4.246    -12.143    -68.016
 177  211     10.913     -2.241    -67.503
  47  233     17.959      3.613    -71.161
 185  296     -7.218     -4.211    -68.818
  -1   -2      5.757     -1.763    -70.617
  77  262     -4.842      7.161    -69.867
 140  485     -3.703     12.972    -66.284
 251   97    -10.956      6.841    -66.138
 186  174      5.605      0.705    -65.355
 342  298     -8.591      7.503    -73.603
  39   -2      2.078      2.465    -76.527
 437   98      3.410      9.665    -72.963
 226  147      3.960      8.906    -66.771
 222  487      4.963      7.902    -61.416
 173  472     -9.082     -8.463    -67.749
  83  227     -5.104     -4.621    -66.538
 471   -2      2.726     -2.328    -76.293
 160   48      4.725    -11.717    -71.134
  -1  205     10.539     -2.107    -64.977
  -1   -2     -2.101      0.483    -68.115
 435  104     -4.908      1.381    -62.163
 196  235     -7.487     -1.006    -61.240
 241  152     -6.202     -1.259    -62.171
 421  155      2.766     -9.725    -62.669
 183  107     -8.007      7.977    -67.175
 285  554      8.424     -8.519    -65.777
 479  208     17.881      8.806    -68.955
 107  409      6.830      9.545    -73.872
 154   -2     -1.285     13.003    -67.356
 263   -2     -1.377     -8.178    -72.431
 135  219      8.253    -11.820    -69.320
 193  163      5.927     -6.626    -67.140
  -1  161      5.837      7.816    -63.349
  -1   -2      4.435      9.420    -65.918
 203  228      6.554     -8.886    -69.374
 559  157      6.825     -7.503    -64.336
  -1  274    -11.905     10.903    -65.514
 138  454     -6.400     13.174    -64.530
 180  339     -6.966     -7.624    -65.336
 229  330     -1.892     11.980    -69.520
 311  224     -4.219      2.951    -67.421
 501  253    -10.323     -2.222    -61.714
 520  221      8.930    -12.253    -66.728
 476  191      9.698      4.281    -62.757
 410  197     -6.731      0.468    -63.811
  -1   -2     -0.152      8.711    -52.775
 189  179      1.191      1.364    -63.621
 320  196      0.042    -10.998    -73.541
 129   -2    -13.896     10.605    -74.389
 146  195     10.750     -9.736    -67.179
 123   -2     -8.297     13.216    -64.808
  -1   -2      1.808     -8.651    -61.521
 798  282    -15.068     -1.434    -75.110
 197  187    -11.997     -7.604    -68.380
  -1   -2     -9.962      4.272    -64.387
 270  468      0.607      4.639    -61.491
 111  772     -4.106     11.087    -72.222
 134  134     -1.856    -11.688    -64.633
 823  327      9.648      3.790    -70.582
 282  462     -1.751     -7.126    -61.827
 228  103     -8.287     11.081    -69.843
 230  433     -7.453      5.875    -70.161
  -1   -2     -3.657    -11.657    -78.382
 605  332     -5.142     -0.666    -70.049
 280  216      9.178    -12.608    -66.387
 136  414     11.869     -0.269    -73.558
 248  783     -6.885     -3.110    -67.881
 838  160    -13.825      8.122    -74.683
 253  613     -2.925     -1.103    -64.429
  -1   -2      8.409      2.753    -73.764
 243  188     11.009     -3.769    -65.263
  -1   -2      8.140     10.697    -60.253
 547  265     11.720     10.710    -65.172
 231  241      9.703      7.435    -63.881
 259  193     -1.750      5.111    -69.440
 659  823      4.307      5.026    -69.730
 329  181      9.465    -11.832    -68.531
 376  797     -5.633     -4.665    -65.917
 191  189      6.270      3.192    -74.343
 460  215      4.477      3.038    -63.388
 808  182     -1.142     -4.155    -66.560
 641  815    -14.091     -7.969    -72.774
 220  271      4.262     -3.876    -70.065
  -1   -2      9.633     12.539    -63.060
 317  268     -9.478      3.403    -75.381
 519  541     -1.570     -0.542    -58.424
 234  209    -15.777     -1.730    -73.212
 204  410      6.961      8.345    -64.008
 215   -2      0.851      0.105    -61.077
 212  281      9.194     -7.518    -67.542
 264  257     15.784      9.392    -70.133
  18  283    -10.091     -4.367    -72.473
  -1  317    -12.567    -11.090    -75.144
 287   -2     12.365     -2.774    -72.048
 164   -2    -15.458     -3.417    -72.341
 497  293      7.848     -2.086    -59.447
 279  313     15.636     11.235    -72.972
  -1   -2     11.312     -8.793    -68.864
 485  280     -7.751     -8.642    -60.833
  -1   -2      0.356     -7.023    -75.950
 221  269    -13.969     -3.599    -68.733
 430   -2      2.022    -11.522    -76.091
 294  116     11.603     -6.165    -70.999
  40   92      7.919      7.191    -72.518
  82  249      9.424      0.625    -70.617
 593  264      7.620     -6.841    -70.099
 238  273     -0.055     -6.200    -62.756
 423  318      0.164      4.956    -75.083
  -1   -2    -14.008     10.731    -76.949
  -1   -2     -9.964     -8.312    -58.832
  65   87      1.218      1.303    -66.209
 790  453     -6.017      9.567    -63.879
  -1   -2      7.443     -4.245    -75.779
 161  169      8.964     -1.223    -71.600
 793  302     11.331      0.611    -66.240
 206  633     -7.039      6.491    -61.837
 116  329     -1.041      1.852    -71.950
 304  244     -8.693     -0.799    -66.361
 391  634     14.662     -3.787    -74.498
  -1   -2     10.802     -5.274    -58.049
 224  278      3.568     -8.537    -66.334
 249  243    -13.264     12.699    -66.767
 361  346     -4.618     -4.906    -75.212
 296  357     13.714     -1.788    -66.069
 316  286      8.297      9.801    -66.688
 275  237      1.194     -1.789    -65.110
 642  816     -0.278      4.663    -58.950
 192  776    -10.192      7.768    -63.751
 804  430      0.209      9.085    -73.382
 240  566    -10.054     10.516    -76.009
 328  314     11.855      7.293    -64.203
 308  473     16.235     -1.473    -66.862
  -1  258     -9.966     -5.123    -74.502
  60  770     -4.083     -2.185    -74.326
 334  306    -13.630      6.075    -67.792
  -1  180     -8.626      8.503    -66.517
 298  787    -15.979     -9.924    -75.765
 347  316    -10.458     -8.412    -74.239
 387  304      1.278      2.302    -71.219
 299  469      8.590      6.867    -65.130
  -1  294      2.159    -12.939    -69.204
 318  790     -3.535     -7.442    -74.385
  -1   75     -5.621     -8.611    -71.666
 319  522     16.443     -5.126    -73.636
 292  785    -11.326      2.564    -71.793
  -1   -2     14.898    -10.077    -74.558
 827  725     -7.089    -10.311    -67.746
 310  540    -13.001      0.229    -70.636
 510  568      8.030      3.997    -60.692
  -1   -2    -12.734      2.550    -77.397
 545  287     -5.879     -1.573    -62.168
 256  100      5.797      7.063    -75.698
 302  350      4.093     -2.336    -68.663
 297  640     15.036     10.071    -73.431
  -1   -2     -0.648      1.394    -67.859
 655  223     14.669      2.260    -66.772
  -1   -2    -14.098      7.750    -75.686
 689  348    -10.682     -8.604    -69.038
 344  824     -3.237     -6.143    -66.444
 321   -2      6.883     -5.942    -73.527
  -1   -2      3.838     -4.793    -70.940
 326  344    -12.564     -3.581    -64.728
  -1  231      8.347     10.795    -73.699
  -1   -2     -8.450     -0.116    -78.095
  -1   -2     14.548     11.985    -72.751
 277  320    -13.441     -7.531    -72.383
  -1   -2      0.144    -11.557    -63.202
 696  307      6.306     -9.997    -65.352
 336  323      8.544     -5.996    -65.542
 557  343     -8.239      0.520    -72.298
 381  362    -13.603     11.881    -67.644
 783  341     -1.773     -4.417    -68.457
 118   50     -4.780     -6.854    -77.239
  -1   -2     -9.133      6.159    -73.493
 309   -2     17.558      4.526    -71.817
  -1   -2     16.140      8.316    -63.782
 353  312     11.577      8.344    -66.270
 284  390     -0.068     11.023    -72.940
  -1  618     12.715     -5.433    -68.169
 701  359     -7.780      5.896    -67.757
 384  800     -6.254     10.023    -69.912
 327  791     -4.741    -11.162    -68.250
  -1   -2      5.081     -2.698    -63.677
 300   -2    -11.994     -4.866    -77.491
 616  401     -1.580     -3.718    -73.108
  -1  483     -5.225     -7.996    -69.816
 324  349     11.656     10.351    -70.440
 778  524    -13.949      4.975    -71.393
 184   -2      1.840      5.380    -72.780
 711  139     -0.872     -0.189    -76.453
  -1   -2     12.013     -7.097    -64.647
 345   -2     14.909      9.520    -65.319
  -1  240     15.063      0.048    -65.297
 339  334     14.837     -0.812    -64.951
 341  321     12.536     10.728    -68.135
 370  351      1.444     -7.089    -66.333
 348   -2     -9.224      9.307    -74.999
 373  796     14.288     10.739    -69.099
  -1   -2     16.730    -10.194    -72.112
 359  794    -13.352      6.209    -69.688
 818   -2      7.783     -2.034    -63.014
 506  807     -3.674     -8.175    -62.012
  -1   -2     -5.991      4.010    -76.705
  -1   -2     13.418     -0.183    -59.037
  -1  711    -12.010     12.000    -66.798
 678  366     -6.311     10.955    -69.290
 777   -2     -6.029      3.220    -68.612
 394  141     -9.574     11.837    -68.323
 112  773      3.261     10.980    -64.774
  -1   -2      5.713      1.270    -64.614
 806  185     -3.429      0.053    -74.041
 409  466      6.542     -7.569    -66.888
  50  388     -0.378      3.719    -67.734
  -1  375      4.548      2.458    -70.577
 785   69     -2.401     -7.730    -69.871
  -1   -2     -9.232      3.725    -69.763
  -1  408     -9.927      2.558    -68.422
  57   45     -1.872     -7.963    -74.821
 414  399     -0.444    -11.734    -70.687
  -1  146      1.712     -5.551    -63.668
 822  393    -10.902      7.765    -68.947
  59   34      4.525     12.340    -65.303
 418  376     -1.591     -6.600    -76.987
  -1   -2     -9.092     -9.375    -62.110
  -1   -2      4.129      9.131    -59.742
  -1   -2     -6.735    -11.555    -60.861
 254  217      9.819      5.997    -68.090
 245   42      6.254     -0.571    -73.183
  84  124      2.129    -12.084    -68.373
  51  386     -6.212      0.955    -71.523
  -1  404    -11.302     11.148    -65.489
  -1   -2     -4.643     -1.508    -64.367
 841  102      0.462     -4.689    -64.455
 411  398    -12.152     10.181    -71.038
 415  415     -8.420     -7.789    -63.196
 157  825      6.042     12.279    -73.542
 406  803      8.412    -10.872    -60.577
 480  512      7.663      8.857    -62.252
  27  251    -12.174     -1.405    -74.138
  -1  222      1.628     11.749    -73.719
 398  802      0.230    -11.153    -69.332
  -1   -2     -4.606      1.478    -74.657
 167  412     -7.584    -11.570    -71.610
 313  137      5.113     -1.017    -73.817
  -1   -2     -6.526      1.421    -56.358
  49  143      8.848      7.349    -67.936
 333  379      1.961     -2.158    -72.783
  -1   -2     13.770     -3.175    -74.715
  -1   -2     -7.789     -4.082    -65.492
 408   95    -10.035    -12.394    -67.911
 525   -2      2.397      8.572    -76.957
  93   -2     -0.935     10.243    -63.803
  -1   -2    -13.336     -7.498    -66.377
 440  172     -1.351      9.314    -73.758
  -1   -2      6.747    -11.473    -73.044
 121  272     -5.243      9.379    -63.975
 288  496     13.403     -4.459    -64.441
 833  142     -5.987     -0.059    -67.937
  -1   -2      8.343      7.707    -81.645
  -1   -2     17.874      6.932    -85.861
  -1   -2     15.403     -9.836    -67.939
 483  411     -7.175    -11.947    -65.460
 178   -2    -10.879     -4.673    -65.234
 458  125      1.140     -8.731    -64.291
 444  805     -3.040     -1.571    -63.228
  -1   -2      9.688     -7.343    -57.337
  -1  382    -13.732    -12.615    -70.725
 271  425      1.210      8.470    -66.786
 584  810    -10.962      1.363    -69.525
  -1  450     -8.007    -10.129    -63.595
 141  119      1.721      6.553    -61.757
  -1   -2      5.354      2.387    -53.589
 117  451      9.401    -11.172    -65.248
  -1  424    -13.142    -12.298    -70.783
 434  431     -7.393      2.631    -66.471
 281  383     -2.446      9.836    -68.045
 595   -2     14.677      4.246    -62.549
 425  213    -12.296      5.044    -68.387
  -1   -2     -8.290     -1.495    -55.564
  -1   -2    -11.312      0.795    -66.201
  -1  402      1.747      5.548    -70.767
 432   -2      4.985      0.778    -61.794
 427  449     -1.156     -3.148    -60.512
 797  303      2.880     -2.185    -66.429
  -1   -2      2.915      6.217    -61.239
 195   -2     -1.093      8.226    -61.836
 223  536      0.890     13.018    -61.974
  -1   -2      1.099    -12.287    -72.375
 172  775      2.500     -5.424    -66.318
  -1   -2      5.635      9.442    -58.152
 131  774     -9.038     11.274    -63.569
 464  190     -5.829      0.586    -64.691
 337  534     14.235     -1.314    -72.086
  -1   -2     10.872      1.310    -77.502
  -1   -2      9.638     -0.066    -62.607
 375  476     -3.261     12.172    -66.393
 209  778      1.138     -4.529    -62.111
  -1   -2    -13.417    -12.240    -78.076
  -1  557     16.756     10.799    -67.517
 492  295      1.110     10.887    -71.171
 443  457      6.461    -11.405    -65.398
 478  556     17.270    -11.989    -68.065
 599  418      8.006     -6.493    -63.090
  -1   -2     -8.482     -1.361    -60.014
  -1   -2     -7.842     -8.769    -82.070
  -1   -2      1.084      4.759    -58.815
 583   -2     12.817      9.145    -72.578
 523  445     -4.517      7.474    -63.745
  -1   -2      8.625     -1.306    -73.584
  -1   -2     -3.093     -5.445    -77.865
 447  183      0.711     -3.548    -75.982
 467  440      3.160     -3.540    -60.479
 349  792    -11.431     -0.067    -63.689
  -1   -2      6.086      5.931    -87.726
  -1   83      0.470      4.152    -77.032
 441  428      4.920    -10.173    -60.751
  -1  509     14.935      6.968    -73.984
  -1   -2    -10.452      7.060    -74.402
 531  504      3.266    -10.193    -62.333
  -1   -2     -3.562      4.175    -79.226
  -1   -2     -1.155    -10.027    -58.563
 429  804     10.852      6.873    -76.677
 452   -2     -4.862     12.372    -62.264
  -1  207    -14.131     10.154    -67.783
 562  519     -4.273     -3.424    -62.599
 188  426      0.135     -3.478    -60.920
  -1   -2      5.718      8.499    -71.593
 155  204      4.363     -6.106    -73.507
  -1   -2    -10.150      9.326    -59.127
 426  201      3.385     10.771    -77.489
 508   -2    -13.519     11.375    -65.677
  -1  503      9.856      0.357    -62.080
 153   -2      9.312     -1.235    -66.629
  -1   -2      3.848     11.638    -68.164
  -1   -2     -1.654     -5.883    -68.609
  -1   -2     -5.321     -5.131    -58.852
 582   49      4.404      1.585    -67.992
 450  484     13.447      9.447    -63.448
 454   -2     -2.080      9.294    -66.125
  -1   -2      9.744     -5.879    -68.606
  -1   -2     13.875      6.718    -63.543
 315  789      3.118    -10.863    -69.035
 666  558     14.636      3.370    -73.351
 568  532    -13.756     -3.846    -64.881
 274  489    -10.457      0.812    -73.465
 470   -2     -2.934     -5.089    -60.341
  -1   -2     -9.974     12.038    -73.526
 242  518    -14.595      4.471    -69.447
  -1  486    -12.021    -11.601    -61.614
 682  667    -13.565      6.374    -64.701
 489  478     11.049     -3.923    -62.148
  -1   -2     -4.300      5.353    -72.938
  -1   -2     11.327     -0.186    -87.892
  -1   -2     15.680     12.914    -66.079
  -1   -2      3.526    -12.176    -76.049
  -1  610     17.160     -3.377    -66.695
 671  703     15.131     -5.014    -65.897
  -1   -2     -1.606      4.707    -60.610
 368   -2     12.283      9.720    -66.281
  -1   -2    -13.285    -10.716    -66.133
  -1   -2     -7.246      6.101    -71.411
 210  507     -6.381      9.376    -74.902
 837  252     -9.205      3.570    -63.189
 517  571     -1.655     -2.908    -60.758
 735  319     -9.839     -9.661    -62.422
  -1   -2     -4.412    -11.794    -60.395
  -1   -2     -4.358      4.660    -58.238
 352  793      6.477    -10.301    -67.576
  -1   -2     -6.837     -4.632    -55.690
  -1   -2      0.709    -11.333    -81.641
 644  508    -15.617      8.726    -76.345
  -1   -2     17.793    -13.170    -69.679
 569  642      1.299    -11.063    -72.519
 481  576     -6.190    -12.353    -65.967
 606  826     -6.257     -4.878    -72.506
 564  261     -3.841     10.178    -67.671
  -1  328    -13.508    -12.391    -65.664
  -1   -2      7.035     10.033    -61.593
 314  236     -8.617     -6.367    -59.960
  -1   -2      6.437    -12.388    -64.639
  -1   -2     -2.205     11.232    -60.340
 466   -2      3.472      4.037    -62.416
 626  813     13.053     -7.137    -65.680
 603  559      5.191      5.885    -61.248
 255  477    -12.305     -9.072    -71.140
 546  635     10.686    -11.138    -71.741
 301   -2     14.218      0.823    -62.782
  -1   -2      7.874    -11.970    -61.369
  -1   -2    -13.190      2.273    -66.571
 565  616     16.377    -11.678    -68.310
 305  788    -11.691     -4.514    -75.458
  -1   -2     -5.194      7.031    -55.662
 574  809     16.523     -9.953    -68.156
  -1   -2    -12.039     -5.375    -74.470
  -1  643     10.278      9.521    -64.189
  -1   -2      9.103     -5.559    -61.503
 343  202     10.572     -5.816    -70.532
  -1   -2    -10.111     -0.707    -55.926
  -1   -2      0.461      1.450    -59.185
 604  811     17.586     -6.771    -66.575
  -1   -2     13.546    -10.271    -64.966
  -1   -2    -10.932     10.274    -69.448
  -1   -2     -9.301     -6.357    -87.770
  -1   -2     -5.034     -7.062    -63.189
 494   -2      1.694     -6.425    -61.242
  -1  490      0.968      9.546    -64.873
  -1   79     -4.825     -9.253    -68.874
  -1   -2     -3.397      9.084    -66.115
  -1   -2      8.202     -8.026    -56.193
 366   -2     -7.700    -12.122    -75.549
 787  818     -2.735      3.997    -73.231
 653  657    -14.638      1.189    -67.407
  -1   -2     -3.550      6.931    -73.171
 551  587      4.166     -6.837    -59.616
  -1   -2      6.188     11.924    -59.243
 331  827     -7.733      9.493    -63.502
  -1  470     10.274     -8.010    -65.108
  -1   -2      9.252      4.518    -53.612
 482  828     13.388    -12.396    -64.204
 413  275      9.391     -2.781    -62.282
 550   -2    -10.518    -10.081    -57.572
 814  819     13.200    -12.024    -64.857
  -1  203     -3.708     -2.420    -66.424
  -1   -2      1.337      3.575    -54.892
  -1   -2      4.098      3.247    -60.477
 734  467      0.120     -2.450    -62.725
  -1   -2     -7.599    -11.149    -86.189
  21  767    -15.708     -5.830    -77.148
 356   -2    -13.278    -10.320    -75.442
 609  812      2.756      9.022    -61.584
 504   -2     -8.079      4.405    -60.534
  -1   -2     15.524     -3.544    -73.654
  -1   -2      9.832     10.455    -54.049
  -1   -2    -13.295    -10.236    -62.204
 340  609     13.591      5.022    -74.636
  -1   -2    -13.471     -9.835    -69.133
 499  589      6.158    -10.663    -66.959
  -1   -2      8.173     -6.626    -69.218
 293  786     12.622      5.972    -64.056
  -1   -2    -14.617     -9.118    -78.172
  -1   -2      3.526     -3.341    -62.565
  -1   -2     -0.407      8.903    -64.903
  -1   -2      0.737      8.630    -56.353
  -1   -2     18.608    -11.147    -67.907
 611  310     -4.211      4.772    -66.486
  -1   -2     -8.697      2.976    -74.059
  -1   -2     -4.774      4.938    -57.258
  -1   -2      7.818     10.998    -62.241
 663  817      5.394      3.638    -67.481
  -1   -2    -10.703     -5.600    -60.357
  -1   -2      9.008     -9.995    -69.516
 378  798     -8.450      6.540    -72.049
 453  806     12.383     -0.170    -71.449
  -1   -2     -5.535      1.622    -58.890
  -1  260    -11.131      5.380    -67.426
  -1   -2     -1.999      5.685    -70.885
  -1  527     15.254     -5.304    -66.464
  -1   -2      0.444     -1.234    -72.851
 791   -2     -7.032     -7.316    -69.639
  -1   -2     18.400     10.516    -71.946
  -1   -2     -1.568    -11.254    -69.480
  -1   -2    -12.198     -5.923    -63.336
  -1   -2      5.406     -9.894    -57.067
  -1   -2     -7.918     -8.704    -68.780
  -1   -2    -13.371      3.488    -74.647
  -1   -2     15.487    -12.489    -70.138
  -1   -2      4.454    -10.313    -59.843
  -1   -2      5.917     -0.061    -71.176
  -1   -2     17.066      9.015    -72.680
 422  564     -2.461     10.921    -59.889
  -1   -2      7.930     -8.799    -57.330
  -1   -2     -6.748     -0.856    -58.950
  -1   -2      2.900     10.671    -70.312
 553  267    -11.200      3.377    -75.051
  -1   -2     10.663      7.528    -62.602
  -1   -2     -4.251     -7.664    -57.105
  -1   -2     10.345     11.623    -73.351
  -1   -2     11.949      1.045    -78.335
 720  690     11.601      5.810    -65.932
  -1   -2     -8.863     -5.268    -61.489
 544  691     14.168     -6.129    -68.695
  -1   -2     -5.290      9.815    -69.513
  -1   -2      8.924     -4.812    -67.831
  -1  156      4.373      0.462    -74.426
  -1   -2      6.341      4.062    -58.219
  46  131     -7.304      6.534    -72.081
  -1   -2      4.640    -11.815    -62.736
  -1  814      3.628     10.774    -60.732
  -1   -2     10.411     -4.334    -61.009
 377  572     11.352      1.911    -67.215
  -1  218     -5.107     -8.973    -71.277
  -1   -2     -9.964     -6.573    -64.081
  -1  671      1.762      0.735    -77.127
 350  597     -8.948      6.082    -58.497
  -1   -2     -6.460     -5.575    -66.479
  -1   -2     -7.149      5.931    -60.342
  -1   -2     13.786     10.497    -56.863
 247  782      3.193    -11.034    -67.377
 651   -2     17.067     -0.977    -72.552
  -1   -2     -2.430      3.859    -57.408
  -1   -2      8.276    -11.362    -60.987
  -1   -2      8.862     -8.667    -54.582
  -1   -2      0.864      8.500    -76.971
  -1  765     -2.716     -2.079    -68.693
  -1   -2     13.038      8.713    -75.449
 794  549     12.664     -2.909    -62.239
  -1   -2     14.581     -9.692    -66.272
 669  372    -14.989     -6.593    -74.314
  -1   -2     12.182      5.949    -75.231
  -1   -2      0.287     11.449    -61.452
  -1   -2     10.222     11.887    -63.818
  -1   -2     -5.258      0.671    -52.013
  -1   -2      0.376     -8.260    -60.487
  -1   -2     15.440      2.033    -65.229
  -1  723     -8.765     10.285    -64.042
 369  654     16.325      2.251    -72.271
  -1   -2     -7.813    -11.750    -65.184
  -1   -2     16.418      5.276    -67.345
  -1   -2     -0.182      3.982    -76.755
 322  625     15.695     -2.701    -73.399
  -1   -2     14.486     -7.140    -72.588
  -1   -2     -3.646     11.117    -75.537
  -1   -2     -2.751      9.010    -56.529
 627  736     -7.175      6.012    -66.640
  -1   -2      5.995     13.358    -63.882
  -1   -2     -2.932     -3.928    -68.333
  -1   -2    -14.787      0.993    -71.498
 335  664     10.482     -7.773    -75.449
  -1  619     12.551     -4.451    -65.987
  -1   -2     13.313     -6.402    -74.757
  -1   -2     -6.110      5.997    -69.761
  -1  212     15.706      8.034    -65.022
  -1   -2    -11.843     12.464    -66.156
  -1  632     -1.112     -1.609    -71.131
  -1   -2     14.974     12.572    -62.024
 338  669      8.684      9.160    -71.262
  -1   -2     18.254     -3.513    -71.524
  -1  717      1.829      2.884    -59.999
  -1   -2     -5.565      9.290    -54.946
  -1   -2    -13.490     -6.957    -78.114
  -1   -2     -4.595     -0.019    -75.769
 614  232     11.341      0.880    -63.333
  -1   -2     12.979     -6.550    -67.987
  -1   -2      0.008    -11.337    -61.067
 658  342      2.788      7.632    -64.162
  -1   -2    -14.199     -3.159    -67.940
  -1   -2    -14.835      3.263    -87.324
  -1   -2      5.055     -3.098    -83.133
 363   -2     11.573    -11.581    -68.865
  -1   -2    -15.988     -2.179    -72.911
  -1   -2     -2.605     -5.015    -62.262
  -1   -2      8.134    -10.166    -75.030
 431   -2     -8.941     -5.106    -63.803
  -1   -2    -14.370    -10.625    -85.866
  -1   -2    -11.433    -11.130    -78.010
  -1  738     14.120      4.062    -64.613
  -1   -2     -3.989     -0.115    -81.184
  -1   -2    -12.867    -11.040    -70.198
  -1   -2     -9.528     12.226    -63.417
  -1   -2     16.801     -6.928    -63.458
  -1   -2      1.767     -6.469    -57.928
  -1   -2     -2.385    -12.672    -71.112
  -1   -2     -3.536      6.026    -68.334
  -1   -2     -0.389      5.934    -77.620
  -1   -2     12.140      3.550    -57.354
  -1   -2      0.600     -0.454    -65.263
  -1   -2     -4.798     -6.945    -63.065
  -1   -2    -12.048      2.433    -73.600
  -1   -2     -1.657     -7.855    -55.205
  -1   -2     17.604     10.520    -77.915
  -1  352     14.990      9.961    -65.786
  -1   -2      8.901      5.765    -58.437
  -1   -2     -1.973      0.692    -59.856
 759  580     -5.359      8.815    -73.647
  -1  358     -9.373     -2.674    -70.789
  -1   -2     14.957    -11.180    -67.088
  -1   -2      0.083     -6.291    -54.167
  -1  340      1.454      4.442    -74.228
  -1   -2     -0.011     -9.596    -67.273
 647   -2     -6.443     -8.824    -63.994
  -1   -2      2.994    -12.022    -83.836
  -1   -2    -15.420     -0.263    -79.159
 736  829     -8.403      9.946    -68.556
  -1   -2     -1.394     -8.507    -74.857
  -1   -2     -0.334     11.722    -58.342
  -1   -2    -14.507      5.941    -78.681
  -1   -2     -9.919     -0.040    -67.720
  -1   -2     -9.239     -9.358    -70.152
 386  675    -12.293      0.789    -72.234
  -1   -2    -11.624      6.030    -64.767
  -1   -2    -13.486     -6.431    -79.878
 718  331     10.277     12.624    -63.918
  -1   -2      4.362     -3.994    -66.639
  -1   -2     11.013     11.488    -75.954
  -1   -2      7.320      9.733    -52.998
  -1   -2     -7.090     10.979    -77.373
  -1   -2      5.527    -12.028    -76.653
  -1   -2     -3.666     -7.661    -56.477
  -1   -2     14.985     12.134    -65.481
  -1   -2      9.035     -9.635    -59.114
  -1   -2     -3.169     -6.891    -77.419
  -1   -2     14.263     -1.969    -62.994
  -1   -2     -2.722      2.786    -55.418
  -1   -2      1.127     -6.833    -70.156
  -1   -2      1.876     11.668    -60.855
  -1   -2     13.948     -4.204    -69.206
  -1   -2      6.540     10.896    -86.772
  -1   -2      0.764      1.608    -60.763
  -1   -2      4.227     -1.482    -53.865
  -1  370     -3.026      3.574    -63.841
  -1   -2      5.033     -7.855    -74.109
  -1   -2     14.215     -2.923    -63.537
 395  801    -14.543      8.570    -77.042
 278  255     -4.947     -9.669    -71.769
 782  482     -9.615     -9.184    -69.829
 181  166     12.034      6.663    -68.051
 139  413      8.012     -1.348    -73.005
  37  769      1.287     -2.363    -73.588
 109  198      8.612     -3.497    -70.902
 207   -2     -4.438     -8.833    -74.174
 232  780      2.919     12.701    -65.840
 199   -2    -13.126     -2.740    -68.160
 403  497     -2.837      5.480    -65.984
 214  779      6.994     -7.820    -65.369
 213   -2      9.631     -7.739    -66.313
 252  164      8.063     -8.683    -64.533
 262  324     -5.199      9.936    -69.572
  99   -2     -3.951    -12.537    -66.748
 681   -2     17.183     11.418    -68.885
 372  795      9.759      4.721    -64.081
 685   -2     -9.576      7.664    -63.459
 379  333     -9.247      6.258    -73.560
 382  799      1.700    -10.839    -67.061
 400   -2     -4.766     -1.021    -67.553
 389  471      0.659     -8.917    -60.671
 636   -2      7.423     -8.613    -72.226
 600   -2      7.748      7.773    -67.714
 526   -2      3.485    -10.597    -77.091
 613  520     16.864     -6.384    -75.750
 673  599      8.247     -4.699    -74.712
 801  368     -5.285     -4.029    -66.638
 817  377     -4.095      7.321    -71.338
 772   -2     13.151    -12.219    -62.326
 687   -2     17.099      7.488    -73.361
 762   -2     14.216     -4.000    -76.596
 524  808      6.900     10.865    -73.757
 820   -2      5.971      0.972    -66.149
 825  551     13.268    -12.939    -67.369
 824  820     11.675      5.101    -75.800
 420   -2     10.043     12.684    -69.753
 496  830    -11.872      4.197    -62.295
 676  831     -1.952     10.331    -74.940
 811  525      8.503     -0.322    -61.044
 830   -2     15.348     11.505    -74.549
 832   -2     16.298      9.588    -74.386
 835   -2      9.249    -11.378    -61.553
