821
   2    6     -3.487     -7.157    -72.754
   1  417      3.495      4.813    -70.862
   3   42     -5.844      8.752    -73.627
   9    9      0.449     -0.672    -70.048
  24    0    -10.118      1.936    -72.257
   4   49     -3.876      7.740    -72.022
  14  113      0.839      5.230    -70.723
  44  777      1.909      7.026    -69.112
  11   21     -0.640      5.213    -70.480
  26    2      5.234      7.402    -71.042
  92  413     -6.324      8.847    -69.322
 451  207     -3.193      6.591    -69.881
   0    4     -2.273      4.050    -73.215
  10  179    -12.972      8.262    -76.336
 772   15      2.305     -3.191    -70.812
  13    5      1.415      4.309    -68.639
  15   14     -5.032     -4.756    -69.956
 395   11      5.581      5.413    -68.775
  12   19      0.563      8.294    -72.113
 111  112    -11.880      5.868    -72.423
  16   18     -3.721      2.033    -73.153
 232   -2     -3.417     -3.431    -71.448
  33   33      7.708      5.699    -67.590
 179   32     -1.612      5.960    -68.241
 374   29     -2.807     -3.177    -68.961
  28   35      3.193     11.671    -68.961
 135   47      0.065      1.027    -73.043
  31   24     -3.489      3.125    -71.568
  38    3     -7.351      5.473    -70.281
 211   75     -2.037     11.388    -73.200
  78  393     -9.334     -5.289    -69.265
  -1   -2     -3.619     -1.540    -75.107
   8   23      3.383     -2.244    -67.271
  20   74      8.462     11.519    -70.768
 258  209      8.154      1.906    -71.646
  25   45     -3.854     -4.019    -70.700
  -1  106     -2.711     -1.027    -73.961
  61  131    -13.049      7.890    -69.068
  41  138      9.401     11.675    -69.153
  27   44      8.017      5.109    -69.341
 109    1      5.586      3.334    -69.777
  34   26      7.806     -0.160    -67.752
 252   17     -1.124      0.720    -72.085
 139   22      1.224     -3.223    -69.446
  59   28     -0.825     11.385    -69.971
  23   10      4.764      8.626    -71.078
  22   16     -5.039      2.704    -68.244
 251   34     -1.772     10.303    -68.122
  17   50      8.401      8.595    -68.530
  29   71    -12.454      2.391    -71.164
  50  102     13.303     -0.005    -70.454
 398   30     -4.110      8.463    -70.779
  19   88      2.257     -7.810    -72.973
 162  421     -5.912      2.685    -73.139
  39   31      5.606     -2.008    -67.588
 110  412      3.744     12.685    -68.304
 119   57     10.589      7.833    -70.286
  58  103      5.035     -4.158    -65.540
 126   12     -3.161     -5.555    -73.384
 368   98      3.295     -9.334    -75.147
  83  107     -3.579     -6.365    -72.676
  51   53     -6.225      8.288    -64.277
  57   60     -8.343     -9.803    -68.718
  56   72     -6.531     10.763    -66.370
 149   41     12.916     -2.224    -69.752
 399  391     -1.497    -10.568    -74.711
  93   65      1.518     -2.729    -65.957
 176   -2      4.434      1.247    -65.527
  40  432      2.532      5.455    -65.810
  68   13     -2.269      5.347    -62.049
  91   -2    -12.441      1.813    -71.302
  21  146     -8.351     11.240    -74.393
  46   48     -6.013      1.594    -68.822
  66   83     -8.317     -7.887    -67.537
  70   79      5.435     -2.493    -71.521
  62  497      2.269      3.105    -65.368
 369   -2      3.802     -9.390    -71.131
  96   20      0.229      5.952    -70.347
 140   54     -8.719     -6.160    -68.699
 262  168     -6.486    -11.469    -71.843
 128  137      2.042    -11.034    -66.017
  54  533      9.360     -6.911    -72.458
  87  133     -8.771     -8.608    -68.743
 129  184     13.029     -3.495    -69.903
 102   91    -10.569      1.907    -69.881
 154  518     -2.168      3.111    -61.616
  45  139      5.859     -9.070    -65.460
 112  402     -0.815      8.273    -64.436
  30   84     -4.028     11.755    -70.083
 103  212    -11.769     -8.690    -69.317
  -1  290     10.095      8.879    -72.684
  85  451     -1.114      6.971    -63.132
  42  469      2.791     10.980    -64.658
  86  538      2.988     -8.258    -66.442
 121  180    -14.525     -5.578    -68.643
 401  110      0.275      1.700    -63.690
  65  423     -3.691      4.922    -64.869
 118  780     -8.271      8.622    -73.319
  55   25     -8.266      2.206    -72.330
 224   90     -4.734     -0.357    -67.870
  -1   80     -6.625      6.989    -62.579
  -1  157     -8.452      4.424    -62.961
 200  352     -5.523      5.227    -70.893
 394  455      8.819     10.782    -64.275
  52  778     -8.897      4.377    -65.359
 155  197     14.167     -8.374    -68.243
 151   58      1.693     -5.419    -72.782
 133   95     -6.255      3.325    -61.993
 123  116     -7.004      4.170    -63.624
  63  431      2.144     12.719    -69.472
 204  105     13.306      9.806    -65.754
  89  418      1.138     12.706    -64.072
  90  248     11.728      0.874    -71.073
  98   36      7.028     12.160    -71.504
  64   39      9.434      6.103    -67.789
 196  416    -10.121      0.794    -77.063
  -1   -2      2.695      3.888    -64.255
  -1  503     -8.122      1.150    -67.813
 115  236    -12.939     11.190    -65.155
 132   -2     -4.882      5.781    -66.101
 113  101     -8.152     -1.815    -68.140
  76  123     17.137      0.530    -69.316
 122  108      7.213      4.175    -63.293
 150  164      1.253      9.041    -63.355
 393  483    -10.532     10.884    -62.928
  -1   -2     -9.060     -9.896    -73.666
 188  781      0.522     -6.325    -66.117
   6  135      0.432      6.306    -72.276
 311  792     -4.345     -5.080    -65.557
 227  132      2.646      9.961    -70.121
 134  115     -7.197      2.044    -62.031
  32   76      8.451     10.791    -69.099
 146  125      6.841     -4.692    -72.895
  37  111    -11.553     10.111    -66.070
 272  456     -7.366     10.881    -63.660
 152   77     15.441      3.656    -70.085
 429  820      3.005     10.606    -74.937
 124  161     -4.939     -9.183    -66.604
 380  167      3.733    -11.138    -71.837
 157  226     17.028      9.450    -69.353
  -1   -2     -0.085      2.616    -75.096
 148  228      2.280     -2.890    -65.700
  73  251      7.259     -0.613    -73.106
 100   -2     -8.995      2.229    -60.973
 216  127    -11.272      5.072    -63.023
 212  260      9.910      6.138    -63.669
 125  121    -10.259     -2.573    -65.349
 193  104      1.533      4.166    -63.264
 137  291      6.350     -6.148    -65.008
 168  403    -10.142      8.572    -65.827
  97  166     -3.193     10.238    -75.501
 114   -2     10.146     -5.917    -64.775
 434  206      5.802      3.055    -63.481
  -1   51      3.454      7.778    -74.918
 217  400     -6.001      7.456    -74.400
 144  130     -7.431     -0.102    -65.697
 153  142     15.354     10.132    -68.525
 221   -2      3.627     -7.693    -69.903
 185  122     -9.801     -4.535    -67.392
 108  470    -10.849      3.236    -69.732
  69  779     12.934      2.313    -70.989
  -1  325     -4.164     11.463    -72.170
 213  118      4.763    -10.194    -66.278
  -1  189     10.040     -6.693    -72.263
 184  173    -13.662     -0.645    -70.846
 298  790     -9.231      6.023    -71.607
 391  145     -8.657      7.805    -63.437
 143  664      0.422     -4.989    -62.373
  -1   63     11.324      8.861    -65.485
 182  482     10.512     -3.352    -70.675
 156   73    -12.115      4.344    -69.387
  -1  148      5.684    -11.575    -74.030
 267  323      7.704      1.496    -61.506
 173  267     14.754     -5.968    -72.380
 494   78    -14.385      5.647    -74.023
 455   -2     -6.283    -10.429    -65.887
 218  265     10.580     10.725    -72.655
 101  279      8.499      4.530    -69.925
 192  183     14.431     -5.070    -71.757
 306   -2     -4.184     -9.868    -74.260
 171   97    -10.308     -3.760    -68.202
  -1    7     -3.744    -12.388    -73.531
 371  305    -15.530    -10.163    -71.474
 167  136    -13.239      9.104    -72.967
  -1   -2      2.974      0.658    -62.121
 136  143     -8.006     -2.095    -64.984
 117  219     12.057     -3.874    -70.808
 178  176     -4.812     -7.308    -64.073
   5    8      7.929      6.738    -72.892
  18  442     -0.024      2.593    -73.249
  -1  223     -3.997      7.361    -63.199
  79  264      3.109     10.484    -73.548
 347  181      2.588      5.922    -65.308
  -1   -2     -2.840     -6.637    -62.222
  -1  562     -2.779      1.912    -60.281
  -1   -2    -10.225     -9.283    -59.386
 811  485      1.494     -1.505    -70.841
  88  275      9.369     -8.669    -73.163
  -1   43     12.397     -0.873    -71.718
 452  578      3.099     -6.410    -67.187
 510   67     -8.365     -5.248    -65.407
 169  220     -8.942     10.104    -75.288
  75   -2      8.113     -3.855    -74.062
 170   89     -7.792     -8.336    -66.817
 243  241     -6.571      9.049    -65.217
 186   62    -10.160     10.965    -64.868
 202   82      9.000     -3.775    -71.140
 321  194     -1.306      7.929    -72.755
 177  266     11.028     -3.620    -70.504
  -1   -2    -12.385      9.110    -75.908
 207  621     -3.216      2.968    -63.455
 489  549     -5.883     -8.405    -65.234
  99  156     -6.476     -2.140    -65.209
  -1  300    -14.935     -9.020    -72.026
  -1   87     -7.452     -5.264    -64.267
 174  231     -5.915      2.261    -61.834
 433  428     -4.468      4.176    -72.309
  82  154      5.822     11.125    -70.284
 263   38     12.507     -0.346    -70.797
 206   92      1.626      6.889    -70.885
 397  280      7.525      2.489    -62.078
 164  283     12.287     -0.793    -69.455
  -1  304     14.400     11.455    -73.509
 205  508      7.416     -1.489    -61.518
 233  174     -1.271     -9.264    -65.961
  -1   -2      3.849      1.454    -76.885
  -1   -2     -7.325     -4.611    -62.212
 240  169      9.850     -3.174    -65.322
 404  160     16.304     -6.718    -73.488
 239  205      7.290      3.459    -65.567
 537  554      6.105     -6.354    -61.901
 300  342     -2.734     -6.723    -66.164
  -1  650     -6.347     -7.788    -68.027
  -1   -2      2.306      8.213    -76.701
 803  276      4.358      0.857    -65.751
 291  821     13.508     -2.939    -70.895
 503  255    -14.822     -1.788    -68.949
 219  521    -10.369      5.294    -65.229
 201  199     10.543     10.658    -67.085
 588  804     -8.847      5.324    -64.781
 225  783     12.615     -4.875    -64.273
 261  128     -9.152     -2.222    -67.756
 447  247     -6.436     -4.886    -64.844
 312   -2     -2.615      3.929    -64.869
 479  340    -14.536     -7.310    -69.947
 381  795      1.766      5.371    -76.075
 127  272     -1.787      3.960    -66.939
 421  261     -8.269      0.486    -71.472
 199  147    -10.319      9.381    -65.154
 441  477     -5.550     -9.024    -77.269
 436   -2      6.436     -9.324    -75.377
 801  277     10.286     11.785    -69.923
 242  306     -8.463    -11.874    -68.738
  -1   -2      4.642     -5.494    -56.161
 141  193     -3.248    -12.019    -68.839
 166  262      8.389      8.791    -72.630
 331  426      2.318     -1.834    -67.003
 607  635     -5.327      0.982    -76.124
  -1   -2    -11.414     -7.188    -64.981
  -1   -2     -6.235     10.597    -74.105
  -1   -2     -7.490     -4.172    -59.363
 285  242     12.859     -8.477    -68.729
 107   70    -10.637     -2.808    -68.395
 305  244     15.538     -9.919    -71.643
 289  274     11.667      0.703    -63.842
  -1   -2     -6.842     12.174    -62.051
  -1   -2    -14.191     -1.602    -69.115
 500  690     -0.004    -11.282    -75.424
 244  237     10.769      4.518    -63.396
 191  595     -2.323      5.119    -69.334
 247  289     13.220     -3.621    -65.803
 229  196     -0.501     -9.281    -60.330
 130  218     -2.074     11.628    -67.393
 519  182      4.514    -13.076    -68.312
  -1  252     -3.559     11.261    -63.475
  -1  539      4.574    -11.759    -63.699
 386  243      8.812      9.772    -70.196
 246  406      7.416     -4.901    -71.148
 438  282    -13.221     -3.994    -70.096
  -1  273     -4.258     -5.107    -62.864
  -1  159      7.551     11.899    -65.787
 104  822      0.214      3.176    -70.716
 299  257     15.039      3.270    -66.721
  -1   -2     -4.876     -0.551    -72.927
 279  216     10.626      7.750    -67.670
 310  222      6.519      2.143    -63.409
  -1  328      7.356     -7.259    -74.195
 360  163     -0.223    -12.063    -70.191
  -1   -2    -13.927      8.891    -70.847
 544  281      8.369      5.359    -63.110
 282   -2     11.527      2.285    -66.297
 477  322     -3.568     10.283    -66.610
 454  285     -5.195      9.731    -65.612
 332  117     -7.686      4.279    -64.507
 324  460     -7.057      2.269    -68.965
 165  238      0.874     -3.794    -63.419
 209   -2     -4.874     -5.842    -61.870
  -1   -2    -10.388      1.870    -67.233
 612  506     17.339     11.353    -68.914
  -1  190      1.439     -6.071    -68.507
  -1   -2     -5.924     -4.967    -71.248
 255  259     14.519     -1.109    -69.803
 231  191     11.751      2.750    -66.662
 190   -2    -12.802     -0.681    -74.952
 461  150     -2.498     -3.188    -63.801
  -1  292     12.961     -7.396    -66.350
 260  234     13.663     -3.226    -66.155
  -1   -2    -10.084      9.129    -58.394
 596  338    -14.820    -10.055    -73.368
  36   -2      6.258     -6.073    -75.887
 271  627    -14.252      5.576    -67.147
 459   -2      6.858      4.540    -76.527
 798  823      9.603     -2.681    -74.654
 508  177     -8.332      8.976    -65.663
  -1  473    -13.921      6.009    -70.626
  -1   -2      0.811     -1.490    -66.936
 556  312     12.872     -6.343    -65.924
 198  321      4.719      9.355    -74.500
  -1  510     -6.635     -2.931    -77.231
 303  528     17.628     -6.953    -70.851
 195   -2     12.060     -3.133    -71.784
 259  311     14.898     -4.619    -71.459
 313  330    -14.943      4.866    -68.829
 248   -2      6.598     -8.477    -68.580
  -1   -2     -1.719     12.857    -68.363
  -1   -2     13.934      3.571    -74.739
  -1   -2     -0.684     -8.693    -71.100
 586  246     11.533     -4.512    -67.207
 308  313     17.506      1.703    -69.552
  -1   -2     -3.819      8.939    -73.623
  -1  436     -8.163     -1.080    -65.793
 450  258    -14.132      0.692    -67.143
 330  479     -8.234     -8.818    -74.914
 175  308      5.392     -3.896    -62.172
  -1  640      4.436     10.113    -60.700
 226  784     -2.605     10.760    -73.669
 329  793     11.281      6.300    -64.294
  -1  337      5.912     10.992    -73.293
 348  366    -14.234      3.526    -70.356
  -1  165      6.608      6.875    -61.184
 662  371    -13.053     -8.805    -75.636
 426  326     15.940     -8.156    -72.024
 564  610     -9.902      7.561    -63.357
 301  711    -14.683      7.050    -74.848
 307   -2     16.059     -7.872    -68.701
  -1  227     -3.212     -1.640    -66.184
 581  743    -13.552      1.323    -67.587
 327  335     -1.965     -5.367    -72.286
 337  600    -11.891      0.313    -76.394
  -1  317     14.498      2.055    -63.533
 296  356    -10.559      4.527    -68.693
  95  319      5.050      9.489    -71.508
 668  613      6.803     -1.235    -63.523
  -1   -2      7.359     -6.318    -62.513
  -1   -2    -11.649     -2.390    -73.686
  -1   -2     -9.155      5.881    -63.703
  -1   -2      0.170      7.066    -57.499
  -1   -2    -10.307     -9.867    -66.057
  -1  332     13.742     11.260    -68.614
 758  361     -7.322      6.916    -68.106
  -1   -2     16.704      6.444    -72.306
 335  636     -9.363     11.465    -76.082
 787   -2      8.841      3.596    -74.903
 343  572    -10.232      6.023    -66.896
 320  324     17.437      8.770    -69.430
  -1  334      7.612      6.907    -65.696
 352  358      9.393     -0.905    -64.387
 234   -2      6.662     11.026    -66.135
 249  172     13.544     -1.003    -76.014
 692  735    -11.633    -10.756    -69.123
 532   -2     -6.234     -4.719    -69.300
 160   -2     -7.107     12.134    -67.806
  -1   -2     15.100      6.362    -62.922
  -1   -2      0.529     -5.677    -83.625
  -1  343     15.470    -12.910    -72.808
 356  721     13.978      2.227    -64.118
 716  810     -1.859     -1.281    -68.314
  -1  365     11.403      3.916    -64.759
  -1  427      4.489      4.350    -71.823
 256  318    -11.209     -5.852    -63.865
  -1   -2     -0.446     12.212    -71.326
 314  327      0.737     -7.807    -64.475
 342  734     -5.942    -11.748    -65.714
 641  380     15.584    -10.364    -68.966
 278  372      5.038     -1.014    -68.163
  -1   -2     15.860     -7.118    -71.209
 339  388     14.022      4.664    -64.348
  -1  240     -6.152     -7.063    -67.645
  -1   -2    -10.728     -2.940    -74.837
 608  805      2.336     12.462    -63.928
 297  659      9.865     -1.578    -71.096
  -1   -2      3.202      3.689    -64.825
  -1   -2      7.748    -12.013    -64.180
 815  556     12.640    -10.971    -74.770
  -1   -2      4.808    -11.886    -74.595
 779  557      6.201      3.606    -72.135
  -1   94     -2.230     -1.978    -69.695
   7  397     -8.251     -6.020    -73.759
  -1   -2     -1.689      1.804    -71.997
  -1  224      0.339      0.964    -61.661
  -1  152     -5.097     -6.969    -70.867
  -1  394     -6.893      9.533    -60.219
 367  407     10.801     -2.939    -76.267
 776  814      5.695     -2.520    -72.744
  74  119     -4.597     -6.088    -70.199
  -1   -2      1.559     12.807    -69.684
  -1   -2    -10.636     11.993    -65.880
 770  812      8.723      6.170    -70.124
  84  399     -7.704      7.523    -73.543
 309  791     17.250      9.031    -73.071
  -1   -2     -4.925      5.694    -62.905
  -1   -2     -1.421     -6.556    -72.529
 569  467    -13.954      7.605    -71.428
  43  447     -1.657      8.210    -73.263
 105   -2     14.468      4.653    -72.321
  49   -2     -4.747     -1.037    -66.683
  -1   -2     -3.468     -0.343    -59.467
 405   -2     -7.283     12.860    -67.090
  -1  202     -6.012     -7.172    -70.821
  -1   -2     -9.332     -1.269    -63.467
  72  446     -7.936     11.816    -65.576
 120   81     -6.414     -5.657    -66.200
  -1  405     -3.507      7.232    -68.436
 768  204     -8.004      8.270    -72.532
 384  408      6.869    -10.268    -64.303
 159  411     -6.171      0.586    -61.643
  -1  462     17.273      7.578    -67.263
  -1   -2     -4.867     -6.517    -67.095
  -1   -2      3.126    -12.012    -66.369
  -1   -2     -0.783     -2.475    -66.270
 548   -2    -13.546     -0.048    -65.930
 269  201     -8.212     -4.041    -62.844
 439   -2      1.769     13.227    -64.463
 486   -2     17.078      0.675    -66.920
  -1   -2     -9.287    -12.350    -63.056
 210   -2     -1.459     -8.267    -61.411
  94  294      2.043      2.294    -71.365
  81  465     -6.600      2.926    -69.359
  -1  409     -3.482      6.433    -67.001
 116  424     -6.044     10.694    -63.552
  -1   -2     -2.634     -8.203    -60.680
  -1  501     15.323    -11.886    -68.730
  -1   -2    -16.075     -9.766    -78.619
  -1   -2      2.619     10.981    -74.082
 237   66    -12.280     -5.900    -75.398
  77   64     -3.968      1.346    -70.865
  -1   -2      8.427     -1.326    -69.647
  -1  141     -5.625    -11.531    -60.714
  -1   -2     -2.867     -0.048    -60.830
 323   -2      0.506     11.174    -75.600
 197  284     -9.289    -10.455    -73.940
 389  186     -0.083      0.678    -71.193
 396  444     11.776    -10.129    -65.624
  -1  299      2.886     -8.286    -71.920
  -1  109     -6.781     -3.455    -65.192
 473  798      7.321      9.293    -75.659
  -1   -2     -9.117     -8.874    -80.942
  -1   -2      7.154     -3.701    -72.002
 435  480      6.151    -10.515    -64.246
 467  345     -7.929      9.973    -77.785
  -1  211     -5.428    -12.451    -65.486
  -1   -2      7.046     -9.702    -68.956
  -1   -2     -1.020     12.872    -61.500
  -1   -2    -10.759     11.108    -75.494
 131  458    -11.937     -6.301    -67.084
  -1   -2     -6.597     -0.793    -72.767
 422  445      3.159     11.882    -63.342
  -1   -2     -3.662      0.474    -56.149
  -1   -2      7.995      7.259    -61.045
 181  295     12.574     10.274    -71.148
 377  429     11.041      2.405    -76.160
 215   -2    -14.520    -10.989    -70.675
  -1   -2    -14.025    -10.275    -78.553
 235  195    -12.972     -1.333    -69.517
  -1   -2     -5.170     -8.061    -59.209
 241  785     14.536     -6.980    -65.758
 802   -2      6.500     12.960    -63.984
 302  158      3.867     -6.121    -67.901
 466  443     -2.508      8.579    -69.916
 425  475      9.231      0.135    -63.402
 428  230     -8.892     -1.824    -67.869
  -1   -2     -7.084     -7.630    -75.910
  -1  464     -1.247      8.250    -59.802
 214  537     11.881      6.926    -62.479
  -1   -2      9.412    -11.438    -66.973
  -1   -2    -15.970     12.042    -72.984
 183   -2      2.132     -1.030    -77.455
  -1   -2      0.920     -9.865    -60.217
 565  440     -0.177      1.450    -59.150
  48  476      1.112     -9.764    -76.487
  -1   -2      6.398    -12.434    -73.237
  -1   -2     -2.920      7.772    -61.620
  -1   -2     -3.217     -2.864    -65.537
 430  481     15.097      8.657    -70.118
  -1  496    -10.488      8.349    -62.009
 423   -2     -3.450     -9.449    -63.599
  -1  450      7.734     -9.510    -63.743
 413  824      8.648     -7.831    -65.988
  -1   -2     10.289     -6.256    -62.988
 446  493     10.103    -12.520    -69.656
 417   -2     -6.189    -12.495    -64.270
 432  513     14.618     -5.808    -66.247
  -1  187     -3.839      6.307    -60.361
 383   68      0.262      2.813    -66.262
 440  162      8.040     -6.965    -63.220
  -1  576      1.463     10.555    -61.904
 180   -2     -6.211      2.431    -67.622
  -1   -2      1.166     -1.082    -58.482
 453  634     15.684    -12.322    -67.707
  -1   -2     -5.512      9.125    -60.085
  -1   -2      6.430      4.896    -58.803
  -1   -2      7.607     -7.429    -59.096
  35  288     11.581     10.845    -69.611
  -1  435      0.284     -6.636    -77.232
  -1   -2     -3.110     -8.229    -77.980
 789  221     -7.401     -5.798    -66.245
 472  504     14.494     -8.212    -63.295
 478  645      1.263      5.007    -73.488
  -1   -2      2.414     -5.382    -61.831
  -1   -2    -10.794      2.551    -78.091
 487  799     -7.906      7.149    -73.586
  -1   -2     -8.524     -5.126    -84.710
  -1   -2    -10.887     -0.133    -59.258
  -1   -2      5.037     11.467    -60.147
  -1   -2     -9.661     -4.046    -59.275
 526  437     -6.026     -5.409    -67.488
 288  302     -1.386     11.579    -60.335
  -1   -2    -12.067    -11.870    -74.904
 570  548     16.011      6.838    -68.460
 506   -2     -1.310     10.951    -62.642
 277  155     -6.802     10.456    -77.322
 512  339    -13.852     12.918    -67.432
 268  500     -9.181    -12.031    -67.358
  -1  271     -9.206      6.859    -61.918
  -1   -2    -14.430     -6.546    -65.973
  -1   -2      6.222      2.615    -74.415
  -1  346     -8.864     -2.670    -62.151
  -1   -2     12.593      9.283    -63.345
  -1   -2     -1.133     -0.460    -77.610
 163   59      5.709      8.469    -70.977
 189  825     18.216      2.743    -69.961
  -1   -2     13.211     12.533    -63.803
 220  782     -5.706      1.893    -65.627
  -1   -2      2.251     -4.675    -61.685
 208  398     12.131      3.699    -73.993
  -1   -2    -11.911      1.768    -77.858
 513   -2     15.103     -9.903    -66.142
 528  802     17.005      5.986    -67.580
  -1   -2    -10.352     -4.401    -75.818
  -1   -2     -6.426     11.200    -76.149
  -1   -2    -10.083     -4.428    -59.842
 418  796      0.753      9.319    -59.839
  -1   -2     -6.788    -11.612    -63.740
 379  545      9.253      1.394    -73.610
  -1   -2    -10.738     13.686    -62.310
  -1   -2      8.453     -3.529    -75.780
  -1   -2     10.588    -12.196    -67.300
  -1   -2      8.090     -2.060    -61.870
  -1   -2     -0.752     -0.865    -62.303
 501  525    -13.751      5.074    -66.043
  -1  490      8.093    -12.162    -70.130
 482  519      1.260    -10.517    -65.032
 293   -2      7.647      7.195    -62.851
 617  703      4.933     -2.974    -58.665
 415  239     15.377     -2.817    -70.359
  -1   -2     13.210     10.123    -73.127
 821  522     -1.518      1.895    -73.603
  -1   -2      4.121      4.433    -55.454
  -1  232      6.094    -13.287    -67.302
  -1   -2     12.110      5.864    -66.110
  -1   -2     -2.228      4.364    -64.180
 187  505     13.551     10.754    -70.336
  -1   -2      6.529     -7.294    -58.302
  -1   -2     -3.137     -1.627    -58.935
  -1   -2      3.951      2.535    -66.242
  -1   -2      8.926    -10.321    -59.365
  -1   -2      0.289     -5.727    -61.338
  -1   -2    -15.942     -9.865    -75.865
  -1   -2      8.740     -2.777    -83.409
  -1   -2     -9.942    -10.773    -57.973
 319   -2      7.032     -0.133    -64.186
  -1   -2     -3.819     12.614    -69.592
  -1   -2    -11.357      8.491    -59.922
  -1  382      7.597     -7.195    -69.924
 284   -2     -6.192      4.217    -75.218
 515  347    -13.244     11.556    -66.642
  -1   -2     -1.444     13.236    -61.514
  -1   -2     16.408      6.340    -65.341
  -1   -2     -4.048      4.543    -65.583
 334   69      2.385      3.886    -66.961
  -1   -2      1.276     -3.164    -75.508
  -1   -2     10.783     -8.183    -60.938
 812  395     11.926      9.215    -73.591
  -1   -2     11.549      1.674    -68.680
  -1   -2     -6.689    -10.185    -69.967
 727  293      5.652    -10.862    -68.108
 499  250    -13.217     -2.254    -72.045
  -1   -2    -15.623     -5.663    -70.446
  -1  188     -2.547      5.724    -75.156
  -1   -2     10.940    -12.667    -73.042
  -1   -2     -7.983     11.956    -60.011
 350  692     12.366      3.421    -63.317
  -1   -2    -13.258      1.470    -76.629
  -1   -2     -1.860     -4.917    -77.009
  -1   -2     14.040      0.615    -59.638
  -1   -2      5.040      9.843    -52.687
  -1   -2    -16.085    -10.921    -76.637
 283  788     12.658      5.904    -65.156
 238  606     12.684     10.974    -69.317
  -1   -2     -1.073     -6.467    -61.034
  -1   -2      0.333    -11.812    -64.472
  -1   -2    -15.641     -8.757    -72.137
  -1   -2     -4.893      7.224    -74.858
 520  612    -10.837     -9.224    -62.877
  -1   -2     -6.821      2.806    -72.209
  -1  341    -13.891      0.402    -67.412
  -1  550      3.248     -7.527    -63.846
 345   86     -1.573      5.037    -65.781
  -1  573     10.702      8.140    -62.285
  -1   -2      9.907    -10.888    -68.463
 518  801      9.551    -12.564    -64.703
 222  320     17.427      7.459    -70.895
  -1   -2     -9.759      8.688    -79.438
  -1   -2      1.577     -9.895    -56.576
 172   -2     -0.142      5.306    -61.546
  -1   -2      3.195      4.189    -60.323
  -1   -2     -4.376    -12.550    -62.741
 755   -2     10.354      7.642    -73.632
  -1   -2    -11.935    -10.600    -73.972
 576  803     12.696      5.394    -76.260
  -1   -2     12.979      5.593    -73.896
  -1   -2      5.588     -1.175    -58.411
  -1   -2     -5.181    -12.249    -67.375
  -1   -2    -11.939     11.901    -64.814
  -1   -2     -6.537     -5.191    -61.729
  -1  360     -7.306      8.315    -66.169
  -1   -2     13.241      3.700    -85.879
  -1   -2     -7.962      1.540    -56.025
  -1  364     -2.475     12.252    -72.199
  -1   -2     -2.862      0.961    -56.512
 645  385      8.843     -3.921    -64.170
  -1   -2      1.619      0.379    -55.160
  -1  624     -6.459      7.534    -67.787
  -1   -2     15.818     10.960    -81.140
  -1  527    -11.390     -0.209    -61.196
  -1   -2      2.639      0.980    -57.986
 635  685     12.156     12.624    -62.659
  -1   -2      9.041     10.804    -56.207
  -1  357     10.223     -3.744    -63.477
  -1   -2     11.966      5.588    -61.942
  -1   -2     -0.672     -3.304    -53.836
  -1   -2     18.112     -2.678    -71.716
  -1   -2     14.778    -12.551    -67.073
  -1   -2     -5.117     11.021    -57.517
  -1   -2     16.213      9.380    -67.582
  -1   -2     13.134     -1.272    -62.378
  -1   -2     -4.277     -5.303    -57.024
  -1   -2     -5.553     -8.451    -57.152
 632  671     12.424     11.244    -63.670
  -1   -2      8.055     -3.936    -69.244
  -1   -2     17.035     -5.023    -69.398
  -1   -2     -3.312     -5.166    -79.210
  -1   -2     -4.688      8.053    -87.245
  -1   -2     13.378      6.195    -75.077
  -1   -2     14.123      8.966    -59.232
  -1   -2      3.911    -11.418    -68.658
  -1   -2    -11.082      4.410    -58.619
  -1   -2    -12.578     12.418    -65.321
 693  331     14.394      1.952    -69.253
  -1   -2     -8.144      5.399    -87.481
  -1  383    -16.289      0.452    -72.487
  -1   -2     11.624      0.165    -58.294
 605   -2     -3.009     12.170    -61.484
 799  200     -2.237     -1.674    -65.322
 614  806     14.878     -5.805    -63.166
  -1   -2      5.116     -1.783    -78.801
  -1   -2      9.632    -12.111    -66.137
  -1   -2     15.969     11.687    -77.061
  -1  609      9.263     -9.533    -63.280
 325  826      4.140     11.899    -72.873
  -1   -2      5.113     11.710    -61.717
  -1  670    -12.473     -3.126    -72.989
  -1   -2     -6.986     -1.798    -74.485
  -1   -2     -4.124     10.338    -57.319
  -1   -2    -12.490     -3.966    -73.468
  -1   -2     -7.576     -3.146    -70.626
  -1  384      5.678      2.759    -62.116
  -1  628     14.682     -5.339    -75.932
 359   -2     10.988     -6.840    -66.819
  -1   -2      5.266      2.450    -72.883
 687  631    -13.559     11.729    -68.515
  -1   -2    -15.194     -5.314    -79.391
  -1   -2    -12.727     -1.509    -86.258
 686   -2      8.299      0.214    -68.869
 729  696     12.179     -6.937    -60.651
  -1   -2     15.330     12.859    -66.250
  -1  633     15.477     -4.571    -61.011
  -1   -2    -16.054    -11.462    -74.948
  -1   -2     17.444    -12.095    -71.770
  -1   -2     13.679    -12.038    -82.865
  -1   -2      3.798     12.403    -65.753
  -1   -2     14.822     -6.961    -62.085
  -1   -2     16.230     -6.692    -78.401
 704  808      7.594     -6.635    -74.397
  -1   -2     -9.763     -3.887    -83.905
  -1   -2      0.493     -4.958    -87.760
  -1   -2    -11.730    -12.721    -69.717
 654  584     -5.634      9.380    -66.988
  -1   -2      2.243     -1.010    -66.185
  -1   -2     -8.811      8.074    -62.099
  -1   -2     -8.997    -10.190    -63.445
  -1   -2     -0.017     -7.255    -68.041
  -1   -2     14.825      9.805    -64.084
  -1   -2     11.238     -6.745    -66.448
 245  786      5.291    -12.319    -72.527
  -1   -2     -2.698      8.324    -64.456
 589  688      6.633      9.964    -72.119
  -1   -2    -10.854      7.833    -66.462
 316  618     -4.104      2.309    -69.065
 575  583     14.276    -10.550    -66.779
  -1  580      4.862     10.871    -75.389
 759  811      1.206     -4.721    -74.353
  -1   -2      6.197      3.753    -73.984
  -1  303      3.032     -8.944    -71.250
 228   -2      3.258     -4.587    -63.821
  -1   -2     18.191    -12.385    -75.235
  -1   -2      1.734      2.035    -71.154
  -1   -2      2.482    -12.429    -71.199
  -1   -2     -6.950      7.518    -58.331
  -1   -2      1.906     -3.628    -77.958
 629   -2      6.877     13.039    -68.560
  -1   -2     -8.393      8.523    -59.912
  -1   -2    -10.477      4.321    -86.865
  -1   -2      7.894     -8.153    -52.563
 797  819     -9.383      4.765    -73.991
  -1   -2     12.963    -11.660    -63.342
  -1   -2      1.730      2.855    -54.322
  -1   -2     -6.557      9.742    -64.468
  -1  686      4.396    -10.805    -72.548
  -1   -2     -6.592     -6.771    -69.644
  -1   -2      5.765    -10.897    -59.658
  -1  736     -9.680     11.324    -76.581
  -1   -2    -15.703     -4.368    -76.729
  -1   -2     14.823      9.502    -75.058
  -1   -2      8.502      9.776    -61.645
 719  730      6.110    -11.794    -66.051
  -1   -2     -4.902      8.445    -52.163
  -1   -2     14.843     10.164    -63.650
 753  738     12.701     -8.253    -64.648
  -1   -2     -4.263     -9.085    -66.693
  -1   -2      5.524    -10.134    -84.072
  -1   -2     -2.120     -3.933    -64.142
 362  348     16.412      5.707    -65.348
  -1   -2     10.469     -8.215    -71.008
  -1   -2      0.399     -9.992    -59.057
 365  369     13.331      6.729    -64.239
  -1   -2     -9.328     -9.702    -58.382
  -1   -2    -14.726      0.939    -69.633
  -1   -2     -1.185     -1.469    -70.478
  -1   -2     17.002     -2.178    -68.943
 536   -2     -2.477     10.159    -56.959
  -1   -2     17.102     11.639    -71.960
  -1   -2    -10.175      0.792    -69.653
  -1   -2    -12.905      8.067    -85.182
  -1   -2      8.056      5.362    -67.826
 712  827     -1.992     -4.952    -64.579
  -1   -2      7.514      0.509    -68.759
  -1   -2    -15.376     -2.380    -77.418
  47  489      1.122     -1.454    -70.350
 552   61     -5.589     -0.870    -67.564
 792  818     -9.604      7.265    -67.739
 106  126     -2.184    -10.577    -67.982
 483  268     -5.456     -1.284    -65.242
 290  498    -13.038      1.022    -67.172
 431  129    -11.505      0.520    -68.752
 142  235    -10.252      5.630    -68.675
 366   -2     -5.205     -2.134    -72.270
 280  787     -7.042     12.615    -63.222
 793   -2     10.327     -0.432    -63.901
 317   -2     14.430      6.108    -72.173
  -1   -2      4.290    -11.525    -67.324
  -1  353      6.478     -8.479    -68.590
 287   -2     10.451     -7.492    -66.032
 326  296      2.748      8.849    -64.797
 344   -2    -10.982     11.939    -66.871
 470   -2     -6.723     -9.553    -64.331
 546   -2     13.768      3.325    -72.175
 545   -2      1.861      7.160    -61.179
 286  329     15.304     -6.015    -72.661
 541   -2     13.869    -11.188    -67.860
 266  474      8.031      7.297    -63.804
 294   -2     -7.611      6.204    -74.863
  -1  350     -6.102      4.093    -75.145
 370   -2      0.808     12.942    -65.874
 771  100     -9.463      4.880    -67.099
 808   -2     14.327     -3.287    -73.228
  67   40     -3.796     -2.500    -68.068
 785  816      2.314      9.829    -71.126
 304   -2     -8.872     12.516    -72.333
 778  815      6.247     -3.170    -67.442
 707  809     -9.513     -2.461    -65.354
 392  524      8.546     -2.026    -75.154
 804   -2     14.090     -4.503    -76.234
 194  217     -6.495     -1.226    -73.945
 437   -2      9.633    -11.642    -64.846
 782   -2     -8.849      0.436    -76.994
 642  213     -7.654     -1.890    -66.067
 579   -2      2.805     -7.131    -63.995
 626  715     -4.772     -2.922    -70.123
 643  740    -15.190     10.408    -71.512
 790  817      8.957      3.285    -65.263
 752  529     -6.316      7.945    -67.766
 549   -2      5.242     -0.226    -73.762
 775  813    -10.905      2.350    -74.607
 276  245    -13.824     -6.364    -72.055
 333   -2      8.567      7.887    -64.045
 609   -2      9.561      1.658    -62.556
 631  642     -6.980     -6.277    -76.698
 663  586     -7.615      7.892    -67.404
 814   -2      3.181     -6.226    -64.983
 822  828     10.316      7.360    -72.798
