839
 136    1      2.086      3.727    -70.927
   2    0      3.698      4.808    -71.071
   3   12    -12.568     -3.405    -73.693
   7   32     -7.000      4.721    -71.560
 112  381      4.200      1.424    -72.269
  16    9      7.491      7.643    -68.906
  12   10     -0.708      6.521    -68.191
 110   11      1.605      5.607    -70.127
  24    7     13.538      0.172    -71.107
  20    4      3.496      4.660    -68.168
 241   29      2.620     12.308    -71.537
   8   25      5.499     -4.291    -77.100
 105   -2     -0.495      7.452    -68.127
  21   26     -3.924      6.243    -67.180
   9  389    -14.691     -0.858    -76.528
  18   47     -8.499      6.297    -69.858
 820   85      0.344      9.160    -71.174
 128   16     -7.982      4.304    -69.795
  13  204      6.734      2.814    -69.195
  44   14    -11.356     -3.408    -73.692
  36  605     -2.145      0.305    -73.236
   1  386      3.233     -0.074    -72.439
  66   40      7.467     10.146    -71.523
 104  183    -11.170      6.637    -68.405
  59   53     -9.928      3.603    -67.790
 375   69      4.438     -1.736    -73.947
  -1   -2     -1.147     -1.828    -66.477
 264  103      2.170     -0.902    -69.778
 393  371     15.261      3.070    -70.814
  86   74      0.364     10.688    -68.657
  -1   -2     -6.929     -5.258    -67.506
  63  184     12.554      9.359    -71.932
  15   19     -1.525     -5.419    -69.748
 822  114     -8.892     -2.186    -66.712
  19   81      4.012     -9.404    -68.449
  45  379     12.300      0.199    -67.668
  14    5     -6.751      6.545    -69.556
  29   21      3.395    -10.999    -71.940
 391   33      5.257      3.473    -71.323
  -1    6     -0.243      2.880    -69.300
  93  213    -10.462      9.822    -68.479
  79   35     -5.603     10.355    -64.901
 166  154    -14.836     -7.578    -71.753
 600  819     -7.876     -6.204    -68.469
 100   67     -8.513     11.371    -64.586
  56   -2     -6.324      3.107    -71.331
  35   59     -0.509      1.316    -63.766
 187   22     -2.685      4.121    -67.822
  10  130     -9.152      9.264    -74.260
  50   72     11.284     -2.977    -67.637
  28  179      1.075      5.520    -73.826
  77  391     -8.095     -0.740    -66.847
 196  798      4.624     -1.389    -68.138
 404   -2      6.098     -4.726    -70.521
 419  107     -0.273     -1.996    -71.874
  91   73      0.338      2.979    -67.664
  38   82    -14.877     -6.384    -71.409
  74   51     -4.382      9.482    -64.900
  65   61     -3.598      0.653    -66.425
  89  401     15.824      1.333    -68.250
  84   79      1.310    -10.439    -64.974
 265  318     -4.695     -2.906    -71.599
  97   46    -15.776     -0.083    -72.600
 155   95     13.711      7.675    -68.819
 117   20     13.899      2.213    -70.245
  11   70     -1.597     11.360    -69.177
  90  101    -11.953     -7.320    -71.118
  -1   -2     -9.314     10.798    -72.234
 124  206    -14.173     -2.324    -76.539
 158  518      5.565     -3.347    -71.064
 807  211     -4.464     10.975    -69.514
  80  375     -6.581     10.986    -63.383
 787  100     -0.141     -4.056    -68.102
  48   63    -13.288      2.028    -74.615
  -1   -2     -1.376     -6.291    -64.429
  -1   -2     -6.331     -2.365    -64.370
 219   27     -0.004     -7.483    -68.413
  69  257     -7.631      7.391    -68.638
 150   75     -0.858     -4.055    -71.472
 127  112      3.226    -10.057    -62.557
 315  153     -0.600      7.140    -69.427
  67  380     -1.592     12.521    -70.164
 395   -2      8.967     10.302    -68.426
 227  542     -9.196      1.405    -72.508
 111   56     -5.149      5.159    -66.271
  52   15      0.945      7.990    -72.475
 379   28     -0.470      9.524    -71.995
  62  197      9.382     -0.739    -68.371
 462  277      3.074     -8.551    -74.727
  47   43      4.133     -1.292    -65.209
 413  117      5.412     -5.768    -64.461
  96  443     -0.439      4.548    -63.897
 435  168     10.223    -12.671    -66.349
 119  178      3.295     -8.397    -64.507
 123  233      5.360     -0.695    -65.441
 290  202     -6.174     -9.391    -69.417
  -1  140      3.339     -2.943    -64.611
 431  423      2.851     12.802    -63.247
 460  209     -8.058      2.811    -68.362
 156  231      7.686      1.480    -67.341
 116   93     15.747      2.794    -69.387
  72   18      2.905      3.276    -72.578
  73   96     10.065      9.399    -67.529
  -1  118     -7.438    -12.494    -67.066
  99  396     12.693      4.058    -67.646
 307   66      3.549    -11.038    -69.374
  -1  126     11.454     12.692    -69.437
 163  457      3.130      8.562    -69.777
  98  437      4.830      7.406    -63.099
 114  121     -5.611      9.307    -62.115
 397   34     -4.589      0.576    -68.672
 129  195      2.173      5.499    -64.720
 469   94      3.328      5.405    -64.767
 113   97     -3.314      2.176    -64.295
 132  194      3.351     -1.807    -65.609
 142  150    -12.034      2.806    -65.911
 141  422     -1.222     10.608    -62.953
 532  414      2.098     -9.927    -69.309
  32   86    -10.164     10.549    -76.642
 102  250     -7.306     12.607    -68.344
  -1   -2     -2.909     -5.218    -65.509
  95  171     -0.964      7.307    -72.773
  -1   -2     -1.030     -9.798    -64.268
  78  161     -8.103      7.625    -64.767
 164  133      3.569    -11.378    -64.343
  40   98     -5.981     -3.938    -65.157
 217  223    -11.490    -10.527    -69.354
  -1  477      0.352      6.472    -61.386
 199   91     -0.852     -6.485    -68.133
 270  129     -4.917     -1.950    -62.665
  -1   -2     -7.065      3.099    -60.620
 366  224     10.511     -1.066    -73.178
 223  113     -9.431     11.171    -62.932
  27   55      4.246      8.508    -69.582
 429  139      4.274      1.527    -64.084
  87   54     13.137      2.053    -66.927
 194  181     10.161     -1.957    -65.694
 484  382     -2.948    -11.948    -69.797
 183  589      7.733     -5.843    -70.802
 229   -2     11.382     -4.151    -73.366
  92   92      2.717     -5.863    -65.591
  -1   -2     -9.051    -11.877    -64.073
 137  794    -10.648     13.302    -65.144
 216  104     12.839      3.960    -66.087
 646  336     10.167      4.883    -75.476
 252  149      2.000     -7.220    -63.149
 314  156     11.912     -3.598    -68.281
 134  545      1.366      5.918    -63.781
 248  207     -2.593      5.148    -65.511
  -1  445      0.264     -1.072    -69.701
 232  119     12.622     -4.275    -68.343
  -1  155      2.967      5.014    -64.468
 139   78      4.732     10.708    -68.358
 345  128     -1.236     -5.236    -66.479
 171   89     -5.778    -11.678    -65.963
 577  372      1.585    -11.611    -71.640
  -1   -2     -6.869     -4.166    -64.393
  -1  196      7.360      2.624    -64.005
  -1   -2      1.650      2.330    -60.536
 121  142     -9.940     -3.014    -68.604
  -1  190     -0.861    -11.516    -74.450
 201  470      4.437     10.618    -62.528
  49   45     -8.302    -10.206    -68.135
 215  296     -3.559     -0.193    -72.493
 180  172      9.401    -12.969    -67.426
 103  286      9.099     -9.426    -71.592
  -1   -2      7.044     -5.289    -64.734
 172  797     -0.759     11.741    -70.600
 204  124      2.317      7.820    -66.142
  60  399      3.119     -6.521    -71.373
 798  228      4.486     -1.758    -64.324
  68  235     -1.314      8.828    -72.805
 108  173     -2.131     11.052    -75.328
 160  263      9.455      9.985    -71.786
 254  147      3.061     10.544    -68.257
 107  252     -2.958     -2.922    -74.960
 380   39     -8.088      3.708    -73.114
  -1   -2    -14.575    -11.559    -69.361
  53   71     -8.751      7.830    -70.555
 182  166      7.071      1.680    -63.829
 790  205     13.893      6.389    -74.312
 421   -2      5.921      0.788    -61.496
 228  281      3.243     -2.975    -68.168
 461  369    -12.700      0.573    -77.613
 174  297    -10.546      6.466    -73.249
  88  217      2.206      4.259    -65.579
 276  162    -12.945      5.274    -75.620
 122  400     -5.615      3.692    -62.380
 505  314      7.263      2.727    -73.333
 263   57     -4.172      1.291    -73.895
 192  270    -13.540     -5.940    -70.511
 238  208      7.984      6.450    -63.286
  51    2      2.056      6.863    -73.056
 179  269    -14.232     -7.686    -72.735
 308  198      3.643      7.491    -63.550
 245  549    -11.166     -1.086    -64.944
 803  136      0.479     -5.936    -75.380
 471   -2      8.865     -3.845    -69.425
  -1  116     -8.496     -4.021    -66.198
 512  816      1.620     -5.581    -66.769
  85  251     11.166    -11.264    -70.045
 319  227     -5.295     -6.570    -71.889
 244  143      2.273     12.252    -64.762
 173  167      8.806    -10.001    -72.784
 296  216     14.271      0.336    -67.458
  58   80     -1.124      0.309    -67.510
  81  442      6.015     -7.705    -69.789
   5  182      5.291      0.130    -72.696
 496  615     -3.317      7.878    -64.560
 165   77     -2.938     -0.711    -65.225
 188  510     -3.401     11.592    -70.586
 312  148     16.681     -1.349    -68.650
 167  225     -1.391      7.882    -66.003
 234  122      6.828     -0.073    -62.337
 144   64     -6.927     -3.016    -72.749
 326  323     10.774     -1.703    -70.573
  -1   -2     11.422      0.476    -60.699
 212   -2     -1.175     13.116    -67.112
  -1   -2     -9.851    -11.270    -75.614
 186  450      9.053      5.885    -62.920
 193   -2    -12.855      1.885    -68.341
 523  280    -10.760     -8.990    -72.792
 211  590    -12.799      7.119    -73.897
 323  808      8.381      9.908    -61.388
 170  629     -2.736     -7.866    -66.593
 203   -2      0.258    -12.787    -67.420
  -1   -2      7.155     12.591    -65.544
  39  388      6.463      7.412    -73.546
 140  151    -13.996      6.802    -71.694
 398  169     -7.721     -6.245    -73.017
 304  295     -0.174     11.743    -73.330
 249  261      9.152      2.291    -61.909
 218  799    -11.694     12.620    -68.761
  61   -2      6.138     -0.400    -71.036
 294  803      1.356     -0.146    -63.479
 209  239    -10.431     -9.050    -70.915
 521  258     -1.748     -8.467    -58.884
 541   -2      3.280      6.417    -61.093
 297  247     15.379     -7.778    -69.288
 247  321      5.108     -9.736    -71.383
  -1  141    -15.640      2.024    -75.338
  -1   -2     -5.571      2.651    -58.576
  -1   -2     -6.563      5.233    -76.590
  -1  260     10.588      1.620    -64.803
 189  191     -6.036     -7.558    -68.198
  -1   -2     -7.536      2.456    -68.739
 208  222      0.076     -8.295    -68.059
 283  308     12.863     -5.510    -69.508
  -1   -2    -10.348    -12.102    -68.129
 251  244      7.218     -9.998    -67.404
 226  192     -9.481     -0.074    -75.061
  -1  537     -7.523      9.991    -76.943
  -1  460     -0.958     -1.755    -71.843
 157  284     15.960      4.787    -75.129
  75  623      7.915    -10.344    -73.355
  -1   -2    -10.912     11.104    -77.478
 291  115     10.606     -6.935    -73.499
 457  538    -15.886     -6.191    -72.260
 293  606     11.282      1.125    -74.689
 796  254      3.996      5.144    -62.572
 499  830     12.899     -9.555    -73.045
  -1   -2      7.912     -0.281    -76.763
 257  220      8.817    -11.940    -70.258
  -1  471      6.387     -8.543    -71.291
  -1  266     15.034      5.137    -66.590
  -1   -2    -15.185      9.629    -70.025
 267  259      8.949     -0.066    -69.960
 587  554    -11.251     -0.599    -64.865
  -1   -2     -7.880     -1.517    -64.602
  46  305      0.898     -1.690    -69.977
  -1   -2      7.221     -0.235    -69.842
 316  255      9.422      9.163    -68.524
 524  347     -0.181     -7.244    -63.553
 279  478      5.668    -11.783    -65.123
 200  304    -10.706     11.035    -66.183
  -1   -2      4.777     -4.193    -65.629
 225  831     11.053     -3.359    -70.646
 792  522      3.172     -7.688    -72.333
  -1   -2    -10.699      5.842    -62.199
 800  274     13.316     -9.723    -72.744
  -1  433      5.540    -10.668    -65.185
  -1   -2    -12.319     -2.383    -75.584
  -1   -2      5.043      3.878    -72.492
 109   -2     -6.346      2.822    -74.923
   4  201     -6.758     -5.174    -72.122
 258  801     16.286     11.994    -71.669
 126  160     -1.381     -7.820    -70.511
  -1   -2     -8.738     -3.682    -73.274
 271  832     -1.313      4.546    -64.204
 246  800    -12.287      5.885    -66.347
 275  248     13.840      0.078    -64.702
  -1  287     -8.243    -12.652    -66.600
 320  805      4.554      8.937    -65.828
 306  240    -12.931      4.956    -64.892
 262  273      9.744     -1.347    -67.278
 751  354      9.696     -6.877    -70.196
  -1   -2      2.287     -1.988    -69.222
 710  193     11.405      5.011    -68.954
 298   -2     -3.897      4.862    -78.931
 154  525     -0.181      2.349    -74.922
 272  697    -15.571     10.537    -74.586
  -1   -2     -4.819    -10.036    -61.070
 522  833     10.329     -4.410    -67.548
 793  455     -2.962     -9.743    -72.292
 321  806    -14.245      7.407    -69.979
 278  253     15.034      2.129    -66.816
 594  403     13.684     12.297    -72.706
 563   -2     -1.879      6.142    -73.052
 414  770    -10.878      2.922    -74.327
 331  337      8.471      3.601    -66.784
  -1   -2     -8.284     -9.921    -58.969
 309  310     16.221     -4.772    -69.558
  94  306     -8.550      6.111    -72.279
  -1  293    -14.782      0.583    -73.383
 240  302      4.633     -0.755    -65.496
 555  553    -12.912    -10.330    -71.630
  -1   -2      7.387     -3.214    -66.674
  -1   -2      0.982    -12.485    -75.419
  -1   -2      6.391     -2.815    -66.989
 235  355    -10.216      4.718    -64.702
 806  200     -6.001     -9.571    -72.288
 338  505      9.162     -7.680    -68.985
  -1  647      6.420      1.039    -68.159
   0  290     10.534      3.903    -70.757
 151   83     11.410      7.205    -68.264
 344  333      5.160      8.287    -66.410
  -1   88      5.248     -0.394    -67.009
 336   -2     11.849      8.853    -71.588
 339  316     11.252      9.610    -70.637
  -1   -2      8.715     11.647    -63.297
 624  524     13.498      0.677    -74.820
  -1   -2     -7.924     -2.065    -67.534
  -1  702      7.987      8.154    -62.041
 146   -2      5.438      2.064    -68.874
  -1   -2     -8.755     -8.462    -58.169
 823  307     -2.596     -6.448    -70.342
 665  426     14.283     -6.688    -71.866
 557  328     -3.762    -12.184    -74.365
 322  807     -4.934     -9.258    -70.511
 334  330     11.611      8.895    -65.091
  -1  503     -1.093     -8.524    -75.398
 284  704      8.267     -6.385    -69.316
  -1   -2      6.666    -11.133    -63.630
  -1  531     -2.125     -5.684    -74.513
  -1  346     12.530      8.171    -62.806
  -1   -2    -10.150    -10.644    -70.059
 369  715     -4.508     -4.348    -76.392
  -1  720      6.032      4.731    -71.096
 363  256      5.495     -1.265    -73.264
 482  834     15.628     -3.572    -74.060
  -1  397     -8.907     -3.903    -74.907
  -1  350     -0.975      1.945    -68.073
  -1   -2     -5.827      6.929    -65.293
  -1   -2     -0.219     -7.210    -64.962
  -1  359     -1.532     -6.943    -68.641
  -1   -2     -3.604    -11.356    -66.928
  -1   -2    -10.903     -0.293    -74.368
 277  624     -3.353     -1.913    -72.757
  -1   -2     13.884      6.968    -64.267
 376    3      0.106      2.043    -71.506
 409  373     -2.220      4.882    -69.784
 259   52      0.264      0.859    -69.860
  -1   -2     -1.430      1.229    -77.409
  34   -2      1.692     -7.410    -73.436
  -1   -2     -4.609    -10.947    -66.746
  -1   -2     15.667     -7.152    -75.155
  -1   -2    -14.038     -6.624    -75.910
  -1   -2     -0.259     12.491    -67.080
 399  383      6.482     -9.251    -63.901
  -1   -2      0.783      4.381    -64.619
 388  740      4.767     11.828    -71.086
  -1   -2      0.120     -3.547    -66.707
  -1   -2     -9.159      7.223    -75.935
 420   36      1.006      5.948    -70.313
  76  523     -3.522     12.110    -73.157
 447  230     -5.269      7.655    -63.768
  -1   -2    -12.904     -6.283    -80.503
 441  813      3.359    -11.854    -62.330
 405  408     -4.201     11.715    -71.225
  -1   -2    -12.250    -11.469    -75.144
  -1  452     -0.545    -11.314    -64.841
  -1   -2    -15.547    -11.794    -72.133
 426  158      4.842     -7.891    -69.306
 197  234      7.911     12.010    -68.245
  -1   -2     -4.417     -8.265    -60.468
  57   38     -1.382     -3.089    -69.618
 317  331      0.441      0.053    -74.347
  -1   -2    -12.461      1.612    -65.398
 348  157    -13.087      7.025    -67.695
 402  413    -10.039     -6.442    -65.119
 425  835      6.930     -3.003    -64.673
 829  439     12.101    -11.941    -68.689
  -1   -2     -7.028    -10.036    -84.487
  17    8    -10.909      5.099    -75.314
 789  501      1.631     -7.734    -62.868
  71   60      2.842     -5.158    -70.860
 586  120      1.147      0.391    -71.989
 175  175      5.274      6.150    -69.966
  43  539     -9.490     -8.049    -72.830
  -1   -2     -3.006     -3.225    -69.118
 535  661    -11.551      2.184    -62.218
 500  145     -8.828      9.325    -66.000
  -1  332    -10.690      2.223    -74.196
  -1   -2     -4.589      7.285    -58.543
 442  428     -0.918     12.008    -64.551
  -1   -2      6.831     -1.108    -60.924
 120  410     -1.650     -7.957    -68.699
 416  430    -15.069     -3.427    -75.927
  -1   -2      8.081     -7.169    -61.582
  -1   -2      7.637    -10.650    -75.598
  54  163    -11.334      6.270    -73.481
 407   -2      0.536      1.088    -71.590
 574  561     -7.948      7.932    -72.338
 491  174     13.872     -4.631    -67.054
  -1   -2      1.449      3.141    -60.113
  -1   -2     -2.273      5.220    -81.365
 459  164     -2.845    -11.343    -63.313
  -1   -2    -13.488      5.998    -72.975
 177   -2      0.390     -7.103    -65.153
 560  180     10.639     -4.329    -66.030
 668  824     -8.889      7.935    -77.810
  -1  432     -7.314     -8.269    -66.262
 422  229      5.810     -7.851    -73.381
 145  795     -3.500     13.291    -66.349
 427  390     -4.358     11.844    -66.059
  -1  407     -2.239      0.781    -60.318
 149  796     -6.551      1.481    -61.244
 233  520     -4.038     10.615    -63.535
  -1   -2      3.586     -3.416    -60.608
 625  456    -11.589     -8.000    -62.073
  -1   -2     13.299     10.222    -72.200
 324  560    -12.886      1.315    -67.729
  -1   -2     -7.849     -1.478    -58.869
 475  555     13.640     -6.834    -65.849
  -1  434    -16.151      8.702    -72.464
 198  176    -10.868      1.322    -70.189
  -1   -2      5.954     -0.927    -61.718
  -1   -2     11.421     -5.214    -64.556
  -1   -2     -5.381     -1.503    -75.964
 268  802     11.480     11.495    -65.820
  -1   -2     -3.251     -5.494    -63.000
 721  642     10.860     -5.892    -67.214
 440  449     -4.641      2.539    -63.301
 786   -2     -6.309     -1.594    -73.706
 448  566     14.703     -5.086    -64.107
 458  640     12.136    -10.036    -64.249
  70  210      7.717      0.742    -74.414
 565  440     17.282     -6.598    -65.561
  -1   -2     -4.074     -1.525    -71.287
 465  602     11.098      7.183    -71.182
 415  409     -3.522      3.276    -63.275
  -1   -2      4.219     -7.421    -56.347
 190  464     -8.318      9.427    -65.352
  83  792     -4.493    -11.277    -67.889
 394  569     -4.697    -12.614    -69.131
  -1   -2      0.332     -7.356    -79.125
 408   -2    -14.340     -4.070    -74.728
 131  431      0.363     12.801    -65.354
 451  226      0.999     -5.672    -61.594
 533  447     17.754      9.935    -67.568
  -1   -2      8.871      3.749    -58.827
 433   -2      6.300      0.863    -77.277
 503  528     11.391     11.997    -62.122
  -1   -2      5.086     13.075    -65.138
  -1   -2     -1.499     -2.305    -72.537
 138   90     13.767      3.976    -66.366
 318  245     -7.796      8.891    -78.215
  -1  534      2.685     -5.201    -61.654
  33  836      1.227     -2.111    -70.606
 222  454      1.570      0.984    -60.284
 501  837      2.823      7.164    -65.111
 490  218     13.332    -12.554    -66.850
  -1   -2      5.927     -1.326    -58.695
 401  406     11.717     -7.175    -66.798
  -1   -2    -12.079    -10.587    -60.168
 181   -2     -0.943     -6.418    -64.401
 450  596    -10.317      9.474    -69.867
 148  185     -0.879      9.926    -65.991
  -1   -2     -3.417     -9.102    -56.349
  -1  146    -11.388     12.255    -70.982
 802  557    -11.361      5.723    -66.735
 612  820     -8.608     13.283    -59.914
 538  466     -9.368      8.272    -62.102
 330  810     11.627     -1.982    -69.538
 236  465     12.322      1.895    -67.467
 621   -2     -4.175    -10.667    -57.404
  -1  491     -0.554     -8.919    -62.862
  -1   -2     11.430      4.902    -63.665
  -1   -2     -5.139    -13.082    -65.137
  -1   87    -15.125    -11.060    -74.576
  -1  487     15.496      4.289    -68.261
 689   -2     16.384     -9.619    -66.867
 495  512      9.087     -8.687    -64.718
 589  289     17.133     -2.343    -67.159
 231   -2    -14.604      6.191    -71.682
  -1   -2    -12.159      7.908    -70.806
  -1   -2      3.088      3.062    -56.024
 547  272    -12.918     10.842    -66.804
 161  262     -0.134     10.236    -72.838
  -1   -2     13.652      8.799    -62.128
 406  376     -6.577    -12.429    -64.922
  -1   -2     -0.509     -3.209    -57.668
 498  548     11.642     -4.298    -60.731
 508  242    -11.343     -9.957    -62.765
  -1   -2     14.063      9.642    -62.540
  -1   -2    -13.071      2.772    -68.416
  -1   -2     -7.476     -3.679    -75.193
  -1   -2     -2.859     -7.887    -65.109
  -1   -2     -3.181     -3.567    -59.261
  -1   -2      7.445      8.606    -55.170
  -1  499     -7.849     11.350    -58.546
  -1   -2     -9.191     -0.551    -72.085
  23  598      7.198      4.321    -69.150
  -1   -2     -5.136    -10.450    -66.767
 313  493    -13.714      5.565    -74.178
 517  517     -3.916     12.818    -61.005
  -1   -2     -8.629      1.298    -67.141
  -1  496      4.932     12.769    -63.772
  -1   -2     -1.735      7.461    -60.308
  -1   -2     -4.026      2.668    -54.029
  -1   -2     -1.421     11.402    -61.348
  -1   -2     -3.877    -10.279    -72.449
  -1   -2    -12.389     -5.609    -74.253
  -1   -2     -4.667     -7.531    -60.014
 269  504    -15.486      9.342    -73.398
 436  451      1.075     -9.762    -73.676
  -1  436     13.595     12.098    -64.867
  -1   -2     -3.754     -5.843    -66.533
  -1   -2      4.249     -6.547    -72.117
 632  821     -4.555    -11.343    -74.614
  -1   -2     -6.590    -11.446    -77.340
  -1   -2     -4.538    -11.240    -60.251
  -1   -2      8.970     -4.441    -65.301
 497  299     -9.280      4.032    -77.715
 613  679      5.074    -10.126    -71.364
  -1   -2     11.277     -0.455    -56.772
 809  468      7.188     -4.224    -75.441
  -1  421     -9.536     -2.206    -63.252
  -1  547     10.783    -10.899    -64.461
  -1   -2      1.790      2.503    -63.498
  -1   -2    -10.816     -2.070    -61.934
 242   -2      5.790      0.969    -63.085
  -1   -2     14.872      3.803    -62.903
 644   -2      0.899     -1.750    -58.207
 389  497     11.327     -4.968    -75.283
  -1   -2      9.687     11.121    -59.979
 301  342     17.391    -10.559    -71.309
  -1   -2      4.589     -2.091    -52.970
 386   13      7.845      7.788    -73.164
  -1   -2     -9.549     -5.056    -75.937
 540  544     16.547     -2.252    -65.098
  -1   -2     -5.910      4.582    -57.837
  -1  552     -9.937     12.981    -61.313
  -1   -2     -6.352     -9.735    -77.383
 400  108      6.131      4.274    -71.455
 162   -2      4.478    -12.583    -71.229
  -1   -2     -1.018     -8.085    -78.213
 572  459     -0.953     -5.287    -61.312
 641  838    -14.422     -3.549    -76.861
 545  558     17.278     -5.292    -67.036
 356  268      5.661    -11.512    -69.531
  -1   -2      3.842     -7.667    -85.577
  -1   -2    -15.581     10.861    -73.735
  -1   -2     -0.806     -9.626    -58.929
  -1   -2      8.804     -4.154    -63.271
  -1  669     11.981     -6.113    -60.497
  -1  177    -10.480      8.786    -66.126
 443   62     -7.959      7.032    -70.830
  -1   -2      0.698     -2.038    -74.011
 685  825      2.952     11.498    -65.958
  -1   -2     -8.732      3.160    -77.432
 558  627     12.724     -9.015    -62.985
  -1  594      3.986      1.248    -67.994
  -1   -2     15.265     -7.964    -77.859
  -1   -2     18.334     -2.122    -68.014
 221  271     -6.789     -1.809    -64.848
  -1  587      0.034    -12.605    -69.455
  -1   -2     -3.616      3.332    -53.503
  -1   -2     -9.480     -1.787    -54.557
  -1   -2     -2.382     -5.883    -70.825
 765  828     -3.863     -9.974    -77.193
  -1   -2    -10.533     -0.216    -74.059
 666  823     10.675     -9.556    -62.296
  -1   -2     -0.480      6.186    -72.003
  -1   -2     11.021     12.857    -67.739
  -1   -2      4.593     -9.089    -56.351
  -1  632      8.913     -3.876    -65.139
  -1   -2    -14.322      8.970    -74.412
  -1   -2     -2.314      1.755    -59.558
  -1   -2      6.142     11.673    -61.972
  -1   -2     15.515      6.163    -65.802
  -1   -2     -2.388      1.776    -76.706
 343  315     -0.433      4.862    -66.059
  -1   -2      2.742     -9.488    -55.974
 115  562      8.011      8.704    -68.778
  -1   -2    -13.605    -10.870    -66.055
  -1  404      4.302      9.260    -60.045
  -1   -2     -7.344      5.605    -73.157
 260  319      5.862      5.210    -61.603
  -1   -2      6.759      8.723    -83.657
  -1   -2    -14.010    -12.241    -74.016
  -1   -2      0.898      3.129    -84.798
  -1  275     11.668     -9.922    -73.757
  -1   -2     12.598     12.739    -66.403
  -1   -2     12.859     11.632    -61.302
 770   -2    -13.223     11.694    -65.905
  -1   -2     -9.516     -5.097    -56.617
  -1   -2     -9.381     -3.631    -71.576
 640   -2     17.311      5.515    -72.480
  -1   -2      9.398     -9.776    -79.790
  -1   -2     -2.476    -12.720    -64.892
  -1   -2     16.949     11.497    -71.560
  -1   -2     10.263     -7.493    -63.094
  -1   -2    -14.896     -7.058    -80.399
  -1   -2     14.973     -9.107    -64.222
  -1  667    -15.508      9.208    -71.270
  -1   -2      8.420     -2.958    -65.836
 676  634     14.231     -5.172    -68.817
  -1   -2    -12.819      9.586    -77.284
 635  317      5.648     10.175    -66.602
  -1   -2     -0.590    -11.666    -65.516
  -1   -2      9.905      7.069    -61.559
  -1  543      5.818     -5.135    -62.575
  -1  789     -4.120      3.820    -67.742
  -1   -2     -2.831     -7.282    -69.074
  -1   -2     10.676      0.149    -62.771
  -1   -2     12.301     10.893    -72.348
  -1   -2    -11.117      9.471    -58.226
  -1   -2     -1.808    -11.146    -65.483
  -1  617     13.832    -10.864    -63.071
  -1   -2      2.111      8.795    -74.649
 125  483      8.618      3.437    -73.595
  -1   -2     12.721      5.326    -66.045
  -1   -2    -10.311     -3.402    -74.590
  -1   -2     -9.924     12.743    -70.875
  -1   -2     13.285      3.462    -59.657
  -1   -2     -4.246     -9.526    -61.133
 250  604     -4.523     -8.905    -67.353
 551  818     -5.544      8.076    -63.674
 387  360      2.028      7.465    -74.880
  -1   -2      3.044      2.975    -58.506
 483   -2      7.974    -12.122    -65.095
  -1   -2      0.383     -7.435    -64.534
  -1   -2     13.123      3.433    -62.282
  -1  352    -10.695     -5.219    -69.994
  -1   -2     -8.514     -5.767    -62.949
  -1   -2     -8.774     -1.730    -61.568
 698  719      0.882     11.463    -61.797
 649  349     10.775     -9.532    -69.260
  -1  492    -12.219     -0.625    -66.825
  -1   -2     -9.668     -9.917    -75.290
  -1   -2      9.191     10.597    -76.260
  -1  489     17.968      0.848    -72.029
 357  458     14.969      1.436    -70.883
  -1   -2      8.515     -7.493    -73.807
  -1   -2    -13.174     -4.709    -76.259
 456  814     -9.224     -4.555    -76.389
  -1   -2      4.298    -12.590    -66.570
  -1  106      2.085     -9.376    -68.391
 237   -2     14.102      7.026    -71.357
 670  559      3.621     -1.494    -62.969
 648  636      2.580    -10.333    -75.737
  -1   -2    -15.312      5.262    -78.161
  -1   -2     10.412     -8.183    -79.599
  -1   -2    -10.873     12.111    -62.536
 791  829    -12.503     -5.471    -69.577
 214  301    -15.564     -0.899    -74.599
  -1  700     13.006     10.822    -61.250
  -1   -2     10.521     -3.629    -64.718
  -1   -2    -12.269      0.430    -69.187
  -1  324    -15.002     -5.914    -75.783
  -1   -2     10.326     12.483    -62.019
  -1   -2     -1.704     -2.495    -56.482
  -1   -2    -12.806     -0.612    -71.041
  -1   -2    -14.706     -9.419    -70.499
 333  215     -6.764    -10.747    -71.179
  -1   -2      7.001     -7.165    -60.285
  -1  735     16.959    -10.352    -73.198
 582   -2      4.068     -8.316    -71.757
  -1   -2    -12.355      1.323    -62.030
  -1   -2     -5.057     -5.055    -59.613
 731  827     14.870     -3.346    -73.055
  -1   -2    -13.943     -4.503    -70.410
  -1   -2     13.780     10.872    -57.889
  -1   -2     -1.563    -11.421    -72.692
 487   -2     -7.024     -9.755    -68.132
  -1  690    -14.327     -9.199    -72.349
  -1   -2     -1.150     -7.002    -64.217
 353  358     14.428      3.623    -66.402
 682  309     16.244      8.579    -70.608
  -1  665      0.853    -12.301    -68.097
  -1   -2     -3.474     11.027    -62.694
 715  575     -0.900     10.460    -64.746
  -1   -2     -9.566     -3.519    -56.060
 636  822     18.365      6.259    -70.651
  25  574      2.413     -1.903    -69.185
  -1   -2     13.030     11.981    -66.764
  -1   -2     11.728      2.683    -67.701
 812  746      6.935     10.442    -70.919
 826   -2      1.009     -2.695    -69.173
 412   -2     -5.799      6.336    -77.631
  -1   -2    -13.283      3.819    -69.387
  -1  416      3.271    -12.822    -71.707
  -1   -2     10.551     -4.724    -59.978
  -1   -2     -2.167     -9.154    -57.423
  -1   -2      1.321     -3.458    -81.426
  -1   -2     12.732     12.096    -62.208
  -1   -2    -11.201    -11.765    -64.308
 709   -2     13.308     -2.909    -60.398
  -1   -2     -1.406      7.246    -56.371
  -1   -2      9.077      3.080    -60.226
  -1  418      3.467     -9.397    -62.863
 718  826     15.761     -0.643    -64.050
  -1   -2     10.388     -5.183    -53.460
  -1   -2     -3.218      1.616    -61.162
  -1   -2      1.118      8.074    -78.031
  -1  705      9.281      9.363    -63.002
  -1   -2    -13.565     10.339    -83.963
  -1   -2    -13.150     11.435    -67.832
  -1   -2     11.860     -8.308    -74.417
 601   -2    -12.699     -8.942    -76.666
  -1  718      7.192    -11.937    -63.202
  -1  722     -8.778     10.805    -69.753
  -1  772     12.595    -10.971    -60.777
  -1   -2     -4.083     -9.173    -69.694
  -1   -2      6.921     -3.217    -60.187
  -1   -2     -8.000     -8.139    -78.961
  -1   -2     14.218    -10.981    -73.325
  -1   -2    -10.474    -10.616    -59.667
  -1   -2    -13.177     11.516    -64.312
  -1   -2     -5.645     12.943    -67.030
  -1   -2     16.306     -3.650    -66.306
  -1   -2     -0.000      9.568    -62.474
 749   -2     -1.349      8.324    -65.813
  -1   -2     -5.918      0.369    -64.113
  -1   -2     -7.857     11.948    -68.665
  -1   -2      2.569      5.459    -60.012
  -1   -2     -5.619     -2.133    -63.652
  -1   -2    -12.089     -3.828    -65.824
  -1   -2      4.135     12.500    -62.376
 711  747     -6.792      4.370    -68.436
 354  839     13.998    -10.540    -72.575
  -1   -2     -2.015     -0.806    -59.204
  -1   -2    -12.811      8.160    -67.018
  -1   -2     12.785      3.604    -61.456
  -1   -2     -9.845     -6.904    -78.152
  -1   -2     13.430     12.191    -72.301
  -1   -2     15.523     10.971    -79.984
  -1   -2     15.588     -0.163    -62.969
  -1   -2     14.323      9.460    -63.773
  -1   -2     12.845    -12.839    -68.030
 681  353     -3.216      8.503    -68.976
  -1   -2    -10.472      4.544    -60.068
  -1   -2     -0.406      7.157    -71.753
  -1   -2      8.233    -10.617    -63.926
  -1  326     10.830     -0.477    -64.920
  -1   -2     16.866     10.827    -70.582
  -1   -2      5.771    -10.719    -61.510
  -1   -2     -3.980    -12.620    -68.019
  -1   -2      8.671     -1.479    -62.359
  -1   -2      7.440      0.451    -68.377
  -1  692      1.704      0.151    -74.479
  -1   -2      0.937      5.372    -78.806
  -1   -2    -12.288     10.170    -63.006
  -1  282     -0.112    -11.890    -74.138
  -1   -2      0.631     -4.186    -67.541
  -1   -2      5.393      2.621    -67.526
  -1   -2    -11.695    -12.538    -68.995
  -1   -2     15.827     12.054    -70.385
  -1  755      1.699      5.817    -64.664
 743  344     10.025      2.917    -67.325
 342   -2    -10.107     -1.461    -64.641
  -1   -2     -4.681     -6.729    -54.115
 763  729     -9.496     -4.451    -72.613
  -1   -2     15.722     -8.913    -79.098
  -1   -2     -8.961     -7.253    -64.271
  -1   -2      0.891      8.796    -64.638
  -1   -2     18.016     -2.799    -71.350
  -1   -2     11.590      3.637    -66.482
  -1   -2      7.503      0.124    -62.280
  -1   -2     -9.250      5.182    -55.561
  -1   -2     -9.789     -5.020    -69.021
  -1   -2    -11.686      4.583    -67.080
  -1   -2      6.048      7.802    -57.421
  -1   -2      6.844     -1.340    -67.993
  -1   -2     -5.782     -7.660    -60.156
  -1   -2     13.048    -11.694    -76.331
  -1   -2    -15.150      3.041    -77.977
  -1   -2     -4.044      7.291    -62.205
  -1   -2     13.152     -0.618    -85.835
 381  438      1.205      3.370    -66.622
 253  303    -11.766    -11.399    -72.337
 286   -2     -5.677     -8.849    -70.975
 329   -2     10.444     12.407    -69.028
 256   58     -8.247     -6.014    -69.714
 213   -2     -4.373     -9.348    -63.556
 371  716      8.325     -7.317    -74.848
 392  292     -1.115      4.348    -76.736
 152  214    -10.870     -1.190    -70.621
 261  138     -3.289     -7.694    -66.814
 493  815     -1.064      2.734    -70.274
 335  131     -7.012      2.245    -71.747
 302   -2      4.599      0.608    -63.764
 327  809    -11.726      2.801    -74.756
 662  573    -11.304     10.193    -65.059
 794  238     -5.763     -4.572    -73.037
 704   -2     -4.442      2.716    -78.053
 673   -2     12.510     -6.203    -76.383
 752   -2     -1.874     -9.973    -67.651
 516  817     -7.940     -8.844    -67.312
 255   -2     -0.933      9.236    -61.466
 480  840      2.532      9.469    -60.470
 169   99    -10.291     -0.257    -65.782
 176   -2      2.569      9.580    -63.312
 220  291     -3.783     -1.326    -72.296
 266   -2     -6.475      7.021    -61.394
 453   -2     14.725     -8.096    -73.653
 274  132    -15.530     -3.933    -71.765
 544  584     15.612     -4.890    -63.241
 702   -2     -9.933    -12.338    -72.516
 311  804     -6.665      0.642    -68.354
 147  219      3.959      4.915    -68.481
 368  811     12.672      1.673    -73.116
 687   -2      7.898    -12.815    -75.157
 729   -2     16.607      8.321    -69.341
 599   -2     14.443     -9.799    -63.113
 817   -2      6.768     -1.327    -75.586
 724   -2      5.643      2.240    -71.701
 372  812     -6.405      3.126    -66.592
 696  583      3.609      3.188    -77.462
  41   -2     -0.065     -6.256    -73.451
 292   -2     -5.900    -11.873    -67.596
 299   -2    -15.013    -10.927    -74.278
 143  368     -0.285      3.890    -68.155
 310  556      0.688     10.028    -71.102
 534   -2     10.008     -9.243    -63.216
 642  646     -1.642      7.349    -60.078
 804  490     11.292     -8.253    -62.179
 830  592     14.333     -9.757    -63.495
