860
   2    0      2.285      6.627    -70.387
   5    7     -4.880      3.768    -73.751
  26    5      4.893     -3.928    -70.360
 170    3    -10.230      6.602    -70.888
  23   80     -0.015      1.346    -71.900
   8   24      3.721      8.778    -70.003
  15   25      4.415      9.042    -69.686
  52  428     -5.249     -2.825    -72.675
 250  498    -11.803     -4.818    -75.230
   7    1     -9.665      3.566    -71.441
   6  427     -3.612     -8.643    -73.013
  41   77      6.679      2.639    -73.603
  14   38     -4.461      8.577    -68.830
  94   16      4.017     -2.028    -72.727
   3   11     -7.293      5.480    -71.082
  -1   -2     -5.905      7.827    -76.775
 125  178      0.863      6.341    -74.420
   9   39      6.764     11.572    -70.823
 235   61     11.064      2.871    -71.578
   0  421     -4.177     -8.407    -73.668
 216   36      8.308     -1.290    -71.480
  43  420      6.289    -10.814    -73.720
  13   55      1.008      5.180    -67.693
  10   10      4.534      1.894    -70.334
   4   12      3.187     -5.414    -72.640
  11   30     -5.034      3.078    -69.435
 108   54     -7.191      9.211    -72.867
 400    2     -5.554     -0.909    -71.315
  24   62      0.893     -4.779    -70.430
  21   43     -1.622      8.705    -68.499
  -1   22      0.142      6.293    -73.965
  -1   -2     -6.395     -8.130    -75.917
  47   23      1.203      3.655    -67.160
  20   46      1.319     11.278    -67.859
 227   -2      6.333      1.310    -71.652
 202   97     -9.598      7.246    -72.074
  35   45     -0.873     -2.874    -71.738
  46  129      6.667     -1.275    -70.203
  99   26     -0.238      9.299    -74.094
 142    9      3.507     11.954    -71.554
 502  188     -0.703     -0.500    -71.620
  32   59      7.864      9.497    -68.898
  -1  196      7.852    -11.555    -68.317
  29   74     -7.262     -4.057    -69.888
  28   47     -4.999     -9.004    -71.134
 403   79     -5.847     11.886    -67.018
 496   78    -12.515    -10.580    -72.757
 116  807     -3.441     -4.997    -67.825
  81   52     12.433      1.055    -68.791
 467   20    -14.341     -3.886    -74.765
 415   68     -8.615     -6.137    -70.033
   1   29     -1.908      4.159    -69.298
  60   83     -2.491     -5.963    -69.965
  30    6     -3.348    -10.457    -71.717
  77  104      8.132     12.694    -69.186
 120   51      4.665      0.974    -65.403
 135  540     -2.215      3.399    -67.608
 111  806     15.453      0.012    -69.971
  39   73     -9.219      4.087    -65.888
  38   60      5.498      0.943    -66.742
  90   64     -4.098     -0.253    -64.591
 791   89      6.694     -6.704    -69.181
  -1   -2     -3.640     -3.925    -72.617
  67   53      4.909     -0.705    -65.423
  25   27     -8.315      8.123    -73.075
  57  401     -5.150      0.922    -70.759
  84   69     -6.929     12.070    -66.456
  62   81    -12.487      1.983    -69.584
  37   28     -2.724      3.983    -69.058
  48   75      2.580      5.733    -63.251
  50   14     12.354      5.425    -69.921
  -1   88    -10.197     -3.843    -71.037
 405  133    -11.573     -8.524    -72.043
  45  125     14.074      4.804    -67.126
 129  438     -3.693     -7.446    -69.370
 124   31     -6.221     10.139    -69.671
  56  103      0.206      1.329    -65.803
 429  276    -15.755     -3.331    -73.122
  -1   -2     -3.921     -1.921    -74.189
  54   67      1.759     11.772    -67.629
  80  449     -5.431     -4.237    -68.396
  86   72    -11.696     -3.228    -68.028
 432  118     -7.030      7.635    -66.703
  -1   -2     10.013     -3.020    -74.400
 809   33      4.852     -2.435    -74.425
 798  301     17.185     10.368    -69.927
 164  105      1.187     -0.135    -65.993
  64  181      3.678     -6.613    -65.684
 105   65     -2.237      9.659    -70.044
  72   87     -5.595     -8.960    -71.735
  98  805      1.835     -7.146    -71.120
 383    4     -7.530     -2.253    -72.896
  66  452      6.195     11.822    -70.655
  91  149     10.092      8.241    -67.526
  68  106      6.106     -2.142    -65.652
 193  108     -9.983     -2.320    -64.544
  82   -2     -2.390     -3.736    -75.420
  -1  562      7.633    -10.515    -73.764
 172  190      5.854     -0.164    -72.139
 218  160     -1.408      6.549    -61.982
  40  167     11.033      7.135    -72.256
  -1   -2      5.320     11.450    -65.384
 265  138     -4.928     -7.149    -65.245
  73  112     11.051      3.527    -65.760
  74   66     -7.738     12.082    -70.112
 112  573      2.386     -6.615    -62.515
  -1  219      1.100     -8.922    -62.113
  97  273     -8.399      6.168    -65.966
 101   96      8.949     -8.663    -67.999
 140   -2     -0.866     -5.143    -64.161
 158  840     -4.188     12.393    -65.996
  58  456      5.317     10.787    -67.685
 130  192    -11.942      7.595    -69.396
  65  170     10.470      2.871    -71.043
 219   90      4.345      9.724    -66.546
 259  135     -0.816     -5.827    -67.966
  79   48      7.848      4.558    -68.763
 114  175     -2.279      9.417    -66.586
 152  121     -9.219      9.648    -63.709
 186  134     -7.721    -10.146    -69.779
  -1   17     -4.290     -9.090    -72.096
  87  410     -1.461     -1.853    -66.660
  16  445     -0.824      7.798    -73.898
 562   71     11.448      9.327    -66.186
 100   49     -9.520      3.710    -68.640
  -1   -2     -0.113    -12.078    -77.390
  63   18     -6.060      3.533    -69.917
  89  477     12.964     -2.857    -67.712
 787  203     -5.931      3.734    -71.339
  -1   -2     -5.687     -5.410    -72.008
 147  122     -9.313      1.005    -65.172
 195  638      6.602      4.200    -69.760
  -1  526     -8.704      0.101    -63.590
 102  496     -8.304     -4.141    -65.548
 134  429     -0.945     10.036    -66.421
  88  119     16.689      6.997    -67.777
 267  143      7.741     -5.161    -72.715
 322  518     -0.242     -9.726    -65.846
 183  408     -8.956     -4.404    -65.620
  -1   13     -4.187     -2.906    -74.560
 220  102     -6.925      9.989    -62.677
 166   76     11.761     -4.020    -69.932
 465   34     -5.377     10.811    -74.269
 150  115      7.687      9.429    -64.787
  76  246     -9.846      1.590    -71.080
  -1  151      4.911    -11.416    -67.894
 244  200      9.843    -11.312    -67.780
 434  431      2.421    -10.187    -64.994
 155  810      4.426      5.018    -64.889
 143  155      1.116     -1.204    -65.349
 117  113     -1.231    -10.843    -68.228
  -1  152     -7.589     -0.989    -70.167
 645  177    -14.411      5.052    -75.049
 123  441    -10.321      3.376    -66.165
  78  287      2.364      1.215    -66.856
  17   -2     -6.421     -0.905    -70.698
 137  161    -14.474     -5.569    -69.636
 424   85      7.229      0.011    -66.324
 232  277     -8.038      8.425    -64.059
 163  488     13.787     -1.503    -67.283
 211  169     -0.466      2.071    -65.843
 426  156     11.517     -7.346    -68.612
 159  150    -13.151     -3.844    -70.020
 435  281     -2.291    -12.039    -66.366
 144   56     13.665      2.383    -69.067
 437   -2     -6.882     -7.244    -67.146
 325  481     -8.173      9.284    -75.375
 473  325     -3.582     -1.250    -61.531
 269  264     -2.723     10.813    -68.685
 528  713      2.518      1.667    -76.392
  -1  245    -10.392     -2.143    -71.262
 280  656     -2.557      8.727    -62.967
 239  130      6.692     -5.371    -68.939
  36  187     -2.278      4.026    -74.646
 206  233      0.797    -12.059    -69.064
 145   40      5.217      9.288    -70.632
 136  154     14.866     -8.541    -69.913
 187  403      4.394      6.751    -75.081
 197  222     13.287     -1.219    -74.344
  -1  211      8.226     11.638    -64.658
  -1   -2     -3.052     -1.947    -61.031
 411   -2    -11.242      2.313    -62.348
  -1   -2    -10.992     -0.295    -62.585
 198   -2     -9.524     -9.504    -58.061
 212  841      4.553    -11.485    -70.865
 217  224      0.391     -5.824    -62.167
 474  162    -10.436      1.018    -66.295
  -1   -2     11.330     -6.818    -70.436
 169  291      8.982      9.068    -65.434
 506  453    -10.893     -7.630    -71.943
 104  145     17.310      0.912    -69.206
  -1  123    -11.084     10.619    -70.534
 340  409    -13.819     -5.532    -74.196
 126  260     -8.941      7.246    -71.555
 402   -2      5.117      3.163    -68.341
  -1  202      6.699     -4.608    -67.200
 131  345     -7.493     -9.337    -70.421
 460  320      5.825     -5.926    -68.365
  55  116     -3.964      0.804    -67.032
 160  172     -4.094    -12.592    -67.188
 178  261     15.088      4.142    -68.356
 462  180     -5.851      4.681    -65.056
 154  153      3.626      1.178    -64.350
 286  214    -14.233      6.212    -70.398
  70  257    -12.078      6.299    -71.275
 311  213     11.191      5.028    -63.214
 278  266     -3.387      8.881    -64.025
 810  842      2.993     -3.902    -62.794
 513  506    -10.135     -6.469    -69.310
  33  139     12.045      3.748    -71.343
 188   -2     12.047     -7.318    -70.565
 221  230      1.653     12.876    -65.545
 196  597     -1.063      9.182    -68.870
 464   94     -3.524     -3.634    -65.681
  85   95      3.903    -12.602    -70.172
 165  263      0.034     12.502    -66.404
 149  147     -7.241      7.333    -62.879
 469  236     10.092      2.616    -74.996
 192  165      3.930     -0.937    -63.605
  -1   -2    -10.794    -11.327    -61.223
  -1   41    -11.519     10.268    -74.722
  -1   -2     -8.860    -11.586    -70.082
 241  176     -9.838     -4.312    -68.498
 246  272     -4.274      1.048    -61.647
  -1   -2      0.698     11.355    -60.412
 536  300    -13.113      6.719    -70.990
 503  195      9.547     -9.625    -68.554
 122  126    -12.414     -7.555    -70.299
 331  621     -7.574     -3.034    -71.749
 330  815      5.506      4.210    -63.044
 298  100    -12.139      9.596    -70.127
  -1  198      3.577    -12.410    -65.918
 252  212    -10.368      3.062    -61.774
  -1   -2     10.051     -6.843    -69.153
 121  189      0.133     -0.871    -66.535
 207  463    -15.655     -8.589    -73.275
 231  218     16.738     -0.911    -67.969
 271  305      8.999    -11.000    -70.292
 203  194      7.940      1.075    -64.817
 511  243     -5.805      8.567    -61.334
 237  274     15.061    -10.826    -69.223
  -1   -2      1.037     -6.852    -71.327
 282  813     11.106      1.855    -65.962
  -1  289     -2.168     -1.356    -74.958
  -1   -2     -0.342     -7.525    -62.401
 200  537     12.515     10.306    -72.442
 314  322     10.570     -4.872    -68.831
 247  185     12.028      6.555    -68.415
 139  262     -8.167      2.533    -75.597
 284  166     13.193     -9.381    -73.211
 236  269    -10.099      9.845    -64.854
 598  110      4.469      3.500    -72.646
 277  242      8.787      8.173    -75.670
 228   86      8.779     12.295    -67.336
 438  226      2.320     12.464    -64.744
  -1  559    -12.572     11.805    -68.282
  -1   -2     -2.997      5.131    -75.680
 297  229     -6.461     -0.393    -69.963
 215  330      9.275     -1.991    -67.957
  -1   -2     11.386      7.624    -67.789
 624   -2     11.814      7.810    -67.949
 251   91      5.031      9.785    -71.530
 161  179      1.124     -8.123    -69.385
 210  220     14.120     -8.264    -69.312
 352  339     -5.894      3.145    -62.129
 459  396     11.852     -0.727    -74.213
 538  285     -4.182      4.148    -74.736
 436  244    -12.958    -11.796    -67.891
 226  258    -11.095     -1.083    -68.967
 320  298    -12.551    -10.876    -69.581
 309  585    -14.434      7.952    -76.946
 261  316     16.061     -1.649    -67.878
 225  197      3.024      8.853    -65.050
  -1   -2      8.930      1.868    -70.261
 345  816      5.470      2.147    -57.061
  -1   -2     14.021      1.254    -63.673
 171   -2     16.605     -4.421    -72.786
 450   -2      0.201     -7.648    -67.110
 243  142     -7.729      9.524    -71.589
 335  314      8.572     -5.653    -71.225
 348  288     10.336    -11.818    -71.197
 296  205    -12.282     -0.196    -67.974
 264  328     13.786      3.844    -68.016
  59  353     -2.014     -0.522    -73.573
 201  549      2.113      2.164    -68.019
  -1   -2    -12.868     12.322    -68.357
 337  326     -5.803      6.628    -74.423
 328  632     -6.413     -7.005    -68.171
 326  711    -12.652     12.689    -70.614
 554  532      5.644     -6.220    -63.238
 205  199     -2.146      3.941    -60.404
 619  695    -12.017    -10.165    -70.868
 681  237      4.979     -5.051    -66.745
 240  294    -11.200      4.697    -67.753
  -1  499     10.107     -7.072    -63.531
 138  159     -7.620     -3.478    -74.932
 303  259     14.810      7.130    -65.963
 270  462     12.170     -8.695    -73.627
 313  310     13.339     -1.852    -68.610
  -1   -2     -9.743     -3.050    -57.836
  -1   -2     11.310      9.215    -56.873
 288  215      6.780     -3.547    -61.976
  -1  293     -8.630      3.951    -74.347
 343  551     -6.519      9.469    -75.558
 324  678     -1.754     11.164    -75.257
 299  631     -5.321     -2.225    -61.346
 499  355     -4.933      6.608    -69.965
 485  234     12.866      7.675    -71.004
  -1   -2     15.309     -7.705    -84.967
  -1   -2     -8.574      8.139    -71.341
 103  565     14.702     12.055    -71.899
 319  363      0.409      7.329    -67.236
 448  557     12.973      5.273    -71.992
  -1  239     -2.906     12.194    -62.216
 356  278      6.485      2.826    -62.437
 545  251     12.060     -7.793    -69.290
 410  529      9.633     -1.238    -74.176
 109  356     13.117      6.607    -70.045
  -1   -2     -7.501     -1.435    -63.297
  -1   -2     -2.547      7.803    -61.533
 564  824     -9.348      7.063    -68.993
 287  358     15.866     10.774    -70.302
  -1   -2     -0.245     11.780    -61.229
 342  335      2.126      8.964    -76.795
 551  703     12.197    -10.419    -71.529
 414  128      0.824      7.995    -65.770
  -1   -2     10.429     -7.159    -69.449
 285  256     -6.734     -5.193    -70.510
  -1   -2     -2.235     -9.768    -62.457
 258  843     -2.344     -5.960    -63.200
 275  183    -14.213     -2.966    -71.310
 461  733     14.624      8.941    -73.929
 684  321      8.861      5.462    -76.024
 544  384     12.934     10.070    -67.234
 289  376     10.229     -1.701    -65.118
 610  602     -5.532    -10.226    -73.035
  -1   -2      6.123     -8.364    -81.418
  -1  700     -7.037      0.746    -61.668
  -1   -2     -6.565      0.894    -57.635
  -1   -2     -8.200     -4.715    -61.661
 347   -2      4.836     -0.014    -66.856
  -1   -2      7.862    -12.330    -73.283
 291   -2     -8.653      0.310    -66.629
  -1   -2     -0.923      7.400    -78.238
  -1   -2     -9.612     -1.730    -58.564
  95  324     -6.103      4.391    -72.993
 317  332    -12.442      1.560    -63.642
 355  515      2.358      3.413    -75.011
 756  728    -13.915     -3.296    -74.148
 204   -2    -15.142      5.852    -72.446
 607  634     11.301      8.217    -66.930
 332  248    -12.714     -6.888    -66.901
 827   -2     -2.327    -11.955    -74.019
 694  451      5.874     -3.051    -74.074
 497   -2     -6.134     11.168    -74.722
  -1   -2      8.496      1.043    -74.477
 336  373     10.596      9.473    -66.914
 504  366     -2.522      6.282    -71.029
 224  238    -10.447     -3.200    -73.406
 300  351    -11.802      0.769    -71.460
 364  279     -0.850      3.501    -64.476
  -1   -2     -7.322     -4.676    -68.400
 709  603     12.053     -9.702    -64.339
  -1   -2      3.131      5.927    -57.864
  -1  307     17.271     -1.952    -69.243
 306  389      4.247      9.088    -66.252
  -1   -2     -8.420     -5.957    -68.569
 623  844      3.693      7.231    -70.643
  -1  598     16.566    -10.477    -67.867
 422  308     14.290      2.202    -69.438
 444  513     -9.089     -2.514    -74.617
  -1  347      4.969     10.548    -67.798
 375  625      9.744     -2.408    -61.355
 480  517    -13.570     -1.560    -72.226
  -1  379    -14.078      3.351    -67.955
  -1  385     10.640      7.973    -64.166
 726  769     -3.508      3.886    -62.451
 660   -2     -7.112     -6.341    -66.762
 608  343     -2.035     -2.041    -70.386
 615  604      0.338     -3.782    -70.829
  -1  354     10.264    -10.856    -65.666
  -1   -2     -0.428     -8.447    -58.035
  -1   -2     -0.517      8.894    -69.615
 290   -2      8.558     -1.793    -63.916
 367  759     14.208      5.580    -64.247
 361  694     -4.431      4.602    -66.771
  -1   -2      5.055     12.766    -68.028
  -1   -2      2.417     11.336    -62.372
 751  223     -2.841      2.702    -69.534
  -1   -2     14.706    -10.337    -66.178
 391   -2      6.810      7.737    -65.961
 382   -2    -15.530     -3.729    -77.616
 106  270      3.803      1.334    -69.994
 182  402      2.885      4.747    -68.789
  -1   -2     -9.911      5.027    -66.934
  49  404     -1.368      5.824    -69.025
 384  124      3.323     -0.594    -76.791
 421  536    -12.354     11.556    -65.238
 118  808      2.249      0.572    -73.227
  -1   -2     -0.431     -7.234    -70.028
 423  228     -7.747      8.261    -75.011
  -1   -2    -11.579     -5.471    -68.835
 825  416      7.556    -11.784    -69.212
 397  478     13.341      5.621    -74.720
  -1   -2    -15.294    -11.221    -76.416
 148  271     10.092     -6.004    -67.323
 442  418      7.268    -10.842    -73.369
 385   35      1.834     -4.234    -71.549
  -1   -2      9.631     10.571    -66.510
 428  184     -4.902     -3.474    -74.526
 413  591     11.331     -5.787    -72.980
  69   99     -4.147      9.397    -64.503
  -1   15     -0.440     -8.154    -74.355
 175  424      5.785     -2.036    -72.472
 396   50     -4.617      9.263    -67.949
  53  109    -11.361     -0.156    -66.126
 390  417      8.681      7.847    -66.229
 190  191      5.842     -8.628    -67.413
  -1  232      9.035     -4.407    -73.594
 223   -2      5.998      2.664    -70.936
  -1   -2     -5.055      8.927    -86.970
  -1   -2      3.281     -9.974    -77.155
 430  414    -11.946     11.737    -73.604
 793   44     -3.149      8.063    -68.851
  -1   -2     10.114     -1.841    -74.474
 406  460     12.517     -3.588    -64.754
  -1  415     -6.072     -1.701    -65.487
 673   -2     -9.553     -5.415    -63.322
  -1   -2     -0.743      3.264    -60.842
 813  649     15.536     -7.242    -73.494
  -1   -2     -5.857     -6.177    -70.781
  -1   -2    -11.503    -10.460    -73.774
  -1   -2     10.650     -5.626    -62.647
 229  568     -2.393      0.088    -60.190
  -1   -2      7.025      0.399    -57.217
  96  461     -9.864      4.082    -66.166
 553  509     14.111     -8.880    -65.284
  -1   -2     -8.611     -4.221    -62.490
  -1   -2     12.472      8.395    -74.328
 153  140      3.143     -0.508    -68.460
  -1   -2     -2.353      6.989    -55.120
 310  267     15.002     -1.253    -69.072
 495  171     16.119      4.069    -72.688
  -1   -2     -7.681     -7.186    -61.348
  -1   -2     -7.477     -8.759    -64.001
  -1   58    -11.498     -5.817    -70.057
 180  459      8.281    -12.261    -67.721
 293  466     -0.080      2.839    -60.040
 151  809      3.418     11.011    -71.030
  -1  317      2.692      8.913    -61.615
 177  164     15.892      9.863    -68.280
 486  651     -2.805      7.280    -73.637
  -1   -2     -5.998     -2.222    -62.398
 260  425      0.282     -5.893    -75.639
 441  820      0.684     -2.645    -74.701
 194   -2     12.301     -4.967    -72.003
 452  450     16.461     -5.034    -64.777
 540   -2    -10.998      0.851    -75.962
  -1   -2      1.860     -2.523    -73.566
  -1  479    -12.616     11.047    -66.456
 454   70     -8.483    -10.076    -66.751
 458   -2      4.740     -7.285    -65.166
 141   98      8.224      5.503    -68.056
  -1  501    -12.369      5.969    -63.888
 658  830      6.906      1.376    -75.232
 447  507     18.018    -12.482    -70.409
  -1  206      9.473      9.540    -66.332
 691  831     -8.048      6.429    -72.373
 654  297     -5.371      5.129    -71.985
  -1  492     -4.202     -9.711    -60.769
  -1   -2     -8.688      9.847    -54.509
 463  505     13.254     -0.396    -62.133
 419  519     -5.924      8.201    -70.507
  -1   -2     10.587     -3.532    -59.219
  -1   -2     -7.307     -9.472    -65.622
 214  510     13.390      3.173    -68.700
 266  443      8.560      5.692    -64.669
  -1   -2     11.190     -7.132    -62.180
 493  503    -11.716      8.248    -65.111
  -1   -2    -13.456     12.370    -72.202
  -1   -2     -6.758     -7.494    -73.105
  -1  131     -6.888      3.209    -60.697
  -1   -2    -10.780     12.942    -63.792
  -1   -2      9.041      8.209    -61.137
  -1   -2    -12.995      5.024    -66.389
  51  804      7.190     -5.834    -66.492
 181  812      1.728      8.849    -70.434
  -1   -2     -8.568     -7.010    -56.742
 443  482    -10.734     -3.389    -62.538
  -1   -2     -6.512     -2.024    -71.321
 119   84     -8.842     12.255    -62.891
  -1   -2      5.539     11.817    -67.302
  -1   -2     -9.070    -11.719    -60.630
  -1   -2    -11.480    -12.261    -71.809
 302  527     -6.589    -11.453    -74.783
  31  359     15.781      1.566    -71.826
  -1   -2      1.658      1.566    -83.502
 832  323     -4.232     -3.698    -71.502
  -1  514     -9.436     10.411    -59.392
 230  163     13.637      0.572    -67.353
  -1  252      5.175     -8.578    -61.679
  -1  231      3.070     -9.723    -65.019
  -1  525     12.785      9.908    -63.890
  -1   19      1.179     -5.748    -75.999
  -1   -2    -10.271     -5.723    -62.137
  -1   -2     14.795     10.942    -61.332
  -1  504     17.755     -0.301    -72.782
 484  724     -8.522      2.271    -68.021
  -1   -2      0.694      3.729    -67.336
 449  352    -12.643      7.397    -62.485
  -1  508     17.561    -10.860    -65.430
  -1  487      5.946     -6.271    -70.519
  -1   -2     -6.556      9.284    -84.643
 133  141      9.208     -1.268    -65.414
  -1   -2     13.766     10.136    -74.079
 507  193     12.334     10.908    -74.087
  -1   -2     -4.762      5.313    -76.353
  -1  342     -0.797     -3.444    -57.208
  -1   -2     -3.608      5.090    -58.953
  -1   -2      7.869     10.149    -59.600
 233  136     12.863     12.082    -72.153
  -1  362     -0.506     -6.445    -74.630
 487   -2      3.025     12.800    -70.784
 794   -2     -1.186      0.145    -63.538
  -1   -2      5.605     -7.601    -53.109
 792  412    -13.956     -2.702    -77.919
  -1   -2      1.906    -13.053    -66.810
  -1   -2    -11.710      4.511    -65.749
  -1   -2     -0.216     -1.399    -60.879
 392   63     -3.642     10.579    -73.832
 515  534      9.794     -3.878    -63.988
 586   -2      4.367     -7.991    -63.479
  61  572      3.006     -9.936    -72.880
  -1   -2    -15.530     10.136    -74.697
  -1   -2     -7.619    -11.186    -67.107
  -1   -2      8.719     -9.961    -58.127
  -1   -2     -6.362    -10.982    -60.532
 199  304     -1.502    -12.548    -68.119
 573  173    -12.623     -1.250    -69.698
 500  447    -10.396     -6.859    -69.750
  -1   -2      4.735     -8.325    -75.355
 561  823     -0.047      6.984    -63.449
 605  489    -13.287      1.903    -78.058
 616  377     16.505     10.797    -68.215
  -1   -2     -6.802      4.929    -76.295
 279   -2      6.785      9.230    -62.594
  -1   -2     -7.860      9.725    -64.724
  -1   -2      6.178      0.044    -53.095
 549  615     12.997      2.790    -66.647
  -1   -2      9.693     10.010    -63.662
 482  114    -10.326    -12.114    -71.209
 272   -2      2.927     -8.391    -63.930
 315  814      5.442     -4.855    -61.373
 612  553     16.050     -7.054    -67.371
 440  819      8.102     -3.564    -76.148
 388   -2     13.202     -7.284    -73.846
  -1   -2     12.801      4.265    -61.087
  -1  495     -6.384     -4.436    -75.131
 590  827      3.515      1.993    -60.999
  -1   -2     15.716     -6.707    -61.565
  -1  483     13.967    -13.268    -66.296
  -1   -2    -10.764      4.414    -80.223
  -1   -2     13.181      9.150    -85.771
  -1  586     14.550    -13.503    -69.948
 801  531    -13.734     11.827    -66.123
  93   -2      8.086      9.887    -73.228
  -1   -2     -8.117      3.059    -57.052
 532   -2     -5.116     -6.087    -57.786
 146  521     -5.882     -0.978    -61.308
 254  208    -13.690      8.449    -69.474
  -1   -2      0.724     -1.598    -56.823
  -1  315     -7.033     11.960    -73.478
  -1   -2     16.645     12.540    -74.535
 301  137     -9.627      3.476    -76.340
  -1   -2     -0.447     -0.157    -59.452
  -1  570     15.633     -5.920    -74.171
 577  388     15.445      7.953    -66.505
  -1  606     -1.582     13.018    -61.480
  -1   -2     -6.437     -8.849    -59.102
  -1   -2      7.846    -10.711    -59.939
 613  642    -15.296      0.496    -69.209
  -1   -2      3.620     10.783    -60.951
  -1   -2     -6.433      8.626    -60.725
  -1   -2     -2.862     -0.924    -56.304
  -1   -2     11.725    -13.363    -69.957
 580  654     13.946      6.375    -61.145
 522  484      2.724     11.036    -58.696
 718   -2      1.053      8.986    -67.377
 604  828      3.966      3.687    -57.965
 541  705     11.915    -10.375    -67.475
  -1   -2     -1.384     -2.357    -68.409
  -1   -2     -0.104     10.524    -67.758
  -1  442     14.606     -7.788    -71.009
 113  348      2.745     -3.568    -70.919
 478  845      5.937     -1.490    -73.380
  -1   -2     -6.706     -4.950    -74.942
 821  397    -10.453     11.375    -72.002
  -1   -2      6.387      2.481    -70.445
 156  595      7.440     13.075    -67.365
  -1   -2    -16.100      8.664    -74.207
  -1   -2    -11.604     -6.681    -63.813
 574  825    -10.753      3.917    -69.678
 283  494     13.229    -11.741    -65.940
 294   -2     11.217    -10.240    -72.623
 295  647    -12.986    -11.339    -69.058
  -1   -2     -2.043     -6.439    -74.985
  -1   -2      4.735     -5.021    -69.726
  -1   -2     17.286    -12.995    -70.164
  -1   -2    -15.412      7.132    -72.625
  -1   -2     -1.717      4.106    -77.294
  -1   -2     -5.407     13.468    -61.116
 752  676    -10.576      1.667    -72.236
 711  833     -1.519    -12.248    -76.056
  -1   -2      5.326     -5.651    -62.161
  -1   -2     16.638      8.096    -77.936
  -1   -2      0.267     -5.793    -68.919
 639   -2     -4.736      9.142    -60.270
  -1   -2     -4.495      8.117    -63.135
  -1   -2    -15.016      4.362    -71.501
  -1   -2     -1.681    -12.094    -65.620
  -1   -2     11.975     -9.688    -75.007
  -1   -2     12.574    -11.215    -59.753
  -1   -2     17.281     -2.755    -73.949
  -1   -2     11.582      3.442    -52.332
 670  712     14.386     10.884    -65.738
  -1   -2     -8.075     -7.852    -78.971
  -1  367      8.852    -10.993    -72.060
 712  609      5.204    -11.561    -63.454
 327  613     11.560      8.629    -71.445
  -1   -2     -1.601     -2.304    -57.367
  -1  671      5.392      7.104    -58.821
 617  702     -2.798     13.469    -62.653
  -1   -2     -3.139     12.695    -63.234
 350  588     -1.442     -9.763    -76.751
  -1   -2    -13.618     -9.173    -68.248
  -1   -2      2.950      2.644    -58.079
  -1  624    -16.138    -12.018    -74.361
  -1   -2     16.631      1.383    -63.725
  -1   -2     -6.180      6.015    -75.264
  -1   -2      9.198     -5.199    -68.114
  -1   -2      3.764     10.752    -60.576
  -1   -2     -4.407    -11.296    -69.307
 274  302    -11.404     -4.878    -71.040
 249   -2      8.149     10.662    -65.294
  -1   -2     16.552     -8.359    -74.694
  -1   -2      3.434     -4.555    -54.592
 262  770     -4.093      7.049    -67.263
  -1   -2     -6.398     -6.617    -79.112
  -1  369      0.881     -0.852    -60.379
  -1   -2     -5.858     -2.382    -58.508
 710  735     12.345    -12.560    -70.986
  -1   -2     15.003      7.521    -73.815
  -1   -2      8.569     10.899    -65.740
  -1   -2     -2.677     -8.424    -58.540
  -1  748     17.240     -5.717    -72.582
 812  837     -6.372      0.527    -71.826
  -1   -2     -9.663    -11.581    -63.225
  -1   -2      5.850    -13.079    -65.039
  -1   -2      0.344      9.838    -65.473
 828  365    -13.742     -9.997    -68.564
  -1   -2      8.239     -9.589    -59.349
  -1   -2      6.415     11.754    -61.178
  -1  599     -7.363    -12.312    -72.345
  -1   -2     -8.145     -8.053    -68.122
  -1   -2     -4.226      2.310    -53.223
  -1   -2     -6.519      2.720    -81.855
  -1   -2     -7.928     -7.475    -52.594
  -1   -2    -12.226     -5.100    -71.028
 534   -2     18.198     -8.150    -67.883
 833  839    -14.374     -5.246    -66.221
 312  476     -4.508     -1.787    -75.521
 304  311     -2.480     -8.890    -75.122
  -1   -2     16.012     -4.933    -72.014
  -1   -2     -8.782      8.697    -76.849
  -1   -2     -4.833     -8.239    -79.685
  -1   -2      5.940      9.809    -60.137
 537  822    -13.301      3.062    -72.293
  -1   -2     11.952     -2.293    -57.149
 593  395    -12.681      7.185    -68.623
  -1   -2    -16.117      3.687    -75.967
  -1   -2     14.482     -4.575    -65.784
  -1   -2     -0.371     -7.350    -68.965
  -1   -2      3.150     -5.850    -75.967
  -1   -2      0.318    -11.266    -76.246
 242   -2     -8.637      5.846    -75.323
 555  241     12.197      3.588    -66.947
  -1   -2      3.429      6.499    -55.959
 341  846     15.725     -8.840    -74.144
 759  299    -11.831     -6.983    -73.984
  -1   -2    -10.712     -3.154    -75.453
 603   -2    -10.929     -3.393    -76.785
 657  637      8.127      3.548    -77.142
 815  718     12.697     -9.016    -60.024
  -1   -2     -2.585      4.491    -61.660
 368  754      2.956     -2.648    -67.008
  -1   -2     -9.626     -5.498    -77.893
  -1   -2      7.563     -9.788    -61.522
  -1   -2      3.255     11.546    -74.783
  -1  357      7.061    -10.224    -69.515
  -1   -2     10.415     10.896    -56.827
 669  405      3.454      4.347    -66.807
  -1   -2      0.204     -5.861    -69.691
 346   -2     11.339      0.979    -73.779
  -1   -2      7.963     -8.614    -57.700
  -1   -2     -2.345     11.784    -63.127
  -1   -2     -5.036    -11.376    -61.512
  -1   -2      1.012     10.130    -59.976
  -1   -2     -3.414      0.106    -61.523
  -1   -2      5.687     -4.539    -62.963
  -1   -2     -8.357      0.815    -64.617
  -1   -2    -12.896     -8.573    -86.049
  -1   -2     17.250      7.844    -71.555
  -1   -2     10.675     12.071    -62.666
  -1  737     17.995    -12.149    -66.854
  -1   -2      5.495      2.115    -57.772
  -1   -2      0.212      6.862    -53.851
  -1   -2    -11.982      8.896    -73.181
 714  584    -12.690      9.008    -63.805
  -1   -2     -2.359     -1.917    -71.203
  -1   -2      8.470     -6.879    -55.437
  -1   -2     -8.339     13.082    -65.014
  -1   -2      4.667     10.809    -60.132
  -1   -2    -12.451      9.329    -78.085
  -1   -2      4.560     -4.000    -63.791
  -1   -2     -4.013    -10.895    -85.715
  -1   -2    -10.536     -8.738    -77.276
  -1   -2     -0.226     11.169    -66.842
 737  783      4.294     -1.408    -64.740
 720  648      3.188    -10.506    -70.605
 804  835     -4.138      3.575    -66.516
  -1   -2      2.405     -6.419    -64.585
  -1   -2     -2.448      7.739    -79.269
  -1   -2     -3.472    -10.038    -80.848
  -1   -2     -3.970     12.752    -64.123
  -1   -2     15.586      3.419    -61.228
  -1   -2     18.998      2.348    -74.033
  -1   -2      0.941      9.655    -67.018
 632  668     17.937      9.941    -70.784
  -1   -2      9.187      7.082    -52.889
  -1   -2      0.136     -4.617    -54.052
  -1   -2     17.981     -8.882    -70.870
  -1   -2     -2.082     -5.974    -76.778
  -1   -2     -0.020     -8.852    -53.006
 806  836    -12.408    -11.034    -73.748
  -1   -2     -7.983     10.497    -56.314
  -1   -2      2.732     -9.490    -53.405
  -1   -2      0.257    -10.223    -57.793
  -1   -2      6.621     -0.640    -67.775
 381  817    -14.860      0.948    -77.520
  -1   -2     -5.523     -6.413    -75.787
  -1   -2    -12.455      2.681    -63.774
 719  750     -8.921      9.075    -62.873
  -1   -2      8.160      2.789    -52.368
  -1  523     -8.550      3.924    -76.152
  -1   -2      9.778    -12.657    -72.248
  -1   -2     -2.312     -3.164    -67.045
  -1   -2     13.024      4.799    -56.540
  -1   -2      9.628      5.191    -54.782
  -1   -2      3.696     -9.486    -63.807
  -1   -2     12.753      9.663    -56.730
  -1   -2      8.289     -2.691    -60.602
  -1   -2     -5.859     -1.360    -58.880
  -1   -2     -6.244     -5.002    -52.683
  -1   -2    -11.350     -1.528    -74.846
  -1   -2     -5.952     -6.212    -59.693
  -1   -2     -0.896      3.332    -71.897
  -1  789    -10.338      4.353    -74.106
  -1   -2      9.605     -5.411    -54.682
  -1   -2     -3.737      6.576    -79.175
  -1   -2      9.360      8.457    -68.448
  -1   -2     -3.292     -2.745    -55.719
  -1   -2    -13.976      8.773    -70.286
  -1   -2     10.417    -12.939    -71.499
  -1   -2      2.500      4.313    -65.838
  -1   -2     -3.251    -11.036    -78.830
  -1  746    -15.443      4.886    -70.196
  -1   -2      1.482    -12.665    -65.692
  -1   -2     -4.191      2.915    -71.452
  -1   -2      8.489     -4.774    -57.207
  -1   -2     -3.731     -5.033    -77.069
 805   -2    -15.976     -4.274    -75.390
  -1   -2      7.600      8.363    -60.050
  -1   -2     -0.693      9.685    -52.924
 690   -2     -7.245      4.744    -68.523
  -1   -2     -5.536    -12.776    -62.542
  -1   -2     -7.880     -4.631    -58.665
  -1   -2      7.602     -1.348    -62.438
  -1   -2     14.291     12.306    -60.638
 333  372    -13.130     -1.294    -77.129
  -1   -2    -14.227      2.291    -75.590
  -1   -2     -3.192     -2.516    -68.659
  -1   -2     -4.228      7.818    -54.991
  -1   -2     15.300     -2.858    -64.078
  -1   -2      0.738      6.678    -57.571
  -1   -2    -12.949     10.167    -83.292
  -1   -2     15.301      2.307    -62.422
  -1   -2     -9.717     -6.827    -77.013
  -1   -2    -10.085     -2.867    -71.153
  -1   -2    -10.764    -11.072    -59.279
  -1   -2    -10.210     -3.548    -58.890
  -1   -2     -6.795    -11.243    -69.431
  -1   -2      4.244     -0.473    -62.636
  -1   -2     -2.265    -10.044    -75.009
  -1   -2     -1.951    -11.144    -72.979
  22  803     -3.236     -1.410    -71.901
 401  117     -4.507     -6.054    -71.880
  42   42     -4.928     12.174    -68.606
 788  111      5.932     11.462    -69.959
 431   21     -1.256     -7.993    -71.255
  34  250     -4.046      2.018    -72.444
 281   -2     -3.843      2.889    -76.895
 505  430     -0.722      8.625    -67.299
 209   -2      7.442     -4.409    -69.615
  -1   -2      1.636      7.827    -70.014
 814   -2     -5.012      7.433    -60.282
 316  210     -7.009     -3.228    -71.970
  27   -2     10.446     -2.217    -70.802
 803  834    -13.043     -8.226    -72.486
 570  550     -8.449     -8.824    -72.131
 542  669    -13.235      7.738    -67.707
 305  201     -8.995     11.562    -68.261
 589  826     11.820     -0.363    -72.158
 362   -2    -12.473     -1.190    -73.707
 377  371    -10.324      2.025    -77.156
 157  811      7.120      3.667    -72.953
 731  847      5.455      9.495    -73.860
 416  448     -0.792     -1.042    -63.425
 407   -2     -7.375    -12.266    -66.310
 408   93      3.837     -8.494    -68.878
 671  497      9.402    -12.170    -66.210
 418  146     -9.853     11.513    -60.990
 470   -2    -15.161      9.575    -78.324
 521   -2    -11.738    -11.985    -66.573
 477  580      8.605    -12.187    -62.801
 127  254    -14.730    -10.510    -72.347
 176   -2     -2.635    -11.875    -77.329
 795  600      2.446     -5.559    -64.087
 479  821     11.094     -5.463    -63.632
 420  818      4.815     -2.592    -69.218
 578  610     -0.825      7.814    -71.509
 618  829     15.086     10.820    -70.480
  -1  698      9.637      2.547    -59.991
 622   -2      9.968      7.632    -73.370
 826  838     12.006      6.853    -74.581
 807  225      2.153     -8.600    -72.482
 704  832     16.868     -2.819    -71.609
 822  730     14.874     -0.890    -72.472
 640   -2     14.249    -12.968    -63.093
 716   -2     -0.443     10.247    -70.069
 602  619    -15.038     -7.094    -77.143
 398  157      4.321     10.880    -70.257
 184   -2      5.692      8.230    -62.416
 256  336      7.798     -0.022    -64.062
 824   -2    -15.701      9.421    -73.591
 829   -2    -12.630      8.907    -63.707
 831  247    -14.758     -8.957    -70.854
 836  204      1.922     -0.568    -73.855
 837   -2      5.400     13.804    -67.217
 838  391     -2.372      1.267    -66.228
  -1   -2      2.669      2.731    -78.672
