812
  31   10     -6.829     -4.638    -72.805
  11    2     -5.955      6.238    -72.524
   0    8     -0.237      6.491    -68.437
  16    0      4.582      0.234    -70.545
  14    5     -1.405      3.480    -70.232
   3    4      1.030      9.521    -69.865
  12   87     -9.412      1.688    -72.740
  19   13      4.504      6.638    -71.683
   2  119     -3.901      2.852    -72.811
  46    3      5.345      0.741    -70.769
 135   20      8.559     -1.531    -68.235
 101   34      5.720     10.183    -72.565
  10   17      0.356      7.621    -69.342
  33   15      1.504     11.073    -66.087
  27    1     -0.198      5.154    -76.220
  41  260      4.332     -8.177    -69.719
  63   30      4.622      0.893    -69.764
   1   16      5.205     -2.985    -73.915
  50   37      6.055     -4.798    -68.357
   8   11      4.351     -4.320    -71.880
   5   19     -9.487      7.483    -70.518
  15  116      0.485      6.922    -68.478
  49    9     -1.621      4.520    -72.102
  34   88      0.801     11.172    -69.465
 582  487     -5.344      1.283    -72.511
  29   40     -1.898      9.150    -68.755
 113   83      1.212      8.444    -66.873
  43   63      4.182     10.085    -69.072
 122  137      6.445     -2.274    -70.384
 107   38      0.961     -0.179    -68.454
 307  231     -3.846      5.741    -69.942
  72   62     -0.284     -5.638    -68.436
  17  142     -9.910     11.256    -70.810
   7   27     -5.204      2.703    -71.033
  53   56      0.594     -7.823    -69.856
  39   25     -0.759      8.545    -68.876
   9   21      1.693      6.794    -71.961
 316  438     -4.233     -1.526    -64.031
 207    6      5.795      8.059    -73.152
  18   85      5.604      4.073    -71.601
  57   61      9.423      3.014    -66.176
 821  379     -1.258     11.157    -67.871
  37   39     -1.769      8.853    -66.540
  61   14     -3.306      1.182    -69.126
 465   41    -13.704     10.900    -73.591
  98   58      9.051     -3.523    -68.649
 367  185      3.839     11.408    -70.004
 192  238     -6.292     -9.649    -73.694
  45  101     -1.041     12.685    -65.591
  47   44     -1.952     11.163    -72.049
  60  264      4.625      5.293    -73.938
 117  109     -9.952     11.459    -66.291
  13  371     -2.851     -2.883    -71.526
  85   99      8.466     -5.840    -68.448
  74   46     -0.761      2.156    -65.459
  22   72      1.727      4.534    -70.496
  73   93     -3.946      9.312    -63.089
 780   68    -12.308      4.648    -72.700
  21  162     -8.009     10.957    -69.033
  86  237     10.209      0.154    -66.469
  54   36      2.983      3.806    -69.011
 130   -2      5.985     -9.939    -72.716
  55  188     -6.363      1.305    -66.111
 264  436      9.515     11.872    -69.924
 171  179      7.489     -3.149    -67.970
  58   -2     -7.295      2.981    -69.363
 100   54    -14.767     -3.226    -69.879
  24   29    -10.397      4.657    -68.507
  83   59     -1.208    -10.924    -70.235
  -1   28     -9.244      6.458    -73.972
  75   81     -2.462      8.767    -61.225
 179   92     10.558     -5.612    -69.080
  96  130      0.367      8.330    -64.417
 424   35     -3.259     -2.265    -66.627
 108  265     -3.466      7.088    -75.662
 372   32      9.185      1.943    -70.205
  91  387      2.280     -7.751    -66.239
  82  226      0.583      8.257    -76.602
  36   43    -11.345      6.956    -71.197
  59   95     -7.993      9.212    -66.635
  -1   51     -8.433     11.659    -76.401
 156   49     -3.489      7.609    -64.404
  89   86      9.489     12.095    -66.140
 375  120     -6.709    -12.495    -69.523
  28   26      1.096     10.257    -67.816
 397   98    -10.794      9.320    -69.191
 377  155      2.406      4.275    -69.337
  -1   -2    -16.093     -6.225    -73.977
 414   82    -12.649      1.834    -69.426
 396   33     -3.109      5.981    -68.670
  88  105     10.354     -5.081    -63.608
 411  111     -9.823      5.174    -62.494
 134  407     -5.358      6.375    -73.879
 111   -2      8.708     -3.623    -64.062
 255   78     -0.853     10.209    -63.308
  67  773      3.929      1.072    -62.226
 418  443     -2.320     11.640    -62.569
  -1   97      6.797      9.638    -75.168
 154  118     -1.911     -3.203    -65.722
   4   77     -7.359     -0.946    -74.727
  -1   -2     -5.157     -1.226    -61.740
 239  193     -4.789      9.707    -64.929
  56  494     -0.345      6.117    -74.436
  95  418     -7.617      0.214    -63.724
  51  131     -6.959      5.501    -64.791
  65   74      6.640      7.702    -65.161
  38   47      8.499      0.451    -66.556
 166   57      4.716     -8.872    -69.607
  84  406     -9.889      4.404    -62.946
 168  115      7.514     -1.489    -72.663
  32   48     10.184     -1.414    -68.164
  66  235      6.963     -0.335    -72.148
 116  102     -6.010      7.856    -61.677
 178  250     -9.975      5.965    -64.419
  -1   52     -8.020     -0.113    -66.907
 246  234     -9.105      7.705    -75.342
  -1  216     -2.444      4.417    -61.988
 160  403     -8.164      3.477    -69.695
 152  123      3.920     -4.831    -65.069
 175  148     13.178     -2.311    -68.820
 195  189    -15.068      3.991    -71.085
 137   55     11.422     11.434    -70.411
 121  144      2.365      0.010    -64.011
 491   53    -10.725     -5.974    -77.077
 408  795     -8.712     -6.380    -66.004
 112  254     13.454      1.933    -67.453
 188  183     -5.557     -1.549    -69.940
  99  464     -0.645      0.475    -64.004
 213  781      3.773     -7.819    -74.243
 211  434      3.805     -2.519    -65.393
 110  129      9.572     -2.511    -67.015
 217  259     15.357      7.318    -70.510
  68   -2      2.602    -10.040    -67.800
 162  154     -7.338      1.750    -61.524
  -1  141      0.112      0.012    -62.713
 177  778      4.591      9.600    -75.530
 119  374      7.970      4.316    -68.304
 102  423     11.681     -7.231    -65.755
 136  106     14.556      2.866    -67.999
 524   67     -2.136     -7.799    -69.346
 103  547     -5.102     12.324    -66.507
 269    7    -10.026      6.334    -74.456
  70  175      5.256     11.602    -75.222
 196  169     -3.562      5.379    -61.991
  90  435     -3.785     -6.017    -64.339
  -1   -2    -15.251     -9.629    -73.574
  69  597     -3.475     -6.170    -72.897
 199  199      0.201      1.181    -73.569
  76  139     -0.749     11.269    -70.327
 448   -2      8.734      5.272    -60.476
  -1   -2      8.072     10.121    -65.046
 618  145    -13.114      2.761    -73.295
 783  210     11.685      8.528    -69.948
 187  156    -11.617      0.219    -66.682
 537  353      6.373     10.796    -71.553
 431  257      6.014     -0.844    -72.920
 127  121      5.888     11.113    -70.346
 253  136     10.225    -10.548    -65.004
 145  213     -1.799     -9.564    -68.465
  -1   -2     -3.835    -11.064    -64.166
 114  167    -10.282     -9.005    -67.591
  77  158      1.917     -1.275    -69.387
 263   60    -10.502      2.037    -71.632
 140  488     -8.682      2.092    -63.753
 144  233      4.053      5.422    -63.511
 492  166    -15.487     -4.605    -70.571
 432   65     -7.093      6.941    -75.547
 125  217     -2.675      2.801    -62.639
 225  279     14.111      0.558    -68.320
 420  107     14.601      2.288    -69.243
 146  173     -7.636      8.834    -63.506
 786  432    -11.553      3.343    -75.046
 442  159     -0.953      4.603    -67.159
 210  450     -0.772    -10.844    -65.144
 314  172     -4.078    -11.632    -67.654
 181  333     -2.706      1.890    -69.069
 157  170     -8.885    -12.574    -66.843
 419   -2     -0.941     -3.700    -60.870
 495  299      3.419      1.433    -66.471
 118   70     -1.233     11.661    -64.005
  -1   -2      4.716      1.074    -60.756
 245  527     17.186      8.431    -67.010
 201  433     -0.858    -12.771    -67.266
  44  289      7.634      3.084    -70.065
 308  420    -12.825      9.590    -67.736
 174  229      5.437    -12.270    -66.953
 485  163     -1.473      2.439    -60.586
 184  232     12.079     -0.028    -67.023
 267  785     -6.415     -8.748    -67.469
 324  146      9.603     -6.002    -70.209
  -1   -2    -14.382      2.124    -71.445
  -1   -2     -1.712     -8.085    -63.852
 172  221      4.197     -0.955    -71.590
 291  268     15.481     -4.708    -70.350
 105  153      3.725      5.669    -66.125
  -1   -2      4.908     -3.572    -66.182
 226  127     16.379      4.029    -71.784
 374  128      7.306      7.445    -72.436
  25  297     -0.583     10.962    -72.179
 472  177     -9.776    -10.291    -74.342
 262  392     -2.604     -5.651    -77.714
 202  266     14.195     11.629    -68.553
 240  181    -11.632     11.536    -65.887
  64   89      9.831     10.282    -68.246
 349  271     12.653     -3.774    -69.132
 303  372     -0.555    -12.200    -67.831
  20   50    -10.368     -2.834    -72.336
  80   18     11.781     -0.071    -71.799
 521  164     -2.188     10.121    -67.668
 237  168      8.220     -9.423    -67.115
  30   -2    -12.943     -3.696    -70.790
 215  214     16.742     -0.236    -67.586
 402  220     -2.381    -12.071    -64.953
 413  537      3.034      3.414    -57.288
  -1  117     -7.682     -6.444    -66.357
 687   80      3.936      8.859    -71.482
 645  278     10.518      2.757    -62.559
  -1   -2     -7.508     -2.799    -64.725
 231  138     -0.944      1.068    -64.921
 148  201     11.634     -2.954    -68.545
 486   -2    -14.310      2.800    -68.154
 218  445    -13.372      0.778    -76.026
 159  194     11.636      2.588    -65.689
 329   91    -13.404     10.867    -68.716
  -1   -2     -4.949    -10.405    -75.996
  -1   -2    -12.214    -10.736    -62.661
 248  457     -6.563     -9.296    -66.478
 206  152     15.179      8.113    -71.856
 233  122      4.233     -1.250    -69.138
 806  818      8.099     -6.093    -74.081
 304  160      4.182    -10.838    -68.476
 129  253     15.100     -5.336    -70.207
  -1   -2    -13.025      1.392    -77.091
 444  386     -7.574    -11.580    -76.458
  -1  314      8.039      6.660    -63.978
 238  252     -4.771     -7.752    -66.033
 454  576      9.754     -7.150    -63.676
 730  143     -8.267      0.674    -69.231
 359  114     -0.390     -5.583    -70.261
 182   -2     -6.390     -4.281    -68.243
  -1  535     -8.961     -8.280    -74.285
 155   79    -10.552     10.807    -70.369
 256  251      1.597      4.093    -61.673
  48  385      6.364     -0.048    -72.762
 581  807     -5.673      3.157    -59.889
 232  521      7.037     -3.773    -66.801
 476  218    -10.400     -0.204    -64.599
 138  150      7.318    -11.167    -66.374
 234  244    -13.651      7.792    -68.430
  -1   -2      6.831    -10.967    -62.524
 422  236     10.372      5.022    -62.367
 258  180     13.784      9.391    -67.637
 227  243      6.914     -1.184    -66.095
  -1  609      7.792     -8.891    -68.454
  -1  249      0.610    -12.974    -68.181
 593   -2     -4.427     -9.208    -70.984
 379  198     -3.949    -11.777    -76.925
 223  255     14.849      4.733    -70.821
  -1  528     11.576     11.619    -65.627
 266  286    -15.008      5.648    -71.942
 564   -2     10.515     -0.070    -61.128
 505  315      4.465     -8.110    -74.815
 261  783     -7.936      3.914    -75.912
 259  511     17.380     11.414    -69.465
 792  715    -14.135     -0.112    -75.105
 204  184     11.717      5.591    -69.448
 633  284     -1.580    -10.335    -66.100
 795  262     -6.624     11.928    -69.219
 318  294      9.690     -8.600    -69.753
 243  360      8.406     -7.693    -73.038
 507  337      7.681      7.799    -60.400
  -1   -2     -5.457     -1.969    -66.489
 296  312     12.570     -5.454    -64.810
 343  354     -2.867     -2.096    -71.996
 242  273     12.555      8.414    -68.032
 822   -2     -8.459     -4.361    -66.058
 342  205     -4.355      4.090    -77.027
  -1  316    -11.973     -6.139    -64.930
 176  632    -14.250     12.053    -67.298
  -1   -2     -6.445     -9.643    -60.930
 781   -2      4.676     -9.150    -68.577
 693  178    -13.219     -1.174    -64.431
 142   -2     -8.926      5.940    -65.749
 251  287      6.684     -6.981    -63.644
 302  270      2.376      8.738    -68.803
 464  298     -0.344      0.565    -63.782
  -1  338     -3.752     -6.486    -69.405
 523  595     10.430     11.556    -61.275
 219  522    -15.683      7.152    -75.682
 827  276      8.308      4.272    -65.697
 625  320      1.829      1.318    -77.221
  -1  290      9.308      7.936    -63.276
 554  100      8.375      6.277    -68.232
 282  317     17.094     -6.573    -69.549
 652   -2    -14.964     -5.585    -75.091
  62  300     -3.727     -0.816    -70.901
  -1  581      8.357      0.797    -61.211
 241  351      9.467     -2.875    -70.309
 265  784     -4.703     -3.899    -68.572
 277  641     17.642      2.597    -69.139
 295  622    -14.435      9.466    -69.303
 153  724    -11.780     12.062    -64.841
 272  313     -0.361     -3.879    -72.768
 235  227      9.083     -5.268    -66.695
 578  806     -0.381      8.472    -58.167
 249   -2     -4.192     11.197    -74.204
 346  241     -8.749     -5.950    -72.326
 529  327     12.192      9.847    -69.768
  -1   -2     10.318     -3.188    -65.671
 281   -2    -13.429      7.931    -70.335
 635  585    -13.496     11.195    -66.776
 820   -2     11.796      5.945    -67.642
  -1  277     14.869     12.621    -67.496
  -1   -2     -1.181      5.417    -68.577
 801   -2     11.627    -10.597    -64.622
 297  340     -3.403      5.600    -64.777
 705  344      1.252     -5.240    -68.026
 311  305     -0.743      9.365    -74.644
 746  719     10.370     -6.061    -67.058
 250   -2    -13.850     -0.851    -66.646
  -1   -2     -4.750    -10.776    -73.193
 737  318     12.824     -2.710    -72.352
 354  791      2.661    -11.737    -68.426
 143  329     15.202      7.250    -67.597
 331  355     13.033     -9.334    -68.174
 475  820    -14.296     -9.278    -73.830
 330  293      2.162      1.635    -64.365
 289  788     -0.692     -3.725    -66.218
  -1  301      6.281     -5.859    -76.365
 322   -2     -8.490     -2.313    -73.936
 351   -2     -2.624      4.394    -68.120
 337  282      9.021      0.042    -66.863
  -1   -2    -15.930     -4.137    -75.878
  -1  682      5.096      6.707    -62.270
 334   -2     10.220    -12.138    -70.795
 257  618     -4.061      9.821    -72.287
  -1  727     10.448      7.082    -74.710
 209  332     15.267      0.655    -66.883
 313  534    -10.639      0.102    -71.846
 498  325      3.507     -9.462    -65.884
 321  362     -0.641     -3.412    -66.283
 673  334    -12.763      7.251    -72.403
 527  345      0.702    -10.625    -73.429
 607  310     -4.991     10.342    -74.529
  -1   -2    -13.141     11.989    -66.323
 568   -2      5.766      7.456    -63.435
 782  261      6.158      5.409    -75.037
  -1  666     13.386      5.709    -71.665
  -1  352      4.308     12.270    -67.646
 365  368      6.418      8.695    -65.324
  -1  601      3.764      4.741    -76.401
 286   -2     13.981      9.676    -70.178
  -1   -2     -8.576     -6.979    -71.423
  -1   -2     18.108    -11.671    -73.680
 353   -2     -2.374     -4.868    -72.820
 768   -2     -3.604    -12.180    -74.612
 290   -2     12.823      7.547    -63.356
 711  811     -2.253      8.511    -70.643
 620  323     -9.461     -7.655    -65.610
  -1   -2     -5.570     -6.442    -65.428
 358  792      7.398     -8.697    -67.127
 327  204      1.998      5.232    -72.558
 382  793     -1.879     11.992    -75.211
   6   94     -1.203      1.200    -71.666
 368  369     -6.525      6.774    -72.345
 388   45     -7.225      2.716    -70.830
  -1   -2     -4.466     -6.549    -64.612
 421  440    -13.477     -6.557    -72.760
 190  110     13.022      8.235    -72.750
  42   -2     -2.871     12.688    -66.261
  -1   -2    -12.388    -11.075    -75.884
  -1   -2     -5.255      0.949    -73.585
  -1   -2     16.130     -6.219    -74.577
 221  397     -8.781      9.424    -71.534
  -1   -2     -2.243     -4.211    -73.380
 778   71      3.851      7.409    -64.706
 510  391    -15.617     -5.477    -70.654
  -1   -2    -10.151    -10.670    -60.576
 556  431      7.902     12.505    -69.091
 514  803     -5.642    -11.497    -71.783
 383  404     -5.325      2.620    -64.443
 124   -2     10.476     -5.532    -66.911
  79  377      1.265     -6.440    -66.183
 132  401      3.606    -11.251    -65.249
  -1  113    -13.651     10.008    -72.323
 165  467      8.469      0.990    -63.065
  -1   -2     -4.939     -8.306    -53.118
 387  269      1.525      6.900    -67.912
 826   73     -4.258      6.926    -68.408
 407  405      5.111      5.238    -63.274
  81  774     -8.093      0.051    -75.093
 370  376      2.654     10.474    -64.492
  97  775     -7.231     -1.753    -68.145
 115  452     -0.394    -10.390    -65.718
  -1   -2     -2.197     -4.670    -61.658
  -1  211      9.484     -7.227    -63.945
 446   -2     -1.550     -2.982    -75.489
 378   22    -11.062     11.772    -72.621
  -1   -2    -13.493     -8.256    -67.060
  -1   -2     -4.505     -0.084    -67.178
  -1  104     -4.647      5.207    -64.890
 395  399     11.068     -8.950    -65.116
  26   23     -9.767      0.610    -71.548
 503  571     -1.423     -9.281    -74.545
 149   31      3.157     11.713    -70.410
 425   76     -4.024     -7.414    -67.608
  -1   -2    -10.585    -12.131    -67.812
 133   -2     -6.013      7.114    -62.466
 189  343    -12.275      1.110    -67.767
  -1   -2      4.804     -6.581    -61.739
  -1  202      0.224     -8.671    -62.232
  -1  415      3.444      0.650    -64.320
 458  134     -1.901     -4.571    -64.930
  -1  375      4.790      3.667    -65.506
  -1   84     -9.719     -4.775    -74.152
 803  430     -9.950     -8.769    -65.038
 385  427     -9.589    -10.444    -62.673
 194  147      4.308    -11.769    -67.191
  -1   -2    -13.118      2.269    -66.648
  -1   -2      5.139     -8.513    -52.080
 392   90     -1.857      3.249    -73.893
  -1   -2     -9.878    -11.894    -70.476
  -1   -2     -4.771      6.972    -60.979
 416  192     -5.638     -4.267    -65.043
 401   -2     -8.528     -4.439    -63.683
 109  652     11.935     11.611    -73.934
 569  453     16.891      3.923    -65.275
  -1   -2      5.528     12.023    -69.262
  -1   -2      0.968     -5.854    -83.333
  -1   -2      3.986    -11.539    -69.865
  -1   -2     -5.285      5.761    -63.863
  -1   -2      2.936     -8.961    -74.119
  -1   -2     13.806     -6.869    -65.918
  -1  478     -3.639     -9.651    -61.385
  -1   -2     -4.845     -8.992    -53.874
 445  797     -5.462    -10.597    -61.453
 434  551     13.892     -5.672    -64.651
  -1   -2      1.852      2.784    -80.410
 212  517     -7.308     -9.487    -68.934
 405  794     -6.634      8.662    -61.290
 451  414     -0.155     -1.777    -64.179
 274  267     14.384      7.374    -70.782
  -1   -2     11.368      7.352    -63.869
 164  777     -1.100    -11.646    -65.111
  -1   -2     -5.245     11.074    -74.182
 551  307     -9.554    -11.465    -67.212
  -1  479    -10.182     -8.075    -64.681
 522   69      7.376      9.935    -69.581
  -1   -2     -1.004      4.733    -65.109
 394  248      3.734      6.021    -70.755
  -1   -2    -13.587     11.431    -72.527
 490   -2     15.873    -12.929    -73.476
  52   -2      7.806      3.211    -65.075
  -1   -2    -12.767    -10.752    -68.684
 280  495    -10.261     -0.607    -60.184
 381  612    -11.613      5.592    -74.391
  -1   -2    -10.120     -4.282    -56.386
 228  400      3.561     -0.094    -73.810
  -1   -2      4.371     -3.575    -73.055
  -1   -2     -6.529      6.376    -57.856
  -1  412     -6.326      8.349    -75.790
 484  539     14.505     -0.820    -62.296
  -1   -2      3.610    -13.163    -66.435
 497  799    -14.133     -8.878    -73.681
 106  776     11.068      4.062    -75.734
 120  459    -11.663     -8.131    -67.280
 400   75      0.208     -0.472    -67.920
 355  388     -8.834     12.786    -64.059
  -1   -2     -2.348     -9.447    -54.472
  -1  473     -3.548     -9.996    -60.756
 423  161      5.138     11.559    -63.396
  -1   -2      3.636      3.962    -68.320
  -1  472    -16.121      9.751    -74.113
  -1   -2     -8.817     -9.590    -62.599
 197  304      1.747     -6.026    -68.955
  -1  500      2.809     -0.019    -59.547
 447  402     -1.022     -8.415    -70.609
 467  165      2.256     -9.472    -63.315
 457  821     -9.191     -8.976    -76.940
 361  358      4.055      3.651    -71.623
  -1  444     15.628     -3.558    -62.580
 163  466      5.239     -9.092    -67.907
 147  613     -0.013      1.900    -72.338
 542  209     14.890     -4.985    -67.611
 415  496     -2.595    -10.770    -69.073
 284  787     -0.990    -11.618    -70.627
  -1   -2      8.874      0.795    -52.468
  -1   -2     16.264     -7.576    -79.968
  -1   -2     -1.959      7.866    -52.178
  -1  132     -1.320     -2.974    -60.330
  -1  219    -14.241      9.411    -73.743
 504  800      2.974      4.884    -65.981
  -1   -2     -9.295     -7.178    -68.742
 819  258    -13.484     11.950    -74.263
  -1   -2     14.521      7.748    -87.311
  -1   -2     -0.907    -12.167    -64.884
  -1   -2    -11.063    -11.520    -60.947
  -1   -2      9.144    -12.391    -63.692
  -1   -2    -15.648      6.468    -70.254
  87   -2     -5.783      6.172    -63.533
  -1   -2     -7.675      5.660    -60.782
  -1   -2     15.101     -4.324    -64.719
  -1   -2      1.965     -6.498    -76.581
  -1   -2     -1.581     -0.511    -61.889
  -1   -2     -3.415     -8.526    -59.328
 173   -2      0.698      4.459    -75.908
  -1   -2     -2.392     10.559    -55.204
  78  135      7.661      0.848    -69.981
  -1   -2     -6.357    -10.952    -74.970
  -1   -2      2.094     -6.055    -73.565
 191  780     -9.494     -6.690    -63.068
  -1   -2     -8.912     -9.936    -57.404
 559  470     -0.754    -13.051    -63.679
  -1  481      3.329      1.347    -64.673
  -1   -2     12.278      7.104    -62.925
  -1   -2     14.665     -8.010    -71.169
 244  782    -15.338      8.628    -69.723
 283  679      5.470    -10.875    -70.968
  -1   -2    -13.526    -10.012    -64.587
 471  529     11.721     12.766    -63.872
 141  182     -2.358      7.991    -74.033
  -1   -2     -0.638     -3.744    -70.037
 590   -2     11.651     -3.371    -63.015
 270  499      3.163    -11.542    -65.062
  -1   -2     -5.618     -5.433    -62.979
 762  308    -10.234     -2.293    -70.310
  -1   -2      9.693      9.756    -61.108
 128  518     10.926      0.468    -65.062
 612   -2     14.806      1.780    -63.797
 150  195      6.545      3.649    -66.512
  -1  577      1.349     -8.222    -63.716
 788  693      7.111      9.332    -74.002
  -1  530     14.209     11.118    -64.076
  -1  203      7.263    -11.272    -75.380
 545  567      5.664    -12.166    -66.975
 563  805     16.193      2.408    -76.118
  -1   -2     -6.213     -0.489    -56.655
  -1  550     14.410     -6.768    -64.764
 632  426     -7.146     -9.473    -59.398
 785  816      0.291     -6.048    -65.625
 799  280     -1.414     11.435    -65.479
  -1  274    -13.370     -8.668    -64.929
 183  779    -15.299      9.921    -78.022
  -1   -2     11.305    -10.066    -66.258
 310  223     11.907      6.467    -65.688
  -1   -2     -2.876      3.230    -61.096
 481  292      6.450     -0.216    -66.886
 815  721      8.560     11.867    -74.729
  -1   -2     -4.418     11.678    -76.695
  -1   -2     14.393     -8.917    -80.232
 576  212    -12.563     -6.595    -71.191
 608  616     16.192      9.796    -71.269
 193  247     -0.053     -0.494    -63.167
  -1   -2     17.597      7.646    -67.064
  -1   -2     14.220     -9.337    -85.001
  -1   -2     -3.851      2.028    -52.385
  -1   -2     -0.007     -9.990    -56.228
  -1   -2     -0.226     -3.649    -57.948
 247  342     -5.378     -4.967    -75.926
  -1   -2     -5.700    -10.389    -76.278
 513  802      7.530     12.617    -64.385
  -1  515     -8.615     -0.835    -64.608
  -1   -2     -7.202      5.137    -61.605
  -1   -2     -7.049      3.138    -59.748
 644  685      8.803      5.399    -69.692
  -1  463     -6.140     -4.535    -76.839
  -1   -2     10.358      2.902    -75.595
 288  336     12.014     10.200    -67.966
  -1   -2    -15.709     -8.611    -71.367
  -1   -2     -4.073     -2.253    -84.675
  -1  566     -6.767      5.878    -59.909
 312   -2    -13.420     12.353    -68.013
  -1   -2     -8.182     -9.175    -62.137
  -1   -2      9.170     -2.639    -60.959
 602  808    -15.161    -10.431    -77.631
  -1  579      5.683      6.903    -58.969
 575   -2      3.741      7.041    -75.432
  -1   -2     -5.116     -7.511    -71.037
 126  501    -13.980     -3.781    -70.586
  -1  224     -7.645      1.237    -63.380
  -1   -2     11.966      0.849    -63.365
  -1  573     -6.816     -1.137    -60.267
  -1   -2     10.034      7.833    -57.506
  -1  738      5.232    -12.949    -63.372
  -1   -2    -13.051    -10.167    -76.748
  -1   -2      9.181    -12.189    -76.818
 341   -2     -6.862      3.969    -63.023
 600  196     -4.718     12.215    -67.937
  -1   -2     -4.989     -7.761    -58.674
  -1  552    -15.905     -9.994    -70.702
 802   -2    -10.055      4.106    -71.659
  -1   -2     -2.102      7.211    -60.389
  -1   -2      4.507      0.301    -57.158
  -1   -2    -13.187      0.673    -65.733
 404   -2     -3.374     -6.994    -74.232
  -1   -2     -1.801    -11.507    -60.574
 655  303     16.144    -11.408    -74.509
  -1   -2    -11.733      3.164    -62.114
 373  291      2.562    -11.069    -74.753
  -1   -2      9.306    -10.343    -82.916
  -1   -2      9.658     11.479    -60.404
 725  701     18.426     -7.717    -69.005
  -1   -2     15.615     -4.290    -66.278
 511  350     11.817     -4.678    -66.990
 584   -2     11.323    -11.638    -71.756
  -1   -2     13.870      7.370    -74.691
  -1   -2      0.525     11.094    -63.460
  -1   -2     -7.185     -3.288    -60.894
  -1   -2     -6.174     -6.994    -68.609
  -1   -2     -9.199     -5.959    -66.359
  -1   -2      7.268      3.992    -59.576
  -1   -2     10.107     -4.033    -66.161
  -1   -2      3.006      8.177    -85.904
 807  822      2.880      7.978    -59.550
  -1  590      1.162     -9.249    -75.911
 653  810     -7.769    -10.247    -57.161
  -1   -2     11.836     -7.952    -62.785
  -1   -2      9.411     -8.597    -61.783
  -1   -2     -3.959      5.609    -77.582
  -1   -2      2.153     -7.283    -58.303
  -1   -2     -2.783     -4.603    -52.658
 611  288      2.536      6.904    -64.837
 293  285     13.937      4.351    -71.681
  -1  324     -9.204      0.740    -77.622
 609  477     -2.957     -2.601    -60.226
  -1   -2      5.360     10.528    -81.586
  -1  653     11.043     -4.140    -69.662
  -1   -2     -6.105     -2.361    -70.520
 352  790     -6.910      7.488    -62.751
  -1   -2     16.289     -8.642    -65.131
  -1   -2     10.277    -13.206    -70.283
  -1   -2    -10.181     -4.498    -87.568
  -1  200     -2.338      9.237    -76.834
  -1   -2      5.687     -1.608    -58.446
  -1   -2     -0.679     -1.076    -77.572
  -1  359     -2.269      2.419    -77.977
  -1  331     -8.158      6.045    -75.011
 712  615     12.332     -4.884    -62.494
  -1   -2      3.337    -10.390    -61.076
 488  640    -13.439    -11.634    -67.733
 579  627     -5.064     -2.045    -68.924
  -1   -2    -10.386     12.809    -59.810
  -1   -2      6.127     -0.828    -67.504
 338  197      9.323      2.716    -64.788
  -1   -2     -5.420      4.852    -68.030
  -1   -2     -9.133      3.690    -58.885
 323  486      9.569     -2.236    -72.110
 589   -2     11.222     -7.157    -64.992
  -1   -2     14.002     12.820    -65.114
  -1   -2     -3.424     -7.872    -74.198
 275  786     11.617     -2.889    -74.390
 459  798      7.501      8.151    -62.250
  -1   -2    -12.513     -8.170    -66.353
 550   -2      9.277      3.777    -70.150
  -1   -2     -9.979     -8.925    -57.780
 333  520     14.652     -7.328    -74.034
  -1   -2     -0.416     -6.938    -64.685
 779   -2     -8.973      3.125    -68.382
  -1  458     -4.066     11.323    -72.454
  -1   -2     10.021    -10.310    -66.810
  -1   -2      1.462    -12.930    -67.556
  -1   -2     -2.596      9.044    -82.675
 348  363     -3.183      1.647    -67.079
 347  629     12.775     -0.585    -76.794
  -1   -2    -11.884     -2.798    -75.689
 615   -2     17.111     -1.002    -66.788
  -1   -2    -13.088     -5.981    -71.174
  -1   -2     -5.780      1.935    -57.688
  -1   -2      9.031     -6.424    -51.959
  -1  583     14.733     -4.167    -62.924
 637   -2      7.016      5.236    -60.575
  -1   -2      9.532      3.624    -56.201
 679  710    -12.107      7.827    -71.480
  -1   -2      2.671    -10.910    -71.687
 260  526     17.608     11.767    -73.810
  -1   -2    -13.293     -1.211    -64.848
  -1  643      0.767     -0.796    -75.203
 350  341     12.282     -1.620    -65.342
  -1   -2    -12.037      4.013    -76.738
  -1  716     14.401      9.059    -64.224
 650  809      9.548      9.454    -55.987
 391   -2      6.231      9.132    -76.163
 727  658     -2.344      2.170    -61.546
  -1   -2      4.491      7.454    -71.931
  -1   -2     14.500     -4.426    -63.542
  -1   -2      2.279     -1.709    -67.436
  -1   -2     -6.095     -8.201    -53.678
 336   -2      1.629      5.655    -76.775
  -1   -2      5.048     11.419    -62.265
  -1   -2     12.857     10.589    -76.032
 804   -2     -7.014     11.422    -75.336
  -1   -2     14.201     -5.753    -63.910
  -1  245     10.501     -6.416    -74.077
  -1   -2     -7.289     -7.607    -55.953
  -1   -2     -4.824     12.308    -60.443
 812  606      5.410      3.534    -71.724
  -1   -2     -8.217     -2.798    -71.997
  -1   -2      0.274    -10.127    -58.938
  -1   -2     -3.318     -4.406    -57.754
  -1   -2     -9.981     -2.497    -74.401
  -1   -2     -1.321      6.706    -56.893
 573   -2     11.843     11.803    -60.655
 332  283    -13.353      3.409    -74.764
  -1   -2    -15.722      0.348    -73.551
  -1   -2      2.068     -3.542    -68.135
  -1   -2     10.658      7.507    -67.279
  -1   -2     15.462    -10.101    -62.061
  -1   -2     -1.563     12.193    -69.625
  -1   -2     -4.399     -7.757    -70.115
 547  804      5.704     -5.716    -59.824
 718  813     17.045     -1.542    -69.068
 698   -2      2.384     -3.565    -67.400
  -1   -2    -13.261     -4.022    -74.533
  -1  240     10.600     13.380    -65.664
  -1   -2    -11.864     -5.216    -65.173
  -1   -2      6.819      8.280    -72.045
  -1   -2     -0.235     -3.517    -52.801
 601   -2     15.923     11.056    -64.962
 675  712      7.641    -13.166    -68.911
  -1   -2     -1.081     11.175    -61.651
  -1   -2     -2.471     -1.015    -66.108
  -1   -2     13.062     -6.823    -55.411
 315  789    -11.096     -6.884    -75.277
  -1   -2      6.008     -5.320    -60.026
  -1   -2      5.391     -6.130    -58.765
  -1   -2     -0.347     -8.562    -85.238
 721  357     -4.459      2.254    -65.963
  -1   -2     -3.957     -7.122    -77.352
  -1   -2     15.447     -8.398    -67.054
  -1   -2      7.221      6.847    -70.525
  -1   -2     -5.549     -6.768    -54.202
  -1   -2     15.568     -3.748    -71.502
  -1   -2     13.399     -5.542    -79.006
  -1   -2    -10.458      8.078    -55.574
  -1   -2      0.463      7.901    -57.105
  -1   -2      2.182      7.946    -81.970
  -1   -2      8.847     -2.998    -76.495
  -1   -2     -0.956     -1.671    -62.242
 506  801      7.513      4.486    -75.983
  -1  326     15.837      9.292    -70.606
 364   -2      1.338    -12.396    -64.692
  -1   -2    -12.535      5.458    -77.783
  -1   -2      6.070     -6.904    -71.622
  -1   -2    -10.214      9.386    -59.641
  -1   -2    -10.925     10.389    -68.932
  -1   -2      8.309     -8.095    -73.268
  -1   -2     15.892     -9.604    -81.886
  -1   -2     13.107      1.053    -75.417
  -1   -2     -4.877    -11.133    -69.881
  -1   -2     10.893      5.159    -66.357
  -1   -2     -7.258      1.598    -69.929
  -1   -2      4.631     -9.957    -64.109
  -1   -2    -13.266     -5.600    -72.122
  -1   -2     -0.281     10.409    -53.493
  -1   -2      8.912      7.310    -76.711
  -1   -2      6.131      8.666    -56.191
  -1   -2     -7.305      8.883    -68.145
  -1   -2     -8.796     -0.052    -74.045
 363  367     -6.340      2.896    -63.305
 814  768    -10.508     12.635    -68.097
  -1   -2      5.463      8.552    -59.208
  -1   -2     -6.144     11.555    -65.286
  -1   -2     12.807      7.209    -79.760
  -1   -2      9.526      3.761    -60.406
  -1   -2      3.913     -0.728    -78.421
  92   24    -11.442      5.297    -69.769
 273  207     -2.399     11.050    -73.562
 580   -2     -8.359     -8.039    -65.487
 167   -2     -4.185     12.182    -74.580
 170  469     -5.367      5.367    -60.524
  94  206    -13.233      2.884    -68.068
 596   -2     13.388     -5.630    -74.332
 519  524     -2.256     11.043    -69.694
  -1   -2    -10.399     -0.463    -60.178
 236   -2     -5.294     -7.473    -72.058
 287  349      3.200    -12.559    -66.139
 326  523      1.080     10.739    -62.713
 360  306     -0.683      4.984    -66.903
 813  697     -6.052      0.781    -61.015
 794  823     14.966      2.952    -76.589
 791  817      4.781     -4.195    -72.741
 648   -2      8.397     10.002    -61.073
 560  558     -0.544      4.979    -73.237
 203  384     -0.854     10.852    -66.271
 430  796     11.970      5.871    -76.627
 139   -2     -8.219     -6.188    -68.439
 325  296     -5.362      1.920    -63.501
 123   -2     -1.678     12.688    -70.737
 805   -2      7.553    -10.632    -65.736
 784  815     -8.859     -8.399    -66.856
 682  497      0.092     -1.646    -63.710
 279   -2      0.171     -5.316    -64.252
 555   -2      1.618     -0.573    -72.619
 278   -2     12.419    -11.378    -70.067
 649   -2      3.744     -0.084    -67.592
 735   -2      6.267      8.826    -67.400
 742   -2    -13.521     -1.674    -77.360
 775  814    -10.812     12.740    -67.775
 714  812    -16.327     -6.292    -75.653
 817  819     -4.400      1.386    -69.300
 818  644     11.392      1.475    -71.743
 435  125      7.562     -2.614    -70.006
 254   -2      8.640      6.337    -66.505
 320  302      6.868     -5.598    -73.279
 344   -2     -6.856     -3.974    -77.682
 443  485    -11.437     -6.577    -66.839
 535   -2    -10.895     -1.941    -64.506
 654  824     16.071     -9.800    -69.362
 731  825     16.819     -2.870    -63.261
 798  826      1.853      2.473    -62.276
 810   -2    -13.388     -2.441    -76.567
 811   -2      7.689     -1.938    -65.635
