828
   1    4     -5.522      7.962    -73.014
  76    8      5.581      8.963    -70.919
  26   70      0.612      5.594    -71.462
  36  380     -8.000     -6.788    -74.191
  14    0     -2.732      2.947    -72.401
  13   21     -8.260      2.326    -72.714
  10    5      8.392      3.462    -69.203
  63   10      0.817     -3.009    -70.243
   2  375      8.791      4.906    -69.475
  16    3      5.338      2.803    -69.089
 111   11      6.087      7.077    -70.691
  15   55     -3.236      5.090    -69.172
  96    7      1.436      1.518    -70.059
   8    2      3.619      3.884    -69.893
  12   13      1.466      4.488    -72.408
  34  100      1.783     -9.019    -73.059
   3    6     -4.368     -7.806    -73.002
  25   88     -6.255      0.889    -67.489
 381   36     -2.583      0.676    -71.789
 177   61      7.365     -4.101    -71.489
  17   79     -1.713     -0.440    -71.593
   4   22      1.043     12.393    -71.209
  69   16      7.232      5.233    -67.178
 121  393     -2.697     10.899    -69.871
  28   29      8.062      4.311    -68.810
  73  196     -5.863      9.687    -73.495
  31   17      5.228      4.828    -68.254
 261  274     -1.158      7.198    -71.885
 368   24     -7.754      5.225    -69.553
  20   30     12.493     -3.132    -69.343
  78   31     -0.124     -5.289    -68.307
  55   38      8.492     11.110    -69.891
  11   56    -11.462      5.621    -72.273
   0  788     -1.846      5.267    -73.957
  32   35      7.180     12.033    -70.518
  -1  378     -5.513      2.122    -68.481
  -1   42     -5.908     -1.535    -70.325
  81   15     -0.562      0.193    -72.245
 147   26     -2.929     -1.850    -73.897
  19   23     -0.428     -1.078    -70.753
  -1   58     -6.067      2.071    -72.974
 100  113      7.029     -1.199    -71.765
  72   33      4.654     -3.483    -66.858
  52   54     -9.028      2.894    -65.957
  50  120     -4.119      1.035    -72.983
 260  144     -0.934      1.563    -72.708
  40   53      2.404     -4.314    -66.213
  49   93    -11.966      0.030    -68.874
  29   63      3.280     10.414    -68.398
 383   52    -11.817    -10.646    -69.398
  71   25      9.066     -4.084    -70.415
  60   45      9.414     11.876    -68.430
  41   18     -1.057      9.366    -68.124
  46   50     -5.587     -2.081    -68.510
  77   64      8.945      7.829    -67.637
  23   86    -12.365      8.267    -75.981
  -1   -2     -3.938     -1.791    -75.096
 226  105      7.191     -5.135    -69.052
 126   81     -8.282     11.913    -72.469
  37  127     -6.341      9.456    -65.750
  88  162      4.014     -5.380    -64.251
 285   60     15.177      3.898    -71.329
  86  407      8.192      9.051    -75.296
  -1   -2      2.687    -12.334    -65.759
 201   48      1.319     11.655    -65.229
  -1   -2     -7.960      7.517    -81.393
 426  459     -9.499     12.525    -69.672
  70  241      2.871     11.734    -68.605
 144   -2      2.684     -0.816    -76.431
  35  204     -2.696      8.155    -72.657
 434  194    -10.383     -5.841    -68.084
  38   44     -3.206      6.822    -71.099
 479  395      0.915      7.189    -63.054
 143   -2     10.991      7.472    -69.343
  68   41    -13.008      2.191    -70.870
 200   68     -5.008     -1.678    -68.482
  -1  131      0.352     -9.885    -76.448
  82  209     12.614     -4.317    -69.433
 406   67      6.357      2.232    -65.673
  39  490     -3.133     -3.853    -66.508
  80  164    -15.463     12.022    -73.026
 132  420      2.905     -0.810    -64.358
  -1   -2     -0.426      9.109    -60.746
 242  430     -7.437      2.296    -69.280
 125   76    -12.667      1.683    -70.907
  22   34      1.473     -3.030    -70.897
  97  413     -8.703      3.063    -63.254
  -1  118      0.237     -4.099    -64.926
  53  157     -4.139      2.857    -68.487
  61  160     -7.387     -4.716    -66.288
  83  202     -9.575      3.472    -66.959
  92   57      5.826     -4.170    -66.636
 105   78      9.496      5.148    -67.144
 106  254     12.929      3.351    -73.000
 799  170     -5.309     -1.675    -72.929
 361  142      9.185     10.630    -68.120
 110  143      9.244      9.478    -64.124
   7  137     -0.316      1.798    -72.312
 408  221      5.054     -9.995    -67.860
 124   96     -0.717      8.124    -72.796
 393  165      4.767    -10.152    -65.337
  90  158     -7.301     -7.783    -66.566
  45  199     -6.515     11.479    -70.170
 199  112     11.609     -1.436    -68.870
 141   47     -5.524      3.316    -63.364
 107  152    -10.451     -3.700    -66.908
 104  457    -11.516      3.317    -63.229
 101  792     -8.534     -9.644    -67.020
 403   95     -8.670     -1.880    -66.761
 150   99     -1.848     11.372    -62.482
 196  141     14.603     -3.690    -72.770
 164  347      2.728     -8.816    -70.200
  -1   40     12.661      1.343    -70.036
 378   14     -7.653      7.891    -72.075
 109  133     -1.047     -0.134    -63.038
 119  101     -7.340     -5.326    -63.681
 123  135     -7.431      2.883    -63.918
 169  623     12.590      9.084    -72.170
  74  182     12.184     -1.127    -70.117
  33   28      7.110      3.750    -71.537
  -1  442     -7.242     -1.221    -62.157
 420  401     -2.255      3.932    -61.482
  -1  271     -2.938     -2.954    -74.649
 120  104     -8.544     -2.797    -66.055
  -1  412     -3.867     -3.532    -66.305
  59  139    -11.023     -4.631    -68.773
 131   37     -8.099     -5.525    -67.691
 115  398    -11.085      8.829    -62.490
 733  277     12.829     -9.427    -68.772
  99   32     -8.514     -7.054    -65.887
 825   -2     12.047      1.012    -73.960
 160  216      3.806    -11.219    -66.589
 130  149     -6.028      9.344    -63.727
 158   51      3.806     11.404    -67.871
 155  136     13.290     -3.667    -70.333
 811  179     -7.355     -2.707    -74.478
  -1  416      2.242      3.627    -65.501
  -1   -2     -0.906     -1.168    -61.557
 433  180      0.390     10.800    -69.355
 228   87    -11.639      3.202    -69.388
 165  439     13.598     -4.218    -66.064
 191  418     -8.702    -11.472    -73.322
 384   46      3.367     10.147    -70.014
 217  297    -10.607     -2.828    -74.267
 149  146    -11.806      9.842    -65.753
 173  159    -10.694      7.609    -64.761
 175  218     11.400      1.001    -66.124
  -1  106    -14.644    -10.224    -76.247
  -1  184     17.577      9.467    -72.116
 412  211      1.510    -12.033    -64.459
 235  453     -5.572    -10.216    -66.045
 213  155     10.963     11.258    -66.923
  -1   -2     -4.190      7.837    -66.909
 221   -2    -13.124      1.456    -76.382
  -1   -2    -11.875     -4.969    -75.556
 108  205     -7.085     -3.308    -66.295
 116  219     11.134     10.772    -71.489
 222  837     -1.613     -4.521    -66.701
 163  262     -2.528    -11.517    -66.853
  56   83     -5.973      4.770    -70.164
  -1  166      7.207      3.331    -63.571
 232  242     -7.276     -5.983    -69.572
 153   -2     -9.519     -7.536    -68.575
  -1  102      7.986      5.297    -61.245
 194  310      6.958      8.003    -73.107
  64  314     -1.198     -6.980    -72.218
 422  163     16.559      7.414    -66.076
 531  228    -11.930      8.846    -75.379
 146  183    -12.359      4.719    -69.025
 122  151     16.653     -0.699    -68.592
 410   91     -8.666    -10.874    -69.099
 255  801    -13.873      5.407    -74.016
 313   -2     10.612     -3.450    -70.256
 246  210     14.048      2.620    -71.089
 513  266      5.565     10.230    -60.591
 139  261     11.120     -5.112    -67.050
 225  235      9.610      4.512    -63.507
 216   90     12.454     10.678    -68.502
 195  236    -10.281      6.602    -66.673
 300  337     15.923     -6.536    -71.610
 142  173      2.962     -9.731    -64.593
 152  267    -13.514      7.400    -71.186
 187  176     16.927      9.053    -67.622
 233  525    -13.061      7.826    -75.848
 231  150    -13.027     10.752    -65.251
 127  251     -4.984     -6.718    -65.481
 102  597     -4.803      3.257    -72.270
  94   -2    -14.728     -7.801    -68.567
 448   -2     -9.325     -3.891    -62.833
 174   97      8.486     -4.326    -73.437
 268  117     -7.463      1.082    -68.721
 290  121     -7.948      2.893    -64.659
 103  389      1.348      1.944    -66.321
 301  213     14.020      9.824    -71.660
 219  284     11.678      0.140    -70.395
  -1  259     -0.407     11.559    -61.386
 571  255      4.712     -5.414    -60.496
 633  292      2.147     -7.969    -65.889
 192  129      2.331      6.957    -64.589
 275  178     -1.100    -12.504    -68.978
 206  172    -12.465     -7.183    -67.659
 269  253      7.336      0.739    -62.514
  48   -2      9.210      0.730    -72.603
 421  233     17.142     -6.793    -72.527
 223  245      8.060      6.863    -63.681
  30  789      0.690      2.397    -67.737
  93  226     -9.598     -2.388    -68.243
 188  154     11.971     -4.174    -70.479
 202  125      8.045    -12.453    -65.709
 176  198     -2.103     -9.591    -61.302
 567  229      9.549     10.167    -69.791
 791  207     14.046     -2.250    -69.094
  -1  424      3.930     10.173    -72.707
 114  348      1.252      5.879    -72.365
 154  436     12.371      5.349    -75.451
 245  421    -10.184     -2.073    -63.977
 207   -2     -6.280     -6.243    -67.779
  75  256     -0.027     -2.777    -69.596
 560  138    -14.845    -10.804    -71.559
 182  107     -3.016     -6.043    -73.482
 166  220    -11.149     -4.185    -64.825
 472  288      8.880     -2.892    -64.239
 113   73      1.270     -3.136    -66.098
 135  174     -2.769      2.699    -66.499
  -1   -2      5.808      1.165    -62.889
 128  307    -15.110     -9.489    -72.065
  47  386      8.461      6.511    -72.220
 485   -2     -9.123     -3.994    -70.371
 307  269    -11.643      1.919    -67.273
 265   -2      9.411     -4.210    -65.646
  -1   -2      8.126    -11.563    -66.777
 455  239    -10.408      4.359    -64.661
 214   77    -14.861     -5.413    -75.588
 342  335    -13.644     -0.641    -67.952
 545  278      2.370     -7.159    -61.647
 519  156     -8.903     -1.311    -66.634
 539  246     10.714      2.469    -62.875
 151  153     13.994     -5.679    -71.427
  54  167     -7.069     -1.087    -72.750
 236  263     -0.030     -4.236    -67.127
 181  258     -5.385      1.068    -67.847
 251  313     10.405     -0.896    -63.124
 790  553     15.330      8.414    -68.668
 172  272     11.223      6.942    -63.950
 280  299     10.896      0.921    -66.089
  -1   -2     12.355      4.954    -65.616
 682  222      8.107     -3.901    -75.287
 238  195     13.330     -6.230    -72.518
 544  281     14.510     10.809    -69.009
 250  264      9.808     -9.169    -72.864
 577  309     13.462    -11.751    -68.295
 212  798     -8.267     -5.601    -64.828
 351  145     -4.963      6.754    -74.382
  -1   -2     -6.425     -9.234    -63.438
 607  234     15.765    -10.832    -71.368
 278  326     10.598      6.546    -66.970
  -1  237      7.431     -0.073    -60.980
  95  557      9.180      8.327    -71.307
  -1  532     -6.007      5.665    -75.397
  -1   -2     -5.550     -4.265    -75.618
  -1   -2      7.645     -5.126    -70.985
  -1   -2    -11.513    -11.056    -66.466
  -1  249     -0.228     12.129    -64.594
 241  330     -2.987     -8.542    -69.912
 516  116    -11.576     -4.044    -68.654
 248  128      0.438     -8.068    -68.072
 229  171     17.978      1.907    -68.896
 386  336    -13.414     11.828    -66.679
 447   74     12.873     -1.073    -69.739
  -1   -2    -10.087     -1.765    -59.973
  -1   -2    -14.006     -0.219    -68.422
 820  244    -13.919     -7.059    -71.710
  -1  201     -2.882      9.952    -63.261
 330  838     -2.179      1.126    -73.037
 283  286    -12.789     -3.099    -72.088
 117  351     10.034      6.194    -73.541
 815   98      1.883      5.830    -68.416
 257   59      6.581      2.911    -73.280
 270  566    -10.802     11.242    -64.713
  -1   -2     -7.830     -2.593    -67.491
 292  804     14.467     10.285    -75.503
 672  279      1.272     10.981    -74.721
 237  565      7.534      4.110    -74.933
   9  474      0.364      4.765    -69.461
 524  815     -4.306      9.802    -75.091
 259  190      9.597     -6.486    -65.179
 140  231      1.159     -9.846    -71.114
 138  186      1.311     -4.655    -64.871
  -1   -2      7.271     -5.323    -72.706
 453  301     13.600     11.379    -67.050
 810  839      0.790      5.102    -74.004
 298  599      5.788     10.140    -74.469
 273   -2      6.559      5.918    -62.770
  -1   -2     -4.709     -9.072    -74.586
 243  293      7.410     -7.501    -71.809
 325  585    -15.173    -10.105    -72.302
 652  320     17.382      7.529    -69.381
 291  289     -4.980      4.709    -65.472
 218  312     14.585      2.089    -66.224
 824  306     -2.178    -10.399    -64.917
 168   43      9.575     -7.451    -71.959
  -1  577    -12.157      6.875    -74.847
 310  338     16.380      4.460    -65.067
 239  799      5.994      1.960    -66.371
  -1   -2      5.220    -11.775    -73.740
 803  368     -7.216      9.074    -63.070
 197   -2     -3.101     -3.421    -65.039
 180  212     -8.228      7.691    -65.259
 296   -2     10.883     11.945    -69.004
 324  640    -11.041      4.095    -67.586
 631  192      2.969      1.081    -65.644
 827  227    -10.120     -3.472    -66.375
 354  318      4.638      9.075    -60.959
  -1  614      6.143     -2.019    -62.983
 323  275     14.598     -3.150    -66.307
 198  354      3.067      9.733    -70.615
 189  319     10.325     -8.787    -71.004
  -1   -2     12.058      1.702    -63.321
 272  576      4.416     10.912    -70.461
 253  800      1.703     -6.968    -74.208
 627  294      4.508    -13.031    -67.024
  -1   -2     -6.001     -8.522    -67.215
  -1   -2    -14.028     -1.038    -70.651
 281  802      3.124     10.394    -76.494
  -1   -2     -6.732      1.128    -65.162
 326  681      9.040      8.748    -69.572
 761  569     -1.041      9.307    -62.443
 230  840     16.649      6.486    -70.727
  -1  333     11.419      7.443    -64.811
 353  358     14.150      0.641    -63.398
  -1   -2     -6.940     -3.069    -77.759
  79  791     -5.126     -7.396    -70.095
 308  356     15.492    -11.263    -68.876
 557  694    -11.724     -2.648    -62.140
  -1  345     -7.956     -8.087    -60.992
  -1   -2     12.327     -7.125    -65.793
 338  425    -10.235     -6.935    -65.881
  -1   -2     -2.999     -5.688    -64.131
 540  817    -14.657     -3.415    -68.825
  -1   -2      2.898     -6.279    -62.866
  -1   -2     -6.975    -11.706    -63.778
  -1   -2      7.220      7.318    -72.611
  -1   -2      1.741    -12.809    -68.740
 344   -2    -13.174     11.922    -68.683
  -1   -2     -7.356      7.184    -65.787
 321  500     15.990     -7.478    -70.818
 303  303     13.172     10.760    -67.960
 347  357     -7.942      6.892    -66.802
 722  360     12.600      7.775    -63.048
  -1   -2      0.436     -8.513    -63.362
  -1   -2    -13.863     -1.577    -69.420
  -1   -2    -13.853      8.807    -70.880
  -1   -2     -1.428      4.322    -74.012
 356  372     12.400     -8.177    -65.994
  -1  370      0.553     10.147    -66.615
  -1   -2     -1.986      8.422    -79.823
  -1   -2      2.167      4.685    -66.693
 346  327     13.569      3.532    -64.314
  -1   -2     -5.655      9.710    -61.654
 339  680      4.734    -12.019    -63.486
  -1   -2      0.818      6.894    -70.624
  -1   -2     10.063     -8.463    -58.926
   5  103     -0.677      4.006    -69.734
 360  377     -2.191      7.506    -69.079
 366  181     -3.159    -11.595    -73.915
  -1   65      1.316      7.509    -71.280
  -1   -2     -4.921      2.681    -54.440
  51  147      5.544      9.081    -73.295
 178  497      5.312     -2.997    -71.252
 520  636    -14.661     10.150    -76.200
  -1   -2     12.554      6.665    -86.818
 411  423     -3.354     -4.491    -72.136
 362  807     -5.429     -9.018    -69.919
  -1   -2      9.362     -6.536    -63.125
 263   71      3.086     -9.723    -75.421
 429  388     -1.780    -11.261    -75.812
 387  406     -4.460      0.645    -70.682
  67  381     -4.956     -2.370    -67.721
 392   85     -8.316     10.614    -74.381
 367  808     -7.535      7.681    -71.222
 563  409     -8.101      9.832    -64.827
  -1   -2    -16.274      3.567    -73.971
  57  250      7.618      1.003    -70.549
 822   82      9.514     -1.869    -70.031
 369  382      2.823     -9.844    -71.100
 586  304      4.783    -12.338    -72.319
 404  404     12.077     -3.985    -63.440
  -1   -2    -10.359      1.982    -72.026
  -1   -2     -3.482      5.412    -67.669
 220  452      6.634      2.178    -72.722
  -1   -2      6.496    -10.132    -64.591
  65   80      6.555     -1.729    -66.298
 423  589    -13.887      7.063    -74.907
 800  168     -6.429      0.988    -68.514
  44  790      1.743     -6.177    -72.351
 234   84      5.016      8.250    -70.582
 184   -2     12.954      8.946    -64.842
 797  225      6.554     10.205    -69.259
  -1   -2     -1.389      0.400    -56.380
 446  470    -11.574     -8.062    -65.332
  -1   -2     -1.338     -0.507    -57.688
 514   20     -3.934     -3.998    -72.158
 409  123     -3.285     -3.920    -69.770
 786  387      2.657     -4.785    -76.900
  24  109      7.297     11.032    -72.046
 390   49      7.215      9.604    -71.337
  -1  568     15.609     10.881    -67.686
  -1   39      2.743      8.973    -64.240
 185  240      4.399      3.722    -70.961
  -1   -2      2.347     12.070    -69.185
 133  203      2.386     12.303    -63.853
  -1   -2     -4.916      7.698    -62.516
 442  122     -6.262     -8.255    -66.426
 402  411      7.117     -9.112    -64.191
  -1  428     -4.395    -11.502    -62.162
  -1   -2     -9.322     12.207    -58.528
  27   -2      5.533     -6.912    -76.867
  -1   -2     -3.805    -10.061    -78.315
  -1   -2    -13.310      7.952    -69.118
 460   72     -1.630      5.586    -64.045
 145  794     -4.907     -7.823    -65.909
  -1   -2     12.699     -3.109    -62.209
  -1   -2     -5.773     12.542    -70.099
  -1  494     -1.624    -10.088    -59.183
  -1   -2     -1.035      6.419    -64.152
 186  450     -6.465      1.424    -61.389
  -1   -2      3.766      7.590    -74.238
 306  545      4.001     -3.969    -73.870
  -1   -2     -5.464     -0.280    -65.494
  -1   -2     -8.126    -10.860    -64.384
 210  161     -6.320     10.607    -62.516
 440  511    -15.219     -6.665    -68.813
  -1   -2      2.416      2.122    -62.698
  -1   -2    -11.104    -10.969    -61.888
 427  440      7.602     -8.656    -66.614
 521   66     -0.879      0.672    -65.316
  -1   -2     -9.812     -7.315    -69.415
 817  458     -6.990     -7.034    -65.414
 802  834     -4.348      8.763    -61.305
  -1   -2     -4.767     -5.646    -75.680
  -1   -2     -0.600     -6.306    -59.613
 159  446     -5.314     -1.580    -62.231
  -1   -2     12.737     -5.820    -84.554
  -1   -2     -7.554     -8.163    -76.353
 572  818     14.922      2.577    -69.090
 316  510    -11.583      9.621    -69.574
  -1   -2     -3.678      5.211    -65.841
  -1  486     -4.172    -10.663    -63.050
  -1   -2     -4.466      0.882    -63.675
 630   -2     -8.826      0.087    -71.212
  -1   -2     -2.971     -0.672    -55.294
  -1  422     -8.176     -9.085    -67.434
 570  841     -0.535     12.843    -62.605
  -1  295     -3.813      5.778    -57.927
  -1   -2     -6.423      7.828    -60.073
  -1   -2      5.632      2.538    -58.703
 512  814     14.798    -12.743    -67.432
  84  842     -6.088      4.189    -74.730
  -1   -2      5.295     -3.697    -74.308
 466   69     11.134     -3.857    -70.168
 258  114     15.462      4.860    -72.065
  -1   -2    -14.865     -8.899    -69.749
  -1  451     16.346      5.562    -67.403
  -1  124      5.555     -8.477    -61.824
  -1   -2     13.195    -10.888    -66.418
 457  270     14.860     -6.584    -71.846
  -1   -2    -10.258      4.666    -67.314
  -1  437      7.870     -7.384    -63.106
 819  526    -11.463     -7.327    -62.289
 469  390     13.359     -8.159    -65.221
 190  519      1.016      2.267    -62.362
 162  342     -9.780     -2.886    -68.253
  -1  468     -6.550    -12.633    -70.521
  -1   -2     -9.127     -7.409    -57.560
 391  410      4.612     -0.968    -72.214
 668  823     -5.277      7.925    -65.178
 266  305      7.891    -11.617    -70.078
  -1   -2      2.248      3.905    -64.894
  43   -2     12.319     -3.410    -71.742
 641  300     -7.523      9.713    -77.357
 137  385     -0.294      2.470    -69.800
  -1  516     -6.139     -6.667    -59.562
  -1   -2     -6.246     -9.450    -69.895
  -1   -2    -14.042      3.548    -76.173
  -1   -2     11.207     11.655    -58.995
 227  628     13.940     -7.082    -66.048
 522   -2     10.086    -12.197    -67.269
 148  795     -9.402      6.057    -70.855
 463  193     -3.076      8.902    -66.600
  -1   -2      7.745     11.526    -65.626
 530  816    -12.002     -0.964    -61.776
 305  805     -3.573      7.270    -70.105
  -1   -2      3.264     12.178    -60.953
  -1   -2     -3.323     -8.285    -61.577
 437  506     -1.041      7.231    -59.596
 477  811      2.523     12.693    -60.657
  -1   -2    -15.116     -3.766    -68.091
 247  507      2.326      8.636    -75.929
  -1  215     -3.296     -9.202    -60.059
 252   -2      7.417     -7.502    -69.710
  -1   -2      5.002     11.520    -62.207
  -1   -2      5.552     -8.080    -60.402
 496  504    -10.768      8.307    -64.500
  -1   -2      0.793     -1.791    -63.499
 183  843    -10.380     10.174    -64.218
  -1   -2     -6.264      7.546    -58.416
  -1   -2     13.376     -4.072    -74.872
  -1   -2     -5.486    -10.332    -64.807
 156   -2     -8.184      9.444    -63.766
  -1  606     -7.015      5.101    -76.154
 341   -2    -10.432     11.225    -75.399
  -1   -2      3.815      7.853    -75.271
 813  487     -5.318      8.048    -66.487
 523  844     -1.886     11.565    -72.846
  -1   -2     -5.337     -7.439    -61.543
  -1   -2     -6.342     -3.049    -77.026
  -1   -2     -0.928      2.913    -61.158
  -1   -2    -10.733    -10.124    -56.921
  -1  427      6.195     -3.216    -60.470
 517   -2     -6.963     -7.140    -77.030
  -1  191      5.640    -10.902    -64.564
  -1  605      9.551    -12.124    -68.600
  85  602      9.147    -12.683    -68.008
  -1   -2    -11.732    -11.763    -67.274
  -1  232     10.728      8.842    -71.318
 167  488     -8.541     11.449    -63.030
 382  542      5.868     -6.798    -75.560
  -1  200     -2.715     12.366    -71.919
  -1  491     -0.868     10.774    -66.981
  -1   -2    -10.210    -10.463    -63.113
  -1   -2      4.921      2.001    -75.985
  -1   -2     11.404    -12.395    -72.863
 503   -2     -6.851     10.583    -67.100
 205  177      5.466     -7.541    -63.502
 679   -2      9.256     -4.416    -63.175
  -1   -2     -7.808      0.273    -52.753
  -1  515    -14.422     -8.458    -66.252
  -1   -2     10.780     -7.625    -67.641
  -1   -2     -0.083     12.211    -72.883
  -1  315    -13.803    -11.556    -73.014
  -1   -2     -0.079      2.288    -73.452
  -1   -2      8.302     -1.422    -62.052
 546  531    -11.519     -9.604    -72.741
  -1   -2    -10.292      1.231    -76.315
  -1   -2     -1.711      7.228    -56.296
  -1  550     15.888     -3.469    -75.972
 552  349     14.753     -3.667    -69.674
 620  821     -1.033     10.232    -60.321
  -1   -2     -9.981     -4.613    -58.407
  -1   -2     -7.852     -3.373    -60.420
  -1   -2      0.135      5.944    -58.060
  -1  633     11.137    -12.338    -72.500
  -1   -2     -7.121      3.482    -73.257
  -1   -2      0.055     11.262    -65.416
 605   -2     14.478      2.703    -73.822
  -1   -2     -5.220     -2.666    -76.686
  -1   -2     -6.072     -7.075    -59.146
 597  265     11.159      5.203    -64.338
 583  584     17.777     11.041    -67.647
  42   -2     -4.334     13.181    -67.076
  -1   -2     -1.488      5.673    -58.435
  -1   -2     10.393    -12.679    -72.688
 676  654     -9.113    -12.591    -65.440
 271   -2     13.406      5.526    -63.741
  -1   -2     -9.742     10.545    -81.077
 502  812      7.139     -7.942    -62.024
  -1   -2    -11.019     -3.096    -76.661
  -1   -2     -6.312    -10.022    -63.228
  -1   -2     -4.988     -2.170    -59.644
  -1   -2     13.176      6.734    -56.738
  -1   -2     -8.006      6.619    -62.515
  -1   -2      3.274     11.874    -61.782
  -1  541      1.747     -1.903    -63.556
  -1   -2      4.741     -9.020    -68.161
  -1   -2     15.033     -1.119    -61.434
  -1  323      3.999      1.616    -75.795
  -1  527     12.239     -6.184    -64.213
 693  444     14.540     -9.036    -68.342
 374  845     16.400     -1.753    -74.772
  -1   -2     -5.006     -1.444    -52.431
  -1  252      2.477    -11.570    -72.075
  -1  524     -2.090     -7.566    -61.054
  -1   -2     15.070    -12.191    -70.421
  -1   -2      2.838     11.483    -60.697
 240   -2     -5.705     -4.786    -74.838
  -1   -2     -8.771      6.369    -61.096
  -1   -2     12.195     12.371    -61.151
  -1   -2     -9.003      5.032    -63.216
  -1   -2     -4.931      1.082    -72.190
  -1   -2     14.475     -5.421    -61.474
  -1   -2      1.421      5.422    -61.469
  -1  666     -1.010     10.040    -65.201
  -1   -2     -8.267    -11.435    -64.798
  -1   -2     -7.603      6.735    -73.786
  -1   -2      6.641     -3.564    -67.567
  -1   -2    -11.750     -3.714    -73.814
  -1   -2     17.360     -5.075    -71.808
 364   -2    -13.506    -11.541    -67.856
  -1   -2     -9.128     -8.102    -60.038
  -1  643     16.873      6.297    -66.466
  -1   -2    -12.517      5.703    -71.473
  -1   -2     -7.389     -5.540    -59.665
  -1   -2     12.988     11.027    -62.696
 584  708     17.426      8.265    -68.242
  -1   -2     -9.621      9.481    -73.012
  -1   -2    -13.903     -0.672    -67.447
  -1  119     -1.906      4.408    -66.905
  -1   -2     -4.966    -12.629    -67.670
  -1   -2      7.254     12.414    -67.946
 648  581     -9.065     -5.385    -63.361
  -1   -2     -5.672      8.742    -73.283
 481  438      2.189      5.250    -75.022
 694  824     17.140     -0.862    -76.456
 659  268     17.755     -3.628    -70.734
  -1   -2     13.377      4.914    -79.984
 452  630    -10.595      5.554    -66.217
  -1   -2     -0.705     -6.876    -52.327
  -1  298      1.387     -3.631    -75.388
  -1   -2      6.268     -5.301    -77.433
 591   -2     11.714      3.964    -61.854
  -1   -2      4.164      1.304    -58.603
 350   -2     12.623     12.129    -71.793
  -1   -2      8.434     -5.207    -54.246
  -1   -2      5.597     10.798    -59.204
  -1   -2      5.335    -12.088    -76.391
  -1   -2     -8.464     -9.896    -74.196
  -1   -2     13.349      6.727    -74.550
  -1  712     14.716      2.690    -74.130
  -1   -2      5.137     -8.992    -65.920
  -1   -2     -6.108      6.578    -61.678
  -1   -2      4.481      8.911    -70.524
  -1   -2      8.510     -8.618    -66.300
  -1   -2     -2.977    -10.128    -71.619
 534   -2      3.782     -2.908    -67.450
  -1   -2     -9.782      3.264    -75.898
  -1   -2     -3.997     10.717    -54.196
 161  796    -15.749      4.228    -70.989
  -1   -2     -8.055      9.889    -59.243
 792  747      7.274      5.983    -65.336
  -1   -2     -4.284     -3.551    -57.126
 667   -2     -9.910      4.671    -61.773
  -1   -2    -10.449      8.414    -76.488
  -1   -2      7.892     -7.321    -74.376
 279  363      6.623      0.893    -63.094
  -1   -2     11.650      1.780    -75.123
 805  846     11.066      7.190    -71.171
 484  847      9.567     -3.320    -73.705
  -1   -2    -11.310      2.476    -70.938
  -1   -2     -2.738     11.454    -64.631
  -1   -2    -12.613     -9.770    -75.610
 610  485     13.759      0.639    -68.478
  -1   -2      1.172     -6.558    -60.569
 719  826    -15.355     -2.160    -76.843
  -1   -2     -9.313     -9.051    -59.717
 653  535     13.117     -0.623    -60.015
  -1   -2     -4.127      0.692    -56.645
 708  572     15.387     13.214    -65.548
 696  825     -9.264     10.750    -76.252
  -1   -2      0.804      8.152    -69.096
  -1   -2      6.813     -2.748    -79.497
 698   -2     -5.487      6.130    -66.131
 345  806      1.327     -5.571    -74.376
 651   -2     15.653     11.544    -72.510
  -1   -2      4.666     12.290    -65.036
 809  591      7.766     -7.825    -73.882
  -1   -2     17.494     -8.032    -70.605
  -1  601     16.759      5.169    -71.201
  -1   -2     -0.241     -8.177    -64.867
  -1   -2      3.044     -1.878    -58.210
  -1   -2      6.335      8.357    -57.582
  -1   -2      8.397     -0.368    -62.044
  -1   -2      3.657    -11.677    -73.996
 758  720      7.376    -11.740    -65.863
  -1   -2     -5.195      3.116    -58.601
  -1   -2      3.073      0.956    -66.693
  -1   -2     16.298     -9.880    -85.803
  -1   -2     11.139     11.434    -76.403
  -1   -2    -14.701      9.097    -81.080
  -1   -2     -3.357     11.923    -76.078
  -1  538    -10.932      6.645    -61.678
  -1   -2     11.713     10.991    -59.086
 527   -2     -1.455     12.501    -72.902
  -1   -2     -0.877    -12.482    -75.952
 413   -2     -7.513      7.115    -73.168
  -1   -2      1.392      8.241    -72.158
  -1   -2     -9.965     -1.124    -57.852
 332  257      3.272     -7.742    -63.657
 665  596    -13.678      5.713    -70.817
  -1   -2      7.567     -1.756    -61.018
  -1   -2     -9.201    -12.715    -68.427
 628   -2      7.997     11.292    -68.278
  -1   -2     -7.012     11.150    -66.176
  -1  548     16.181     10.181    -66.689
 647  822     10.436     -6.813    -74.164
  -1   -2      5.796     -6.275    -77.441
  -1   -2     -4.298     -4.874    -63.714
  -1   -2     16.297      3.664    -64.209
  -1   -2    -10.062      0.718    -66.710
  -1   -2     13.361     -7.046    -84.132
  -1   -2     -0.587      4.058    -62.461
  -1   -2     12.075      2.375    -53.835
  -1   -2     -9.546     -0.915    -67.516
 725  702     11.119      2.125    -64.111
  -1  691    -14.383      3.660    -69.606
  -1   -2    -10.476     -1.393    -56.828
  -1   -2     12.665      0.718    -64.162
  -1   -2      7.298     -7.977    -74.751
  -1   -2     15.030      9.953    -64.449
  -1   -2    -12.721      1.809    -72.430
  -1   -2      8.870     -8.719    -56.073
  -1   -2     -1.140     -1.358    -52.379
  -1   -2    -11.190     11.382    -66.814
  -1   -2      6.094     -7.691    -74.765
 749   -2      8.696    -10.953    -72.764
 754  829      5.161      8.088    -65.244
  -1   -2      9.046    -12.270    -69.381
  -1   -2    -12.216     -3.680    -73.066
 765  669    -11.192      8.438    -85.741
  -1   -2      5.572     12.006    -67.678
  -1   -2    -10.070      4.930    -63.420
  -1   -2    -13.901      2.489    -77.202
  -1   -2      5.007     11.728    -64.038
  -1   -2     -1.041     12.191    -67.306
  -1   -2     13.211      0.056    -64.442
  -1   -2      2.871     10.801    -54.811
  -1  546      2.904      1.562    -64.328
  -1   -2     -1.528     -5.369    -56.697
  -1   -2     -1.795    -11.816    -62.742
  -1   -2      2.097    -12.468    -76.602
  -1   -2      7.098     -0.453    -65.837
  -1   -2      5.463     -2.789    -61.291
  -1   -2      4.413     -7.617    -71.922
  -1   -2     -8.009     -1.292    -52.314
  -1   -2     12.610     -4.882    -63.026
  -1   -2     -4.507     -4.840    -78.047
  -1   -2     -9.840     -5.253    -74.795
  -1   -2      6.183    -11.138    -75.581
  -1   -2    -10.025    -10.975    -86.068
  -1   -2    -10.154     11.037    -58.976
  -1  374     11.236      3.696    -62.764
  -1   -2      6.954     -0.425    -64.242
 772  677     16.789    -10.093    -67.155
  -1   -2     15.047     -1.641    -64.738
  -1   -2    -14.858      3.207    -75.383
  -1   -2     -4.483      6.587    -70.854
  -1   -2      3.949      0.863    -66.422
  -1   -2     15.015     -6.048    -75.038
  -1   -2    -14.864     -2.426    -71.192
  -1   -2     16.132     -0.509    -63.736
  -1   -2     -8.621      7.254    -60.483
  -1   -2     16.223     -8.610    -68.781
  -1   -2    -12.208      5.601    -68.470
  -1   -2      6.482     -1.459    -70.941
  -1   -2     11.988      0.695    -52.203
  -1   -2      1.312    -10.890    -59.054
  -1   -2      3.908      8.018    -75.408
  -1   -2     -9.938      2.802    -71.815
  -1   -2     -2.169      3.751    -68.088
  -1   -2      8.971      3.326    -60.322
  -1   -2    -12.878     -1.394    -72.519
 565  402      1.696      1.184    -65.095
 334  290     14.417     -5.357    -70.861
  -1   -2     -4.622      7.586    -71.757
  -1   -2    -12.176     -9.164    -62.586
  -1   -2     14.590      0.825    -61.951
  -1   -2     -6.554    -12.368    -67.530
 771  779    -15.608      2.025    -77.155
  -1   -2     -0.865     11.062    -78.260
  -1   -2     -9.290    -10.470    -73.280
  -1   -2    -10.895     -0.829    -65.297
 449   -2     -2.380     -3.313    -69.807
   6    1      1.250      4.459    -70.015
  62  384     -4.556      2.874    -65.030
  66  598     -8.335     -2.365    -69.048
  87  206    -15.790     10.945    -72.729
 134  359     10.115     -7.177    -71.699
  89  110     -5.858     -2.955    -66.466
 203  189      2.503    -12.364    -64.836
 380  475     10.135     -3.290    -74.984
 112  793    -15.745     -9.828    -75.024
 788   -2    -12.148      1.005    -73.315
 286  803      5.798     -2.948    -71.951
 254  716     -2.968     10.945    -71.637
 625  582     -3.887      2.029    -65.213
 394   -2      0.405     -6.646    -77.112
 498   -2     -4.944    -11.042    -60.717
 244   -2     -9.075      6.461    -62.236
 209  797      2.723     -4.599    -70.647
 465  350     -2.281      3.462    -64.499
 575  819      8.047      4.115    -62.979
 348   -2      2.309     -7.550    -66.925
 256   -2    -13.658     -4.110    -69.760
 397   12     -4.151     -9.622    -76.658
 287   -2    -14.879      5.043    -68.656
 752  828     10.307     12.923    -64.026
 372   -2     -5.558     -9.835    -77.783
 118   -2     13.636      0.356    -63.976
 784  830      7.241     10.084    -65.878
 796  832     12.571      2.716    -72.253
 500   -2     -7.210     11.128    -67.336
  18    9      4.154      9.891    -74.060
 450  534      9.206     -7.140    -61.961
 249   -2     -4.348      5.482    -62.454
 801  833     14.014     -1.736    -75.631
 510   -2     14.142     -4.875    -75.538
 157  328      3.008     12.309    -73.075
 136   -2     -7.830     -0.486    -63.349
 561   -2      6.111      4.146    -58.416
 595  820    -15.136     -8.370    -68.591
 419  463     17.093     -9.586    -74.728
 596   -2     15.008      8.929    -73.915
 535  308    -14.969     -9.007    -69.898
 464  810      9.344      2.998    -73.398
 528   -2     13.193     -6.485    -73.963
 814  835     13.101      5.060    -74.536
 741  827     -1.242     -2.963    -70.627
 816  836     -6.023      4.862    -64.866
 204   -2      5.476      0.829    -61.849
 471   -2     -0.653     -6.522    -62.168
 798  260     -2.483      9.635    -74.666
 821  848     15.344     -7.642    -75.038
 371  520      1.411     -8.429    -71.318
 564   -2     -3.644      6.176    -60.476
 826   -2     -5.164     12.097    -69.177
 828  849     -5.312     -0.072    -67.955
 829  645     15.787      8.936    -70.156
 830  850     15.241     -7.189    -72.440
 831  851     -7.905     13.357    -71.345
