837
  13  406    -15.635     -3.477    -74.598
   4    3     -2.741      5.054    -70.247
   5   53     -2.019     -7.462    -72.259
  39    7     -6.152     -3.777    -70.758
 120  155      5.449      1.515    -72.765
  46   34      3.833      1.703    -71.288
  23   16     -3.826     -9.192    -71.241
   1   15      6.188     12.080    -72.260
  52   19    -11.375     -2.026    -71.797
  19    2      6.448      4.847    -69.057
   6  105     -3.494      4.786    -69.990
 121   23    -10.685      6.949    -71.022
  17  254     -2.075      6.931    -70.275
  28   11     -0.715      9.430    -69.631
  21    8      3.938      4.537    -67.549
 558  362     -9.582     -7.472    -72.924
 290   38      0.750      8.113    -74.792
  25   60     11.249      1.948    -69.808
  68   79     -2.871     -1.515    -66.486
 429   61     -1.104     -3.074    -73.037
  44    4     -6.517      8.194    -70.620
  22  403      2.045      6.392    -71.085
 433   46      2.210     11.985    -68.315
  61   47     -2.833     -3.790    -75.988
  27   13      0.641      4.206    -68.068
  94    6     -9.409      1.509    -72.013
 311   28     -4.020     10.083    -69.775
  24   14     -0.024      5.700    -68.486
 235   42     -0.824     10.539    -71.489
  20  210      3.138     -5.360    -73.969
 123   31    -12.152     10.247    -74.469
 511  411    -15.433     -2.560    -77.445
 263   26     -8.982      8.089    -72.054
 145   36      5.279      7.798    -66.055
  11    9     -7.117      5.479    -71.637
 144  229     -7.307      9.915    -72.049
  33  405    -12.275     11.992    -73.367
  -1   -2     -4.177     -3.393    -73.337
 116   55     -7.734     11.707    -70.927
 196  327    -12.409     -5.004    -75.554
  -1   32     -5.436     -4.433    -72.036
 143   20      5.406     -3.968    -71.413
  37   65     -4.723     12.338    -69.415
  49   37     12.788      6.239    -67.683
  41   45     -6.731      9.389    -67.413
  -1   -2     -4.582     -8.240    -73.715
 228   94     -0.858      8.683    -68.792
 125  109      8.540     12.839    -68.428
  56  570     -5.715     -7.798    -71.537
 411  102      6.837     -1.519    -71.707
 797  184     12.536      3.437    -69.567
  60   50      4.785      1.957    -65.682
  71   24     -4.957     -3.617    -72.047
  54  423     -1.119      0.079    -64.242
 110   49     -4.751      1.457    -65.336
  16   -2      2.391      0.394    -74.917
 452  166      1.810     11.569    -68.407
  31   25     -0.925     10.332    -67.405
  85   39     -5.458      1.711    -64.098
  47   43    -11.475     -8.713    -69.949
 129   99     10.285      9.382    -67.162
  10  120     -3.448      2.426    -73.637
  98   97     -8.255     -5.228    -69.986
 154   56     -3.466     10.771    -65.481
  65  118     -0.365      4.142    -63.158
  29   -2      5.760      4.138    -70.783
 192   88      5.061     -2.558    -70.487
 256   72      5.747     -2.951    -75.517
 207  156     -7.854      4.311    -73.586
  38   59     -1.179     -0.161    -67.920
 134  124      4.279     -7.931    -69.493
  62  141    -11.873      0.702    -66.859
  67   44     11.614     -3.494    -69.411
  93   70      7.119      0.102    -66.671
  -1  165     14.499      4.222    -68.232
  42   57     -4.133     11.106    -69.201
  97   10      2.326      1.669    -71.623
 174   -2      1.159      6.552    -74.910
  79   73     -3.937      2.897    -67.701
  -1  197    -10.710     -7.697    -70.514
  18  110     -9.880     -2.744    -74.971
 824   63      4.541     -0.134    -65.854
 315   95     10.545      5.388    -65.246
 430   -2     -0.888     -7.992    -73.992
  -1   -2      0.779    -10.614    -65.642
  69   85     -3.939      0.987    -68.809
  15  154     11.031      6.321    -70.228
  70  115     10.780     -4.657    -67.418
  72  225      8.367     10.312    -66.105
  63   52      5.399      1.227    -67.138
   9  249    -11.419     -3.254    -71.163
  81  185      3.985      0.442    -69.782
 118   22      9.642     -7.026    -67.823
 193   77     -5.917      0.985    -65.988
 319  431     -8.390    -11.801    -69.474
  40   67      2.050     -0.814    -75.500
 105  117     13.647     -0.794    -68.095
  -1   -2     12.048      7.459    -70.844
  90   96      6.395     -1.164    -66.294
 186   51     10.752      3.626    -67.279
 185  125      5.577     -5.962    -65.720
 166  131     -2.377     -3.202    -68.147
   3   87     -4.819     -4.395    -71.207
 304  385     -0.947     -5.364    -66.711
  50  467    -12.992      6.119    -72.361
  57  122      2.092     -5.684    -66.957
 566  602     -3.924      1.282    -58.278
 181  173      8.083      6.424    -66.133
 162  257      8.309     -1.645    -72.603
  66  477     -5.151     -7.689    -70.965
 213   69    -10.517     -9.100    -72.225
 101  157      5.662    -12.991    -66.564
 178  474    -10.609      3.190    -66.953
  84  408     -1.232     12.100    -70.749
 180  133    -10.457     -5.302    -68.927
 139   68      3.480      9.097    -70.969
  75  123     14.543     11.398    -68.909
  87  126     10.749      0.274    -72.574
 140  234     -0.976      7.786    -68.003
  91   98     -7.794      7.859    -66.327
  -1   -2     -5.025     -5.490    -68.373
  -1   66      2.541      2.125    -67.649
 496  312     -2.031      5.557    -76.493
 456   90     12.342     -4.853    -71.707
 327  837     -2.653     -1.747    -72.066
 161  319     10.236     -8.213    -68.360
 206  430    -13.576     -4.628    -70.685
 115  103    -12.717      1.862    -69.528
 112  803     -0.301      8.911    -66.113
 126  438     -9.352     10.799    -62.879
 245  138      1.646      7.514    -70.832
 133  279     15.304      2.665    -72.159
   7   33     -5.936      3.646    -72.167
  26   35     -3.186    -11.713    -68.859
 158  198     17.346      1.490    -69.407
 203  112      4.515     -5.600    -66.509
  80   -2     -7.958     -2.534    -65.262
 137  139     -8.217      2.217    -63.447
 265   92    -12.921      5.838    -70.380
 436  223     -6.668     11.793    -63.552
  -1  501      2.956     -7.928    -64.518
  78   64     14.890      0.955    -71.167
 108  202    -12.396     -6.464    -69.128
 107   91      6.182     11.866    -66.213
 106  167      7.795     -4.992    -66.579
  58  107      0.080     -8.926    -67.670
 374  186      9.287     11.266    -66.066
 804  491     -8.975     -2.801    -65.357
  82  176     -2.298      5.935    -60.743
 135  526     10.184     -9.876    -67.748
 176  239     -4.266      8.222    -60.914
  -1  285     13.070     -0.801    -74.118
  51  127     -6.942     -3.365    -69.730
 198  142      2.913    -12.078    -69.821
  14   -2      6.023    -10.415    -74.181
 155  192      3.597      5.896    -65.326
 197  201      9.221     -0.255    -65.349
 257  108      7.851      1.211    -65.429
  55    1     -6.097     -2.153    -73.191
 132  452      2.432      9.554    -71.114
 130  178    -11.438      4.034    -67.906
  -1  174      1.168     -8.885    -72.173
 149   -2    -12.412     10.560    -66.140
  -1   -2      3.842     13.235    -66.364
 302  248     -8.250      1.091    -66.820
  -1  273     15.607      7.455    -64.809
 262  309     13.008     -2.507    -68.426
 237  479     -1.359      1.727    -64.406
 199   54      5.455      9.148    -72.173
   2    0     -5.583      1.203    -72.052
 175  148      0.701     -3.289    -65.091
 138  113      1.458      0.600    -66.856
 461  226     10.228     -1.362    -70.895
 210  805     -0.403      1.962    -72.996
  74  164     -6.539     11.226    -70.823
 491  325     -8.861      6.342    -74.765
 350  104     -5.842      6.545    -65.293
  -1  151      4.132    -12.464    -71.133
 477  453      5.986     -7.605    -67.657
 142  289     -5.622     -7.724    -65.981
  -1   -2      5.723      9.957    -63.208
 457  163      4.830    -12.206    -66.228
  -1  195      5.157    -11.283    -68.271
  -1  161     -4.316      0.742    -61.645
 238  171     -9.990      0.253    -67.277
 219  209      2.771     13.170    -66.016
  -1  212     -8.325    -10.983    -68.967
 212  806    -11.312     -6.452    -73.685
 209  159      1.541     -0.107    -66.261
 113  147     -7.882     -9.422    -67.667
 539  190    -13.102     -0.359    -68.662
  32  274     -5.453      8.883    -71.550
 117  179      0.174      0.400    -67.302
  -1   -2      0.819     -6.106    -76.293
 190  416     -4.390     -8.418    -71.850
 208  200      0.535      4.869    -62.746
 148   -2     -1.607      8.573    -61.523
 177  214      9.724      6.429    -63.893
 230  284      1.875      5.018    -69.591
 573  330     -7.040      0.929    -63.581
 334  276     11.430      5.429    -72.558
 109  181     -6.151     -5.350    -68.477
 215  807    -15.340      9.116    -78.189
 365  193     -2.057     -9.213    -66.327
 297  238      3.294     -9.246    -72.997
 448  217     15.623     11.408    -70.006
 163  332     -7.292      9.685    -73.830
  -1   -2      1.310    -11.203    -68.190
  -1  295      6.652     -2.282    -72.828
 329  203      9.380      3.536    -72.384
 233  492     12.391     -6.563    -69.615
 341  168     -8.057      8.233    -71.187
  -1   -2     -6.956     -6.730    -63.851
 619  196      9.761     -5.271    -74.204
 234  343     -8.593      8.032    -75.397
 214  255      9.194     -0.572    -63.892
  -1  216     -6.147    -12.250    -72.103
 146  243      9.782     -1.266    -68.423
 287  160    -15.111      4.376    -72.156
  96  296      4.511      3.307    -69.101
  -1   -2     -5.875     -6.123    -74.987
 241  593      0.355      3.904    -60.239
 151  145    -12.443      9.196    -69.997
 156   93      5.591     12.109    -71.707
 261  204      3.070     -9.123    -68.314
  -1   82    -12.727     -1.937    -67.768
  -1   -2     -9.499     -3.287    -61.093
 291  260     -9.549     -1.038    -61.899
 204  321    -10.398      9.196    -64.244
  -1  137    -10.392      4.912    -62.188
   8   41      0.545     -6.700    -71.400
 205  235     -6.356     -2.896    -63.479
  -1  513     -1.313     11.338    -63.937
  -1   -2    -11.310     -5.098    -70.152
  -1   30     -9.682      7.727    -72.489
 279  311     14.694     -0.286    -68.153
 718  253     -8.294     -3.111    -72.140
 236  211    -11.126      4.027    -70.064
  -1  436     11.811     -6.192    -68.947
 508  520     13.900     -8.916    -74.018
 127   75    -11.203     -0.952    -69.661
 226  221      5.120      5.185    -63.143
 336  219    -11.431    -10.409    -72.665
 201  206     13.573     -7.761    -70.212
 225  134      7.518    -11.117    -69.013
 356  227    -12.764    -11.207    -69.910
 254  608     14.036      1.494    -70.694
 160  413     -9.714    -11.242    -72.145
 222  233      5.316     -0.682    -73.267
 242  236     16.701      0.475    -68.488
 328   89     -1.981      9.802    -67.903
 282  267     -6.376     -0.654    -70.681
 247  288      6.381      1.602    -62.629
 428  819      5.483      9.214    -76.961
 810  271      5.694     -4.043    -67.419
 100  218     -3.316     10.825    -75.182
 281  364     -4.681      8.655    -67.885
  -1   -2     -2.450      1.990    -59.748
  -1  140      5.724     -5.832    -70.700
 252  188      2.665     -4.143    -64.046
 167  183     -7.123      2.259    -64.764
 277  363      9.075     -9.704    -70.890
 362  554     -0.485    -11.141    -74.857
 561  258    -12.134     -9.127    -73.547
 397  180      0.246     13.013    -66.937
 227  333     11.391     -4.148    -66.629
  -1   -2     -7.665     -8.063    -71.204
 294  303      4.277      7.056    -76.498
 479   -2      6.943      9.882    -75.322
 217  152      8.481    -10.137    -68.816
  -1   -2      1.339     -4.248    -70.461
 122  269     -0.758      2.912    -66.888
 364  293     14.586     -7.669    -66.624
 359  508     14.754    -12.384    -69.438
 370  300     12.814     11.436    -66.701
 330  187      8.356      1.327    -64.220
 224  392    -11.697     -1.607    -75.235
 349  344      7.871     -5.842    -73.042
 152  121    -11.017    -11.252    -69.829
 285  144     11.831      3.118    -68.751
 220  158    -11.022     10.088    -70.802
 706  831    -13.549     -7.408    -75.676
 240  442      6.324     -5.230    -68.683
  -1   -2      9.544     10.178    -66.368
 570   -2      7.450    -12.047    -73.148
 313  387     10.946     -4.586    -69.007
 348  360     -2.452      6.497    -77.544
 103  297      3.830     11.220    -72.209
   0   -2      4.670     -2.008    -74.097
  -1   -2    -12.015    -10.261    -70.924
 320  106     -2.080      5.068    -68.640
 318  458     16.630     11.109    -70.307
  -1   -2     -4.860     -6.375    -63.951
 270  809     16.265     -6.222    -73.957
 376  232     10.509     -7.148    -69.452
 352  247     13.425     10.049    -74.414
  -1  365     13.089     -1.165    -68.927
  53   -2      6.422     10.041    -70.433
 104   27      9.918      3.069    -72.682
 431  302    -14.012     -1.760    -72.705
  -1   -2    -13.980     -0.998    -84.328
 268  374     10.927      4.255    -72.267
  -1   -2     -8.129     -3.420    -75.833
 316  244      7.542     -5.001    -69.776
 187  737     -6.253      6.449    -74.741
 394  101     12.755      0.427    -68.586
 153  787      3.461    -11.287    -71.293
 273   -2    -11.680     -9.193    -65.452
  -1   -2    -11.074     -6.771    -76.995
 403  760     11.536     10.916    -67.902
  -1   -2      3.096     -2.922    -76.749
  43  182     -3.551      8.857    -70.251
 308  199      8.186      9.147    -66.080
 367  345    -13.036     12.156    -68.063
  -1   -2      6.879     -3.502    -75.193
 408  355     16.608     -9.543    -68.976
 173  617      7.081    -11.666    -64.441
 165  275     13.484      8.919    -67.039
 136  603      3.814      2.752    -65.321
 587  378      4.112     12.384    -72.522
 418  348     10.408     -0.373    -65.120
 844  838     11.903     10.955    -75.823
 296  336     10.411    -10.443    -71.682
 272   84    -15.049     -9.882    -70.637
 413  400     -2.427      4.655    -62.912
 306  337     16.316     -0.446    -68.149
 550  391      8.793    -12.620    -67.431
  -1  245    -15.949    -10.208    -74.498
 489  605      4.089      0.139    -61.742
 552  119      8.962     -7.607    -72.790
  -1   -2      8.687      1.223    -61.872
  -1  310     -5.937     11.167    -75.796
 473  189      8.215      8.964    -68.896
  -1   -2     -6.784     -0.520    -69.958
 314  349     -9.289     -5.778    -69.083
 289  473      1.764     -7.912    -66.470
  -1   -2     -6.108      8.042    -76.805
 337  811     -5.314     10.789    -75.317
 382  814     12.819     10.538    -65.208
 324  299    -13.820      7.287    -68.694
 271   -2     -5.717     -9.561    -73.234
 529  205      3.086      3.517    -61.832
  -1   -2     -1.756      5.798    -61.555
 292  323     -5.132    -12.111    -74.737
 188  804      4.058      6.744    -71.661
 806  627    -13.169    -10.139    -67.653
 250  280    -12.851      2.770    -63.890
 259  318      6.112      5.621    -68.099
 377  538    -15.190      5.568    -72.144
  -1  674     -7.154      6.024    -68.840
 671  215     -5.466      5.773    -72.461
  -1   -2      5.249      9.671    -72.870
 486  496    -11.027      1.543    -62.703
 575  170      3.375     11.438    -62.603
 344   -2    -11.055     -7.525    -71.213
  -1   -2      1.031      9.402    -67.831
 387  543     12.850     -9.845    -67.433
 682  304     -8.733      5.094    -69.481
  -1  357     14.824    -10.183    -69.554
 353  626     -7.000      9.917    -63.199
 340  660    -13.901      5.943    -70.259
 386  278     12.591     -4.735    -74.487
  -1  386     -6.425     -6.100    -67.887
  -1   -2     -6.819     -4.538    -75.059
  -1   -2     15.969     12.885    -67.918
 596  350     -6.147     10.217    -71.505
 632  398     -3.460     -5.693    -72.558
 597   -2      9.033      8.475    -70.233
  -1   -2     13.397     -3.423    -73.866
  -1   -2    -14.137    -12.144    -69.163
 400  817     12.792      4.246    -68.081
  -1   -2      1.771     -8.096    -71.939
 698   -2    -13.173      2.338    -72.305
 412   -2     -8.313      1.754    -75.418
  -1   -2    -10.204     10.827    -72.103
 383  511     16.047     -7.316    -71.433
 378   -2     -6.280      0.157    -72.738
 761  833     -5.002     -2.912    -71.945
 369  789    -11.104     -2.567    -71.484
  -1   -2     -0.160      9.824    -64.250
  -1  252     13.644      7.041    -63.390
 796  753     -3.589      8.865    -65.851
  -1   -2     -8.215    -11.914    -66.900
 447  480     -8.169     -8.638    -67.336
 423    5     -4.891      4.049    -70.085
  35   21     -1.957      8.964    -70.705
  -1   -2     -0.790    -10.297    -81.689
  -1   -2    -15.178     -5.144    -74.089
  -1   71     10.929     -5.490    -64.042
 444  420      6.926      8.644    -66.898
  89  153     -9.994      4.540    -67.953
  -1   78     -9.666      4.994    -66.475
 538  414    -11.958      5.504    -73.658
  -1   -2     -9.483      4.029    -71.036
 216   -2      0.583      2.238    -66.503
  -1   -2     -3.456     -6.146    -56.959
 182   40     11.505     -6.926    -70.596
 432  132     -9.427    -11.039    -69.283
 255   -2      1.479      6.860    -63.301
  -1   -2     -5.326      0.456    -55.337
  12  194      5.426      3.035    -72.801
 598   -2     16.555     -0.602    -69.977
  88  128      9.757      7.998    -73.556
 211   12      3.728      8.493    -71.170
 371  517     16.301     -2.121    -71.543
  76  409      5.051     10.757    -66.604
  -1   -2      0.620     -7.491    -53.662
  -1   -2      4.040      5.407    -70.572
  -1   -2      6.556     -2.415    -61.451
  99   74     -6.032      0.957    -63.934
 449  455      4.133      0.137    -64.597
 455  443    -12.129      5.640    -63.664
 439  143      1.189     10.937    -63.986
  -1   -2    -10.680     -2.070    -63.413
 331   -2      5.967      3.693    -61.815
 264   -2      4.069     -9.190    -64.131
 507  587    -14.643     -4.254    -73.265
 164   -2     -2.173    -11.736    -74.517
 454  434     -3.478    -11.500    -67.892
  -1   -2      0.429    -11.397    -77.619
 150  435     13.501     -2.648    -64.419
  -1   -2     -5.620     -5.021    -61.226
 531   -2     14.473     -8.266    -70.913
 168  162      1.264     -6.761    -62.663
  -1   -2    -12.358      9.781    -81.270
 114   83     -0.024     -3.089    -65.039
  83  441     16.470      7.435    -68.866
 830  594     15.526      5.941    -73.262
 442   -2     -4.241     -3.049    -59.783
  -1   -2      6.042      6.572    -59.698
  -1   -2      0.858     -5.025    -70.094
  -1   -2     13.986     12.909    -67.145
 354  514      5.484      3.688    -57.778
  -1  461    -10.115    -12.139    -66.499
 218   -2     -7.045      4.001    -61.170
 502  463    -12.615     -6.073    -65.663
 847  839     -4.533      4.202    -75.446
 229   -2      7.202     -3.380    -67.932
 463  433      3.588     -5.013    -62.240
 499  240    -12.852     -1.369    -69.827
 200  136    -10.442      4.468    -66.772
  -1   -2     -5.078    -10.701    -79.394
  -1   -2    -14.341     -1.599    -79.180
 834   -2     -9.181      3.523    -75.772
  -1  549    -13.294    -11.654    -66.741
 141   -2     -5.848     -1.360    -65.424
  -1   -2     -6.268     -9.168    -64.761
  -1  425     14.664      8.236    -68.008
 124   -2     10.234     -6.725    -69.101
  -1   -2    -10.974     -3.355    -75.414
  -1   -2      2.293    -12.030    -64.439
 516   -2    -12.002      8.031    -64.737
 645  459      5.877     -5.924    -61.358
  -1   -2      9.454    -10.045    -83.377
  -1   -2     -8.433     -1.906    -51.962
 307  565     12.763     -9.676    -71.968
 157  486     13.110      3.496    -69.983
 171   -2      6.706     -5.564    -68.966
  77   62     -3.832     -4.856    -66.065
 310  577     10.414      3.197    -65.965
  -1   -2    -11.238      0.698    -75.507
  -1   -2     16.255     -1.602    -71.888
  -1  335    -13.137     11.501    -65.341
  -1   -2     -7.241     -8.309    -67.898
 462  287      4.544     -8.746    -64.702
 119   80     -8.746      2.322    -65.709
 848  242     -3.151     -7.977    -75.606
 586  412    -13.032     -8.908    -66.639
  -1   -2    -10.655    -12.301    -64.121
  -1   -2     -2.123      7.543    -87.717
 466  485     -1.702    -12.605    -64.236
  -1   -2     -0.461     -1.670    -57.352
  92  801     -9.691      0.140    -64.538
 520  823     -3.093      3.598    -70.254
 559  292      7.032      7.271    -61.322
 360   -2     12.853     12.574    -72.347
  -1   -2     -0.008     -5.387    -61.581
  -1   -2     -4.469     12.235    -61.492
 453  475      9.243     12.527    -65.619
  -1   -2     -7.470     -7.572    -67.228
  -1   -2     -9.615     -7.430    -75.485
 248  535      8.093     -1.657    -62.229
  -1  502      6.692     -2.058    -74.394
 483  451     -0.926      4.550    -61.054
 195  339      4.476     11.008    -71.590
  -1  579     -8.510      8.628    -76.910
  48  100     -9.535     -4.432    -68.837
 646  829     -7.569     -6.231    -70.825
 553  707     11.018      7.880    -70.074
 470  631     -3.274     10.024    -59.879
  -1   -2     -1.311      0.705    -56.160
  -1   -2      1.369     -8.258    -60.035
  -1   -2      3.026    -12.591    -73.678
 819   -2      1.852     -7.473    -70.010
  -1   -2     14.427      8.837    -70.156
 183  358      8.299      6.495    -74.535
 402   -2     -1.612      8.516    -75.076
  -1   -2      8.295     -8.364    -74.142
 498  620     17.126     -2.396    -74.123
  -1   -2     12.199     -5.012    -59.563
  -1  439     17.090     -1.237    -65.009
 258  172      3.542     -2.371    -63.006
  -1  476      3.213    -11.491    -62.429
  -1   -2     15.731     -6.849    -64.024
 528  341     14.121      0.086    -72.861
  -1   -2      1.541      8.466    -68.233
 159   -2     -2.819     -5.574    -69.387
 251  213     -3.189     11.721    -64.219
  -1  251      1.372     -3.286    -62.084
  -1   -2      1.671    -10.905    -66.297
  -1   -2     16.706      3.908    -76.182
  -1   -2      8.960     -7.255    -59.149
  -1   -2     11.293      0.684    -71.075
 347   -2    -10.797     12.690    -62.857
  -1  298    -11.279    -12.520    -70.562
 532  621     -4.056      3.000    -61.462
  -1   -2     11.703     -1.071    -62.682
 512  822     12.298     12.598    -64.254
  -1   -2     -5.308     -9.751    -74.044
 249  224     -4.782      4.497    -73.515
  -1  509      7.439    -13.186    -64.984
  -1   -2      5.598     10.187    -58.695
 554   -2     -4.296      7.445    -56.701
 526  259     -2.845     -9.245    -61.868
 736  669     13.028      4.093    -62.273
  -1   -2     16.765      7.996    -68.415
  -1   -2     -8.910     -2.696    -63.163
  -1   -2     -1.504     11.863    -76.521
  -1   -2     -8.086     -3.403    -67.255
  -1   -2     -3.876     -6.206    -74.334
  -1   -2     12.728     -0.370    -56.927
  -1  582     14.191      5.743    -66.105
  -1   -2    -10.360     -8.519    -56.407
  -1   -2     -6.817     12.812    -61.559
  -1   -2     16.529    -10.100    -67.960
  -1   -2     -4.712     -6.270    -60.590
 301   -2     13.879     -7.505    -74.717
 557  575     10.563     -2.586    -63.945
  -1   -2     -7.882     -7.950    -58.170
  -1   -2     -1.432     10.864    -61.602
  34   -2      2.575     -3.470    -72.027
  -1   -2    -11.689     -6.020    -64.725
  -1   -2      6.893     11.865    -63.841
  -1  466     -0.515     -7.366    -63.105
  -1   -2     14.308      3.019    -60.978
 851  840    -13.262      2.822    -77.382
  -1   -2    -10.068      1.330    -77.227
  -1   -2     -3.099     -3.697    -58.153
 560   -2      9.889     -7.393    -58.559
  -1   -2     -2.829    -10.296    -73.570
 244  521    -11.595      0.771    -71.795
 545  601     14.266     11.538    -70.056
  -1   -2    -12.205    -11.319    -65.141
 660  340     11.427     11.330    -72.691
  -1   -2     -0.143      0.329    -59.100
 544  313     11.486    -13.165    -70.902
 591  826     13.398     -6.628    -65.265
 409  841      4.159     -7.525    -74.576
  -1  266     -7.206     -8.680    -68.913
  -1   -2     -2.499      0.195    -77.642
  -1   -2     10.318    -11.863    -73.248
 267  576    -14.616      4.166    -75.326
  -1  571     -6.612     10.887    -61.779
  -1   -2     -9.919      2.811    -76.324
  -1   -2      2.768      5.215    -59.000
  -1   -2     -2.630      7.931    -76.427
  -1   -2      5.504     -1.694    -54.896
  -1   -2    -12.144     -8.930    -69.061
 822  448     -4.769    -10.153    -62.680
 293  618      5.032     -8.458    -76.127
  -1   -2      9.970     -8.602    -63.086
  -1   -2    -12.710     -1.311    -74.751
  -1   -2     -9.078     11.101    -61.520
  -1  614     15.377     -5.168    -74.140
  -1  738      7.381     10.327    -63.302
  -1   -2      7.638     -6.080    -53.322
 633  529     11.998     -3.631    -62.249
  -1   -2    -11.714     -5.320    -70.399
  -1   -2      3.974      8.893    -57.901
  -1   -2      9.679      1.375    -57.493
  -1   -2     12.220    -11.430    -78.516
  -1   -2     -5.242     10.600    -62.009
  -1  369    -12.118    -10.496    -68.638
  -1  230     10.144      8.512    -64.682
 812  834    -15.082      2.721    -68.036
 363  681    -13.903      6.811    -67.189
  -1   -2     -8.970      2.201    -54.908
 605   -2     10.697     -2.144    -73.958
  -1   -2     14.303      1.257    -63.427
  -1   -2     -8.242     -1.250    -60.983
 505   -2      0.489     10.256    -75.023
 284  283    -13.119    -11.692    -73.074
 534  342      5.511      7.546    -60.638
 650  830    -15.416     -8.538    -69.243
 607   -2    -15.543     -5.065    -69.378
 357  504      1.818     -3.224    -74.738
  -1   -2      8.483     10.117    -69.174
  -1   -2      5.735     -7.733    -68.508
  -1   -2    -15.433     -9.138    -75.292
  -1   -2      4.381     -4.961    -80.910
 715  832     14.871     -4.536    -60.906
 639  291     -9.436    -10.162    -74.638
  -1   -2      9.234     10.880    -62.010
  -1   -2    -10.462     -3.614    -59.362
  -1   -2     -3.740     11.114    -56.944
 679  329      7.383    -12.687    -65.628
  -1  334      9.983    -10.633    -66.357
  -1   -2     -9.364     13.016    -59.056
  -1  368     12.477      6.458    -63.969
  -1   -2    -11.449      5.148    -60.608
 583   -2      7.420      2.303    -70.660
 749  277     10.050     -0.893    -68.836
 616  657     10.732     -0.146    -62.712
  -1   -2     -2.393     -0.870    -73.633
  -1   -2     13.526      9.999    -58.418
  -1   -2     -2.923     -9.708    -57.056
  -1   -2     -8.708     -5.652    -65.089
 375   -2    -11.418     -3.875    -74.050
  -1   -2      0.519      2.034    -59.203
 595  616     10.004     13.219    -64.041
  -1  633      5.246     -2.792    -64.009
 503   -2     -2.295    -12.362    -73.357
 410  351      1.990     -4.230    -72.421
 322  684     13.771     12.373    -70.496
  -1  356     -9.240      7.147    -68.782
 513  290     -3.595    -10.231    -62.541
  -1   -2     -4.076     10.157    -58.592
  -1   -2     -1.299     -3.702    -63.477
 305  527     -3.575      9.136    -60.796
  -1   -2    -14.471     -6.095    -74.924
  -1   -2     -4.570     10.012    -61.847
 574  207     14.530    -12.317    -66.116
  -1   -2     -3.523      3.358    -59.348
 388  815     -3.217    -11.182    -70.515
  -1  595     15.343      8.853    -64.361
  -1   -2     10.283     11.138    -59.272
  -1   -2     12.106     -0.735    -74.264
  -1   -2      5.289     -9.451    -62.197
  -1   -2      1.722      3.021    -58.034
  -1   -2     -6.740    -11.403    -59.391
 731  566      4.918      0.626    -61.740
 721  373    -11.050     12.589    -67.551
  -1   -2     -6.013     -8.195    -76.652
  -1   -2      7.732     11.347    -75.931
 640  828     17.423     -6.282    -67.370
  -1   -2      2.536      4.431    -67.265
  -1   -2     -8.876     -3.174    -62.073
  -1   -2     15.318     -9.351    -67.039
  -1   -2     -1.222     -0.840    -69.833
  -1   -2     18.344     -8.193    -68.953
  -1   -2      8.936    -11.014    -79.417
  -1   -2     12.210    -11.843    -71.585
  -1   -2     -9.811     -2.435    -59.857
  -1   -2     12.037     -9.611    -67.395
  -1   -2      8.018     -2.559    -53.189
 723  384      6.498     -9.305    -63.402
  -1   -2      0.746     -5.679    -68.284
 458  821      7.524      8.610    -54.153
  -1   -2     -7.634     -8.727    -52.283
  -1   -2     -9.650    -10.765    -78.743
  -1  749      2.561     -6.611    -76.970
  -1   -2     -3.351    -10.312    -57.402
  -1   -2     -7.727      8.271    -69.985
  30   -2     -5.580     -3.636    -75.384
  -1   -2     -3.130      9.699    -63.222
  -1   -2     -0.264     11.257    -77.844
  -1   -2     -2.915      7.649    -78.149
  -1   -2     -4.226     -0.507    -59.340
 321  810     -3.105     -8.662    -62.212
  -1  663     15.340     -1.378    -70.757
 343   -2      8.800    -10.617    -68.168
  -1   -2    -14.678    -10.633    -71.944
 274  375     11.488      3.002    -66.657
  -1  353     -9.625     11.066    -68.594
 338   -2     -2.241     10.767    -64.676
 603  709    -13.806     -2.881    -72.670
  -1   -2     17.862    -12.306    -81.563
  -1   -2      4.935      2.155    -58.010
  -1   -2      7.270     -0.872    -73.477
  -1   -2     14.575      5.734    -61.638
  -1   -2      1.286    -12.055    -64.148
  -1  682    -11.893    -10.464    -72.074
 686   -2    -14.982     -3.097    -74.943
  -1  596    -12.779     11.527    -68.039
 389   -2      3.982      9.884    -65.808
  -1   -2     -4.146     -1.005    -60.114
  -1   -2      0.368     13.234    -65.761
  -1   -2     -8.821      8.997    -76.481
  -1   -2      3.225     -9.760    -65.934
  -1   -2    -14.331     10.181    -76.903
  -1  532      9.436     -4.962    -71.405
  -1   -2     11.327      6.897    -62.127
 831  836     -9.951     -2.806    -68.082
  -1  628      2.412     -1.969    -60.315
  -1   -2     11.784     -7.637    -54.390
  -1   -2      8.276     -8.119    -71.400
  -1  647      6.206      2.554    -75.128
  -1   -2      9.108      9.191    -69.321
  -1   -2     15.673      4.648    -63.233
 766   -2      9.787     -7.727    -65.250
  -1   -2    -12.539    -10.697    -74.701
  -1   -2     17.842     11.986    -68.571
  -1   -2      5.115     -8.932    -69.907
  -1   -2     14.651    -12.215    -84.082
  -1   -2      1.633     -9.425    -56.950
  -1   -2     10.053    -11.660    -71.195
  -1   -2     -1.538      9.376    -68.414
  -1   -2     10.031     -8.421    -57.439
  -1   -2     10.781      8.109    -58.347
  -1   -2    -11.296     10.122    -73.002
  -1   -2     -8.732     -1.061    -65.143
  -1   -2      7.112      5.109    -85.150
 391   -2      6.125     -3.384    -62.128
  -1   -2    -11.117     -8.070    -66.696
  -1   -2     -7.556      2.978    -65.363
 681  376     12.834     11.119    -66.650
  -1   -2     17.160     10.695    -73.218
  -1  326     11.351      8.775    -71.764
  -1   -2     -6.888     -1.853    -63.098
  -1   -2      9.871     -8.390    -70.448
  -1   -2      1.529      6.417    -60.096
  -1   -2     -8.603     10.437    -60.138
  -1  379      4.124     12.124    -67.622
 407  818      0.991      3.878    -64.103
  -1   -2     -9.748     -2.117    -76.410
  -1   -2     -9.058      9.306    -75.439
 379  813     -8.566      4.717    -63.668
  -1   -2     -0.766     -6.013    -59.220
  -1  338     15.784      1.464    -67.686
  -1   -2     -0.272     10.192    -74.517
  -1   -2    -12.341      9.373    -78.183
 414  396    -12.815      6.333    -68.284
  -1  314     -9.353     -3.636    -62.088
  -1   -2      5.827     -6.507    -57.871
  -1   -2     -1.096     -7.601    -59.346
  -1   -2      7.187    -10.262    -74.860
  -1   -2     -7.194     -4.868    -69.364
 662  659     16.655    -11.569    -68.965
 358  812      0.036     -3.483    -71.478
  -1   -2     -6.860      2.790    -84.248
  -1   -2     -1.159    -10.052    -57.156
  -1  494      1.420     -6.303    -69.444
  -1   -2     -8.168    -12.416    -69.672
 815   -2     -7.404     11.293    -74.461
  -1   -2    -13.532     -6.651    -78.988
 741  381    -14.142     -8.393    -71.062
  -1   -2      9.728     -4.413    -56.780
  -1   -2    -12.504      2.539    -70.739
 392  816     -2.516      6.903    -72.703
  -1  736      7.933      2.352    -70.824
  -1   -2     18.289    -11.046    -66.942
 838  731     17.558     -4.641    -73.017
 794  367     -1.401      4.185    -77.660
  -1   -2    -13.018     11.411    -76.378
  -1   -2      4.376     -0.557    -65.582
  -1   -2    -14.484      8.824    -68.446
  -1   -2     17.125     -6.450    -82.460
  -1   -2     16.014     -4.775    -70.400
  -1   -2      8.159     -7.804    -61.085
  -1   -2     10.952     10.360    -54.970
  -1   -2     -6.161     -7.707    -87.188
  -1   -2    -12.343      8.356    -72.651
  -1   -2     11.301     -1.394    -57.446
  -1   -2      6.542     -0.667    -68.082
  -1  754      2.823      9.427    -63.939
  -1   -2     10.234     -3.730    -66.394
  -1   -2     11.404      9.547    -72.069
  -1   -2      0.728      6.304    -74.272
  -1   -2     -2.714     -1.111    -69.487
 655   -2     -7.835      7.177    -73.173
  -1   -2     13.675     11.581    -64.861
 648  692     -1.205      4.999    -64.891
  -1   -2     13.539      6.657    -86.073
  -1   -2     -3.786    -10.355    -56.824
 346  629    -15.397      2.904    -70.838
  -1  546     -5.037      4.959    -67.921
  -1   -2    -15.244      6.948    -76.361
  -1   -2      9.291    -10.296    -62.321
  -1   -2      6.904      9.364    -64.704
  -1   -2     -8.346     -6.525    -56.433
  86  800     -7.480     13.332    -66.776
 567  824      5.860     11.504    -68.626
 799   -2     -7.712      8.469    -73.777
  64  371     -5.748     -0.643    -71.898
 202   -2      6.936     -6.947    -69.145
 535  515     12.406     -0.022    -74.532
 808   -2     12.271     -6.959    -71.343
 194   -2      6.273     12.649    -67.122
 576  825      8.526     10.214    -66.916
 223   -2      6.786    -10.465    -73.786
 232  146      6.490     -4.545    -63.253
 521  548      6.433     11.462    -65.304
 426   -2     -2.431     -4.229    -70.877
 269   -2     -4.449     -2.250    -68.060
  36  534     -1.337     -0.538    -72.596
 335  645      0.901      0.962    -60.079
 333  393     -0.695    -12.198    -68.175
 488  705     -8.597      1.301    -74.948
 813   -2     -0.589      9.279    -67.570
 420   -2     10.644     -8.899    -65.770
 417   -2      9.358      8.757    -65.783
 825   -2     -8.089     -9.774    -57.834
 443  446     -7.436     -9.997    -68.436
 438  447     11.194     -2.304    -73.703
 468  177    -12.044     10.751    -65.192
 537  419      1.369     -7.294    -71.336
 469  497     -7.824    -12.024    -65.855
  95  802     -9.849      3.217    -69.546
 522   -2     -4.000     -1.231    -70.584
  -1   -2     -6.832     -9.281    -58.844
 524   -2     -8.248     -2.048    -62.315
  -1   -2      7.274      8.139    -61.840
 606   -2     12.255     -8.390    -74.476
  -1   -2     -4.631     -2.974    -75.093
 434  820      5.898     12.649    -72.339
 833   -2     11.765     -6.277    -73.332
 325   -2      8.901     -5.690    -71.452
 614  827     -4.045     10.647    -76.821
 832  558     16.874      0.410    -73.042
 380   -2      6.246      4.540    -77.130
 398  842      2.590      4.070    -76.123
 767  843     -4.508      6.156    -68.096
 612   -2      8.147     -1.458    -76.247
 288  169     -8.134     10.881    -64.092
 802  265    -12.274      6.992    -68.981
 828  835      1.339      0.222    -58.541
 179   -2    -10.645     -4.530    -63.436
 366  844      8.507     -0.198    -75.651
 490  564      9.748     -9.819    -62.536
 541  208     -3.385     -1.649    -73.252
 624   -2      1.358      2.683    -68.938
 801  845    -15.290      5.310    -69.578
 840   -2      9.944    -11.958    -67.328
 841  739      5.031      1.604    -65.516
 846  578      5.160      9.554    -72.908
 850  790    -13.853      1.127    -76.394
 852  432     16.996     -3.697    -65.057
