803
   1   28     -4.636      3.287    -71.642
   0   26     -6.331      6.451    -72.692
  26   41     10.035      2.848    -71.059
   4    1     -1.709     -7.459    -73.553
  65   21      2.225     -6.669    -70.835
  -1   23      0.092      5.676    -71.222
  10    8     -0.838      9.471    -71.253
  40    2      4.336      1.462    -71.964
  59   48     12.149      1.317    -71.710
  18   11      0.481      2.493    -68.690
   3   45     -1.434      6.690    -70.436
  13  106      2.350     -2.817    -71.482
 529   24      1.186      6.009    -72.531
 101   32     -6.428      4.645    -67.723
  49   22     -1.000     10.583    -68.901
 113   17     -4.557      6.142    -71.301
 402  420     -8.822     -4.289    -69.601
 110    9      2.660      3.677    -69.229
   7  110     -4.216     10.636    -71.895
  23   29     -6.728      9.990    -70.794
 151   36     -6.292     -9.096    -70.844
 133   43      5.182     -5.449    -71.434
 179  147      9.486      7.978    -72.030
  17   12    -10.884     -3.093    -75.684
  25   30      1.267      3.743    -67.939
 129   71      3.428     -1.434    -70.671
  36   58      7.223      7.924    -67.668
 106   75     -2.389      1.840    -68.007
 123  156     -8.981      8.666    -73.008
  27  474    -12.145      5.297    -73.654
  54  431     -6.545     -7.381    -68.057
  -1   -2     11.091     -4.152    -69.203
 149  163     14.089      4.403    -72.483
  21   37     -2.459      7.398    -71.128
  37   53      0.431      0.072    -66.500
  95   46      5.682     11.804    -69.607
  89   67     -1.189     -0.626    -69.568
  48  146     13.616      0.512    -69.534
 214  141      8.317      9.120    -68.887
 396   63      5.666     -4.039    -67.901
   6   47      3.282      8.429    -73.344
 389  121      4.861      9.422    -67.181
  96   78     -7.350     -3.311    -66.071
  52  102     -2.966     -9.152    -69.308
 178  553      4.337     10.315    -72.569
  24   35      5.319      1.602    -67.668
 102   54      4.451      2.017    -66.148
  38  189      4.734     -6.964    -70.965
  81  129    -11.312     -3.457    -67.804
  30   49      1.640      1.979    -68.778
  16   27     -5.895     -5.810    -70.912
  69  111     -7.953    -12.060    -69.481
  -1   44     -5.713      5.048    -66.840
 104   60    -11.576      7.092    -71.001
  42  140      8.061      1.235    -67.730
  19   -2     -8.305     10.842    -72.682
  -1   95      9.046     -0.564    -72.218
  20   97     -4.928      5.383    -71.085
  83   81     -5.404      2.335    -66.127
  84   56      3.805      5.348    -66.562
 125   61     -2.144     -8.375    -68.573
  -1   -2     -3.597    -10.525    -67.096
  53   66     -1.548     10.629    -67.040
  55  537     -1.707    -11.927    -74.331
 244  275     -9.300     -3.003    -72.917
  45  329     -7.495     -4.877    -70.332
  14   34      4.367      4.187    -72.095
  66  224     -3.250      1.573    -68.085
  -1   -2     -4.449     -6.851    -70.878
  72   72    -10.999     -4.556    -69.724
  35   31     -2.023     -3.324    -73.899
  68   86      0.138      9.840    -64.129
  -1   -2     -3.190     -3.955    -65.360
  90   77      4.126     -2.094    -62.324
  56   55     -3.825      6.177    -68.208
 148  169     11.625     -2.492    -67.976
  85   99     -9.167     -8.274    -69.973
  76   50      2.744      0.137    -76.987
  -1  412      7.838      6.854    -75.265
  79  307     -5.406     -5.574    -70.351
 422   85     -8.377     -9.517    -71.413
  -1   62      1.435     -8.886    -72.720
  -1  308      7.182      5.435    -77.696
  67  134      1.905      1.364    -67.737
  -1  217    -10.088      2.686    -62.189
  57   83    -13.344     10.272    -73.653
  -1   -2    -10.211      8.087    -73.514
 103   52     -7.108      6.236    -61.695
 586  103      0.735    -12.569    -73.070
  87  131     -9.383     -7.438    -70.368
  62   65     17.266      2.389    -70.879
 275  105      5.713      9.834    -71.470
 386  393      8.576      1.045    -69.763
 239   68      8.387     10.853    -68.467
  93  133     -7.506      5.339    -63.939
  -1   96     -0.640      5.875    -63.140
  63  148     -1.023      4.412    -68.371
  -1  178     -9.317    -11.905    -67.365
 232  264     -4.846    -10.711    -69.987
  -1  256     16.009      8.146    -73.575
  98  139     -4.151      6.634    -71.614
 121  126     -1.934    -12.609    -65.094
 141  104     -1.534      2.601    -65.808
 177  778     -2.332     12.016    -62.653
 581  193      6.292    -12.045    -66.779
 221  153     12.933     -2.025    -69.411
  46  118      3.980      6.865    -67.336
  -1   -2      4.310     -5.379    -68.183
 134   64      1.550    -10.954    -69.266
 128  487     -3.993     12.182    -63.442
 115  124      5.185     -7.361    -63.423
  -1  152      7.269     12.517    -68.121
 132  112      6.980     -5.335    -69.426
 105  424    -10.299    -10.081    -66.616
  -1   -2     -3.549     -4.387    -77.095
 155   92     12.390     10.729    -68.507
 564  229      0.547     -7.186    -71.043
 706   19      5.694     -9.737    -74.458
 171  455     -9.557      9.116    -63.300
  -1   89    -13.363      1.751    -69.855
 414  419     -3.682     -3.938    -70.998
  82  306    -10.285     -5.857    -69.519
  34  272     10.722      4.729    -70.602
 471  237    -13.245     12.182    -73.150
  91  101     -9.474     -6.787    -67.270
  -1   -2     -1.265     -0.984    -62.367
  -1   -2     -5.985      5.682    -64.313
 146  117      2.008      2.868    -60.898
  39   59      1.159      0.310    -66.008
  58   -2    -11.902     -4.531    -74.415
 507  115      9.636      8.465    -66.244
  -1   -2    -12.174      0.045    -68.555
  92  775    -11.258     -8.950    -69.639
  -1   -2     -2.300     -5.882    -76.400
 109  776     -6.705     -6.382    -70.007
 530  231     16.882      0.220    -68.009
 120  187     14.298      8.538    -71.165
 145  150    -11.480      4.236    -68.029
  -1  149    -13.040      8.340    -69.813
 173  285     -6.899     -3.781    -66.221
 491  443    -11.125      6.710    -62.635
 303  524      4.177    -11.355    -73.308
 301  120      9.457     -5.002    -71.699
 290  222     12.650     -4.621    -71.525
  71   70      2.238      6.257    -68.140
 291  182    -12.051      0.851    -75.825
 140  205      7.241      9.800    -70.395
 202  269      2.474      7.520    -65.930
 446  404     -6.936      8.924    -74.822
  -1  188    -15.606     -6.230    -71.387
  -1  228     -9.212     -4.008    -63.954
  77  271     -5.452      4.201    -62.712
 241  107     -9.381      6.788    -68.459
 130  235    -10.357     -2.476    -68.022
 409  116      2.409     11.705    -69.522
 380  125      1.117    -11.504    -69.674
 379  437     -3.449     -6.334    -72.963
 172  167    -11.863      9.755    -65.089
  -1   -2    -15.362     -2.236    -73.611
 399   20     10.761      7.599    -69.508
  -1   -2     -9.730     -2.074    -60.986
 193  209    -12.161      2.738    -68.963
 181  154    -12.602     10.103    -65.747
 234  610    -13.237     -7.635    -66.744
 217  284      1.520    -12.150    -69.214
  31  247      9.842     -2.325    -74.187
  64  127     -7.398     -5.017    -71.536
 571  203      1.040     -9.180    -66.540
 229  212     -8.028      6.532    -65.304
 186  132    -10.282      0.584    -62.660
  -1  155     -5.190      1.774    -63.736
 122  119     13.882     -5.615    -71.545
 237   42      2.884     -8.136    -72.415
  -1   -2     -0.555     -3.986    -63.564
  -1  803     10.986     -7.729    -68.008
 137  123    -10.000      6.857    -62.473
 462  556     15.304     -5.952    -66.360
  80  565      9.330      1.588    -65.587
 441  445    -12.811     -1.866    -72.545
 215  145     -3.092     10.845    -70.446
  -1  255      2.981      0.212    -62.017
  51  435      7.015     -5.900    -68.257
 464  151      9.358     -6.142    -63.840
  -1   -2      0.493      6.459    -60.719
  -1   82      0.326    -10.204    -72.453
  -1  175      9.194      3.775    -65.444
 203  220      6.574      3.360    -62.667
 447  452      6.510     -4.368    -73.131
 190  239     -8.825     -0.592    -64.687
 245  274      2.858     12.249    -65.476
  -1  196    -12.065      4.338    -70.670
 269  465     -6.171     -2.087    -69.755
 254   79     -8.796     -7.708    -71.910
 156   84     10.941     -6.191    -68.853
 112  176     12.324     -5.287    -69.791
 192  226     -1.287    -12.638    -69.852
  99  160      5.315      3.438    -65.979
 262  354      3.660      5.411    -65.256
 438  108     10.593     -8.339    -66.517
  86  183      0.200      0.124    -63.891
 258  213    -13.256      5.991    -68.579
  50   80     -7.889      4.789    -66.931
 267  430     -3.216      9.132    -72.617
 431  794     14.890    -11.020    -68.687
 782  179    -14.822      8.902    -70.124
 231  496      7.544    -12.299    -67.135
  -1   -2    -14.799      4.415    -70.966
 440  262     -9.194    -10.483    -66.000
 541  299      7.320     -3.934    -69.662
  -1  137     -7.136     -2.423    -70.766
  -1   -2    -10.044      3.440    -69.666
 147  249      8.999     -3.660    -67.179
 249  397      2.224      1.591    -73.366
  12   -2     -6.262      0.395    -69.802
  -1  221     10.484     12.860    -66.866
  -1   -2     -5.183     -2.812    -75.821
 216  201      4.212     -1.709    -64.260
 240  439    -13.880     -9.866    -67.654
 268  630     -1.208    -11.385    -74.146
 504  291    -10.079     -0.185    -64.112
 474  138     -7.111      2.013    -75.587
  -1   -2     10.747      5.760    -71.536
 174  198      8.091      3.812    -74.761
 266  232      6.699     -6.679    -64.204
  -1  323    -10.634      2.399    -71.077
 506  181      5.587      8.792    -74.113
  -1  429    -10.014     -8.641    -63.173
 165  266    -13.849     12.140    -67.622
 166  622      0.614     -8.134    -71.852
 424  276      9.402     11.448    -69.355
  -1   -2      9.312      8.182    -64.412
 183  227    -11.408     -6.646    -67.587
  47   73      7.017      0.339    -67.217
 238  523     13.283     -8.456    -67.955
  44  130     14.100      2.134    -73.085
  -1   -2     -6.743      5.378    -77.560
  -1  409     -7.578     10.400    -72.784
 169  573      2.230     -3.519    -64.604
 361  180     -3.843      6.530    -61.094
 465  796      9.334    -11.342    -64.972
  -1   -2     10.626      5.016    -68.535
 138  545      4.303      1.684    -74.926
 283  215     -6.117      9.661    -65.581
 189  580      9.405    -11.466    -70.205
  -1  335    -10.575     10.184    -68.929
   8   69     -1.734      9.585    -73.874
 139   -2     -7.291     -8.974    -67.496
 182  159     12.878      7.752    -69.740
 116  225    -13.243     -2.407    -70.895
  -1  197      4.622      0.407    -63.175
 416  401     -5.528     -3.347    -76.160
 154  777     11.373     -6.562    -69.335
  -1   -2    -13.453     11.246    -67.588
 714  716      7.067     -2.480    -69.108
  -1   -2     -4.762      1.888    -60.153
 227  779     15.084      1.745    -69.976
 126  279      4.814      8.988    -70.355
  -1  202     -6.381      1.600    -60.267
 260  782     12.030     -6.434    -66.810
 161  446      2.671     -5.366    -68.069
 271  300     12.648     -1.507    -67.024
  -1   -2     -8.577     -5.103    -74.351
  -1  293      7.045     -4.108    -66.970
  -1   -2      3.899     11.586    -74.352
  -1  548     11.262      0.135    -74.326
 297  327    -11.214      9.230    -71.293
 255  171     -4.494     -2.591    -68.779
  -1  240      3.489     -8.822    -66.975
 243  584     -6.984    -11.335    -69.724
  -1   -2      9.983      1.066    -62.469
 211  415      1.082     11.747    -76.676
  74  144     -1.048      7.056    -61.795
 273  334     -8.393     -1.529    -64.966
 557  219     14.766     -8.862    -70.181
  -1  481    -12.311     10.819    -64.510
 188  517     -0.906      8.269    -62.128
 556  315     15.007     -4.089    -74.275
  -1   -2      5.914     -9.118    -76.097
  -1   -2    -11.816     -4.819    -69.666
  -1   -2      7.647     -6.329    -73.595
  -1   -2     -7.431      7.386    -70.894
  -1   -2     -6.785     -4.781    -65.982
  -1  478     -4.111     -2.619    -69.935
  -1   -2    -10.859     -3.547    -79.804
 253  305      8.102     12.018    -67.398
 490  346     -7.708     -2.172    -68.614
 698  600      1.123      4.935    -57.146
 163  208      2.315      8.173    -76.109
  -1   -2      7.426     -7.217    -69.324
 196   51     11.888     -7.184    -70.705
  -1   -2     -3.629     -7.059    -76.224
  -1  261      7.556     10.560    -71.661
 279  528      8.133     -1.718    -69.307
  -1   -2      0.453      8.803    -71.340
 312  318     13.607      5.350    -68.017
 492  185     -5.597      0.261    -72.232
  -1   -2     -6.146     -3.012    -65.094
  -1   -2     -0.025     11.304    -76.689
 460  184      5.448     -2.547    -72.516
 233  355     -4.597      2.504    -61.357
 250  367      7.809     -1.395    -63.163
  -1   -2     13.303      9.630    -64.157
  -1   -2    -11.243     -5.471    -66.559
  -1   -2      9.470     -8.795    -69.356
 175  233     14.932      8.315    -67.451
  -1  238      6.719      8.568    -67.389
  -1   -2     -4.707     -2.992    -62.279
  -1  258      9.251      5.767    -66.376
 143  342     -6.921     11.747    -73.415
 509  301      1.460      6.956    -75.690
  -1   -2     -4.683      6.103    -61.826
 117  177      3.981      7.811    -72.970
 236  244      4.331      6.560    -63.399
  -1   -2     -3.079     11.447    -77.168
 264  309     12.494     11.676    -66.369
 247  780    -12.634    -10.765    -69.458
  -1   -2      7.415     -2.621    -73.870
  -1   -2      7.642     -5.378    -69.905
  -1   -2      0.996      2.703    -59.609
 355  790      0.863      6.478    -74.973
 277  302     11.651      8.235    -67.313
 317  786     -9.106     -2.640    -69.649
  -1   -2      3.533     -3.499    -59.810
  -1  322    -14.711    -11.830    -74.047
 263  690    -14.211     -0.653    -67.150
 593  356     -0.582      9.543    -68.879
 676  674     -3.206      4.435    -71.636
  -1   -2     -6.689     -5.572    -66.830
  -1  343      2.480      9.518    -62.975
 242  352     10.301     11.285    -66.295
  -1   -2     -1.252      4.704    -60.801
  -1   -2     -2.564    -11.089    -77.281
  -1  535     14.034     -9.473    -64.208
  -1   -2      5.536     10.603    -62.523
 346  376     -1.198      8.231    -72.641
 318  324      9.883     -2.057    -62.233
 607  462     -6.946      4.804    -72.878
 319  363     16.480     -8.776    -69.260
 100  199     11.317     -5.567    -68.001
  -1   -2     -7.307     -7.259    -67.275
 625  703     -5.124     -5.547    -64.645
 357  601     -2.988      8.897    -68.110
  -1   -2    -12.320     -6.050    -70.555
 323  491      9.580    -10.478    -72.520
 330  357      9.473    -10.560    -66.953
 652  810      8.986    -12.736    -74.706
  -1   -2      4.685     -7.847    -63.099
  -1   -2     15.456      6.509    -66.482
  -1   -2      7.006    -12.175    -73.106
 337  370      7.378     -5.103    -62.659
  -1  190    -15.108     -8.561    -70.040
 347  330      9.339    -10.707    -65.542
 365  685     15.702     -0.622    -71.801
 497  800     13.914      1.236    -68.050
 599  373      7.803     12.412    -64.673
 477  797     15.957     -0.672    -71.783
  -1   -2     -6.591      5.884    -75.016
  -1   -2     -3.568     -4.227    -73.709
 309  321      0.334      3.493    -60.716
 339  364     -9.906      9.801    -72.262
 779  278     10.581      1.947    -65.311
 320  567     -1.694      4.412    -65.503
 501  280      5.519    -11.756    -68.849
  -1   -2     -6.476      7.305    -73.917
 225  292     -2.781      9.709    -70.137
 350  789     -4.745     -8.438    -64.672
 302  785     12.410      6.369    -66.122
 722  813     13.466     -8.460    -72.750
  -1   -2     15.397     -2.510    -74.750
  -1   -2    -11.443     -1.401    -61.301
  -1  263     -6.581      2.523    -65.387
 356  733     -0.187     12.145    -68.949
  -1   -2     11.777     -5.061    -69.451
  -1   -2     16.612      1.410    -68.919
  -1  648     17.550      4.063    -67.093
  -1   -2    -11.927      2.298    -66.761
  -1  349      9.959    -12.406    -70.677
 597  283     -5.027     -3.749    -64.414
  -1   -2    -11.205     -8.428    -71.234
 570  807     -8.935     -3.522    -73.538
  -1   -2     11.070     10.499    -59.717
 336  788      8.647     -5.158    -64.209
 368  336     12.899      8.314    -66.497
 367  792     13.597     -2.974    -73.519
  -1  273      4.108      5.776    -73.369
  -1   -2      1.762     -3.929    -76.404
 341  361     -8.145      1.574    -66.243
 772   -2     11.437      2.070    -63.675
  -1   -2      9.413      4.694    -73.939
 697  389      0.499      5.287    -64.199
 366  791      9.485     -9.792    -72.703
 345  732     15.333     -3.616    -66.383
  -1   -2      5.752      2.728    -62.814
  -1   -2     -1.844      9.136    -71.418
  -1   -2      4.981     -6.141    -73.210
  -1   -2    -11.362     -1.475    -88.050
  -1   -2    -12.896     -3.123    -65.917
  -1   -2     -7.163     -1.148    -74.095
 144   -2      3.418      3.904    -70.514
  -1   -2     -9.880      4.855    -71.642
  15    6     -0.405     -6.438    -71.382
 484   10      4.180      5.321    -69.305
  -1  519     -4.305      4.209    -59.441
 428  508    -11.082     -9.889    -64.788
  60  398      3.075      8.958    -67.593
  -1    3     -6.119      0.784    -72.892
   9   18      5.522     -9.389    -75.075
  -1   -2      6.458      2.908    -72.720
  -1   -2     -8.212     -9.542    -58.357
 479    5      5.377     -2.109    -75.986
  22  392     -3.198     -1.781    -71.894
 578    0      8.581      7.601    -71.194
 160   33      4.104      1.031    -67.073
  -1  164     10.815     -4.324    -68.000
  78   14     -3.306     -2.934    -70.995
  -1   -2      0.574    -11.452    -69.877
 387  405     -5.139      6.573    -64.992
  97   74     -1.055      2.220    -70.084
 400  211      8.891      9.139    -61.525
 383  399     -1.253      3.026    -75.372
  -1   88     -7.279     11.590    -68.762
  -1  417      2.980    -10.353    -62.930
  -1   -2      7.886     -3.287    -73.577
  -1   -2     -7.997      1.730    -61.669
 542  805     14.578      0.218    -71.583
 430  482     -2.960      0.172    -60.586
  -1   -2     -0.558     -7.144    -57.017
 470  314      9.988      0.279    -69.587
  -1   -2     -9.132     -3.789    -61.648
  -1   -2     -3.016     -5.158    -63.491
 463  402     -3.780     -2.206    -65.020
 423  513      3.314    -11.387    -68.807
 135  413    -10.004     -8.556    -66.848
 489  544      5.760     -9.815    -63.757
  33  395     -2.265      8.752    -71.182
 371  676      0.523      3.505    -70.699
  -1   -2     -9.862      6.753    -74.531
 437    7     -4.903     -1.365    -71.173
  -1   -2     -9.260     -6.549    -62.054
  -1   -2     -3.087     -0.831    -62.689
 533  113    -14.344      3.178    -76.604
  -1   -2     -7.558    -10.716    -66.225
  -1  161     -2.385      9.387    -61.199
 452  128     -0.736    -10.681    -63.042
  -1   -2      1.144      9.536    -67.397
 327  447     -7.330     -6.683    -73.852
 157  251    -10.741      2.253    -68.626
  -1  448     -4.421     -9.927    -60.266
  -1   -2     -6.283     -7.720    -59.736
 445  162     -7.691     -0.202    -64.944
 194  673      1.412     -5.846    -67.821
  94   -2      2.703     13.163    -65.010
  -1   -2     10.003     10.372    -67.915
 410  486     -9.221     -9.187    -65.538
  -1   -2     -1.044     -1.858    -62.895
 454  566    -15.580      7.174    -75.282
  -1  507      0.099      4.845    -57.924
 596  628     -4.800     -9.082    -77.148
 162  460      2.479      6.404    -62.942
 456  206     10.864     11.873    -68.106
  -1   40     -9.984      7.807    -75.206
  -1  454     -5.751    -10.338    -66.882
 201  173    -11.344      4.105    -63.144
  -1   -2      4.819      8.053    -59.825
  -1   -2     13.437      9.710    -57.503
 412  512     -6.610      4.658    -64.722
 328  172      9.175     -8.899    -69.852
  -1   -2     -9.542     -9.554    -58.859
  -1   -2     -2.138     -9.215    -71.410
  -1  476      2.695     -5.249    -75.442
  -1   -2      1.886     -5.317    -81.899
  -1   -2      9.187      9.618    -65.113
 455  494      4.565    -10.445    -62.222
 668  497      9.700      2.407    -69.364
 251  248      9.707      4.954    -68.098
 292  434     10.211      5.345    -67.430
  -1   -2     -3.130     -1.451    -60.332
  -1   -2     -2.593     13.270    -63.481
  -1   -2     -5.882     -5.819    -75.097
  -1   -2    -11.246      7.687    -61.538
  -1  500      5.735     -9.431    -61.033
  -1  195      0.962     -1.341    -60.157
 443  157     -2.106     10.332    -69.842
 435  406     12.228     -1.141    -73.142
  -1   -2     -5.138    -11.052    -59.824
 487  799      5.587      6.597    -58.797
  -1   -2     -5.338     -1.954    -67.384
  -1   -2     13.012     -4.478    -74.482
 226  451     -9.339      3.282    -63.435
  -1   -2      0.876      9.362    -55.192
  -1   -2      9.315     -8.245    -61.803
 159  174    -15.412      1.307    -75.986
  -1   -2     -5.573      8.684    -52.753
  -1   -2     -3.848     -9.313    -61.157
  -1   -2     12.631    -10.799    -64.126
  -1   -2     -7.693     -8.190    -63.686
  -1  438     -9.779     -6.908    -61.874
  -1  450     17.567     -1.580    -66.002
  -1   -2      5.068     -9.645    -59.368
  -1  499      3.653     -5.122    -77.419
  -1   -2      1.771     -2.669    -68.266
 480  798     -8.646    -11.845    -62.893
 300  427     15.265      1.386    -71.832
 432  428     15.140     -0.580    -64.267
 459  518     11.276    -11.352    -71.765
  -1  473     -7.969     -9.517    -77.796
  -1   -2     12.689     -3.651    -63.027
 285  246      9.625      5.712    -74.060
  -1   -2      3.116      7.888    -58.338
 603  410      5.270     12.242    -74.678
  -1   -2     -0.860      9.719    -53.301
  -1   -2      5.983     -3.236    -62.409
 642  338     16.471     -8.194    -71.434
  -1   -2     -7.365      7.502    -57.368
  -1   -2      3.381     12.247    -59.555
  -1   -2      3.506    -11.059    -63.236
  -1   -2     -9.786     -9.832    -74.195
 210  593     -0.379     -4.352    -62.813
 483  511    -16.113     -9.738    -70.343
  -1  560     -6.242      4.201    -75.248
  -1   -2      2.031    -12.324    -65.035
 425  468     12.328     -2.725    -64.636
  -1  801    -11.716    -11.504    -68.172
  -1   -2      9.885      7.204    -76.896
  -1   -2      1.374      8.252    -64.137
  88  319     -9.942      1.112    -67.935
  -1   -2    -10.519    -10.250    -85.949
 516  505      3.384    -12.885    -65.160
  -1   -2     -9.500     12.871    -61.511
 519  582    -10.113     -4.076    -62.370
 388  490    -13.089      7.922    -64.669
  -1  288     12.150      6.930    -66.813
  -1   -2     -5.509      9.871    -58.075
 208  254     14.542     -6.820    -72.937
  -1   -2     -6.231     -8.430    -73.368
  -1   -2     -7.374      2.509    -67.645
  -1   38     -8.853      1.622    -72.887
  -1   -2    -15.025     -4.792    -75.034
  -1  316     13.212      4.156    -63.815
  -1   -2      1.316     -5.728    -51.941
  -1  114     16.572     12.547    -68.213
 575  808     -7.769     -2.371    -72.649
  -1  563     -7.352      2.365    -60.537
 691  812      0.820      7.153    -71.991
  -1   -2     -7.900      4.029    -59.141
  -1   -2      7.522      9.018    -69.596
 515  347      3.211     -5.292    -71.340
 539  541     18.466     -7.746    -68.233
 212  166    -10.077     -0.733    -68.023
  -1   -2      0.954    -11.314    -77.200
  -1   -2     -6.668      1.745    -66.751
  -1   -2      4.956      8.556    -60.232
 310  529     -4.579     12.240    -68.774
  -1  158     12.115      3.634    -62.232
 677  493     10.941    -11.433    -65.349
  -1  287      9.318      4.380    -62.571
  -1   -2     14.646     -3.090    -58.528
  -1   -2      5.216     -9.325    -63.959
  -1   -2     -3.566     -9.914    -64.293
 418  793     11.819     -3.925    -55.931
 573  522     11.564     -6.077    -62.791
 617  598    -10.241      0.623    -76.838
  -1   -2    -12.964    -11.359    -68.832
  -1  407     -4.669     -1.660    -66.139
  -1  296    -14.883      4.782    -71.539
  -1   -2     -7.538      9.727    -57.097
  -1   -2      9.503     -4.979    -62.125
  -1   -2      2.067     -5.298    -52.147
  -1   -2     10.867     -4.683    -62.905
  -1  536      9.786     -7.760    -59.845
  -1   -2     -9.512     -7.682    -56.375
  -1   -2      1.914    -11.564    -75.988
 778   -2     12.158     -4.916    -73.663
  -1   -2     -6.862     12.709    -64.626
  -1   -2      2.219     -2.506    -77.842
  -1  581      0.333     -5.189    -59.459
  -1   -2     -3.885     10.388    -58.069
  -1  683     -7.821     12.087    -72.625
  -1   -2     12.952     -7.889    -62.260
  -1   -2     11.118      5.343    -58.077
  -1   -2      3.095     10.112    -71.313
 187  218     -1.437     -5.913    -63.515
  -1   -2      3.827     -5.218    -56.836
 308  587     14.902      1.576    -63.683
 638  337     14.294     10.524    -67.298
  -1   -2    -13.492    -12.641    -68.703
  -1  607    -12.557     -8.949    -72.227
  -1   -2     11.128     11.694    -68.305
 666  815     -3.938      1.545    -59.227
  -1   -2     -1.173      4.605    -73.554
  -1   -2      4.512     -9.253    -59.837
 270  783    -10.385     -5.479    -68.496
  -1   -2      3.908     11.321    -73.796
 526  577     14.180     -0.820    -62.781
 521  802      2.290     -3.972    -71.329
  -1  282      2.470     -1.604    -77.217
  -1  214      4.637     -2.829    -67.618
 311   -2      4.569      3.626    -75.659
  -1  579     11.724    -10.390    -72.307
  -1   -2     -1.775     -8.929    -71.926
  -1   -2     14.839     11.947    -70.258
  -1   -2     16.864     -6.259    -86.030
  -1   -2     -5.551     -4.823    -73.519
  -1   -2      0.312      7.020    -62.911
  -1  297      4.420     -1.888    -75.402
 325  374      6.317      9.741    -71.513
 257  781     -7.541     -1.589    -62.728
  -1   -2    -11.482     -1.758    -66.756
  -1   -2      1.191      6.948    -60.180
  -1   -2    -13.775      5.324    -87.944
  -1   -2      6.022      4.638    -77.055
 776  559    -13.681      3.932    -64.843
 580  678     17.041      3.120    -72.325
 631  304    -12.458     -7.188    -70.858
  -1   -2     -4.496     -8.565    -57.030
 284  784    -11.284     -1.217    -71.396
 543  806     17.297     -1.440    -74.506
  -1   -2     14.438      7.440    -68.414
  -1   -2    -13.052    -10.929    -74.333
  -1   -2     -7.860     10.508    -75.664
  -1   -2     -8.363      1.124    -66.659
  -1   -2      2.830     -3.125    -64.490
 344  721     -6.554      8.605    -77.354
  -1  377    -13.317     -7.030    -76.181
  -1   -2      4.161     -8.918    -58.474
  -1   -2     18.588      1.786    -71.877
  -1   -2     11.063      1.747    -71.714
  -1   -2     -1.929    -11.121    -61.646
 342  604     15.935      5.446    -68.293
  -1   -2     -8.018      0.545    -59.364
  -1   -2     14.654     -7.212    -58.588
 372  230     -2.511     -2.539    -65.823
  -1   -2      2.556      5.273    -59.070
  -1   -2    -11.975      3.929    -84.975
  -1  509     -0.615     -1.253    -61.220
  -1   -2     -2.296     12.033    -73.570
  -1  606      2.843     -4.986    -71.370
  -1   -2     10.990      5.021    -65.391
  -1   -2     17.098      1.693    -76.594
  -1   -2     -2.543     -5.721    -64.722
  -1  501      8.424      3.104    -74.871
  -1   -2      1.998      5.887    -58.579
  -1   -2     -4.701     -0.310    -61.295
 620  641     12.190      0.708    -62.787
  -1   -2     -2.099      5.145    -59.109
  -1   -2     12.651     -3.678    -57.417
 184  444    -10.965      9.439    -75.742
  -1   -2     -5.921     -5.420    -67.585
  -1   -2     -4.561     10.159    -53.935
  -1   -2     15.873    -10.298    -65.703
  -1   -2     -6.094      3.461    -53.016
  -1  552    -10.445     13.049    -62.365
  -1   -2     12.570     -7.260    -67.176
  -1   -2     10.034    -12.937    -67.612
  -1   -2     -0.456      8.578    -57.324
  -1   -2     10.583     -8.873    -72.675
  -1   -2      9.816     11.681    -63.122
 461  795      0.699     -6.730    -76.836
  -1   -2     -6.502      2.781    -58.994
  -1   -2     -0.163      1.623    -74.253
  -1  635     15.783      5.279    -70.099
  -1   -2    -10.877      1.679    -61.031
 667  672     12.502     10.293    -63.222
  -1   -2    -11.903     12.172    -62.589
 703  270     12.154    -13.197    -69.155
  -1   -2      7.275      1.220    -68.485
  -1   -2      7.114    -10.167    -75.590
 685  811     15.465     -6.880    -76.473
  -1   -2    -14.587     -5.076    -76.521
 495  696     -7.031      1.684    -63.968
  -1  729      8.445     -9.236    -73.371
  -1  243     -7.331     -0.860    -63.088
  -1   -2    -14.147    -12.106    -70.908
  -1  695      3.930     -8.669    -75.068
  -1   -2     15.556      7.171    -76.058
 332  679      8.983     -5.581    -71.894
  -1   -2      1.512     11.049    -57.468
  -1   -2      9.153     10.321    -58.830
  -1   -2     13.985    -11.917    -86.720
  -1   -2     -6.408     -3.842    -54.406
  -1   -2     -5.050    -10.497    -58.560
  -1   -2      3.837      8.206    -80.649
  -1   -2      2.034     -3.408    -74.016
  -1   -2     12.065     -4.325    -67.483
  -1   -2    -11.542      5.463    -63.162
  -1   -2      9.204      4.314    -60.978
  -1   -2      9.599      9.953    -62.162
  -1   -2     -3.105     -1.449    -65.799
  -1   -2     -2.496     -9.654    -54.851
 191  289      2.081     -4.252    -73.977
  -1   -2     -1.380     -6.993    -61.334
  -1   -2     -7.580      8.633    -57.761
  -1   -2     13.315     -9.086    -72.911
  -1   -2    -12.209      6.018    -63.937
  -1   -2      6.481     -0.917    -64.503
  -1   -2    -16.073    -10.051    -75.972
  -1   -2    -10.418     -8.270    -63.465
  -1   -2      4.862      8.979    -61.461
  -1   -2     -4.230     -1.627    -61.215
  -1  653    -10.491      9.305    -61.432
  -1   -2     16.998     -4.509    -74.639
  -1   -2     -8.495     -7.520    -57.246
  -1   -2     -1.040     -2.143    -72.171
  -1   -2     16.757     -9.897    -75.220
  -1   -2    -12.730     10.732    -70.458
 331  787     14.080      1.732    -71.889
  -1   -2     10.296     11.645    -66.971
 558  614    -14.921      7.265    -76.670
  -1   -2      9.709    -12.437    -72.633
  -1   -2      9.867     -1.317    -75.323
  -1   -2     17.645      3.118    -73.708
  -1   -2     12.658    -10.287    -64.703
  -1   -2     -0.553      4.934    -78.159
  -1   -2    -15.828      5.465    -73.449
  -1   -2      4.114      5.243    -71.907
  -1   -2     -6.939      2.105    -54.133
 525  804     -0.404      2.838    -59.645
  -1   -2     -1.030     12.942    -60.553
 765  814      2.667     11.922    -66.381
  -1   -2    -13.862      1.415    -87.071
  -1   -2     17.165    -11.633    -67.303
 549  425     -3.714      0.304    -71.570
  -1   -2      4.465      1.148    -60.495
  -1   -2      7.402    -10.811    -69.339
  -1   -2      0.635     -5.420    -67.217
  -1   -2     16.432     -3.240    -73.195
  -1   -2     -8.430     12.695    -66.963
  -1   -2     -7.924      4.752    -55.483
 711  763     12.584     -9.493    -63.256
  -1   -2     -4.259    -12.019    -62.153
  -1   -2      5.237    -11.558    -59.229
  -1   -2     -3.895      8.200    -60.424
  -1   -2     -1.725      9.981    -69.005
  -1   -2      6.880     -8.248    -67.776
  -1   -2     -8.702     -7.225    -55.434
 605  340     17.129      7.597    -71.527
  -1  368     16.295     -4.582    -68.611
  -1   -2     -2.917     -3.763    -66.390
  -1   -2      6.959     -9.382    -68.452
  -1   -2     -9.628      8.974    -81.277
  -1   -2     -5.111     10.347    -61.219
  -1   -2     -6.852      6.861    -66.246
  -1   -2     15.556      8.393    -66.172
  -1   -2     15.500      8.039    -70.591
  -1   -2     15.850      8.567    -70.598
  -1   -2      6.137      9.111    -64.327
 340   -2      5.221     -1.291    -70.394
 351  698     -4.152      1.512    -68.524
  -1   -2     15.665     -6.282    -75.803
  -1   -2      8.323      7.915    -68.995
  -1   -2     12.456      2.424    -69.158
  -1   -2    -12.781     -1.140    -76.267
 682  689     12.244     -0.139    -73.887
  -1   -2     10.682      4.712    -60.309
  -1   -2     10.979     11.618    -61.251
  -1  391     12.231    -12.702    -71.196
  -1   -2     -6.119     -0.031    -68.480
  -1   -2      4.133     10.925    -73.970
  -1   -2      9.443     -3.625    -77.176
  -1   -2     -3.027     12.638    -67.179
  -1  378    -14.108     -1.784    -69.675
  -1  375     -1.282      6.606    -63.317
  -1  344    -13.515     -8.026    -68.255
  -1   -2    -11.118    -12.169    -64.248
  -1   -2      7.748      8.182    -63.619
  -1   -2     15.023      1.991    -68.370
  -1   -2     15.276     -2.254    -75.657
  -1  663    -13.260      7.087    -71.786
 295  383     13.020     -0.068    -69.782
  -1   -2     14.280     -7.943    -61.431
  -1   -2     15.740     -3.346    -75.789
  -1   -2    -10.669     -8.685    -84.799
  -1   -2     -9.557      9.738    -58.373
  -1   -2      6.463     -4.104    -65.591
  -1   -2     -5.341      1.753    -60.347
  -1   -2     -6.296     11.046    -60.349
  -1   -2     -8.663     -8.927    -76.601
  -1   -2     -3.547    -10.689    -73.074
  -1   -2    -11.633    -12.265    -68.196
  -1   -2     15.226      9.724    -65.977
  -1   -2      1.257      9.412    -69.144
  -1   -2     14.785    -13.495    -71.288
  -1   -2    -14.530     -9.967    -76.220
  -1   -2    -12.307     -1.861    -67.729
  -1   -2     -6.672      9.699    -75.881
  -1   -2     15.735     12.904    -63.964
  -1   -2      4.865     -3.540    -68.279
  -1   39     -3.668      5.178    -75.409
  -1  286     -2.694      1.100    -71.309
  -1   -2     -4.800      4.600    -74.947
  -1   -2     -7.313      7.378    -61.531
  -1   -2     10.878     -3.234    -74.588
  -1   -2     10.485     -9.509    -68.361
  -1   -2     -6.230    -11.335    -59.469
   2   13     -0.284      5.369    -69.541
 198  612     14.260      4.080    -69.889
 385    4     -5.080     -2.049    -72.397
  -1  457     11.488     -2.435    -69.085
 360   -2      0.352    -12.089    -76.386
 712  731      3.402     -9.796    -71.941
  -1   -2      5.576      1.974    -72.356
 774  624    -10.685     -4.893    -64.188
 775   -2    -10.418      5.976    -67.264
