856
  -1  408     -4.811     -4.006    -71.945
 397    3     -4.928      3.684    -69.823
  17    1     -5.416      1.227    -71.619
   1    8      2.153      6.505    -70.796
  44   32     -3.685     -9.722    -71.375
  15   17    -15.096     -3.638    -74.647
  14    4      6.108      4.158    -70.342
   3  146      3.746      8.609    -70.735
   8    2     -9.577     -2.691    -74.872
  20   12     -6.401     -4.298    -70.651
 191   47      2.916      1.591    -71.056
   7   78    -11.916     10.266    -74.631
  24   26     -1.701     -7.687    -71.948
   2   89      2.291      4.936    -69.299
  13   15      0.340      5.490    -68.139
  25   16     -1.865      8.856    -69.827
  16    9      6.985      4.767    -68.933
 526  510      3.939     12.252    -72.191
 525   63     -0.242      1.699    -72.554
 395  211     -3.269     -1.487    -72.776
  37   43      3.748      0.115    -69.281
 219   36      6.929      9.857    -69.876
  39  168     10.434     -1.717    -70.881
 404   31     -3.119     -6.315    -69.245
 242   -2     -9.957      4.710    -67.660
  31   21     -1.826      6.491    -69.784
  -1   -2      1.549     -7.239    -71.273
 124   19     -3.211      4.476    -69.635
  67  238     -9.622      7.604    -72.301
 204   30     12.940      3.087    -69.412
  57  816      6.446     11.932    -71.703
  41   22      4.146      4.172    -67.359
 113   27      2.288      0.421    -74.375
  10    0     -2.399      4.695    -69.932
  62  289     -4.834     -3.030    -68.077
  60   44     -7.205     12.901    -66.663
  52   50      4.726      3.237    -68.820
   9   29     -1.283     -0.779    -67.421
  34  410     -4.373     10.479    -68.791
 258   18      3.191     -5.440    -73.568
  70  149     -1.843     11.627    -69.953
 275  225    -14.263     -4.716    -73.622
 252   93      4.127      1.751    -70.894
  53   59      5.746     11.297    -68.283
 444  605      3.214     -9.519    -72.977
 248  131     -0.464     -9.700    -67.801
  50   54      1.612     11.484    -68.157
  49   39      2.054     11.957    -68.079
 126   79      0.045      8.551    -65.972
  32   -2     -0.736     -8.052    -74.134
  11  416      5.183      9.703    -72.404
  21   80      6.135    -10.583    -74.071
  95   40     -4.804     12.258    -69.122
  69   55    -11.691      0.514    -66.405
  58   35      0.730     -6.739    -71.377
  30    6    -10.995     -2.068    -71.572
 232  154     -2.768     -3.886    -67.888
  73  103     -3.948      2.160    -67.473
 188   88      8.744     12.668    -68.028
 139  257     13.563     -7.462    -74.254
  -1   86     11.634      1.595    -69.465
  96   58      0.139     -0.108    -67.006
  82  139     -7.691     11.853    -70.560
  47  319      1.040      6.445    -74.723
  81  431    -12.316     -2.419    -67.768
  33   -2      0.400     -5.874    -75.982
 429   98     -6.447      7.752    -70.411
  26   -2      1.145     -4.484    -70.456
  63  817     -5.356     -3.571    -75.011
  76  138     -3.750     10.248    -65.112
 149   83     12.294     -6.983    -69.498
  45  202      7.381      9.883    -74.547
  94   57     -0.998     -0.362    -63.901
 558   20      5.651      2.922    -72.136
  84   69     11.547      6.013    -70.145
  35   46     -2.661     -3.700    -75.749
 227  194     13.685     -1.050    -67.823
 447  435     -4.515      0.777    -65.096
  90   72      7.068      0.085    -66.483
  -1   -2     -5.823     -0.690    -62.291
  86   66     -9.755     -0.840    -64.413
 144  121      0.410      1.888    -66.275
 430  219     -7.928     -8.414    -71.533
 152   68      5.886     -7.988    -67.423
  59   -2     -8.336     -5.550    -69.943
 136  110     -8.383      1.442    -63.506
 263  181      5.187     -3.916    -71.015
  65  124     -9.770    -11.315    -69.888
 369  107      8.620    -11.228    -67.937
  -1   45     -6.422     -0.801    -70.746
 469  466     -5.932      0.023    -65.753
 216   34      0.853      4.001    -67.742
 401  106    -10.954     -3.470    -71.149
 411  198     15.107      0.619    -70.779
 210   75      6.268     -1.534    -66.038
 480  488      8.947      8.811    -68.410
  97   91     -9.583      1.558    -71.700
  77  133      6.837     -6.859    -69.154
 107  189     -4.231     -5.694    -65.689
 412  436      4.225     -5.974    -66.232
 105   94     -8.030      7.182    -66.195
 137  173     14.625      4.199    -68.174
  75  693     10.693      4.664    -65.314
 198   90     10.158     -6.775    -69.105
  29  170    -10.785     -7.701    -71.153
 122  140      9.380     -7.636    -67.863
 409  233     -1.018     -2.988    -72.561
 175   81     10.546     -5.156    -67.366
  68   84      4.724      1.599    -65.580
 350   62     -7.967      8.351    -73.407
 106  304      3.705     -1.117    -77.233
  79   48    -12.543      6.317    -72.513
  51   56     -3.090     -2.299    -66.208
 135  135      7.584    -11.298    -69.054
 435   74     13.102     -3.036    -64.599
 134  208      0.764     10.283    -63.800
 167  167      8.023     10.011    -65.603
  56  815     -5.847     13.023    -67.423
 140  165      1.385     -0.514    -65.927
 176  174     -8.066     -3.116    -65.382
  64  148     13.240      5.692    -67.328
 213  102      5.728     11.916    -71.134
 177  117     -5.669     -8.251    -71.642
 164  134     -6.277     -8.442    -65.903
 114  220     -5.735    -11.870    -74.674
  22  411     -5.802      4.014    -70.656
  48  814      5.494     -0.442    -72.820
  -1  203      0.181      7.201    -63.908
 342  239     11.184      0.092    -72.389
 121  126     -8.479    -11.270    -69.415
  98   49      5.812      7.751    -66.003
 138  454     -1.565      7.813    -61.729
 189  157      9.995     -8.735    -68.459
 809  196    -10.756     -2.589    -63.090
  55   41     -5.263      8.088    -71.028
  -1  478      5.481      3.095    -57.582
 400   70    -11.496     -8.702    -70.836
 182  230      6.676     -5.525    -68.964
 111  244     -4.387     -8.683    -71.929
 102  819     -8.255      8.154    -75.318
 158   67     -9.618     -5.254    -69.017
  -1   77      5.043    -11.242    -68.084
  93   82    -14.872    -10.098    -71.221
  -1   -2     12.467     -4.741    -74.468
 262  176     11.095     -4.729    -66.557
 110  451     -9.718      3.431    -69.224
 123  109     -0.285     -3.865    -64.676
  -1   -2     -6.288     -7.676    -59.752
 209  161     -5.483     -6.047    -68.416
 155  261    -10.399      4.338    -62.086
 145  142      3.891      5.587    -65.159
 436  166    -10.394     -5.935    -69.222
 472  426     -7.461      9.701    -71.920
 117  193      4.145     -8.139    -69.240
 104   25     -3.202    -12.253    -68.339
 169  108     11.673     -3.688    -69.586
  85  297      6.759     -1.373    -71.116
 103  178    -12.605      1.910    -69.512
 146  137     12.393      3.215    -68.700
  99  111     -0.661      2.570    -66.553
 476   92      2.733     10.089    -65.426
 448  136     -9.324     10.436    -63.167
   0  299      1.924     -4.245    -72.115
 151  127      7.565     -5.299    -66.506
   6    5    -10.535      6.824    -71.016
  -1  182     13.758     -7.975    -69.847
 147  439     14.644     -8.393    -70.653
 170  112     10.731      9.409    -66.806
 173  513     -2.046      9.673    -67.348
 129   60     17.356      1.262    -69.324
 664   -2    -11.047    -10.216    -73.159
 160  171      1.047     -8.554    -66.176
 547  258     11.728     -6.564    -68.879
 458  259    -10.542      3.351    -66.687
 181  151      9.205     -0.650    -65.358
 171  105      4.792     10.391    -66.559
 165  464     -3.610    -11.946    -67.792
 192  223    -12.438     10.760    -66.247
 174  273    -11.030     10.302    -70.702
  -1   -2      0.212    -11.370    -65.215
 157  279    -10.320      9.474    -64.470
  -1   -2     10.442     -3.549    -74.147
 490  115     -0.367      3.698    -63.092
  -1   99     17.127     -2.540    -74.004
 332  186     15.475      2.280    -72.088
 168  122     12.997     -2.586    -68.224
 456  210     10.347      3.029    -72.242
  -1   -2     -9.372     -4.470    -62.720
 273  214    -14.897      5.641    -69.875
  71  818     -4.265      9.595    -69.437
 308  248     14.447     -0.386    -67.613
  -1   -2      7.926     -9.681    -57.340
 708  437    -15.524     -3.088    -77.693
 162  265    -11.308      4.316    -67.789
  88  266      0.326     -4.820    -68.798
 269   -2     -4.059      0.022    -61.594
 161   73     -5.748     -0.822    -71.715
  -1   -2    -11.089      0.741    -75.932
 228   -2     -9.261      7.155    -68.828
 120  123     -0.758      8.709    -68.209
 199  153     -5.550     10.420    -62.315
 201  224      5.836     12.309    -66.598
 441  274     -0.759     -5.910    -60.213
   5  302     -1.069     -0.492    -72.230
  -1   -2     -7.743     -8.333    -66.859
 241  132      3.075    -12.012    -69.877
 233  288     13.963      8.281    -66.642
  36  522      1.629     -2.726    -75.532
 119   -2      7.877     -5.631    -72.961
 256  422      5.885     11.697    -65.823
 413   -2     -9.874      3.092    -76.409
  -1   -2     12.426     12.481    -64.352
 405  206     16.019     -6.642    -73.778
  -1   -2      6.083     -3.343    -61.611
  -1  456    -12.019      5.599    -73.704
 307  251      4.953      0.264    -67.253
 186  822    -12.126      7.243    -69.087
 270  201      5.275      4.854    -63.029
  -1  125    -12.327      9.365    -70.047
  -1   -2     -8.259      8.367    -71.317
 128  150    -12.485     -6.934    -69.561
 215  240      2.530     -4.653    -63.972
 529  459      4.888     -1.935    -73.229
 478  328      3.358    -11.049    -71.066
 150  120     -8.968      7.815    -71.862
 259  680     -4.121      2.254    -61.423
  80   24      5.760      1.427    -72.355
  43   -2      4.005    -12.941    -69.926
 143   65      1.704      7.627    -70.598
 185   13     10.418      7.713    -73.176
 132  606      1.068    -11.552    -68.355
  -1  732     -6.625      9.573    -75.693
  -1  287    -11.894     -9.942    -74.485
 277   -2    -12.162     -9.492    -69.874
 116  376     13.558     12.283    -72.176
 494   -2      6.500      2.681    -74.563
 187  823     -8.945     -3.399    -65.528
 267  576      6.037     12.365    -71.731
  -1   -2      3.105     10.483    -62.316
 225  141    -11.180     -0.964    -69.439
 250  188      8.951     -1.014    -63.882
 249  245     11.838     10.906    -72.639
 234  826     -7.168     -8.602    -69.715
  -1   -2      6.390      5.637    -77.908
  12   42     -3.621      2.257    -73.215
 289  569     -2.938     -8.324    -75.336
 226  152     10.057    -10.375    -67.762
 334  184    -11.248      3.494    -62.279
 566  199      2.475      1.777    -67.302
 205  228     -2.151      4.474    -68.239
 271  829     10.319     -3.067    -63.935
 285  187     13.210     -0.944    -74.198
  -1   85      1.139     -7.577    -62.399
 611   -2     13.179      7.342    -73.814
 260   -2    -12.634     11.623    -68.155
 131  616      7.817      2.194    -70.250
  92  253     -6.096      6.526    -74.644
  72  158      8.149     -1.469    -72.157
 286  647    -15.080     -5.250    -69.490
  -1   -2      0.862     -9.368    -60.148
 222  825      5.284     -6.434    -65.595
 190  143     12.489     -0.205    -74.466
 172   95     13.058      0.438    -68.025
 211  332     10.422     -7.140    -69.490
  -1  231      8.228      6.123    -65.713
 588  516     -8.402      0.795    -66.795
 507  270     10.328      8.304    -64.427
 387  197    -15.660      9.041    -71.991
 292  242      6.964    -10.586    -73.559
 377  116      2.681     -3.460    -71.702
 318  160      0.535      6.320    -74.219
  -1   -2    -12.934     12.229    -68.121
 265  114    -11.684      0.748    -71.643
  74  428      8.530      6.490    -73.990
 794  581     -5.829      5.814    -65.225
  -1   -2     -1.195     -9.414    -76.745
 363  277      3.393     13.014    -65.701
 274  564    -12.707      2.355    -63.738
 484  476     16.826     -1.116    -69.658
 207   23     -3.394      8.531    -69.745
 202  255      4.009     -9.140    -64.855
  -1  212     -6.731    -12.219    -72.520
 276   -2     -6.094     -0.214    -63.824
 330  600    -15.144      6.155    -72.141
 293   -2      1.030     -4.255    -62.294
 246  325     17.051      7.733    -68.211
 461  310     -1.312     10.234    -71.074
 315   38      6.400     -1.866    -74.035
 159  493     16.233     10.978    -69.967
  -1  309      3.492     -4.558    -63.273
  -1  377     -3.612    -11.639    -70.439
 406  216    -13.006    -10.395    -68.398
  -1   -2      1.070     -8.662    -72.218
 376  341    -13.689      7.741    -68.970
 378  237     -8.012     -2.266    -73.553
  -1  518     -5.736     -9.775    -73.147
 220  303     -3.432     -0.777    -60.927
 221   64     -3.353     10.790    -74.648
 676  524      3.240      2.929    -61.561
 297  282     16.703     -0.043    -68.255
  -1   -2      9.082     -7.608    -72.914
 360  177     -0.431      7.539    -67.752
 304  673      0.168     12.765    -66.683
 283  192      1.376      0.300    -66.485
 335  351     -6.292      0.295    -72.421
  -1  483     -0.618     -2.300    -57.367
 217  144     16.589      7.225    -68.468
  89  574     -4.427     13.135    -66.544
 261   -2      6.404      1.201    -62.532
  -1  221      6.133     -5.485    -68.561
 432  207    -12.569      6.054    -70.704
 279   -2     -6.227     -3.024    -61.901
 295  222     12.203     -7.107    -70.961
  -1   -2     -5.973     11.178    -75.352
 538  335    -13.549      6.241    -70.580
 380  260      9.096    -10.104    -70.683
 229  535     14.699    -12.814    -69.661
 375  280      3.725     11.146    -71.712
  -1   71      3.757      2.149    -65.098
 101  306     -7.318      1.276    -64.613
  -1   -2      7.234     -3.580    -66.426
 302  315      6.128      3.401    -62.057
 549  401     11.354      7.415    -69.472
  -1  548      7.673      7.573    -61.518
 343  236      8.828      9.928    -66.588
 244  296    -11.276     -7.537    -71.958
 272  764     14.666     -0.483    -69.523
 340  314      3.932      6.937    -71.272
  -1  365      4.096      9.538    -66.078
 316  385     14.896    -10.456    -69.426
 351  834    -12.880      8.643    -63.157
 338  252      9.414     -4.899    -73.884
 508  218      8.287    -10.614    -68.638
  -1  345     -1.008      4.409    -64.755
  -1  290     -9.541     -6.881    -68.886
 407   76     -5.085     -8.184    -71.039
  -1  585     12.793     10.285    -64.738
  -1   -2      1.043     -3.280    -57.899
 298  311     12.033     10.664    -67.648
 313  275      6.058     11.106    -64.626
  -1   -2     -6.770     -6.811    -67.427
  -1   -2     -8.642     -3.010    -61.314
 804   -2    -11.706     -5.048    -71.296
  -1   -2     -8.128     -4.675    -64.385
 236  827      5.424     -4.415    -67.152
 230  356      8.503      9.117    -65.804
  -1   -2     -3.150      4.479    -52.509
  18  155      8.273      2.200    -70.628
  -1   -2      3.349     -2.960    -62.867
 796  324      3.415      2.037    -62.858
 284  298     15.049      8.186    -67.385
 365  278     -2.097      8.086    -74.500
 349  340     -7.117      8.938    -63.094
  -1   -2      0.585     -5.294    -69.832
  -1  598      5.617     11.770    -60.689
  -1   -2      8.805     -5.727    -71.422
 655  761     -6.827    -12.623    -65.970
 690  651      9.465     -8.416    -65.105
 305  330     10.816     -4.679    -68.953
 602  339     -0.561      8.523    -69.811
  -1   -2     -9.370     11.301    -68.424
  66  506     -9.613     -7.420    -73.235
  -1   -2    -10.837     12.686    -63.319
 358  387     13.394     11.201    -66.352
  -1   -2      9.079     -0.693    -81.953
 694  361      8.410      0.297    -75.028
 224   -2      5.796     -5.967    -70.634
  -1   -2     -8.662      9.803    -62.631
 373  837     -0.058     10.333    -69.878
 654  563     -2.833     -6.671    -61.168
 561  295     14.280     11.802    -70.483
 778  326    -15.161      3.418    -71.022
 382  382      4.469     10.950    -71.007
 646  849    -12.038      3.934    -65.804
 324  386     13.158     -1.409    -68.802
 333  704     -6.324      5.727    -74.998
  -1   -2      2.877      4.333    -67.301
 689  573     -4.518     -3.050    -75.019
  -1  375    -11.011     12.893    -67.528
  -1  730    -14.646      2.951    -67.932
 798   -2    -13.343    -11.476    -67.604
  87  360      0.175      7.985    -74.479
 374  349     -0.612      9.069    -67.119
  -1  707    -15.848      2.368    -76.424
 802  344     -7.314     11.564    -74.235
  -1   -2     16.159     12.140    -68.010
 322  627     -4.130     10.572    -76.375
  -1  695     -8.578      5.104    -69.304
  -1  407     -8.340      2.030    -75.480
  -1  396     -6.701     10.883    -69.696
 493  234      0.904     -5.843    -62.786
  -1   -2     -2.677      6.004    -76.729
 386  838    -14.167     11.023    -69.680
 367   -2     -2.313      6.766    -65.030
 506  395     -2.546      6.639    -72.088
 728  388     -5.732     -2.261    -68.420
 753   -2     -7.831      2.154    -64.748
  -1   -2      0.261     -3.593    -71.141
  -1   -2     -2.796     -2.966    -65.091
 770  393     10.344     -0.894    -65.102
 716  784      3.486     -2.214    -67.737
  -1   -2      9.284     10.680    -65.714
  -1   -2     -1.110     -0.302    -67.388
 391  384    -10.302     10.985    -72.011
  -1   -2     -3.275     -5.935    -72.392
 321  832     11.476      5.720    -64.915
 463  185      4.394      6.921    -75.963
 163  482    -14.563      4.510    -75.156
 451   -2      3.572     -9.560    -64.315
  -1   -2     12.865      5.295    -75.274
   4   10     -7.219      5.449    -71.449
 486  841      1.485    -12.676    -62.175
 394  418     12.003      5.386    -72.301
 194   14     -5.794     -2.438    -73.068
 309  830     11.929      8.395    -71.438
  19  284     -2.335     -4.801    -70.438
 206   -2     -6.015      7.941    -76.714
 423  412      7.560      8.457    -66.725
  -1   -2      8.403    -10.257    -62.053
 415  508      1.921      6.405    -63.100
  -1   -2     -7.770     -8.273    -58.567
 403  440      1.513     -7.699    -69.590
  -1   -2    -11.296    -12.053    -72.330
  -1  419     -8.595      4.270    -63.438
  -1   -2     -9.661    -11.729    -73.039
 442  839     10.612     -6.097    -63.862
  91   51     -6.818      8.779    -67.167
 184  447     -8.896    -11.995    -70.238
  -1   -2     -5.561     -4.831    -71.988
 459  424      9.662      4.256    -59.971
  -1  271      3.837      9.085    -70.573
  -1   -2     10.821      8.471    -69.096
  -1  589      4.407     -1.993    -73.523
  -1  147     -6.034     -2.280    -65.232
  -1   -2     10.999      8.118    -57.905
  -1  433     -6.706    -10.573    -65.136
 278  494    -15.060     -2.947    -71.874
 142  183      4.381    -12.256    -66.142
 426  445    -12.148     11.051    -65.246
 154  477     -6.385     10.892    -70.451
  -1   -2     -2.229      4.986    -75.811
 212  502     13.783    -10.260    -65.965
  -1   -2     -5.428      0.624    -63.979
  54   37     -0.947     10.262    -67.050
  -1  129    -10.943      4.023    -69.896
 238  828     -6.836     -4.365    -75.774
 417   -2    -12.078     -4.933    -75.533
  -1   -2      7.425     10.946    -60.015
 125  169      2.091     -8.450    -64.429
 439   -2     -3.959     -8.372    -73.097
  83  175     -3.996      0.109    -68.110
  -1   -2      0.919     -6.012    -76.026
  -1  358      7.824      1.105    -65.125
 491  842    -12.214      5.729    -63.680
 539  556    -16.189     -2.973    -72.788
  -1   -2     -6.311     -5.908    -61.339
 799  444    -13.335     -4.358    -70.424
 536  441     -9.468      4.684    -66.284
  -1   -2     -3.391      8.380    -59.927
 467  113     -6.499     -6.007    -68.000
 790   -2     -7.090     -3.650    -69.819
  -1  442     -6.387     -1.296    -59.269
 290   -2    -10.116      0.578    -67.059
  -1  449     -4.414     -8.308    -73.736
 421  498    -10.628    -12.041    -66.501
 347  128    -12.820     -0.248    -68.428
  -1  195     -5.362    -10.836    -62.721
 443  497      0.669      4.463    -62.860
  -1   -2      1.098      6.626    -88.186
 544   -2      1.712      2.515    -57.677
  -1   -2      6.503     -3.323    -74.945
 115  539     -5.923      3.646    -71.855
 240  409     -6.960     -7.047    -73.020
 218  229      6.982     -3.832    -67.527
 197  824      1.406     -6.402    -66.909
 231  316     -6.813     -2.660    -62.712
 195   -2     -6.883      3.617    -60.890
 437  180     -1.577     11.645    -75.884
  -1   -2     -4.734     -3.205    -71.776
 514  446     14.305    -12.726    -66.202
 133  820      4.670     -0.363    -65.618
 471  264      6.604    -12.160    -64.578
  -1  450     -8.168    -12.393    -66.287
  -1   -2     -0.170    -11.933    -77.130
 331  833    -10.987      0.903    -62.754
  -1  414     -8.100    -10.541    -57.623
  61  162      4.967     -2.564    -70.015
  -1   -2     -1.574     -7.556    -60.820
 253   -2     10.295      5.618    -63.623
  -1   -2     -6.384     -6.858    -63.972
 487  469    -11.762      8.073    -64.727
  42  813     -7.669     -6.624    -70.939
  -1   -2     -3.671     -6.381    -74.286
  -1   -2     10.892     11.986    -62.039
  -1   -2     -5.538     -6.584    -75.952
 498  308      7.431    -10.337    -74.246
  -1   -2    -13.452     -9.905    -67.066
 399  511     -1.987    -12.418    -71.628
 583  531      9.346    -10.689    -62.717
  -1   -2     -9.817     12.808    -61.102
  -1  461     14.372     12.476    -66.623
 454  623      7.410      6.637    -61.202
  -1   -2     -7.250    -11.147    -61.032
  -1   -2    -12.161      5.791    -85.879
  -1   -2     11.148     -3.129    -58.941
 320  831     12.266     -4.862    -71.794
  -1   -2     -4.215     -1.785    -76.152
 455  312    -12.138    -10.354    -71.583
 300   -2    -13.593      7.173    -67.394
  -1   -2     -7.529     -2.764    -61.791
 591  246     17.112      4.148    -73.100
  -1   -2      6.390     -2.113    -72.598
  -1   -2      7.273     -9.599    -64.342
 296  380     -5.237      4.530    -67.538
  -1   -2    -12.114     11.930    -73.484
  -1  427     10.764     -2.246    -74.154
  -1   -2     -7.102      4.793    -76.349
 518  272      6.193     -5.174    -63.136
 281  241     -6.710     11.103    -63.323
 264   -2      5.753      9.282    -62.811
 183  472     -8.619     -9.893    -67.294
 481   -2      8.901     12.251    -65.206
  -1  649     12.977      6.015    -64.633
  -1   -2     -0.607      0.246    -60.191
 820  507     -7.940     -6.483    -57.436
  46  232     -4.492      7.953    -67.711
 477  430    -10.941     -4.565    -63.480
  -1   -2    -15.424    -10.616    -71.694
  -1   -2     -2.069      1.838    -52.540
  -1   -2      5.961      9.457    -75.910
 180  453     -1.324      1.156    -64.160
 495  179     -0.407    -11.122    -66.032
  -1   -2     -4.615      5.288    -77.373
  -1  504     14.334     -8.238    -66.066
 502  843     11.563     -6.371    -62.425
 818  853     10.262     -1.393    -68.707
  -1   -2      8.572      9.555    -80.206
  -1   -2     -8.058     -3.042    -72.018
  -1   -2     -7.261     -7.772    -63.398
 398  529     -4.578      3.989    -74.714
  -1  501     -3.149     -9.993    -65.696
  -1   -2     11.432     -6.855    -70.510
 479  840      1.166     -0.513    -57.863
 208  294    -12.077     -9.425    -66.219
  -1   -2      4.875     -2.316    -56.269
 552  525     11.903     -4.414    -63.428
  -1  604     -6.579     -3.774    -63.436
 510  118     12.186     10.908    -75.171
 633  486     -7.451     -1.047    -65.683
 563  254     10.623      2.655    -66.002
  -1   -2     -2.080     -6.231    -75.521
  -1   -2    -12.773     -1.388    -69.873
 501  492      9.736      1.713    -75.819
 356  835      5.479      7.570    -59.710
  -1   -2      1.594    -12.048    -62.465
 288  562     12.231     -8.468    -74.172
 251  130      2.268      9.289    -70.803
 592  480      1.627      2.477    -68.677
 540  844     -0.897    -12.584    -70.672
 542   -2     12.556    -10.025    -67.510
  23  812     15.889      5.060    -73.061
  -1   -2     -0.326      1.152    -59.441
 557  523      7.478     -4.809    -69.751
 615   -2     10.859    -10.056    -65.937
  -1   -2    -10.285     -7.271    -87.966
 141  417      0.191      9.928    -74.665
 433   -2     -7.471     -1.420    -70.500
 243   61     -7.248      9.487    -73.493
  -1  530      9.667     13.087    -64.075
  -1   -2      2.533     11.414    -59.166
  -1   -2      5.421     -1.300    -57.951
 153  276     -9.844     -3.388    -68.235
  -1  540     -4.518      2.008    -60.405
  -1   -2     -0.531     -9.895    -71.632
 553  484     -3.461    -10.251    -61.679
  -1   -2     -4.529     -3.812    -60.147
 644  848     14.261      5.745    -65.296
 419   -2     -5.418     10.789    -74.890
 392  677     16.611     -9.896    -68.453
  -1   -2     -2.675     10.000    -64.281
 527  421     -5.053     -4.712    -71.288
 567  362      4.225     -7.246    -74.462
 609  603     12.990     -7.150    -65.134
 813  646     17.196      0.175    -72.959
  -1   -2      9.678      4.348    -56.616
 546   -2     -1.144     -8.274    -62.884
 812  633     -6.046      9.487    -71.026
  -1   -2     -4.609     -9.206    -85.664
 598   -2      5.017     -6.938    -71.882
 301  346     14.201      1.226    -70.399
  -1   -2      8.352     -6.142    -62.434
  -1   -2      3.877      4.581    -57.814
  -1   -2    -13.000    -11.445    -66.324
  -1   -2    -11.577     -5.345    -70.388
  -1   -2      4.551     12.131    -61.398
  -1   -2     -5.575    -10.649    -78.087
  -1   -2     -1.317    -11.253    -61.490
  -1   -2     11.431     -5.288    -58.095
 632  756     -5.347      5.482    -72.257
  -1   -2     -4.584     -9.419    -58.109
 388   -2     -1.605      4.169    -77.563
  -1   -2      8.017    -11.315    -62.792
  -1   -2      2.899      3.858    -58.357
 630  262     -1.971     -0.556    -74.890
  -1   -2    -10.292     -8.291    -75.775
  -1   -2     -7.617     -2.271    -59.549
  -1  323     15.461     -5.400    -74.138
  -1   -2     -6.234     -8.169    -76.584
  -1   -2    -11.974    -12.133    -69.076
  -1  626     -8.063     -8.741    -58.242
  -1   -2     -1.720     10.366    -63.357
  -1   -2     -7.358      2.372    -58.135
  -1   -2      8.161     -9.637    -70.181
  -1   -2    -15.926     -5.879    -76.143
  -1   -2    -10.845     -3.289    -75.531
 658  715     18.287     -8.220    -68.590
  -1   -2    -10.036     -1.649    -57.720
  -1  679     -7.633     11.089    -65.185
 803  268      8.857     11.147    -65.953
  -1   -2      9.252     -7.056    -56.690
 148   -2      9.622     -1.533    -68.176
  -1   -2    -15.293      9.316    -78.097
  -1   87     -2.198    -11.678    -74.263
 329  696     10.518     -0.714    -62.670
  -1   -2    -16.369      3.827    -74.667
 420  481     -8.585     -9.316    -67.197
  -1   -2    -16.180     -8.449    -72.546
 294  355    -13.756     -8.318    -71.500
  -1   -2     -9.473    -11.161    -75.757
  -1   -2      9.965     -8.984    -59.078
  -1   -2      3.887      8.065    -57.044
 589  650      6.059    -10.147    -63.306
  -1  348      9.850      9.602    -67.495
  -1   -2     17.802    -10.544    -65.740
  -1  468     -7.193    -10.017    -58.774
  -1   -2     -9.419     -2.093    -62.040
 450  578     11.608     -6.038    -73.080
  -1   -2     17.858    -10.154    -67.793
  -1   -2     -5.650      0.729    -61.366
  -1   -2    -10.744      0.582    -87.249
  -1   -2      9.323     -8.262    -58.310
  -1   -2     -9.821     -8.090    -76.005
 702  851     14.735     -5.067    -61.186
  -1  599      6.939    -13.172    -65.735
  -1   -2     -3.933     11.766    -58.558
  -1   -2    -11.891    -12.301    -62.781
  -1  479     -8.979      3.705    -75.907
  -1   -2     10.770     -5.981    -62.945
  -1   -2      1.787    -12.641    -65.857
  -1   -2     -8.397     -7.620    -53.677
  -1   -2    -12.263      8.460    -72.468
  -1   -2     -1.747     -8.661    -52.808
 366  364    -11.558     -1.674    -75.003
 345  172     11.182      3.638    -67.192
  -1   -2     15.544     -0.966    -78.703
  -1   -2     12.317     -9.112    -64.272
  -1   -2     14.223      1.260    -63.376
  -1   -2      1.779      3.490    -59.463
  -1   -2     14.373     10.433    -69.565
  -1   -2     -8.533     -1.462    -66.182
  -1   -2      7.696     -0.307    -59.632
  -1   -2    -12.006    -10.934    -69.301
  -1   -2     -8.690     -3.988    -56.126
  -1   -2     -0.292    -11.276    -75.168
 523  313      9.812    -11.204    -66.249
  -1   -2      5.498     -7.321    -73.605
  -1   -2    -10.526     11.094    -61.301
  -1   -2     -1.183     12.396    -68.649
 364  703      1.188      3.577    -64.024
  -1   -2      4.030     -9.064    -60.678
  -1   -2     -7.140     -5.815    -76.063
 576   -2     -6.573     10.007    -61.242
  -1   -2      6.510     10.299    -55.060
  -1  729      9.237      0.509    -57.720
  -1   -2    -15.776    -11.008    -77.707
  -1   -2      2.895    -11.822    -62.681
  -1   -2      7.005      4.603    -59.223
  -1   -2      9.239      8.589    -61.591
  -1   -2     -6.392     -9.224    -52.987
 835   -2    -14.188     -1.823    -78.496
  -1   -2      8.188     -4.282    -58.844
  -1   -2    -13.438    -11.352    -64.536
 590   -2     -5.787      4.284    -61.980
  -1   -2     13.384     -3.577    -74.033
 618  747      8.778    -10.437    -72.378
 214  249      0.543     -4.035    -64.835
 641  675     -3.793      4.766    -66.905
  -1   -2     -0.379      0.635    -66.562
  -1   -2     -9.734      2.004    -75.571
 660  549     12.063     -0.809    -74.333
  -1   -2    -14.069     -0.272    -86.987
  -1   -2     -6.833     -5.130    -67.164
  -1   -2     -7.819     -5.186    -74.032
  -1   -2      8.218     -0.018    -61.703
  -1   -2      2.475     11.054    -73.127
  -1  471     14.796     11.281    -70.156
  -1   -2      0.944     -6.670    -69.221
  -1   -2     -8.895      1.926    -68.382
  -1   -2      0.596     10.984    -70.959
  -1   -2     -6.405     -3.394    -53.934
  -1   -2     14.089      2.475    -70.117
  -1   -2     12.288    -12.117    -71.327
  -1   -2     -9.530     -2.675    -80.935
 317  320     -1.074    -12.315    -68.046
  -1   -2     -4.799    -11.074    -65.870
 648  766     10.378    -10.955    -71.472
  -1  613     11.975    -12.586    -62.363
  -1   -2    -14.260     -0.726    -68.867
 625  373     13.152      4.091    -68.065
  -1   -2      1.295     -8.228    -58.400
 681   -2     10.482      8.699    -67.579
  -1   -2     11.413     -1.812    -62.489
  -1   -2      7.629     -7.913    -62.687
  -1   -2     -1.578      6.597    -57.110
  -1   -2     16.330     -8.375    -74.745
 829  654    -14.536     -3.203    -74.801
  -1   -2     -7.858      8.563    -71.414
 675   -2     16.506    -11.952    -68.914
  -1   -2      1.085    -10.856    -66.324
  -1   -2      8.775    -11.086    -71.452
  -1   -2      6.186    -10.353    -74.857
  -1   -2     12.069      8.698    -62.567
  -1   -2     -9.540     11.593    -62.777
  -1  653     17.406     -5.058    -72.855
  -1   -2     -2.894      9.163    -59.216
  -1   -2     -2.886     -9.456    -66.214
  -1   -2     -9.431     -5.022    -86.561
  -1   -2      8.166      7.614    -76.719
 239  334     10.378      8.328    -68.751
  -1   -2     -9.162     11.496    -58.727
 806   -2      5.562      9.571    -75.065
  -1   -2     -6.712     -2.716    -56.059
  -1   -2    -13.111      9.646    -66.548
  -1   -2     -8.013     -2.354    -58.957
  -1   -2     -4.255     -9.750    -78.145
  -1   -2     16.200      9.654    -71.275
  -1   -2     -1.058      4.727    -52.749
  -1   -2     10.191    -12.378    -65.768
  -1   -2     -1.978     -5.826    -77.483
  -1   -2      8.095     -8.417    -53.685
  -1   -2     -4.256     -2.108    -74.912
  -1   -2      4.521    -10.593    -69.070
 705  379     14.429     -0.272    -72.732
  -1   -2    -14.890     -1.704    -80.311
  -1   -2     16.486     -2.387    -71.573
  -1   -2     -9.635     -5.587    -77.010
 697  850     12.296     -1.057    -56.750
  -1   -2     -3.274    -10.995    -76.020
  -1   -2     16.247      5.991    -64.168
  -1   -2     -3.024     12.914    -63.848
  -1   -2      1.766     -7.766    -53.803
  -1   -2     -4.304      7.529    -72.490
  -1   -2      9.993     10.055    -53.711
 291   -2     10.247    -12.128    -71.202
  -1   -2      2.631      9.967    -53.664
 416   -2     16.606     -4.218    -72.893
  -1   -2     -4.270     10.143    -67.227
 661  689      2.559      3.862    -75.790
  -1   -2     -4.110    -10.820    -58.325
  -1   -2     -7.282     11.180    -55.266
  -1   -2    -11.629    -11.392    -74.324
 359  594     15.698      7.222    -64.008
  -1   -2      6.448     -1.980    -68.713
  -1  366    -14.947      4.929    -72.154
  -1   -2     11.057      6.254    -61.486
  -1   -2      3.433      3.007    -57.646
  -1   -2      1.329     -1.526    -82.250
  -1   -2    -10.198      0.553    -60.168
  -1   -2      0.814      9.585    -65.624
  -1   -2     -3.350      0.272    -77.438
  -1   -2     -4.902      9.610    -57.428
  -1   -2     10.055     -8.956    -84.315
  -1   -2      9.581     11.723    -70.418
 726  716    -13.242      2.604    -72.298
  -1   -2     -8.126     12.101    -71.639
  -1   -2      4.954     -3.263    -64.039
  -1   -2      8.729      0.226    -70.773
  -1  763      9.733    -12.575    -67.452
  -1   -2      9.255     -8.771    -71.892
  -1  560      4.674      0.140    -61.594
  -1   -2     -7.146     -1.022    -59.561
 734  731     -2.835    -12.553    -72.835
  -1   -2      2.026      7.551    -63.650
  -1  487      7.108      2.012    -58.055
  -1   -2     -9.231      4.377    -80.513
 314  383      4.176     -7.676    -63.502
  -1  403     -7.889      6.950    -72.916
  -1   -2      1.236    -10.826    -84.747
  -1   -2     12.286     -4.097    -68.047
  -1   -2     -9.644     -2.542    -76.760
  -1   -2      9.235     -1.464    -60.402
 707  367      5.979      5.842    -61.200
  -1  363      4.950      1.223    -65.330
  -1   -2     12.420      6.462    -63.670
  -1   -2     16.992     -6.889    -74.898
 310  209      5.363     -2.696    -75.195
  -1   -2     -7.934    -12.293    -62.227
  -1  791     13.722      9.689    -72.454
  -1   -2     12.807      6.297    -60.431
  -1  794      2.427      2.846    -79.034
  -1   -2    -10.622     -0.919    -85.206
  -1   -2    -10.829    -12.614    -64.859
  -1   -2      5.201      6.436    -64.243
  -1   -2    -13.305    -12.368    -71.849
  38   -2     -9.438      3.844    -71.271
 445   -2     -0.795      4.039    -60.609
 428  420      6.868      5.584    -68.170
  -1   -2      0.282      9.794    -74.638
 410  429      5.420      1.144    -67.058
  28   -2      2.321     13.122    -65.689
 100   -2    -10.227      4.373    -66.606
 475   -2     -2.161      5.163    -60.390
 200  333     -8.159      4.164    -73.821
 792  854     -8.973      1.771    -65.504
 587  635    -15.125     -8.824    -69.845
 517   -2     -5.798     -6.114    -74.988
 824   -2     13.770      9.665    -74.184
 328   -2      6.547      4.908    -76.765
 325   -2      4.034      5.425    -70.113
 446  537     -1.831    -11.815    -77.615
 791   52     -0.792      9.361    -69.349
 543  546    -12.769     -6.437    -66.261
 565  846     -6.445      3.917    -72.660
 427    7      1.995     -0.693    -74.895
 339   -2      9.811     10.366    -63.966
 562   -2      9.618    -10.302    -61.048
  -1   -2      7.561      8.630    -66.837
 729   -2      3.780      5.644    -76.559
 594   -2     18.650     10.778    -71.432
 619  847     13.752      6.822    -62.552
 179  462      4.265    -12.066    -71.096
 372  800      2.020     -8.267    -72.183
 607   -2     -4.497     -1.188    -59.709
 595   -2    -12.443      9.408    -78.326
 659   -2    -13.638     -6.483    -76.217
 737   -2      1.083      9.256    -67.488
 773  855    -13.945      1.517    -76.283
 361  836      3.626     11.859    -66.920
 666   -2     10.313     -1.905    -74.194
  40   -2     -3.961     -3.556    -73.061
 245  352    -11.097     -3.613    -73.843
 247  856    -13.278      2.554    -77.755
 255  857      2.818     -9.252    -68.144
 327   -2     -3.373     10.904    -63.309
 362  354     -7.417     -2.991    -72.112
 384  728     -4.491      5.567    -67.641
 414   -2     12.437      7.251    -70.383
 470  858     -1.953      5.262    -61.378
 485   -2     -2.939      3.036    -70.249
 497  859     16.778     -4.181    -64.913
 688   -2     -8.622      9.393    -75.563
 793  205     15.200     10.842    -68.835
 795   -2     -8.082     -3.290    -75.576
 801   -2     12.933      4.088    -62.042
 826   -2     13.320     -7.812    -59.998
 832  860     -5.207      4.399    -73.170
