827
   7    0      5.828      4.044    -70.993
   2    3     -7.933     -3.034    -71.500
   0   38     -5.997      6.499    -71.531
   3    1     -1.141     -2.079    -71.404
   8   23      9.505      2.056    -71.127
   4   11      1.616      2.888    -69.982
   5   12      2.718      3.656    -67.751
  20   75      8.767      7.635    -69.767
  12    9     14.649     -0.193    -71.336
   6   10      3.617      3.530    -70.125
  17    4      8.729      0.987    -69.999
  11   13      9.568     -1.928    -71.140
  44   41     -2.369     10.511    -71.073
 376   25     -4.849      4.470    -73.324
  35   29      4.646     -2.985    -68.185
  45    8    -10.552      3.177    -71.887
  -1   -2     -3.602      6.736    -73.159
  19    6      8.350      0.310    -69.564
 142  388     -7.586      2.575    -71.465
  13   14     -5.807      6.530    -68.709
 772  822    -11.191      7.748    -68.914
  24    7     -2.708      5.263    -67.370
  71   28     -8.196     -8.506    -70.404
  -1   -2      1.685      4.834    -70.873
  96   26     -6.543      4.779    -69.997
 191   72      6.154      4.994    -71.484
  99   20     -3.779      3.137    -69.026
 125  784     -0.515     -0.911    -64.549
  51  210     -6.255      9.222    -74.719
  39   56     -9.781      6.205    -66.848
  27   59      4.428     11.626    -65.400
 100  269      5.305     -2.975    -70.945
  72  122     -6.251      6.465    -68.552
  41   55     -3.156     11.948    -66.173
  23  393      2.430      7.501    -71.361
  25   19     -6.771     -8.693    -70.285
  87   32      4.873     -0.217    -66.855
  46   42      4.433      8.152    -65.560
 387  396      0.236      4.944    -66.268
  -1   -2     -7.245     -1.281    -63.745
 104   50     -0.503      3.173    -67.908
  34   70      8.038     -5.354    -67.570
  -1   61     -1.988     -0.888    -70.197
  18  395    -14.462      8.471    -76.937
 541   60     -4.190     -2.443    -74.485
  30   54      2.740     -4.011    -74.049
  50   94     -0.195     11.392    -64.862
 817   33     -2.538     -8.384    -68.066
  54   64      8.463     10.536    -67.879
  -1   16     -9.166    -10.033    -66.395
  -1    5     -4.115     11.704    -72.540
  76   22      7.356      1.007    -67.453
  49   43    -10.119     -4.844    -69.517
  36  781    -10.003      3.056    -71.925
 382   35     -2.041      3.413    -65.264
 189   58     -7.936     10.361    -70.534
 486   21    -15.248     -5.945    -77.085
   9   40      7.939      7.026    -72.127
  58   65      0.712      0.770    -66.551
  -1  338      8.795      8.928    -70.927
 809  184      1.609      5.116    -72.682
 324  440     -1.133      9.087    -73.466
  53   90     -4.841     -2.048    -67.112
  56  405      8.197      7.132    -66.659
  -1   24     -2.201      0.683    -75.033
 123  107      7.078      9.270    -73.484
  84  235     -2.046     -4.880    -68.293
  63   71      4.221     -7.779    -67.025
 103   -2      4.958     11.217    -72.236
 137  278     -5.043    -10.172    -71.900
 164  254      9.412      5.551    -67.888
 271  590     -9.869     -5.456    -74.357
  22  259     -1.903      4.694    -69.627
 244   81      6.888     -1.014    -67.744
 136   47     17.920      3.445    -71.096
  92  162     -7.071     -0.388    -67.027
 168  387      1.386      1.902    -71.286
 101   63      1.717      3.487    -65.994
 260  582      4.295      1.014    -67.641
  66   15     11.970     -2.681    -69.199
  70   86     -7.495     -3.783    -77.759
  94  250     -2.871      7.907    -65.790
 117   68     -2.019     -6.964    -68.437
  74   -2    -15.565      7.255    -74.422
  89   27    -12.070     -1.533    -73.970
 441   -2     -7.553     12.425    -71.809
  37  111     -3.964     10.762    -72.043
  75  202      9.460      3.150    -68.404
 135   76     -2.893     -0.990    -64.717
 120   83     -5.458     -4.953    -66.495
  -1   -2      4.268      1.731    -70.326
 397  805     12.696      3.018    -68.794
 150  404     -7.251      1.443    -65.512
  91  121     -5.345      8.949    -63.782
  85   98     -8.256      3.025    -68.298
 167  106     -5.527     -5.620    -69.643
  31   53     -3.167     -0.559    -69.540
 813  201      0.819     -5.614    -70.698
  -1  128     -3.733      5.532    -69.553
  57   31      5.877      8.312    -70.739
 176  166     -0.812      2.494    -64.252
  -1   -2     -1.685      9.828    -70.101
  83   62      9.975      4.288    -65.776
  95  164    -15.356     -3.641    -71.984
  79  434     -7.718      2.101    -66.708
 130  204      6.914      7.788    -63.941
 129   88      1.971      9.149    -68.684
 134  137     -0.522      5.777    -60.496
 416  394     -9.779     11.592    -68.089
  38   17      6.867     -0.157    -67.206
  82   91     -8.014     -0.068    -66.233
  80   -2      1.340     -9.550    -67.616
 246  228     -8.398     10.823    -69.522
 163  496    -11.966      3.605    -62.404
 344  391     14.648     -3.919    -74.283
  86   95    -14.138     -0.199    -69.012
 161  315      2.612    -11.108    -68.394
 810  828     -2.246      0.050    -68.286
 110  104     -0.710     -6.782    -64.086
  16   -2      3.464     -2.160    -68.747
 153  101     -7.489     12.649    -67.507
 773   73     -5.440     -2.703    -67.481
 106   93     -1.174      9.820    -63.535
  21  245      6.313     -1.002    -73.021
 225  159     -0.966    -10.024    -66.095
  -1   -2    -10.004      3.425    -64.518
 166  230     -7.926      5.680    -69.935
  48   78      0.596     -2.127    -73.339
 789   51     -6.342      0.846    -71.514
  26  108      4.443      9.220    -68.097
 462  124     12.890      3.858    -65.557
 219  133     15.860      6.325    -68.221
 170  271      0.906      8.069    -66.594
  33   74    -10.691     -3.489    -70.320
 133  118     -4.853     -7.007    -77.156
 102  465     -4.933      2.520    -63.711
  43  174     -3.558     -1.568    -70.256
  28  112      3.213     10.363    -64.763
 146  525      2.780      8.470    -76.615
 770  176      9.039     -8.460    -64.630
 419   57     -2.302     -7.961    -74.430
 160   52     -2.508      5.414    -74.120
 121  105      9.359     -3.823    -66.868
 139   96     -2.873     -5.107    -67.527
  61   82      8.953     -0.018    -70.313
  32  120     12.254      3.702    -73.429
 289  236      1.329     -5.520    -70.348
  -1  470     -2.944     -5.470    -60.289
  -1  160      4.178    -11.884    -70.474
  60  782    -10.007     -9.847    -69.680
  -1   -2     10.481     -2.621    -64.678
 207   85     -2.308     -3.147    -70.696
  78   87     -8.055     -5.177    -67.822
 449  113    -15.652      5.971    -70.847
 474   92    -14.423      8.637    -72.221
 108  150    -11.321     -0.107    -65.940
 109  191      6.137      2.835    -73.951
 145  195     -1.502      7.646    -61.716
 431  130     -4.092      9.238    -62.342
  88  181     12.019      6.433    -67.916
  -1  173     -9.113     -8.962    -67.736
 276   -2     -5.721     -9.169    -71.824
 158  135      8.018    -12.026    -69.595
 201  295     -6.230      1.821    -62.620
  42  533     -0.475    -12.236    -73.254
  -1  140     -3.687     12.514    -65.955
 236  146     10.348    -10.081    -67.247
 105  136     11.970     -0.252    -73.437
 126  185     -7.108     -4.515    -68.926
 127  171      6.413      5.748    -65.948
 114  206     -7.113      6.043    -61.884
 197  139      8.056     -1.693    -72.877
 418  129    -13.888     10.464    -74.202
 308  123     -8.395     12.708    -64.595
 442   -2      5.641     -4.157    -64.708
  55  509      3.838     10.038    -72.789
 156  147     -1.481     -6.107    -64.044
 193  476      9.287      3.638    -62.527
 238   -2      0.769     -3.660    -75.911
 539  410     -6.767     -0.010    -64.069
  40  237    -13.910     -6.834    -70.681
 174   45     11.180     -2.863    -72.715
 141  409      5.916     -7.845    -66.786
  67  829      2.090      7.082    -74.081
 112  305    -11.619     -4.535    -75.370
 328  267     -1.791     -9.521    -64.557
 182  156     -4.076     11.981    -70.164
 439   -2     -9.554     10.542    -76.581
 171  153      9.054     -1.813    -66.052
 178  138     -6.561     12.764    -64.303
 528  812     10.778      8.809    -67.336
 122   37      1.293     -2.679    -73.510
 169  165    -12.859      7.221    -66.619
 600  178    -11.144     -5.125    -64.869
 767  127      4.817     -5.149    -65.503
 224  109      8.223     -3.793    -70.648
 580   -2      1.979      0.471    -68.807
 202  125      1.426    -11.607    -68.729
  -1  335     10.638     -8.080    -75.260
 172  331     -7.680      9.029    -63.653
 232  203      6.329     -9.250    -69.882
 400  161      9.032     -1.668    -71.568
  -1  186      5.368      0.224    -65.051
  -1  158    -10.487     -0.035    -62.909
 144  142     -5.938     -1.648    -75.267
 216  614     11.134      0.130    -63.337
 196  177     10.726     -2.386    -67.364
 152  172      2.212     -5.882    -65.793
 339  180     -7.312     -7.830    -65.270
 560  221    -13.999     -4.083    -68.796
 493  494      1.509     -6.794    -60.749
 762  437      3.638      9.394    -72.746
 648  830     15.437     11.659    -73.811
 264  216      3.496    -10.332    -72.760
 268  192    -10.549      7.390    -64.015
  -1  268      5.804      6.922    -66.543
 392  540     13.563      1.854    -73.406
  -1  215      0.455     -0.208    -60.939
 330  207     -4.808     -9.139    -74.243
 321  429     11.158      6.692    -76.195
 775  248     -6.977     -3.468    -67.810
 257  232      2.957     12.136    -65.876
  -1  356    -13.141    -10.260    -75.240
  -1  193      5.458     -6.900    -66.634
  62   46     -7.638      6.463    -71.805
  -1   39      1.982      2.392    -76.107
 228  285      8.109     -8.652    -66.000
 237  792     12.305      6.602    -67.097
 307  277    -13.596     -7.864    -72.316
 229  199    -13.036     -3.083    -68.377
 337  435     -5.074      0.986    -62.285
 155  205    -12.032     -3.371    -64.550
 454  283     -4.806      1.168    -74.882
 391  132      1.425     11.822    -70.120
 222  261    -14.254     10.014    -67.714
 453  243     10.926     -4.051    -65.262
 438  809     -4.548     10.501    -75.655
  -1  301     14.065      0.438    -62.933
 218  611     -4.250      4.313    -66.457
  -1  222      4.746      7.283    -61.182
 494  223      0.927     12.373    -61.995
 242  233      0.776    -12.404    -67.329
 138  403     -2.811      4.949    -66.031
 461  287     12.345     -2.930    -71.884
 559  292    -11.562      2.549    -71.576
  29  780     13.115     -2.120    -74.974
 175  214      6.868     -7.846    -65.078
 315  532    -12.909      2.383    -77.377
 606   -2     10.975     -8.666    -68.886
  -1   -2     -3.538     -8.066    -55.356
 320  213      9.311     -8.385    -66.539
 253  252      7.990     -9.143    -64.623
 309  799     -4.972      8.690    -61.930
  -1   -2      3.151    -11.126    -74.341
 214  246      1.045     -2.633    -65.697
 186  570     16.909     -9.802    -68.940
 223  790     -6.054      9.089    -63.850
 305  798    -15.377     -1.650    -74.519
 183  337     14.141     -1.460    -71.899
 248  212      8.649     -8.001    -67.789
  -1  262     -5.408      9.688    -69.193
  93  175    -13.619      7.935    -70.764
 212  231      9.597      7.065    -64.085
 220  263     -1.451     -8.552    -72.060
 180  786    -12.238      2.572    -63.643
 588  314     -8.765     -6.788    -59.644
 200  546     10.638    -10.976    -71.587
  -1  240     -9.980     10.410    -75.756
 286  390    -12.213    -10.190    -76.281
  14   -2      4.100      4.292    -68.025
 786  464     -6.107      0.284    -64.953
 301  293     12.255      5.331    -63.703
 288  655     14.620      1.902    -66.916
 482  200    -14.011     -2.137    -66.326
  -1   -2     -9.108     -8.188    -75.543
 383  151      6.798     -2.092    -72.035
  -1   -2    -13.485      1.376    -66.411
 185  239     -6.215     11.388    -72.964
  -1  366     -7.821    -12.112    -75.738
 148  333      1.852     -2.469    -72.845
 194  787     -2.941      3.525    -73.204
 173  217    -11.829      1.429    -67.440
 258  793     11.114      0.227    -66.079
 116  654     -8.728      9.811    -64.041
 217  334    -13.698      6.062    -67.817
 262  341     12.695     10.670    -67.906
 292  274    -10.877      0.769    -73.326
  -1   -2      3.197     -7.359    -75.639
 522  349    -11.276     -0.348    -63.194
 227  791     -7.333     -7.714    -69.537
  69  276     14.599      1.162    -71.465
 342  321      6.918     -5.937    -73.391
 362  453     12.184     -0.382    -71.269
 424   -2      2.075     11.589    -73.462
 274  487    -12.061     10.825    -65.434
  -1  471      2.708     -2.663    -76.142
 181  329      9.160    -12.074    -68.779
  81  616     -1.631     -4.094    -73.066
  -1   -2      4.084      2.385    -63.108
 785  480      7.774      8.540    -62.524
 404  309     17.626      4.338    -71.684
 363  244     -4.489      2.063    -73.546
 523   -2     14.975    -10.014    -74.542
 226  442    -14.311     -9.933    -73.766
  -1  253     -2.941     -1.441    -64.348
 275  336      8.404     -6.227    -65.516
 269  249    -13.372     12.665    -66.797
  -1   -2      0.670      9.228    -64.957
 279  796     -5.080     10.035    -69.227
 290  347    -10.562     -8.740    -74.015
 291  348     -9.116      9.038    -74.941
  -1   -2    -14.631      4.448    -69.404
  -1   -2      2.229      8.393    -61.618
 280  368     12.402      9.416    -66.297
 230  317     -9.625      3.296    -75.339
 779  299      8.770      6.348    -65.134
 205  593      6.887     -7.277    -69.523
 299  320     -0.202    -11.385    -73.628
  -1  155      4.464     -6.473    -73.544
  -1   -2     11.703     -6.244    -71.853
 303  652      2.466     -2.653    -66.329
 503  510      7.634      3.344    -60.292
  -1   -2    -13.958    -10.511    -74.240
 545  831     -8.140     -9.227    -62.672
  -1   -2    -14.456    -10.949    -68.701
 213  318     -3.718     -7.830    -73.872
 326  304     -8.843     -1.145    -66.390
 233  219      7.568      9.266    -64.135
 631   -2     12.685     -5.698    -68.182
  -1   -2      2.926    -12.631    -73.477
 284  606     -6.676     -5.304    -72.414
 575  350     -9.073      5.595    -58.391
  -1   -2     -7.502     12.132    -60.868
 316  515    -11.089     10.187    -69.556
  59   -2     -1.786     11.571    -69.331
  -1   -2     -8.986      9.732    -74.941
 572   99     -4.337    -12.756    -66.448
  -1   -2     12.481     -5.396    -63.464
  68  340     13.536      4.890    -74.247
  -1   -2      1.213     -0.996    -75.719
 261  310    -13.188      0.032    -70.625
 695  316      8.245      9.541    -66.716
 323  681     16.944     11.501    -68.655
  -1  226      3.900      8.426    -66.566
 618  313      5.265     -1.468    -73.660
 623  832     16.165      9.503    -73.789
 254  322     15.639     -2.884    -73.162
 266   -2    -15.851    -10.576    -75.742
 757  339     14.707     -1.009    -64.980
  -1  734     -0.333     -2.797    -62.518
  -1  595     14.459      3.783    -62.600
  -1   -2     -2.507      5.129    -69.352
  -1   -2     15.109      6.642    -73.538
 350  372      9.463      4.268    -63.773
 263  224      3.269     -8.965    -65.923
  -1  736     -8.628      9.719    -68.330
 355  345     14.981      9.310    -65.287
  -1   -2      2.744     10.525    -72.455
 507  651     16.929     -0.956    -72.317
  -1  584    -10.941      1.112    -69.683
  -1   -2     12.414     10.782    -59.602
 346  802      6.463    -12.617    -69.959
 639  577     15.479      5.241    -65.555
  -1   -2    -11.584     -8.190    -63.351
  -1   -2     -6.918      5.364    -70.296
 384  803     -4.850     10.767    -62.947
 283  559      6.778     -7.666    -64.022
 296  583     13.018      9.331    -72.140
 444  810      5.566     -2.329    -70.114
 371  370      1.118     -7.475    -65.797
 374  685     -9.890      7.366    -63.537
  -1   -2     -9.027    -10.045    -70.945
  -1   -2     14.976      1.907    -65.157
  -1  379     -9.197      6.073    -73.674
 375  382      1.221    -11.243    -66.600
 656   -2    -13.961      4.868    -71.386
 761  777     -6.334      2.992    -68.903
 398  806     -3.454     -0.298    -73.930
 195   48    -10.978     -0.808    -75.940
 763  400     -4.899     -1.431    -67.560
 179   18    -10.185     -5.026    -72.511
 380  392     -5.127     -1.836    -69.710
 388  804      0.384      8.907    -73.229
  -1   -2     -8.715      7.513    -68.761
 531   -2     -9.136     -5.536    -61.073
  -1  389      0.259     -9.556    -60.152
 151  157      6.378     12.124    -73.351
 377  492      1.230     10.551    -70.976
 403  183     -8.354      7.805    -67.216
  -1  149     -4.689    -10.961    -69.426
  -1   -2     -6.858    -12.510    -63.404
 215  411    -12.410      9.994    -71.030
 547  813     -1.018     -9.484    -62.294
 381  119     -9.720     10.030    -65.567
  -1   -2     -7.115      7.408    -60.079
 107  182      2.922     11.261    -66.744
 423  227     -6.662     -8.384    -74.712
  -1   -2     -3.875      3.485    -61.051
  -1   -2      1.981    -11.338    -61.253
  -1   -2     -6.375      5.402    -75.917
  -1   -2      0.788      8.429    -62.038
 132   -2    -11.415      1.294    -72.656
  -1   89     -8.622      3.845    -67.540
  -1  353     11.607      8.010    -66.343
 234  605     -5.154     -1.122    -69.873
  73  449     -4.342     -1.074    -71.769
 414  807     17.103     -3.633    -66.548
 437  431     -9.101     -5.552    -63.284
  90  100     -1.710      8.343    -72.970
 434  415     -8.534     -8.296    -63.001
 502   -2      7.931     10.650    -62.236
 415  188     -0.066     -3.737    -60.736
  -1  508    -13.746     11.189    -65.862
  -1  131     -8.965     10.704    -63.552
 410  423      0.014      4.777    -74.758
  -1   -2    -15.044     -7.491    -73.177
   1   -2     -8.844      2.797    -73.766
 408  323     -0.053     -5.508    -62.928
 412  419     -3.215      4.146    -64.245
  -1   -2    -10.504     10.349    -63.393
 788  414     -0.740    -12.031    -70.493
 190  169     -5.774     -6.823    -69.969
  -1   -2     -7.746      2.056    -77.374
  -1  134     -2.166    -12.038    -64.140
  -1  551      3.876     -7.184    -59.162
  -1   -2     -5.134     -9.767    -58.070
 113  167     -7.803    -11.869    -71.665
  -1  209      0.954     -4.981    -61.601
 159  785     -2.788     -8.188    -69.461
  -1   -2     -4.357     13.335    -63.273
 470   49      8.609      6.946    -67.820
 445  117      8.987    -11.447    -65.514
 313  800     -3.091      5.750    -72.051
 787  406      8.178    -11.115    -60.785
 536  621     -9.634      5.160    -75.789
  -1  413      8.980     -3.219    -61.679
  -1   -2     -4.077     12.009    -65.152
 425  110     -2.715      0.422    -64.762
  -1  426      3.684     10.672    -77.282
 812  833     -6.258     -0.632    -67.940
 487  444     -3.161     -1.696    -63.017
  -1   -2      9.503     10.340    -76.279
  -1   -2     -1.770    -12.528    -70.094
 147  433      4.766      4.079    -64.833
  -1  275      0.642     -2.308    -64.997
 395  398     -0.140    -11.434    -68.935
  -1   -2     -3.873     -3.041    -66.590
  -1  430      1.628    -11.716    -76.157
 448  141      1.229      5.984    -61.720
 627   -2     17.018     -4.875    -72.206
 143   80     -8.389      8.281    -64.349
  -1   -2      3.716     -4.808    -71.184
 436  808     -1.323     -4.746    -66.211
  -1  270      0.117      4.170    -61.125
 440  432      4.645      0.192    -61.409
  -1   -2     -5.159     -7.847    -56.514
 249  264     15.792      9.128    -69.886
  -1   -2     -2.573      9.366    -68.019
  -1  636      7.095     -8.753    -72.016
 247   -2     -6.160     -6.905    -75.390
 409   -2    -12.870     12.130    -73.057
  -1   -2      9.619      0.706    -56.222
  -1   -2      3.769      8.473    -60.076
  52   77     -4.954      6.823    -69.822
  -1   -2      1.259      8.671    -77.499
  -1   -2     13.480     -9.376    -64.143
  -1  154     -1.333     12.519    -67.050
  -1   -2     -2.569    -11.331    -85.565
 500  564     -3.931      9.836    -67.552
  -1   -2      5.058     -7.924    -73.706
 188  575     -4.425     -8.475    -67.275
  -1   -2     12.965      7.418    -75.986
 511  504     -8.094      3.783    -60.635
  -1   -2     14.861     -3.194    -86.173
  -1   -2     -2.892     -8.971    -77.005
  -1   -2      5.268      6.765    -57.248
  -1   -2      9.084     -6.418    -61.406
  -1  234    -16.185     -2.262    -72.934
  -1   -2     -3.304      8.981    -67.420
  -1  408     -9.972    -12.843    -67.798
 318  325     -9.246      2.352    -59.963
  -1  478     16.990    -12.205    -68.083
  -1  427     -1.402     -3.490    -60.483
 651  545     -5.987     -1.753    -62.164
 149  468    -15.605      1.558    -72.806
  -1   -2      1.306      1.231    -58.483
 451  482     12.913    -12.850    -64.253
  -1   -2     12.005     -4.417    -65.835
 481  626     12.734     -7.138    -65.397
 245  645      0.319     -8.927    -77.503
  -1   -2      2.466     -4.637    -58.883
 498  811      7.909     -0.788    -60.582
 506  479     17.897      8.470    -68.853
  -1   -2      4.894     -4.113    -58.211
 501  467      2.838     -4.001    -60.420
 429  599      7.901     -6.670    -62.872
 469   -2      8.812    -11.439    -64.152
  -1  678     -6.435     10.755    -69.134
  -1  600      7.434      7.363    -67.782
 154  520      8.564    -12.607    -66.877
  -1  308     16.121     -1.836    -66.736
  -1  526      3.298    -10.529    -76.910
  -1   -2     -1.018      2.175    -74.837
 192  189      0.931      0.921    -63.613
  -1   -2    -15.395      6.493    -70.852
 389  256      5.978      7.087    -75.450
 277  115      5.481     -7.164    -64.215
  -1   -2      9.403     -7.928    -57.004
 467  163    -12.207     -9.212    -70.243
  -1   -2     17.125     -8.392    -66.127
  -1   -2    -14.890    -12.593    -70.572
  -1   -2     -3.139    -10.187    -64.224
 800  682    -13.663      5.970    -64.948
 477  279     15.822     11.118    -72.756
 492  362     -4.261     -2.348    -61.772
  -1   -2     13.673      3.764    -64.580
  -1   -2      7.821     10.700    -77.200
  -1   -2     -9.451      2.486    -77.392
  -1   -2      6.850    -12.281    -78.048
  -1   -2      0.856     -7.425    -76.944
 184  407    -14.981     -8.292    -73.702
 131  194      3.680    -12.270    -67.545
 694  819     -5.363     -5.402    -58.826
  -1   -2    -14.313    -11.052    -84.711
  -1   -2     -1.915    -10.165    -59.553
 814  343     10.250     -5.852    -70.575
  -1  544     14.355     -6.310    -68.989
  -1  519     -1.712     -0.935    -58.001
  -1  642     -0.405      3.970    -58.660
 273  499      5.764    -10.777    -67.220
  -1   -2      3.246     -5.040    -70.529
  -1  306     -4.106     -3.966    -60.934
  -1   -2      3.709      2.543    -60.294
  -1  328     11.530      6.699    -64.033
  -1   -2     -5.042     -9.643    -59.443
 293  523     -4.596      6.953    -63.541
 613  247      2.756    -11.150    -66.825
 128  420     10.641     12.744    -69.540
 272  795     11.939     10.345    -65.125
  -1   -2    -13.436     -0.237    -75.367
 485  452     -4.679     11.774    -62.171
 322  284      0.121     10.891    -72.841
 319  834      0.192      0.953    -59.082
 411   69      2.812      5.736    -65.147
 203  788     -8.610     13.125    -67.551
  -1   -2    -10.637      4.072    -69.540
 210  241     -6.272     -1.509    -62.116
  -1   -2      4.163      8.263    -55.730
 583  196     -7.589     -1.215    -61.065
  -1   -2    -12.826      1.603    -69.161
  -1   -2      2.441      9.194    -61.004
 300  326    -12.765     -3.881    -64.286
  -1   -2     -0.719     -4.849    -83.204
  -1  718     10.184     12.107    -63.984
  -1   -2     -1.807     -7.345    -61.418
 265  580     15.473      7.584    -64.815
 524   -2     12.093      1.904    -60.690
  -1   -2      6.313     11.256    -59.396
 250   -2     -5.196     -1.304    -75.292
  -1   -2     10.917     -4.173    -62.307
  -1   -2      3.623     -8.701    -57.747
  -1   -2     13.217    -11.642    -87.318
 679  485     -8.128     -8.985    -60.362
 669  818      7.476     -2.571    -62.392
  -1   -2    -10.840     -4.001    -75.848
  -1   -2     17.290     -6.303    -85.816
  -1   -2    -13.423      6.253    -69.629
  -1   -2     -2.733     -4.484    -74.707
 551  814     12.863    -12.238    -64.736
 259  794     12.420     -3.314    -62.353
  -1   -2     11.607    -10.313    -87.752
 518  604     17.342     -6.979    -66.355
 333  495     16.435     10.785    -67.242
  -1   -2     -3.126     -5.614    -77.871
 282  613     16.997     -6.555    -75.569
 312  591      9.304     -0.517    -62.326
 576  835      9.001    -11.914    -61.361
 206  789      4.092     12.211    -73.399
 686  673      8.361     -4.882    -74.460
  -1   -2      0.442     -7.292    -75.592
  -1   -2     10.564     -7.229    -62.368
  -1   -2     15.110     -9.778    -67.985
 334  531      3.165    -10.570    -61.804
  -1   -2      4.492     -0.019    -74.513
 140  454     -2.204      8.574    -66.136
  -1  466      3.262      3.648    -61.718
  -1   -2    -12.699    -11.331    -64.178
  -1   -2     11.779     -5.465    -58.808
  -1   -2      4.008    -12.591    -71.466
  -1   -2     -1.446      8.796    -57.139
  -1   -2     -8.806    -10.421    -82.130
  -1  517     -1.842     -3.251    -60.527
  -1  550    -10.639    -10.310    -57.399
 591   -2      3.553    -11.544    -73.591
  -1   -2      1.779      5.316    -71.184
 558  535     -0.942      7.342    -73.558
  -1  260    -14.342     -1.353    -67.249
 646  666     14.569      3.114    -73.076
 561  381    -13.690     11.810    -67.702
  -1  568    -13.863     -4.158    -64.519
  -1   -2     -7.501     -9.313    -70.076
 345  836      4.698      1.540    -63.328
  -1   -2     13.220     -2.775    -68.954
  -1   -2      3.552     -0.227    -56.354
  -1  300    -11.946     -4.685    -77.366
 684   -2     -9.420      8.095    -64.366
  -1  288     12.963     -4.681    -64.135
 582  363     11.425    -11.391    -68.716
 509  602    -13.152      5.576    -63.695
  -1  603      4.970      5.255    -61.276
 535  486     13.091    -10.330    -65.166
  -1   -2      9.578     12.007    -62.950
  -1   -2    -15.287      8.273    -79.127
  -1   -2      7.474    -12.255    -61.327
  -1  569      0.870    -11.530    -72.332
  -1   -2      8.298    -11.586    -60.820
  -1   -2     -1.207      0.796    -67.242
 302  324     11.537     10.141    -70.137
  -1   -2      7.145     -3.636    -77.586
  -1   -2     11.680     -2.889    -57.386
 542  376     -6.227     -5.179    -65.928
  -1   -2      0.635      5.938    -87.384
  -1   -2      8.083    -10.221    -74.964
  -1   -2    -13.856     10.526    -76.824
 764  297     14.989      9.942    -73.075
  -1   -2      3.662      4.320    -55.570
 643   -2     12.165      2.045    -64.346
  -1   -2      7.976      7.587    -57.671
  -1   -2     10.495     11.772    -73.894
 681  698     17.007      8.981    -71.983
 537   -2     10.263     11.414    -63.864
 115  676     -1.668     10.155    -74.587
  -1   -2    -10.434      7.022    -74.443
 472  473      5.072      4.259    -63.751
  -1   -2     15.854     -9.656    -72.292
 664  563      6.609      3.873    -59.155
 332  801     -5.592     -4.422    -66.704
  -1  501    -10.248     -2.445    -61.311
  -1   -2      8.460    -12.482    -60.332
  -1   -2    -10.534    -10.250    -86.830
 677  691      7.917      2.424    -63.740
  -1   -2     -2.555      6.010    -59.859
  -1   -2      7.823      7.473    -76.351
  -1   -2      3.866      8.833    -52.440
  -1   -2     -5.887     -5.308    -57.334
 685  701     -8.129      5.399    -67.748
  -1   -2      1.860     -4.577    -62.057
 552  450     13.231      8.918    -63.386
  -1   -2     18.485      6.367    -72.435
 577   -2     18.194      4.666    -68.989
 310  296     13.462     -1.992    -66.267
 655  659      4.351      4.578    -69.465
  -1   -2     -5.325     -7.878    -73.460
  -1   -2      9.835     -7.327    -64.776
 373  302      3.940     -2.879    -68.435
  -1  375     -3.192     11.556    -66.272
  -1  506     -3.773     -8.598    -61.785
  -1   -2      4.070      3.126    -68.893
 567  815    -11.223      0.630    -77.270
  -1   -2      0.048    -10.729    -64.272
  -1   -2      4.594     -7.105    -75.612
  -1   -2    -14.673      0.824    -75.873
  -1   -2      7.145      9.302    -53.278
  -1  647     -6.528     -9.014    -63.623
  -1   -2    -12.614      4.843    -68.593
  -1   -2     -1.959      4.225    -61.050
  -1   -2    -14.590      1.177    -74.415
 660   -2    -13.990      7.658    -75.485
 667  817     -4.174      7.129    -71.086
  -1   -2    -15.138      7.736    -81.935
  -1  658      2.467      7.078    -63.859
  -1   -2     -8.375      3.523    -80.276
  -1   -2      0.776     -9.564    -63.810
 622  377     11.210      1.759    -66.866
  -1   -2    -13.876     -6.062    -76.340
  -1   -2    -15.752    -11.438    -76.083
  -1   -2     12.496      9.271    -75.980
 624  565     16.106    -11.827    -68.333
  -1   -2     14.749     12.023    -72.382
  -1  627     -7.521      5.659    -66.805
 338   -2    -11.979     12.291    -66.192
 745  720     11.288      5.555    -65.804
  -1   -2     10.029     11.404    -66.023
  -1   -2      8.082    -11.658    -66.846
  -1   -2     16.403     -8.287    -69.179
  -1   -2     -9.743     -8.359    -66.456
 802  641    -14.237     -8.278    -72.577
 340  667     -8.126     12.061    -67.899
  -1   -2     -5.538     -8.746    -77.642
  -1   -2     -9.383      0.961    -65.368
  -1   -2     -5.543      1.239    -58.809
  -1   -2     -5.946    -11.818    -63.754
  -1   -2    -12.571      4.223    -65.769
  -1   -2    -12.494     -2.584    -86.076
  -1   -2     -3.811     11.110    -60.719
  -1   -2      3.721      0.104    -58.203
 365   -2     15.684      5.558    -72.032
  -1   -2    -12.069     12.182    -68.559
  -1   -2     18.477     10.282    -72.003
  -1   -2      3.359      9.990    -60.569
  -1   -2      7.022      8.085    -64.419
  -1   -2      9.651      1.891    -57.108
  -1  197    -12.170     -8.118    -68.064
  -1   -2      8.408      7.874    -55.047
 604   -2     14.836     -4.916    -65.672
  -1   -2     12.085      9.448    -68.002
 306  373     14.483     10.653    -68.819
 353  643      2.974     -1.143    -77.029
 357   -2    -10.913     -9.279    -68.526
  -1  772     12.700    -12.330    -61.866
  -1   -2     10.549      9.571    -66.654
  -1   -2     -0.690    -10.113    -76.063
  -1  687     17.169      7.350    -74.152
  -1   -2     -9.842      8.049    -63.949
  -1   -2     14.404     11.735    -70.903
  -1   -2      8.393      6.472    -85.844
  -1   -2     -0.954     10.435    -56.527
  -1   -2      9.084      2.747    -67.912
  -1   -2    -10.188     -7.410    -65.239
  -1   -2     -1.686     -6.086    -59.283
  -1   -2     17.375     -8.150    -72.217
  -1   -2     12.898     -0.990    -60.357
  -1   -2    -13.793      8.609    -67.973
  -1   -2      9.765     11.826    -70.911
 368   -2     15.404     -5.172    -72.462
  -1   -2     15.820     -9.585    -64.316
  -1   -2      9.524     -6.534    -56.819
  -1   -2     -2.698     -2.498    -68.760
  -1   -2     16.960    -11.131    -65.071
  -1   -2      9.774      1.615    -57.203
  -1   -2     14.441      4.254    -67.182
  -1   -2     11.750     -3.268    -77.903
  -1   -2    -12.109     11.880    -66.684
 581  762     14.560     -4.082    -76.171
  -1   -2      5.843     -9.695    -66.444
  -1   -2     -0.379      4.033    -64.677
  -1   -2      9.940     -7.344    -74.438
 311  344     -3.559     -6.719    -66.360
  -1   -2     -5.245     -8.980    -67.351
  -1   -2    -10.243     -9.304    -70.093
 585   -2      3.913    -11.460    -72.506
  -1   -2    -13.743      9.456    -67.943
  -1   -2     12.728     10.402    -55.211
  -1   -2      5.702      7.849    -60.398
 298   -2      5.978    -10.294    -65.346
  -1  218      2.093     -1.169    -68.584
  -1   -2     -2.681     -7.909    -81.024
 256   -2    -13.621      3.338    -74.290
  -1   -2    -14.058    -11.429    -79.773
  -1   -2     -8.709     -1.978    -54.673
  -1   -2      4.410    -11.919    -63.764
  -1   -2      6.447      2.024    -75.744
  -1   -2     -2.033     10.167    -64.707
  -1   -2     -6.242     -6.422    -78.024
  -1   -2     12.851     -9.368    -58.240
  -1   -2      7.398      8.782    -57.600
  -1   -2      3.619    -10.396    -71.027
  -1   -2    -13.185    -12.226    -64.824
  -1   -2     -6.547      1.565    -52.609
  -1   -2      7.965     10.445    -67.341
  -1   -2     13.015     -0.934    -63.019
  -1   -2      8.167      4.715    -75.460
  -1   -2    -10.994      7.669    -76.059
  -1   -2      6.721     -3.347    -75.786
  -1   -2     -4.237      8.016    -73.397
 458   -2     -4.727     -9.721    -68.923
  10   -2     -1.912      0.103    -70.607
 769  821     -1.951      5.045    -72.174
 428  445     -7.991      0.238    -61.807
 162  555     -5.896      0.502    -65.935
 801   -2      3.959     -4.445    -69.952
  97  311     -4.437      2.493    -67.729
 466  251    -11.179      6.353    -66.294
 407   -2      2.283      5.611    -70.368
 119  484     -3.169      6.048    -67.430
  -1  422     -2.596     10.577    -59.786
 780   -2     -8.215     13.375    -67.780
 356   -2     14.111     -4.170    -72.802
 497  837     -9.170      2.932    -63.399
 255   -2     -5.621     -8.567    -70.089
 456  481     -6.641    -12.429    -65.938
 327   -2     -9.381      8.460    -64.492
 626   -2      0.731     -1.742    -70.146
  -1  126      1.998      0.607    -68.944
 791  524      7.292     10.857    -73.376
 457  461     -2.755     -3.227    -73.848
 432  148     -1.773     11.969    -61.631
 634  816     18.322    -11.199    -67.708
 463  735    -10.109     -9.597    -61.977
 811  827     -7.145    -10.625    -68.017
 417   -2     -7.686     11.589    -75.702
 529   -2      9.587     -8.423    -63.848
 697  820      5.757      0.512    -66.082
 568  521     -1.202    -11.764    -66.437
 578  561      4.988    -11.699    -66.156
 569  549      7.445     -9.213    -71.141
 781   -2    -15.924     -2.951    -72.709
 349   -2     -5.516     11.323    -70.488
 796   -2      5.947     -5.267    -75.367
 548  838    -13.765      7.918    -74.805
 640   -2      5.287      3.174    -67.218
 693  418     -1.702     -6.867    -76.804
 798   -2      7.461      7.039    -67.341
 723   -2     -0.277     12.412    -66.110
 632   -2     -1.917     11.578    -78.471
 807   -2     -9.574      3.704    -69.867
 795  823      9.155      3.470    -70.372
 806  826      8.255      0.464    -61.933
 805  825     13.000    -12.878    -67.347
 799   -2     12.087    -13.542    -71.336
 797  824     11.893      5.014    -75.543
 111  397      4.230      3.136    -68.015
  -1   -2    -14.953     -6.516    -73.701
  -1   -2     -5.124     -9.394    -71.078
 199   -2      5.432      0.739    -64.633
 204   -2     11.514     -6.374    -70.901
 239  839      8.964     10.211    -74.006
 241  179      2.610     -4.162    -64.458
 335   -2     -4.918      2.641    -62.268
 336   -2      9.106     -1.837    -77.619
 343   -2     -1.288      9.438    -68.577
 475  518      4.584     -0.540    -62.589
 520   -2      9.258      4.987    -57.820
 597  840      9.284     -4.833    -74.486
 768  841      0.078     -5.262    -64.126
 778  369     16.235      2.037    -71.957
 816  566    -11.300     10.904    -65.569
