841
   3    5      2.621      5.428    -68.120
  15    9      2.956      7.636    -70.240
   1    8      6.105      5.769    -71.667
  28   13      0.584      7.130    -66.426
   4    3     -7.544     -2.078    -70.908
  41    2      5.209     -1.097    -69.155
  14   14      7.635      2.401    -68.690
   2   57      1.988      4.538    -70.538
  32   24     -7.899     -6.576    -70.920
   6  775     -2.426     -2.245    -73.913
  89   23     -8.362      7.641    -66.911
  40  779      5.141      1.250    -68.012
   0  145      5.717      9.018    -71.593
   5  375      9.187      1.923    -70.663
  60   12     -7.067     -0.301    -64.547
  36   18      2.343     -2.808    -74.035
  16    4     -2.890      6.454    -69.716
   9  144    -15.594      7.931    -74.495
  47   17      6.022      5.225    -72.023
 108  286     14.290     -1.157    -72.476
   8    6      3.523      5.225    -70.947
  39   31     -2.386      6.483    -66.802
 204   11     -2.948     -0.415    -70.863
 111   40     -4.749     -8.625    -71.534
  31  778      9.563      2.388    -70.917
  78  224     -3.532      0.756    -71.596
 167  190     -8.525      7.929    -73.727
  30   48      4.375     10.622    -68.235
 383   21     -9.198      3.245    -72.175
 181   38      5.621     -7.529    -64.268
  45  388     -4.955     -1.414    -67.953
  35  401     10.421      5.420    -66.858
  82   53     -5.475      1.125    -67.502
 150  125     -0.423      2.743    -71.810
 145  560     -4.239      4.912    -73.366
  46  415     -7.665     -3.196    -77.846
  22  117     -1.683      1.330    -75.182
 252  271     -2.966      6.337    -71.814
  29  405     -1.612      6.323    -71.759
  33   59      4.531      4.812    -68.498
 781   16     -9.586     -7.906    -67.200
  20  393     -3.244      3.869    -68.721
 174  153     -2.436      6.189    -74.605
  17  776      5.924      2.007    -68.550
  50   29      5.292      9.825    -65.655
  34  384      7.720     10.833    -67.903
  51  101      1.878      5.077    -74.680
  -1   36    -12.546     12.138    -73.289
  53   87      5.592     -6.803    -68.137
  71   26     -1.094      5.448    -64.299
 394   46      4.527      5.953    -67.863
 122   27      3.578      7.469    -65.957
  23   -2     -7.028      3.140    -64.973
  42   10     -1.630      1.570    -69.752
 240  177      1.654      2.511    -63.727
 138   94      0.726     -4.721    -64.189
 223   43    -11.614     10.573    -70.999
  48  171     10.987     -2.618    -72.998
  57   37     -7.278      5.247    -67.371
  76   50      7.149      9.565    -64.048
  81  781      1.998     -8.729    -69.318
 101  376      0.336      5.408    -75.657
  97  424     -9.116     12.144    -68.943
 102   75      9.787     -0.330    -67.670
 266  172     15.133     -0.012    -71.869
  72   49     -9.015      2.805    -67.909
  67   61     -8.189      9.741    -64.235
  52   70    -10.611     -2.757    -69.637
 130  147      7.667     -7.384    -67.029
 152   55     -6.721      6.487    -72.505
  55   35      4.047      9.852    -66.977
  58   60     -0.561     -0.782    -70.552
  26   22     -1.225     -7.941    -75.027
 399  244    -14.915      8.214    -69.760
  54   47      0.261      0.884    -65.383
  -1  222      1.301     -0.149    -75.858
 224  176      0.980    -10.642    -70.086
 103  408      4.613      2.629    -68.524
  77  439      5.283    -12.071    -69.054
  99   64      2.492      7.669    -61.709
  12    0     10.233      2.911    -72.481
 139   44     -2.336      5.786    -63.263
  65  151      6.787      6.879    -66.919
 127  146      1.457     -7.875    -65.267
  83   62     -0.468     11.081    -63.983
  73   72     -8.295     -0.028    -66.361
 166   25    -12.768      0.662    -70.825
 172  381     -0.171      4.792    -67.186
  96   80     14.140      4.751    -65.948
 104   86      6.880      1.565    -68.527
  69  780     -2.773      7.611    -67.315
 387  290     -6.750      6.180    -65.950
 415   98      3.194     -4.512    -67.571
  -1  377     -6.774     -7.206    -70.325
  18  427     -9.941     -3.784    -70.408
  92   67     -4.729      3.487    -62.733
 141   76     -1.262    -10.993    -65.453
 142   -2     -6.827      3.828    -65.838
  70   73     -2.021      0.035    -64.832
 175   63      6.020    -11.262    -72.467
 225   71      3.856     -2.574    -65.618
  94  120      6.800     -6.118    -67.996
  -1   -2     -7.454     -8.046    -63.807
 124  155     -7.237     -4.636    -67.777
 213  128    -10.288      7.799    -68.925
 164  164     -6.867      7.422    -61.738
 509  156      1.598     -3.647    -63.070
 136   66      9.801     -3.293    -67.149
 106  154      6.773     -2.928    -66.883
  -1  126     -1.923     -3.816    -67.645
 390   89      0.273    -11.304    -71.051
  98  195     -1.780      1.448    -67.688
 109   92     -9.722     10.656    -65.825
 134  106     -6.161     -0.784    -62.535
  90  112     -1.961    -11.314    -71.085
 114   79    -11.011      0.959    -63.977
 119  136      9.275      8.005    -68.110
 153  103    -10.050     -2.815    -63.443
 392   54     -5.752      7.659    -68.972
 255   90    -15.776     -2.867    -72.569
 100  115     -1.657     -6.861    -70.634
  74  127      2.902     -8.934    -63.854
 335  135      3.955      5.034    -63.277
 244   33      2.060      2.928    -69.297
  -1   74      2.067     -5.099    -64.718
 162  148     -4.009      5.590    -66.350
 156   32    -10.187    -11.224    -68.059
 171  110    -10.524      7.761    -65.863
 498  822     10.339      0.891    -63.459
 121  391     -3.856      2.964    -73.762
 237   19      7.900     -0.619    -73.376
 407  131     -4.926     -8.359    -68.490
 218   -2     -7.198      8.516    -67.190
 126  168     11.182     -3.244    -65.268
  -1  390      1.670      7.751    -71.402
  -1   -2     -4.959     -9.521    -68.865
 140  227     -0.526     -4.749    -63.994
 273   30      1.204     -4.142    -71.654
 424  118     -1.083     -8.527    -65.193
 146  203      5.506      7.033    -76.152
 236  267     -0.589      3.065    -75.148
  -1  591    -10.536     10.470    -69.500
 143  443     -4.622      2.154    -61.732
 135  109     -8.527     -4.199    -64.490
  75   99     13.533      3.114    -68.955
 263  212      7.259     -7.952    -65.895
 182  159      0.535     -1.291    -72.930
 137  188      6.417      8.560    -66.686
 462  805      2.947    -11.641    -71.964
 296  149    -13.263     -1.439    -67.573
  -1   -2      0.953      2.454    -59.740
 125   84      8.696    -11.374    -68.749
  88  446     -2.832      6.551    -65.896
  -1  406      3.261     10.366    -75.680
 403  392      4.071     -5.292    -73.055
  62  122      3.525     -0.737    -69.474
 160   91      0.241     -5.592    -64.859
 690  335    -16.000    -10.329    -73.047
 200  163     -3.349     -7.153    -68.211
  -1  308     -2.187     10.807    -67.913
 165  199    -15.377      5.987    -70.502
  44  192     15.033     10.412    -74.186
 209  166    -10.469     -4.011    -66.403
 782   -2      5.407     11.068    -72.565
 281  276      6.695      5.473    -64.861
 105  782    -13.747      0.785    -67.385
 120  179     -1.481      5.813    -69.198
 241  194    -13.896     10.453    -67.735
  -1   78     -3.661     10.780    -67.845
 177  105     10.883     -0.912    -65.815
 197  169     -8.170      9.185    -66.674
  -1   -2    -11.946      2.839    -64.165
 123  519    -14.038      1.131    -69.719
 457  804      7.290    -11.051    -64.997
 186  274     -9.128      3.701    -75.391
 792  189    -13.938     -2.578    -68.730
 519  165     -9.300     12.506    -64.010
 264  441      6.135      9.128    -63.450
 205  468     -6.737     -3.709    -66.171
 157  160     -5.006     10.320    -64.167
 154  234     -2.689     -0.163    -64.657
 220  137      6.761     -6.211    -64.675
  -1   -2     -3.119     -1.444    -61.900
  61  218      8.996     12.429    -70.431
 478  223     -9.756      3.673    -71.967
  79  129     -1.399     -2.897    -73.226
 184  178    -12.704      7.736    -66.492
 277  531    -12.079     -5.262    -64.569
 217  198     -3.633     -3.337    -62.043
 189  132     -2.296     10.043    -66.115
 380   41      8.904      8.220    -70.692
 238  119     12.184      6.918    -68.029
 817  202      4.033    -10.927    -68.385
 129  206      2.977    -12.599    -70.272
 410  800     -2.833     -1.065    -63.797
 192  337     -4.116     -2.718    -62.930
 144   -2     -6.765      1.301    -63.332
  -1   -2     -7.106     11.404    -75.734
  -1   68      7.148      0.834    -68.947
  37  133      8.561      8.329    -66.802
 528  278      8.881     -8.003    -65.531
 323   51     -3.741      3.793    -67.048
 332  410     11.624      1.906    -63.489
 198  187      0.084     -8.760    -66.275
 441  250    -15.574      2.568    -73.925
 232  296     -7.084      3.004    -71.190
 342   83     15.329     11.573    -73.465
  -1   -2      3.452     11.788    -61.099
 245  162      1.166      3.120    -71.000
 116  102    -11.094      2.715    -72.160
 386  258     -2.185     10.989    -70.627
  84   95     10.358      1.770    -71.342
 520  292     -6.077      7.946    -68.740
 423  248      9.453     -0.640    -71.210
  85  273     10.295      4.182    -69.609
 179  590     -2.611      0.344    -69.258
  87  114      2.368      2.475    -65.831
 168  785     -8.657      1.464    -62.455
  -1  205     -4.188     -7.057    -70.023
 337  134    -13.015     -6.871    -72.657
  -1   -2    -10.565     -9.921    -75.599
  -1   -2    -13.664    -10.257    -75.229
  -1   -2     -6.899     -9.637    -57.004
 231  138     -4.587      7.735    -73.133
 420  193     14.767      2.857    -66.627
 206  280    -14.011     -8.918    -74.811
  -1  512      5.185     -9.508    -61.754
 207  143      5.664     -3.917    -67.502
 288  211    -12.986     12.820    -66.704
  10  394    -12.262      7.655    -72.576
 112  180      8.282     -4.691    -68.867
 180  288     12.329     -1.513    -69.098
 325  303     15.487     -3.282    -74.138
 170  123     11.117     -5.828    -70.446
 278  240    -10.318     -1.746    -62.257
 450   -2      2.406     -1.094    -66.002
 202   88      5.899    -10.193    -67.032
 507  329    -13.113      6.302    -69.465
 243  186     -4.707      7.911    -70.026
  -1  331      8.761     -5.776    -65.717
 147  210    -13.999    -11.686    -70.845
 280  277     12.210      7.327    -67.389
 269  299     -9.449      8.662    -63.157
 487   56     -5.251     -0.419    -75.503
 185  266     -4.290     -2.033    -64.289
 249  285    -14.510      4.504    -69.480
 275  256      6.966     -7.229    -64.597
 195  257     11.111     -1.869    -67.689
 148  113     -1.657      1.320    -64.253
 265  548      0.927     -1.864    -62.957
  -1  281     17.311     -3.590    -68.644
 115  253     -3.915     10.689    -63.683
 470  275     -1.525     -6.569    -62.253
 631  269    -13.628     -3.190    -65.522
 333  309    -14.374      2.502    -67.900
 363  532    -11.549      5.436    -68.508
 297  450     15.323      0.453    -65.153
 290  270     -5.404     -4.095    -72.590
 285  297     14.078     11.099    -69.570
 191  142      5.238      4.357    -63.877
 307  558      8.389      8.121    -65.096
 406  161      2.142      5.126    -65.838
 267   -2      5.039     -2.663    -70.659
 193  312     -4.143      1.817    -75.002
  -1   -2     15.037      5.123    -62.685
 471  520     16.488     -0.847    -66.936
 483  228      1.539      5.579    -61.796
 283  264     10.745    -11.407    -71.964
 787  598      0.858     12.089    -74.081
 294  284     15.831      9.912    -70.653
 321   -2      7.995     10.930    -74.347
 463  216     -6.410      6.342    -70.659
  -1   -2     -5.045      6.945    -61.249
 214  243     -7.620     11.271    -71.224
 555  231    -13.742     11.004    -74.523
  -1  422      0.481    -10.079    -73.307
 300  262      7.072      8.919    -74.019
 570  515      7.721     11.809    -62.012
  -1  272     -5.749     -1.278    -62.356
  -1  402     -5.914     11.028    -76.317
 293  320     13.747      2.083    -74.298
 336  792      8.169     -7.947    -64.509
 594  207     10.570      6.451    -68.263
 305  332     11.967     10.298    -66.551
 350  300     -7.363     -3.730    -68.643
 353  523    -12.209     -5.231    -77.939
 314  219     -6.293     -6.407    -75.782
 242  319     -1.182     -5.382    -69.036
 270  255     -7.346     -3.175    -68.170
 347  305    -11.962     -4.349    -75.457
 599  220     11.625     -0.223    -73.702
 672  348     14.023     -1.349    -65.770
  -1   -2      8.820      5.366    -61.385
  -1  695    -11.255     -4.113    -76.071
 326  322    -10.259     -4.435    -74.423
 661  304     15.056      1.444    -71.984
 268  241    -14.162      9.176    -72.408
  -1   -2      9.644    -11.872    -66.322
 284  334    -13.431      6.165    -67.684
 479   -2      8.140     10.524    -63.690
 339  692     -1.183     -9.765    -68.130
 637  812      6.213      1.402    -71.771
 806   -2     -2.314    -12.310    -67.736
  -1   -2     -5.108     -7.873    -70.926
 313  316    -11.704      0.757    -64.736
 262  247      1.241     -8.304    -65.223
  68  201     -1.606     -7.028    -69.060
 239  543     12.185     10.703    -68.546
 351  572     -4.769     -3.693    -66.002
 260  497     11.873     -5.764    -70.833
 308  790    -14.785    -11.221    -71.131
  -1   -2     -8.074      6.544    -72.525
  -1   -2     14.416     -3.941    -73.281
 247  291      0.925     11.654    -71.439
 352  493     13.377      7.284    -64.400
 699  618     11.164      8.349    -62.832
 788   -2     -4.389     -3.875    -66.638
 495  475      1.238     -1.749    -73.382
 805  185     -9.120     -7.459    -67.850
 215  294     -6.872     12.041    -73.723
 219  347    -14.826     -0.608    -73.773
 203   -2      4.189      1.352    -74.696
 559  663      7.487      5.606    -60.315
 786  353      9.425     -2.936    -71.139
  -1   -2     -8.903     -8.027    -75.861
  -1  445     12.111      8.019    -75.847
  -1  200    -16.019      3.878    -72.035
  -1  252    -13.724    -12.217    -66.394
 500  498     -0.626     -4.708    -60.575
 344  209     -9.989     11.321    -63.826
 253  367    -11.786     -2.339    -65.731
 810  310      6.179      1.883    -67.045
 272   -2      6.247      2.033    -65.152
  -1   -2    -10.044     -5.994    -59.666
 341  687     11.539      8.911    -66.470
 110  158     12.449     -2.379    -72.243
  -1  339     -2.532     -5.006    -66.777
 211  788      9.899     -6.683    -66.083
 230  251     -3.748     -8.244    -74.614
  -1  307    -11.135     11.554    -65.445
  -1  263    -14.232      0.465    -66.830
 316  685     16.049     -8.709    -70.914
 176  681     -5.994     -0.729    -75.288
  -1   -2     -3.981    -11.654    -60.766
 630  479     14.652      3.915    -73.825
 356  217     -5.304    -12.183    -66.439
 620  631      1.793     -4.221    -71.394
 315  298      1.643     10.103    -63.105
 306  789    -12.205     -2.979    -65.367
 158  784      7.725      7.347    -73.265
 621   -2     -9.405      4.878    -62.847
  -1   -2      2.141      9.266    -67.059
 331  221     -2.467     10.615    -75.421
  -1   -2     -2.507      9.382    -66.698
  -1   -2     14.462    -11.360    -64.310
 368  690      3.693     -1.276    -66.736
 151  783     12.293      4.770    -74.062
 375  333      9.849      3.386    -62.429
  -1   -2    -12.059      1.320    -72.437
  -1  648      8.159     -9.973    -70.495
 369  359     -5.049      4.042    -65.524
 565  259    -11.519     -6.981    -64.056
 311  791     -4.520    -10.618    -68.107
 646  725    -15.315     -1.361    -73.138
 282  358     15.691     -2.406    -73.822
 376  357    -13.428     12.010    -67.546
  -1   -2     -6.515     -6.350    -70.053
  -1  226     -1.458     -6.089    -77.449
 591  245     -5.881      1.226    -71.486
 187  447    -12.218     -1.127    -74.602
  -1  586     15.490     -7.785    -69.620
 310  370      1.000      6.271    -73.232
  -1   -2     17.024     -7.199    -72.467
 365  796      2.087     -6.278    -67.382
 655  706      5.254     -2.936    -67.571
 360   -2     -5.490      6.596    -69.227
  -1   -2    -10.254      6.745    -67.350
  -1   -2    -13.490     -9.906    -69.092
  -1   -2    -11.870     -9.529    -69.165
 364  795     17.319     -0.999    -72.821
 309  699      7.610    -11.668    -70.200
  -1   -2      5.709    -12.386    -69.006
  -1   -2    -11.566     12.835    -65.996
  -1   -2     -4.346     -6.748    -63.875
  -1  585     -9.590     -3.188    -76.322
  -1   -2     -6.403     -5.361    -69.765
 377   15     -8.242      3.139    -73.945
  -1  124     -4.006     -1.623    -74.400
 348  793      2.425     -1.338    -72.906
  -1  232     -4.753     -5.222    -70.861
 388   65      1.226      7.469    -75.055
 419  801      0.522     -2.931    -61.054
 320  254      6.825     -0.755    -72.435
 398    7     -5.022      5.541    -69.703
  27  170    -10.440     -0.808    -75.808
  11   20     -5.128     -0.232    -69.981
  -1   -2     -0.195     10.186    -65.146
  -1    1     -5.713      7.082    -71.568
  -1   -2     -4.163     -6.289    -74.286
 107   -2      2.786     13.028    -66.877
  -1  442      7.035     -8.409    -68.570
  24   93     -6.358      1.497    -66.867
  19   39      0.069     12.608    -65.306
 790  819     11.243     11.288    -65.419
  -1   -2     -2.014     -6.603    -59.586
  -1  197     -2.895     11.572    -61.470
  -1   -2    -11.076      2.639    -66.168
 222  431     16.300      8.649    -65.131
 385  425     -5.082      0.349    -70.223
  38  121      2.048      6.923    -70.594
  -1   -2      5.894    -10.109    -77.004
 784  438      9.023     -7.443    -64.163
  -1   -2     -9.234      5.932    -86.172
 118  167     -8.808     11.350    -64.021
  -1  397    -12.972     -5.569    -71.641
  66   -2     -0.156      7.666    -60.279
  -1   -2      2.237     11.096    -61.755
  -1   -2      6.067     -0.604    -71.534
 408   -2      2.204    -10.270    -72.996
 397  400     14.362     -5.872    -66.733
 400  404      9.086    -10.645    -60.379
  13  555     -0.231      9.346    -73.916
 250  184     13.652      5.281    -75.259
 785  191     11.545     -8.990    -67.050
 381  386     -1.820     12.965    -62.074
 472  213     -1.415      0.303    -69.535
  -1   -2      4.928     -8.953    -74.363
 595  324     -3.313      0.800    -74.188
 412  100     11.590      1.414    -66.640
  -1   -2    -13.425     -7.928    -66.987
 461  208     14.456     -9.943    -64.599
  -1   -2     10.562      5.596    -63.045
  -1   -2    -10.583     -8.190    -58.991
 276  173     -6.046     10.424    -64.045
  -1  466     -2.737     10.339    -55.945
 425  407     -9.525     -9.697    -63.199
  -1   -2      1.290     -7.665    -61.232
 608  474      9.210     -3.889    -62.321
  -1   -2    -14.714      8.755    -77.031
  -1   -2     -3.834      6.238    -77.622
 117   -2    -11.651     -6.504    -69.092
 800  398      1.979    -11.063    -72.509
  -1   -2     -6.198      5.375    -75.816
 442  418      5.013      4.482    -61.083
 803  111      2.517     -7.859    -62.446
 434   28     -1.322    -11.557    -71.072
 440  510      3.689     -2.514    -60.726
 436  430     -7.774      1.076    -65.851
 159   -2     -7.560     -9.752    -64.305
 467  343      2.294      2.605    -76.832
  -1   -2    -12.737      8.163    -70.718
 728  823     -9.462      9.791    -75.153
  -1   -2     -1.939     12.215    -67.041
  -1   -2     -3.233      6.700    -60.555
  -1   -2     -5.603      9.175    -60.377
 447  536      3.127     -3.106    -59.689
  -1   -2     -6.736    -12.147    -61.941
 199  787      4.097     -6.010    -76.311
  -1   -2     -4.882     -6.725    -64.047
  -1   -2      5.692      2.011    -62.446
 548  808     -8.829    -12.738    -65.652
 428  802     -5.994     -6.805    -60.382
 431  503      8.154     -8.337    -72.208
 234  325     -1.797      9.754    -74.279
 486  552    -11.537      5.383    -61.961
 201  437     12.864     -1.903    -75.500
  -1   -2     -5.603    -12.897    -64.192
 417   -2      8.872     -6.259    -71.431
 235  472    -13.290    -11.322    -71.208
 299  436     -7.408     -0.616    -61.741
  -1   -2      0.771     -9.481    -62.732
 259  141     15.935      7.158    -68.525
 132  183     10.333      9.497    -67.672
 525   -2     14.878      9.824    -65.541
  -1   -2     15.235      7.282    -62.539
  -1   -2     11.953     -9.054    -68.824
  -1   -2     -5.029     -8.513    -55.363
 453  174     -3.345     -1.441    -66.201
  -1   -2      3.254    -10.350    -73.092
 514  481     13.542     -1.600    -62.997
  -1  314     -6.667    -11.264    -65.592
 816   -2     14.925      4.612    -64.713
 499  260     10.598     10.950    -63.906
 544  478     13.856    -11.709    -65.070
  -1   69      2.433      6.122    -72.950
 357  249      2.834      1.052    -69.106
 178  786      1.737     -8.356    -65.169
 490  806      5.269     -4.854    -81.924
  -1   -2     -7.935     -9.286    -53.799
 532  403      8.370     -0.905    -73.729
  -1   -2      9.435    -10.565    -61.809
 155  108     -5.963      2.696    -61.970
 476  501    -13.262     11.770    -65.600
  -1   -2     -5.974     11.214    -57.479
 475   42     -4.285     -4.420    -69.818
 501  504     -5.480     -2.321    -75.435
  -1   -2     -5.314     -5.204    -77.755
  -1   -2      4.693     10.473    -59.980
  -1  225      4.277     -2.625    -63.233
  -1  656      2.991      3.877    -77.280
 233  573      6.097      1.606    -65.717
  -1   -2     10.297    -11.507    -68.683
 190  516     -8.208     11.550    -70.473
 783   -2      3.043     10.122    -73.330
  -1   -2      1.376     -9.023    -59.216
  -1   -2      2.642    -11.293    -70.091
  -1   -2      7.240    -10.328    -67.021
  -1   -2      1.607     -8.629    -65.262
  -1   -2      4.258    -11.792    -77.723
  -1   -2     -2.575    -12.695    -65.970
 577  242      0.259      5.848    -59.264
  -1   -2      6.849     -9.937    -87.816
 523  496     -6.063      0.993    -62.244
  -1   -2     15.950     -5.136    -66.165
 196   -2     -4.000      7.681    -71.593
  -1  708      5.169    -11.195    -74.134
 149   81      4.954     -6.241    -76.409
  -1   -2     14.429     -6.906    -72.831
 705  824     -4.121     -8.305    -60.017
  -1  444     15.831     -9.755    -67.897
 409  341     13.157     -1.539    -73.178
  -1  428      6.393      5.960    -63.554
  -1   -2     -5.001     -8.785    -64.791
  -1   -2     -9.991      4.975    -72.191
 527  539     13.003     -2.069    -62.378
 210   97    -12.378      2.892    -77.408
  -1  289     -3.240     -6.192    -59.513
 455  453    -13.986     -0.393    -65.844
  -1   -2      1.218     -8.291    -61.413
  -1   -2    -13.740    -10.381    -87.735
 173  533      8.338      9.650    -72.091
 226  321      5.920      0.630    -63.066
  -1   -2     17.593     11.167    -68.409
  -1   -2      1.730    -12.453    -68.317
 324  421     -3.763     -0.860    -66.973
  -1   -2     -1.345      6.026    -60.232
 566   -2    -13.847      8.536    -74.541
 530  513      9.602    -11.511    -66.396
 370  797     11.675      2.138    -67.793
  -1   -2     10.525     -6.658    -62.253
 330   96    -11.543     -7.593    -71.400
 639  455     18.190      3.980    -71.218
  -1   -2    -12.559      6.841    -62.477
 567  707     16.646     -6.179    -63.496
 229   -2     -2.815    -11.919    -67.551
  -1   -2     14.578      1.612    -62.495
 576  578     17.839    -11.506    -68.581
 464  538     14.864     -5.200    -73.214
 524  150     14.842    -10.140    -74.514
 493  480     -1.141      0.264    -58.999
  -1   -2      3.936      1.607    -57.171
  -1   -2     -7.789     -1.812    -60.427
  -1   -2    -15.351     -9.320    -85.901
  -1  580      0.037    -10.676    -67.370
  -1   -2      1.314     -5.670    -56.584
  -1   -2      4.602    -10.900    -63.281
  64   -2     -5.007     -1.380    -74.370
  -1   -2     -5.252      1.090    -64.055
 354   -2     -4.911      9.977    -62.724
  -1  569      9.307    -10.137    -63.350
  -1   -2     -9.597      3.096    -60.554
 511  469     17.245     -2.822    -66.650
  -1  514    -15.291     -6.670    -74.670
  -1   -2      3.759     10.252    -61.756
  -1   -2     -1.169     -2.219    -61.001
  -1   -2     -0.768     -2.446    -60.748
  -1  318    -10.696     -2.589    -61.981
 274  825     -3.444     -7.473    -62.266
  -1   -2      6.024     -2.363    -59.543
  -1   -2     10.238     -2.418    -66.672
  -1   -2    -13.874    -10.696    -65.012
 701  529      8.469     -1.111    -63.852
 444  803      5.317      9.194    -61.419
  -1   -2     14.822     10.164    -65.974
 133   45      8.951     -0.211    -71.871
  -1  236      6.470      2.991    -63.156
  -1   -2     -8.111     -7.254    -67.962
  -1   -2     10.096     12.921    -63.728
  -1   -2     -6.346    -12.595    -65.111
 598  606     17.397     -8.065    -66.405
  -1  634      6.164      0.346    -73.459
  -1   -2      7.431      9.467    -62.362
  -1   -2    -11.689     10.891    -64.041
 312   -2     13.967     -5.952    -68.630
 628  811     -0.273      3.600    -59.883
 613  323     -9.501     10.529    -75.094
  -1   -2     17.023      9.455    -72.955
  -1   -2     10.650    -12.704    -66.622
  -1   -2     -2.501      4.779    -58.526
  -1  140     -8.889     -8.002    -70.324
  -1  694     17.728      7.472    -73.248
  -1   -2     10.448     -6.210    -58.527
 543  583      6.932     -9.478    -65.527
  -1   -2     14.820      7.917    -61.615
  -1   -2      8.045    -10.875    -60.390
  -1   -2     11.799     10.631    -70.868
 551   -2      3.282     10.780    -73.477
  -1   -2      7.420    -10.457    -84.095
 301  679     13.996     -3.856    -65.147
  -1   -2     -7.785      2.592    -84.346
 216  282      9.741      8.195    -63.284
  -1   -2      1.802    -12.112    -64.289
  -1   -2      9.349      9.517    -61.371
  -1   -2     11.996     -2.544    -77.672
  -1   -2     -2.662      3.696    -56.623
  -1  452    -10.578      3.952    -74.248
  -1   -2     16.903     -9.732    -68.197
  -1   -2     -8.441     -2.305    -53.775
 291  592     12.576      0.318    -71.946
  -1   -2     -9.611     12.678    -62.902
  -1   -2     -5.022     -6.898    -71.046
  -1   -2      1.943     -7.290    -54.579
 638  599     10.346      5.492    -64.640
 583  587     15.086     -0.488    -64.901
  -1  330    -11.018    -11.255    -60.735
  -1   -2    -14.587     -7.050    -77.249
 372  313    -15.528      1.188    -73.878
  -1   -2    -12.227    -11.188    -67.771
  -1   -2     -3.029      5.774    -69.516
  -1   -2     11.912     -1.323    -62.248
 371  798    -14.041      8.037    -75.537
 667  340     -9.232    -12.444    -65.963
  -1   -2     -4.533     10.487    -69.683
  -1  366      1.526     10.306    -65.015
  -1   -2     -2.573      8.969    -59.575
  -1   -2     -4.107    -12.515    -73.506
  -1   -2     -9.629    -11.085    -75.708
  -1   -2      3.602      7.479    -61.665
  -1   -2     13.115     -4.596    -60.790
  -1   -2      4.450      1.942    -59.452
 568  639     17.459    -12.632    -68.031
  -1   -2     14.937     -9.290    -66.739
  -1   -2      6.440      8.413    -79.779
  -1   -2     -9.603     -5.908    -66.827
 345  636     14.073      0.111    -63.339
 604  557     -7.807     13.441    -61.463
  -1   -2     -7.467    -12.475    -73.045
 764  499     -4.262     -9.001    -58.988
  -1   -2      5.985     -5.090    -57.969
 625   -2      7.520     10.001    -64.258
  -1  283      6.935      1.196    -61.094
 422  662     -7.997      5.658    -60.049
  -1   -2     12.666     -2.798    -71.220
  -1   -2     13.899    -12.992    -67.612
 685  826     12.432      8.929    -72.976
  -1   -2     13.660     -2.807    -75.050
  -1   -2     -9.423    -12.588    -65.144
  -1   -2     -4.877     10.173    -70.088
 750  500     12.665     10.157    -64.558
  -1   -2     10.183     -9.156    -59.884
 362  748      1.169      0.716    -65.660
 587  691     16.960    -11.285    -68.198
  -1   -2     18.321     -9.019    -75.225
  -1   -2     -3.711      9.628    -63.299
 748  612      6.065     -2.204    -64.403
  -1   -2     12.707     -6.801    -64.395
 659  827     18.611    -12.762    -69.645
  -1   -2      0.836     12.133    -67.264
  -1   -2    -11.676     -4.300    -72.207
 709  816      1.750     -4.799    -60.816
  -1   -2      1.462      9.632    -66.141
  -1   -2    -10.226     10.612    -79.022
  -1   -2     14.791     12.755    -69.428
  -1   -2    -13.520    -12.253    -76.854
 343  828     12.546      8.509    -64.512
 584  627     18.423     10.909    -72.130
  -1   -2     -6.941      0.096    -56.123
  -1   -2     -5.190     -4.325    -59.234
  -1   -2     11.846     -7.679    -61.176
  -1   -2    -13.724     11.327    -75.283
  -1   -2    -14.516     11.102    -75.415
 650   -2    -15.801      8.960    -76.394
 271  345    -13.742     -9.399    -69.116
  -1   -2     11.835     -3.679    -75.715
  -1  659     -9.112    -12.129    -61.514
  -1   -2     -8.729      9.640    -59.565
  -1   -2     -7.440      1.676    -76.572
  -1   -2    -11.777     12.336    -65.376
  -1   -2      2.435     -0.689    -64.752
  -1   -2     -4.708      5.711    -58.615
  -1   -2      8.478     10.275    -77.941
  -1   -2     -5.907     10.525    -70.163
  -1   -2     -8.987     11.465    -72.069
 693  814      1.759     -0.461    -70.163
  -1   -2      4.649     -2.804    -56.145
  -1   -2     -5.723     12.200    -71.131
  -1   -2    -13.894     -2.066    -76.730
  -1   -2      8.033     -6.127    -53.586
 703  632      9.197     -5.426    -62.901
  -1  693    -13.078      9.024    -68.150
  -1  238    -16.252     -1.183    -72.224
  -1   -2     -4.350     -3.130    -66.230
  -1   -2      5.439     11.384    -65.546
  -1   -2      5.750    -11.899    -69.122
  -1   -2     -0.330     -4.423    -72.504
  -1  704     13.166      3.294    -65.189
  -1   -2    -12.325     10.018    -61.797
  -1   -2      7.932    -10.874    -58.905
  -1   -2     15.733      0.036    -77.773
  -1   -2      7.451      3.101    -74.674
  -1   -2     -4.241     -5.112    -56.902
  -1   -2     13.279     -5.424    -63.999
  -1   -2     13.526     12.162    -69.101
  -1   -2      7.689      0.455    -53.496
 489  696     -4.433     -0.560    -64.142
  -1  628     -1.938      8.001    -76.359
  -1   -2     17.587      4.829    -72.007
  -1   -2      2.357    -12.100    -63.453
  -1   -2     11.983      4.921    -64.117
  -1   -2     -7.925     -9.925    -74.482
  -1   -2      8.975     10.350    -59.902
  -1   -2     -4.140     -4.834    -62.150
  -1   -2      8.733     -2.891    -66.047
  -1   -2    -11.413     -6.874    -75.666
  -1   -2      4.533    -12.071    -66.620
  -1   -2     16.063    -11.760    -68.842
  -1   -2      2.560     -0.211    -77.869
 468   -2    -15.330     -6.197    -76.110
  -1   -2     -3.813      6.951    -53.655
  -1   -2    -10.407     -9.615    -67.875
  -1  649     16.551      6.456    -65.808
  -1   -2     -6.104      9.255    -64.515
  -1   -2      9.268     11.439    -62.565
  -1   -2      4.062      7.340    -67.468
  -1   -2    -10.143     -7.416    -70.048
  -1   -2     16.008      0.729    -79.389
  -1   -2     15.946     11.762    -66.826
  -1  676     17.956     -6.394    -66.976
  -1   -2     13.647     10.367    -63.867
  -1   -2     -1.740      1.408    -72.665
  -1  576     -9.940      5.774    -64.110
  -1   -2     -6.944     -9.398    -67.333
  -1   -2    -13.205      1.318    -77.244
  -1   -2      1.411      8.305    -62.136
  -1   -2     13.704     -3.605    -72.710
 680  813     -9.759      1.099    -67.124
  -1   -2    -10.981      1.542    -69.460
  -1   -2    -14.812     -3.395    -85.665
  -1   -2     -7.098     -1.675    -69.816
  -1   -2     -4.600     -7.241    -72.082
  -1   -2     16.608     -6.075    -75.282
  -1   -2    -12.442     -3.141    -86.297
  -1   -2     13.585     -6.270    -65.891
  -1   -2     14.958     -2.455    -63.228
  -1   -2     12.631    -13.105    -74.283
 292  718     -2.339     -1.995    -69.905
 737  712     16.492      2.597    -72.529
  -1   -2      3.515     11.718    -77.701
 592  809     -6.059     11.395    -69.566
  -1   -2     -2.698     10.017    -54.789
  -1   -2      7.359      4.723    -71.467
  -1   -2    -10.117     -3.231    -87.223
  -1   -2     -3.499      8.683    -52.809
  -1   -2    -11.416     -0.038    -63.752
  -1   -2      7.505     -8.688    -54.297
  -1   -2      0.941     -0.533    -75.716
 349  829      1.696    -11.616    -75.308
  -1   -2     -9.603     -8.298    -73.177
  -1   -2     -5.790      0.090    -60.516
  -1   -2     -0.591     -4.740    -82.060
  -1   -2      6.716     -9.348    -57.648
  -1   -2      0.199      1.770    -67.402
  -1   -2      9.309      2.117    -62.185
  -1   -2     -6.952     -6.009    -56.654
  -1   -2     -7.378      9.754    -59.792
  -1   -2      2.886     -2.937    -55.483
  -1   -2     -6.487      1.982    -56.753
  -1   -2    -14.271      2.170    -73.785
 113   -2      1.723      8.653    -77.553
  -1   -2     -7.376     -8.080    -71.339
  -1   -2    -11.575    -10.685    -62.615
  -1   -2      8.146     -7.563    -87.193
  -1   -2      3.841      8.595    -52.987
  -1   -2     12.761     -6.015    -67.063
  -1   -2     11.226    -10.420    -57.301
  -1   -2    -13.495      9.549    -67.443
 824  830     -7.139      6.567    -67.938
  -1   -2    -10.286     11.351    -73.590
  -1   -2    -12.117      5.170    -65.449
  -1   -2      2.293     11.317    -72.902
  -1   -2    -13.298     -5.257    -83.260
 474   -2      4.600     13.665    -65.484
  56   -2      5.031      3.791    -70.979
 780  449    -10.665      1.735    -73.448
 131  594      5.814     -1.466    -72.141
 389  399      3.196    -11.406    -69.347
 254   85     -0.790     -3.167    -67.181
  59  831     -6.230     -8.003    -75.090
 256   -2    -11.584     11.004    -65.760
 251  600    -14.249     10.885    -77.012
  -1   -2    -12.962      4.315    -66.913
 521   -2    -10.895      3.830    -75.353
 328   -2     -7.893     10.352    -63.736
 279   -2     -4.542     -4.633    -75.425
 580  545    -12.843      3.904    -75.067
 361   -2    -12.797    -11.176    -75.276
  -1  354     -5.596      6.545    -69.300
 340   -2     11.893    -11.985    -68.880
 327   -2     -4.554      7.341    -66.967
 698   -2    -11.329     -8.687    -72.644
 346  617      8.023     -4.362    -75.188
  25  777      2.005      8.374    -71.689
  80  832     -4.398      8.476    -64.016
  43  374      1.844     10.647    -69.253
 401   -2      8.654     -5.544    -73.282
 480  379     -8.555      3.811    -69.383
 427  382     -7.094    -10.918    -71.558
  -1   -2     -9.741     -3.823    -59.813
 393  799      3.177     -5.747    -75.583
 477   -2    -13.138     -8.185    -64.422
 432  494     -4.488     11.749    -72.574
 496  807     -0.616     -0.580    -70.541
 813  820    -13.335      7.263    -64.183
 715  817    -11.781     12.158    -66.729
 303  448     10.238     -1.940    -63.319
 618   -2     16.390     -8.462    -65.503
 448   -2      4.426     -3.943    -70.632
 626  810     -9.168      6.541    -73.269
 358  657     13.089     -4.207    -66.341
 814   -2      1.100    -10.929    -65.094
 749   -2      3.531     -2.211    -65.867
 744   -2      4.383     -1.198    -69.104
 809   -2    -13.826      5.268    -71.295
 692  589     -2.767     -1.237    -68.530
 818  602     -6.687     -2.348    -68.112
 819  821      5.958     10.959    -74.699
 208  204     -5.486     -7.504    -71.314
 228  615      4.248     -7.651    -67.172
 334  833     -7.830      0.475    -72.094
 367  647      3.611      8.586    -64.401
 607   -2    -10.224     10.830    -76.765
 653  414     -6.016     -7.217    -65.355
 695   -2     -9.430     -1.910    -70.484
 793  834      0.487     -5.737    -63.638
 798  835     14.044      0.483    -59.554
 820  104    -10.000     -3.096    -72.219
 823   -2     14.364      7.613    -74.869
 825   -2    -14.019     -7.273    -73.446
 827   -2     -6.912     -7.908    -61.662
 828   -2     -3.099     -6.863    -74.993
 829   -2      5.632      7.120    -61.604
