830
 358   16     -3.990     -3.409    -70.978
   0    1      5.715      9.131    -72.037
   3    6    -11.195     10.274    -72.622
   6    2      6.155      5.591    -71.608
  15    4     -6.177      1.086    -70.482
 365  410      5.853     11.280    -73.229
   4   23    -10.593      2.168    -70.539
  17    9     10.204      5.007    -72.829
 361   44     -0.644      4.388    -68.772
  10   49     -0.536      5.089    -69.357
  14   67     -1.777     12.328    -72.301
  12   14      1.505      9.116    -69.798
  24   91     -8.094     -4.235    -75.302
  41   26      0.251      6.975    -70.540
  34   57    -10.504      4.934    -71.812
   9   10      4.195     10.031    -70.134
  20   15      0.361      8.946    -68.288
  50  368     -5.235      0.039    -72.307
  35   52      5.657      7.412    -73.198
  21   11     -2.291      6.109    -67.325
  45  137     -6.125      5.003    -74.084
  11   53      1.641      9.505    -67.209
  49    5     -7.320      5.520    -72.385
  26   25     -9.655      7.378    -65.793
  62   43      0.726     10.478    -64.682
  23   55      8.135     -4.340    -67.923
  16   17      3.622      7.921    -68.925
  19  199     16.048      3.829    -70.508
  30   18      2.587     -6.318    -69.953
 438   77     -0.416      3.761    -75.538
  25   27     -1.456      8.143    -67.058
  32  389     -1.528     -0.283    -70.693
  43  384     -4.713      5.172    -68.690
  48  209      6.211      2.094    -67.183
  37  761     -2.598      1.794    -67.224
  85   39     -4.211     -5.749    -71.071
  38   33     -1.778     10.841    -65.914
  76   36     -9.446      9.841    -69.412
 136  189    -13.898     10.661    -74.922
 332   54      4.206     -3.402    -70.509
  33    0     -9.499     -1.523    -74.333
  -1  106      0.197      4.551    -68.818
  52   85      2.004      0.623    -71.334
  42   81     -4.969      5.105    -65.618
 391  121     -0.601      2.712    -73.706
  22   20      0.891      4.733    -68.086
 530   29      3.351     -1.585    -68.368
  27   65    -10.218     -1.454    -70.527
 180   -2     11.716      6.459    -75.528
 104    3      3.338      2.628    -73.286
 113   46     -5.423     -2.334    -66.382
   1  468     -6.677      4.977    -72.604
 182   31     -8.274     -7.192    -72.378
  47   58      2.276      5.377    -64.654
  -1  160      2.148     -4.747    -62.476
  44   37      6.021      0.668    -64.813
 366  365      4.077      4.634    -71.079
 172   45     -9.381     -0.501    -71.410
 125    7    -14.640     10.071    -74.421
 126   48     -6.220      8.439    -68.677
  55   59      4.570    -11.043    -68.868
  31  475     -3.573     12.779    -67.349
  58   66      2.385      4.274    -64.979
 131   79      8.268     -5.244    -68.141
 412   50     -6.164      0.161    -64.373
  56   68     -8.644      7.404    -66.821
 141   99    -13.523      0.748    -67.419
   5   -2     15.878     10.142    -72.655
  77  100     -1.168     10.893    -70.758
  97  377     -3.772      5.934    -63.244
 392  132     -5.670      6.695    -62.068
  72   82      6.349     -4.799    -66.523
  82   95     11.145     -8.317    -66.499
  29  287      5.299     -3.589    -69.483
  69  260     13.737      5.754    -66.373
 384  149     -3.982     10.567    -66.111
 459   47      1.664      1.262    -68.625
  -1  118      6.527      0.481    -64.115
  51  762     -0.644      7.529    -64.675
  36  109     -1.463      9.121    -64.899
  95  225    -13.636     11.566    -74.435
 184  247      4.475      9.985    -73.827
  -1   -2     -1.531     -2.686    -67.674
 203  178     -5.773     10.708    -64.504
 110   69     -7.063      3.141    -64.552
  66   73    -11.931      6.510    -66.604
  73   61      5.697      6.527    -64.660
  57  763      7.977     -3.296    -65.784
  92  170     -1.655      1.943    -64.404
  40  391      5.053     -2.071    -69.824
  -1   84      3.063    -10.505    -66.680
 123  181      4.124     -7.103    -65.185
  90   96     -1.489      0.091    -64.431
  -1  270     -5.759      7.363    -66.888
 368  420      7.361      9.300    -68.027
 485  156     -5.785      7.108    -62.541
 109   76    -12.011      4.560    -71.123
  59  119    -10.162      2.088    -67.951
 387  183      2.355     12.277    -72.077
  94  159    -13.570      2.885    -72.809
 196  500      2.241      2.558    -69.908
 524  171     -2.704      3.274    -65.594
 175  127     -1.452      9.118    -71.488
  -1  276     -7.545      5.506    -63.112
  18   41     -3.611      6.860    -73.745
 158  120     -3.982      3.581    -61.889
 142  145    -16.080    -11.290    -73.999
 108  681      4.797     -7.870    -74.534
 390   -2      1.900      7.648    -65.751
  91  394     -8.088     10.829    -76.451
  -1   12      0.958     -6.859    -76.143
  89  174     -5.685     -1.954    -61.398
  -1  173      0.813     -7.707    -71.288
 367   83      7.018     12.851    -66.972
  -1   -2      3.835     -1.156    -67.610
 200  122    -11.477      8.875    -69.798
  -1   -2    -12.239     -9.066    -66.511
   8   64     11.300      8.045    -71.375
 139  254     -2.236     12.098    -65.630
  80  124     -8.276      1.009    -67.734
 160  102     -2.557    -11.269    -66.073
 144  144     16.252      0.800    -74.054
  -1  402      5.746      2.676    -62.798
  -1  176     -4.166     -2.447    -68.350
 669   72     -4.856      4.388    -63.406
  84   -2     -4.530     -6.693    -62.827
 318  134     -2.869     -1.693    -71.493
  13   78     -2.717      2.618    -72.819
 611  164     -9.616     -2.633    -64.061
 117  150      2.285     -0.057    -64.360
 254  215     -7.223      7.572    -75.948
 116  379      3.013     -9.804    -66.745
 133  123     -0.230     -7.842    -64.560
 130  196     -9.185     12.977    -66.560
 132  113      9.740      2.311    -60.701
 253  296      7.220      5.972    -70.748
 176  198     14.596      2.214    -67.763
 154  110      1.079    -10.982    -66.503
  87  168     13.959      5.538    -68.499
  -1   -2      8.611     -8.136    -73.553
 216   71      4.069      8.985    -69.872
 201  138      8.779      0.160    -64.352
  98  128     -6.868      9.855    -66.724
 164  133     -2.447    -11.465    -68.379
  39   30      0.276     -2.616    -71.354
  70   94      9.323     11.024    -72.156
 805  129      4.006      1.459    -64.957
 100  142     11.057     10.772    -69.319
 490  140     -6.679     -9.125    -66.018
 169  167      4.215     12.198    -65.182
 798   89     -2.267     -8.320    -69.110
 291  177     -1.124     -6.143    -72.855
 102  190      2.094     -4.914    -67.167
 124  564    -13.198     -0.732    -67.954
 265  213    -13.671     -5.786    -69.140
 799   -2     -6.548      2.570    -62.248
 621  219     -9.652      5.529    -73.407
 827  227    -11.672      6.090    -73.991
  -1   -2     -4.514      4.711    -60.384
 181  175     -9.960     -9.265    -66.749
 430  687     17.829      9.490    -70.392
 272  262      3.394     -5.714    -70.879
 655  207      4.866     -6.744    -71.352
 111  221     -2.076      9.627    -66.024
 121  131     -2.504     -6.638    -63.159
 289   -2     -0.009     -7.921    -67.211
 212  165     -1.451      7.002    -74.068
  -1   -2     -9.019     -3.647    -64.710
 129  191     -5.506      3.463    -63.743
 419   -2     -1.798     -1.965    -61.970
 479  117      7.345     -8.880    -74.046
 214  267     -7.384     -0.159    -61.382
 166  154     11.949      0.364    -65.782
 382   40      7.880     -0.195    -67.807
 452   -2      8.478     10.696    -75.133
 186  224      0.946      1.946    -61.619
 155  130     -0.894     -0.983    -62.187
 263  331     10.116      4.991    -66.644
 259  146     -5.251     -8.287    -67.680
 161  252      5.367      0.819    -67.930
 797  147      6.777      4.391    -67.460
  71  192      1.506      1.882    -68.884
 281  230     14.718      0.868    -74.528
 197   -2    -15.751      6.738    -70.834
 230  281     -3.712     -8.912    -74.154
 408  624     -2.278     -8.186    -61.469
  63  400    -10.306    -11.259    -72.431
 195  163     -2.900      1.220    -62.591
  -1  528      3.513     -5.567    -73.935
  -1  424      4.756      2.556    -62.733
  86  153      9.370     11.424    -66.605
 278   -2      6.937    -11.317    -66.594
 226  481     -6.749     13.007    -64.603
  -1  103     10.783     -2.147    -68.243
  -1  158     -8.485     -9.373    -65.343
 264   -2    -10.041      1.619    -63.087
 298  166    -10.820     -7.015    -71.966
  65   62      5.614     -4.554    -67.279
 162  115    -11.185      9.839    -70.355
  -1  182    -13.870      7.806    -69.735
 188   63     -2.085     -2.650    -63.360
 295  114     12.089      4.822    -65.553
 707  317     -7.772     -3.963    -63.700
  61   51      6.268      9.974    -69.283
 239  253      6.715      4.477    -63.221
  -1   70     -4.685    -11.790    -67.389
 207  223    -12.214     -2.386    -64.185
 105  151      9.987      1.761    -73.028
 266  204    -15.698      2.779    -71.569
  28  283      5.611      2.150    -73.385
 146  319     -2.320     -9.887    -68.779
 140  618     -4.996    -11.174    -63.745
 310  242      2.572     -9.265    -72.501
  -1   -2     -3.587      1.804    -77.309
 577  200    -15.166      9.839    -77.748
 191  769     15.526      6.170    -66.836
 246  457      8.904     -3.212    -66.316
 483  278      4.512      8.950    -63.337
 674  559     11.815     -5.985    -73.499
  -1   -2     -6.059     -5.916    -70.988
 285  285     11.753     -3.826    -71.427
 297  243     -9.082      8.519    -72.004
 276  214     -6.210    -11.213    -75.278
 248  212    -12.114     -2.434    -62.612
  -1   -2      8.573      0.981    -59.847
 360   -2     -2.979     -8.349    -72.667
 138   80     -3.503     11.216    -74.420
 836  532     -1.170     -7.741    -63.894
  -1   97    -15.021      4.750    -70.742
 178  333    -11.560      9.623    -66.779
 231  543      8.034     -6.911    -67.182
  -1   -2     -6.290    -10.213    -57.012
 520  625      4.632     10.184    -61.465
  83  155     13.842      7.861    -69.530
 244  630     12.668      6.788    -71.208
 453  685      6.925     -4.172    -70.494
  -1  232    -12.636     -6.729    -71.987
 339  135      3.131     11.958    -66.535
 134  239      4.471      6.317    -71.101
 219  194     -9.891     -7.141    -66.780
 148   56      6.765      7.124    -73.598
 347  773     -9.022      1.865    -72.051
 192  235      8.928     -3.359    -69.828
 190  531      4.617      7.486    -71.695
 511  266     -2.007     -5.443    -63.367
  -1  453      6.959     -6.198    -62.799
 676  342      0.901     -9.634    -69.215
 122  764     -4.271     -5.568    -74.357
  -1   -2      8.688     -2.162    -63.421
 336  800     10.654     -5.621    -67.419
 260  248     17.111     -0.966    -67.406
 258  152    -13.475      4.250    -73.308
 222  573      8.417      9.682    -65.193
 471  241      7.458     12.467    -65.925
 650  259     -5.826     -4.047    -67.447
 622  244    -13.282      4.659    -67.503
 578  293     12.950     12.013    -68.278
 447  427     -1.783      1.361    -70.330
  -1  250      4.241    -12.937    -67.762
 403  161     -7.954     -1.737    -61.788
 274  205     11.998      3.988    -69.219
 474  599     -6.778     -7.444    -62.687
  -1   -2     -4.455      9.974    -73.945
  -1   -2     -5.136    -10.948    -78.228
  -1  101     13.342     -5.432    -65.815
  -1  245     12.628     10.878    -67.283
  -1   -2      7.540      8.100    -75.874
 656  446     -4.345      3.199    -68.243
 790  506     -3.808     -1.215    -71.427
 261  636      6.491      5.278    -60.683
 463  208     -1.197      3.318    -65.426
 277  216     15.392      5.697    -65.647
 262  556      2.378     -1.740    -61.120
  64  373     -4.485      6.081    -75.517
  -1   -2     -2.102      8.192    -76.047
  53  274      8.893      0.823    -73.028
 238  139      2.394      3.369    -64.284
 342  290     -8.402      1.512    -63.588
 663  240      9.271     -9.487    -69.023
 303  211     13.908     -2.112    -66.113
 287  307     15.028      0.168    -63.930
 660  792    -13.159     10.438    -66.396
  -1   -2    -13.491     11.263    -68.015
  96  429      1.369      5.245    -64.652
 269   28      1.678      2.830    -72.798
  -1   -2     11.917      0.108    -60.607
 267  289     16.157     11.775    -68.431
 317   42     -3.232      6.383    -69.373
 234   -2      3.053     -2.714    -67.425
 168  697      1.035      7.082    -71.766
 379  344      6.647      6.339    -75.015
 315  326     10.841      6.931    -61.918
 321  286    -13.665      7.638    -66.453
 343  693      2.948     -5.342    -71.163
 151  765      3.956      2.953    -62.495
  -1  299    -12.851      3.534    -75.032
 256  519    -13.631      4.562    -69.878
 282  226     17.211      2.085    -68.474
 202  210    -11.027     -1.779    -69.643
 223  628    -11.225     -3.375    -68.973
 271  288     14.370      9.909    -69.817
 273  314     -6.082     10.989    -68.328
 149  193      2.919    -11.598    -66.011
 240  301      3.290      0.986    -73.025
 301  339     10.950     10.951    -66.034
 237   -2     12.513      8.251    -68.427
  -1  428     -5.558     10.219    -60.981
 280   -2     -7.949     11.391    -69.260
 323  351     12.562     -4.220    -69.787
 832  246     -2.795     -1.149    -70.694
  -1   -2     -1.678      4.257    -75.221
  -1   -2     -0.315     -2.702    -73.684
 604  690     -1.999     -5.123    -63.285
 610  658     13.242      0.242    -74.237
 157  614      1.179      4.899    -72.002
  -1  256      0.487      8.505    -61.046
 536  608     16.895      0.901    -71.968
  -1   -2      6.268     -7.000    -67.942
  -1  302     14.903     -0.412    -66.217
 288  631     11.517     11.990    -67.805
 242  206      9.495     -7.554    -65.711
 688  537     12.076      9.644    -63.987
  -1  491     -8.876     -5.907    -64.479
 249  292    -13.071     10.390    -67.831
 598  355      0.806      3.456    -71.399
  -1  560     11.353     12.498    -65.089
 527  603     -7.432      8.665    -62.439
 349  313      9.801      7.919    -64.794
 257  291    -13.529      4.636    -65.257
  -1   -2     -8.594     11.721    -75.577
  -1   -2      0.343      2.866    -75.957
 311  638     12.214    -10.789    -68.158
  -1  327      1.559    -11.640    -67.005
 326  310     -5.748     -0.403    -63.526
 250  569     10.594      0.322    -69.916
  -1   -2    -13.487     -8.912    -70.969
  -1   -2    -11.329     11.942    -64.334
  -1  236     -3.841     10.044    -72.313
 320  275      1.861     -8.748    -72.668
 308  440     -4.706      9.413    -74.255
 313  357    -11.729     -9.298    -74.140
  -1   -2      4.569      5.024    -84.686
 251  637      1.427    -10.527    -70.844
  46  801     -4.449      6.359    -77.587
  -1   -2    -13.081     -2.616    -76.894
  -1   -2     -5.162      8.091    -71.995
  -1  671    -13.410      4.216    -76.500
  -1   -2      2.529     -9.876    -71.861
 316  771     14.365     -5.076    -67.470
  -1  323      5.062     12.167    -66.074
 337   -2     -2.002      3.283    -68.074
 355  360     -3.132     11.930    -72.177
 345  321    -12.903      6.712    -71.714
 822  739     10.114      6.373    -66.564
 486   -2     -2.407     -1.056    -59.594
  -1   -2     -8.684      0.704    -78.036
 601   -2     -6.422     -3.599    -61.069
 770  334     11.909     -3.586    -65.114
 762  802      2.312     10.630    -72.498
 354  349      1.363    -12.836    -66.363
  -1   -2     -0.072    -11.901    -74.862
   2  366     -1.028      9.588    -70.245
 247  363      4.280     -2.657    -70.543
 394   35     -6.121     -1.603    -72.643
 385   98     -8.319      3.078    -75.534
  -1   -2      1.665     -2.405    -76.458
  54   32      4.385     11.981    -67.756
  -1   38      0.002      6.224    -65.860
 829  261      6.578      9.639    -70.188
 380  775      2.410      7.773    -60.042
 388   21     -5.353     12.357    -69.592
  68  372     -4.060      6.933    -64.145
  -1   -2     -1.638      3.514    -74.187
  -1   -2     -4.898      6.262    -61.407
  60  202      7.285      7.088    -73.378
 194  367      5.861     -1.754    -67.607
  -1   -2     -6.480     -0.673    -66.651
 147   -2    -12.654     12.792    -68.069
  88  411      0.965     11.696    -71.323
  -1  382     -5.429      1.689    -63.908
  93  401      9.486     -6.129    -67.543
 402  381     -2.740     -5.140    -62.252
 407  364      2.146     -1.920    -72.720
  78  268     13.628     -0.019    -68.329
 393  513     10.106      4.551    -67.918
 204  125    -13.070      2.344    -71.739
  -1   -2      8.417    -11.158    -77.367
  -1   -2      5.366     -4.055    -70.781
 364  273      9.040     -4.480    -66.313
 106   24     -8.625     -2.429    -73.776
  -1   -2      7.656     10.484    -63.470
 119  187    -14.375      9.848    -72.647
  -1   -2      1.798      1.795    -56.288
 145  233    -12.779      7.651    -67.838
 127  408     15.249      3.583    -64.900
  -1   -2     -7.167     -6.195    -75.818
 389  107      0.046     -9.584    -65.008
 401  466      3.377      0.962    -70.664
 163  263      7.422     -5.497    -73.733
 406  141      0.958    -11.023    -63.785
 826  284      3.280     -3.210    -69.761
 369   34      0.524      6.484    -67.729
 424  186      7.868    -12.326    -66.769
 437  407      9.813      4.264    -62.788
  -1   -2    -12.845     -8.449    -65.914
  -1   -2     -1.182      9.798    -52.138
 428  393     -5.146      3.078    -64.099
 228  406      2.949    -11.896    -65.139
  -1   -2    -13.787      6.490    -86.057
  -1   -2    -15.316     -6.032    -68.269
  -1  441     -6.242      3.167    -61.263
 174  767     11.791     -1.723    -74.216
 557  201     -9.576     -9.763    -64.276
 152   -2     -9.008     -9.359    -73.533
  -1   86      6.030     -5.675    -65.089
 103  403     -2.376     -7.293    -66.389
 476  126     -4.060     11.200    -61.228
  -1  405     -1.705    -10.498    -69.991
 153  111    -13.005     -5.287    -68.890
 210  770     -6.472     -1.502    -72.031
  -1   -2      6.263     -1.965    -54.428
 570  436    -12.963      1.783    -74.301
  -1   -2     -8.466     -5.403    -60.514
 167   13      7.760      2.720    -69.446
  -1   -2      7.245      0.688    -56.742
  -1  195     -9.757      2.898    -64.091
 398   -2     13.946     -9.399    -67.164
 815   -2     -1.766    -10.804    -74.780
  -1  522      5.741     -7.211    -75.973
  -1  380     -1.086     -2.223    -62.915
 427  536     -3.150    -12.225    -64.313
 372  370    -11.550    -11.784    -66.482
  -1   -2     12.283     -1.178    -75.660
  -1  179      8.120      2.526    -58.654
 115   -2     -4.690      4.839    -70.257
 215  439      3.361     -2.141    -64.386
 708  571     17.860     -8.480    -68.659
 209  162     -2.704     12.146    -64.963
 585   -2      6.446      8.570    -74.414
  -1   -2    -11.749     -6.211    -74.638
  -1   -2    -15.755      6.586    -73.465
  -1   -2    -11.175     -9.861    -62.469
 179  768      3.549     -5.879    -63.615
  -1   -2    -12.142     -8.976    -63.620
  -1  518     12.907     -2.692    -60.903
 681  454      0.369      4.169    -62.027
 159  602    -10.133     -0.364    -67.296
 806  438      1.919    -12.548    -67.864
 374  694    -15.990     -9.215    -74.858
  -1  220     10.985     -4.923    -64.147
  -1   -2     -0.356     -0.694    -58.638
 135  157     10.471     -2.900    -64.864
  -1   -2      9.890      8.748    -67.637
 171   -2     -4.810     -8.237    -63.491
 624  586     13.672    -10.016    -62.476
 422  489     -9.835     -9.723    -72.904
  -1   -2      7.041    -12.101    -64.059
  -1   -2    -14.572    -10.191    -72.273
 533  803     -4.570     -8.123    -61.888
 255  804     -5.529     12.958    -69.219
 620  328     17.111     -7.634    -69.378
 114  434      2.678     -0.832    -65.253
 444  433     -7.137     -9.794    -63.655
 599  471      0.387    -10.637    -75.402
  -1   -2     13.154     -0.294    -63.162
 232  234    -11.861      5.349    -69.193
 628  185     -9.672     -1.932    -63.851
 225  258     -9.415      3.076    -65.251
 465  463      5.194    -13.057    -64.809
  -1   -2      2.075    -13.136    -64.059
  -1   -2    -13.565    -12.077    -67.995
  -1  515     17.482     -6.033    -67.413
  -1  549      3.392      6.266    -61.626
 458  237    -10.293    -11.850    -65.754
  -1   -2     -3.324    -12.136    -61.581
 449  404     13.412      2.983    -69.422
  -1   -2      6.487      2.415    -57.892
  -1  479      8.442     -6.877    -61.830
  -1   -2      5.031     -1.931    -64.017
  -1   -2     -6.837     -5.906    -61.135
  -1   -2      9.003     -2.730    -56.236
  -1  265     -9.580     -0.984    -72.983
  -1   -2     15.972      2.637    -62.787
  -1   -2     -4.537     -5.957    -55.939
  -1   -2     13.221    -10.479    -64.369
  -1   -2    -10.135     10.403    -64.913
 137  414      6.651      7.992    -72.636
 442  378      7.726     -9.241    -62.332
 306  447    -12.291      8.387    -63.334
 199  423      2.292     -0.961    -62.901
 396  718      5.437     -7.106    -72.774
 817  799     11.185      2.925    -74.708
 415  605     -2.305    -11.728    -65.111
 497  499     13.849     12.445    -64.157
 491  785      9.798      9.404    -61.100
  -1   -2     -0.023     -3.714    -60.534
  -1   -2    -10.282     -6.793    -60.510
 208  545     12.062     -3.778    -69.409
  -1   -2     14.527     -6.751    -73.916
  -1   -2     -6.407      4.674    -60.283
  -1   -2      8.858      0.348    -54.835
  -1   -2     -6.778      2.957    -60.609
  -1   -2     -4.236     -5.251    -82.457
  -1  399      4.315      8.574    -60.113
 435  442     -3.453      9.651    -63.874
 496   -2      4.170     12.201    -61.231
  -1   -2      9.752     -0.090    -61.858
  -1  217    -12.525      8.284    -66.934
 101   -2      2.045     -9.177    -71.106
 128   93     13.422      1.288    -65.715
 500  228     -0.375     -4.248    -67.705
  -1   -2     -7.445     -9.682    -66.489
 404  778     -2.096      6.620    -69.159
  -1   -2     -9.259    -11.204    -64.172
  -1   -2      0.398     -4.846    -63.917
  -1   -2     11.725    -11.012    -71.095
 330  430     -9.018     12.378    -66.378
  -1   -2     -8.049     -2.990    -67.225
 652  678    -10.170     -0.645    -70.022
 296   -2    -13.711     -3.300    -76.447
  -1   -2     15.109     -4.464    -59.912
  -1   -2    -13.817     -4.475    -66.964
  -1   -2     -8.941     -3.313    -79.892
 609   -2    -10.006     -4.273    -72.119
 811  449     -2.511    -11.943    -64.355
 107  203     -0.251     -7.650    -72.960
 612  544    -10.409     -2.852    -75.268
  -1   -2      9.001     -9.167    -77.164
  79  251    -13.004     -9.539    -74.861
 328  324      4.694     11.323    -68.224
  -1  503     -9.425      0.674    -59.384
  -1   -2     -9.410     13.366    -65.268
 468  784    -16.407     -0.190    -72.800
 796  169     -9.597      1.080    -68.549
  -1  362      2.176     -9.123    -71.108
  -1   -2      8.852    -11.939    -63.553
 814  280      2.971      4.416    -75.134
  -1   -2     -8.596      4.958    -58.088
  -1   -2      3.880      8.679    -61.524
 503  574     12.735     -8.466    -65.802
 745  555     -3.171      8.498    -68.870
 581  524     11.155    -12.215    -70.133
 461  570     13.325     -6.197    -63.330
 646  136     -3.492     -9.696    -67.263
  -1  514     13.932     -5.450    -63.217
  -1   -2     10.910      6.403    -75.401
 375   -2    -15.769      7.307    -76.683
  -1   -2    -13.986     -3.991    -84.879
  -1   -2     -8.363     -9.297    -58.378
  -1   -2     -6.995     -4.400    -68.438
  -1   -2     -4.964      5.483    -55.529
 445   -2     -6.420     -8.832    -58.516
 218   -2     -7.542      5.438    -59.649
 425   90     -2.865      1.741    -74.170
 602  596     16.522     -1.623    -67.284
  -1   -2      3.921    -10.356    -60.201
  -1   -2     14.330     -8.630    -67.100
 696  736      0.184     -6.763    -76.301
 307  529      9.193     -3.501    -71.745
  -1  576     15.883     -4.442    -63.356
 531  562    -11.472     11.374    -59.638
 835  526      2.367     -5.167    -71.634
 809  805    -10.699     -9.186    -64.279
  -1   -2      6.022     -8.514    -70.239
 613   -2    -11.093    -13.028    -64.944
 594   -2     10.433     -5.531    -62.527
  -1   -2     -2.288     -8.480    -63.553
  -1   -2    -10.323    -11.448    -69.560
  -1   -2     14.779     -2.586    -76.054
 597  318      7.551      0.997    -74.281
  -1   -2    -16.431     -4.646    -75.701
  -1   -2      2.527     -8.504    -62.056
 522  787     -2.707     10.002    -69.830
 576  572     17.625     -6.480    -67.629
  -1   -2      7.853    -11.915    -76.607
 344  238     12.678      6.831    -64.078
  -1   -2      7.253      5.516    -58.502
 643  790      7.616     -9.663    -61.965
  -1   -2     11.006      9.307    -84.223
  -1   -2     -3.827     -7.746    -62.800
 600  595     -5.768      4.711    -62.653
  -1   -2     17.273     10.346    -67.537
 801  798      3.409    -10.509    -65.889
  -1   -2     14.384     -3.932    -61.963
  -1   -2     -7.486     -3.054    -74.861
 451  780     14.353    -10.485    -67.959
  -1   -2      4.910      4.285    -57.525
  -1   -2     16.467     -7.915    -65.476
  -1   -2      8.790     12.151    -67.977
 537  459     13.091     -7.390    -64.628
  -1   -2     -9.136     -3.965    -72.372
  -1   -2      3.340     -7.975    -59.579
  -1  695      8.898     -6.482    -61.444
  -1  670     16.241     -5.918    -68.652
  -1   -2     17.535     -4.927    -74.535
 501  470      7.950     10.821    -64.698
 510   -2    -14.962     -7.398    -75.230
  -1   -2      7.629      3.445    -68.878
 618  541      9.296     -8.795    -63.528
  -1   -2     -2.360     -8.343    -58.440
  -1   -2     -6.220     -4.564    -56.606
  -1   -2     -3.870     13.110    -67.847
 786   -2    -14.268     -1.271    -75.004
  -1  512      4.193     10.779    -59.157
  -1   -2      3.156     -1.790    -59.843
  -1   -2      6.904     -5.838    -61.506
  -1   -2     -4.755     -6.474    -60.762
  -1   -2      9.426     -2.691    -58.906
  -1   -2     13.428     -9.846    -76.798
  -1   -2     -6.864     -8.832    -61.557
  -1   -2     13.622    -13.319    -65.411
  -1   -2    -14.488    -12.193    -71.772
 591  682     15.720      0.343    -61.629
 833  510      0.401      6.442    -76.029
  -1   -2     11.641     10.742    -66.963
  -1   -2     -6.452      0.125    -74.765
 645   -2    -12.663      0.015    -73.966
  -1   -2     10.528     -3.378    -66.362
  -1  613     11.393     -6.623    -61.547
  -1   -2     -5.459     11.383    -61.471
  -1   -2     -5.930    -12.921    -67.945
 227  269    -14.386     -9.127    -74.756
  -1   -2      9.348     13.267    -66.347
  -1   -2     -4.413     -5.351    -60.626
  -1   -2     17.449      1.140    -74.921
 515  786     -3.371      2.813    -65.099
  -1   -2      9.302    -12.598    -68.959
 647  308     11.977     -0.078    -65.018
 748  477    -11.489      1.338    -60.360
 357  374     -9.447      6.280    -75.556
  -1   -2     -2.903     -0.172    -60.551
 283   -2    -15.212     -2.505    -75.014
  -1   -2     -8.062    -10.865    -59.271
  -1  271      4.543    -12.080    -72.951
  -1   -2     -7.968     13.454    -60.263
 270  640     17.127     11.970    -71.893
  -1   -2     -5.944     11.468    -63.537
  -1   -2      7.746      7.063    -60.830
  -1   -2      9.044     -9.330    -56.157
  -1   -2     13.074     -0.008    -58.814
  -1   -2      2.895      2.544    -71.971
  -1  525     18.210    -11.529    -70.848
  -1   -2     -7.414     11.175    -59.951
 284  806      8.990     -7.932    -73.419
 807  746    -10.375      0.008    -76.783
  -1   -2      6.724     -1.674    -60.093
 509  298      0.429      2.092    -76.145
  -1  577    -13.768     -1.342    -65.177
  -1   -2    -10.453     10.717    -84.348
  -1   -2      2.769     12.414    -65.756
  -1   -2     13.235     10.497    -71.317
  -1   -2      5.546     -6.358    -52.468
 691  807      9.886     -5.839    -62.081
  -1   -2      9.559     -7.059    -58.974
  -1   -2     -6.456     -4.365    -53.395
  -1   -2     11.997     -7.652    -62.120
  -1  222    -11.508     -5.882    -71.407
 436  779      6.719      2.608    -75.014
 314  455      8.973    -12.548    -71.418
  -1   -2     -2.736    -10.528    -64.886
  -1   -2     14.200     11.429    -67.957
 400  777      3.774     -4.975    -73.056
  -1   -2     -9.632    -12.697    -63.969
  -1   -2     12.970     -1.839    -80.776
  -1   -2    -10.485      5.039    -76.635
 589  634    -14.611      0.335    -66.999
 292  188     14.674     -2.648    -69.086
  -1   -2    -10.350     10.033    -57.760
  -1   -2     -7.406      2.581    -78.256
  -1   -2     12.617     -5.806    -70.798
  -1   -2      5.701     -5.648    -84.127
 352  303     -4.651      1.536    -67.723
  -1   -2     15.467     -6.276    -82.486
  -1   -2     -7.783     -8.737    -77.880
  -1   -2     13.488     11.742    -62.923
 701  794      7.597      8.114    -62.250
  -1   -2      7.348    -10.306    -65.220
  -1   -2      2.251    -11.715    -82.549
  -1  706     12.607     -8.001    -63.575
 304  708     17.180     11.716    -66.725
  -1   -2     -9.142     -7.064    -67.419
  -1   -2     -1.550     -6.011    -55.723
  -1   -2     -3.736      5.100    -57.898
  -1  300     11.477     13.390    -65.974
  -1  674     11.404     -7.063    -65.549
 615  294     15.260     -9.887    -69.246
  -1   -2     -3.373     -4.909    -70.549
  -1   -2      2.004     12.637    -71.215
 502  654     -1.899      9.885    -73.492
  -1   -2      6.248     11.583    -60.352
  -1   -2     11.005      4.300    -61.302
 675  793      6.770      1.472    -64.547
  -1   -2    -10.377      6.102    -66.470
  -1   -2    -14.845    -10.185    -66.973
 488  540     12.272      3.018    -70.280
  -1  611      2.192      6.346    -68.747
  -1   -2      0.310     -6.712    -83.507
  -1  264      8.538      4.986    -62.181
 644  791     -2.132      2.785    -68.471
 771  797    -15.277      9.440    -76.588
  -1   -2      2.866      0.830    -58.144
 279   -2      4.618      7.750    -73.307
  -1   -2      1.960      6.408    -72.459
 788   -2     -7.835     -2.232    -78.113
  -1   -2      0.319     10.702    -58.400
 684  704     -7.927     -4.995    -68.997
 664   -2     -4.415      0.264    -72.044
  -1   -2     -1.085      4.992    -57.178
  -1   -2     -2.084    -11.028    -62.129
 692  329     16.461     -7.105    -71.022
 721   -2     -9.498     10.025    -61.322
  -1   -2     14.783     -1.452    -84.374
  -1   -2     10.823     10.205    -54.433
 551  346     12.914     -0.404    -74.967
 592   -2     -9.789      8.969    -60.786
  -1   -2     12.547    -11.160    -61.187
  -1   -2    -13.384      2.393    -65.021
  -1  336     -1.253     -6.322    -67.665
  -1   -2     -4.347     12.193    -72.062
  -1   -2    -10.305     -6.480    -66.865
  -1   -2      4.666     10.644    -59.383
  -1   -2    -11.102     -3.520    -60.573
  -1   -2     -8.739      6.360    -86.762
  -1   -2      1.239     11.657    -63.742
  -1   -2     -5.208     11.653    -71.462
 573  788    -12.077      8.565    -61.518
  -1   -2      7.776     -8.838    -72.631
  -1   -2     15.095    -10.674    -73.953
  -1  337    -15.628    -11.406    -71.275
 747  796     -9.369      8.221    -69.609
  -1   -2      0.439     10.791    -70.336
  -1   -2     13.989      2.530    -72.089
  -1   -2     -7.130     -2.243    -55.214
  -1   -2      9.609    -11.229    -71.543
  -1  679     13.615     12.980    -69.368
 713  642      7.614     -7.595    -64.607
  -1   -2     -0.819     -0.701    -54.626
  -1   -2     10.856     -3.934    -77.238
  -1   -2     13.608    -11.634    -82.178
  -1   -2     -9.686     -5.876    -67.312
  -1   -2     11.417     -9.991    -81.044
  -1   -2    -12.662    -10.428    -70.158
 575  789     13.877      6.517    -73.206
  -1   -2      0.192      9.169    -57.616
  -1   -2      4.265     12.623    -72.326
 709  713     16.725      1.064    -64.069
  -1   -2      9.696     -0.260    -76.537
  -1   -2     -3.853    -12.667    -62.536
  -1   -2     -8.339      2.461    -52.753
  -1   -2     -1.806     -2.321    -59.423
  -1   -2     11.443     -2.774    -84.827
 213  311    -14.514      0.561    -77.144
  -1   -2      7.817      8.901    -54.763
  -1   -2      9.016    -10.975    -65.328
 305   -2      5.032    -10.511    -69.602
  -1   -2     10.533      4.349    -61.012
  -1  683     -7.026     -0.958    -69.655
  -1   -2      9.406     10.546    -68.805
  -1   -2    -13.231     -5.929    -71.568
  -1   -2     15.457      9.714    -68.376
  -1   -2    -15.724     -8.650    -71.854
  -1   -2     -3.065     -9.347    -56.760
  -1   -2     15.043      6.076    -76.783
  -1   -2      3.857      0.550    -71.393
  -1   -2     -1.202     10.360    -53.219
  -1   -2     -9.061      0.550    -77.445
  -1   -2     -4.221     11.640    -60.043
  -1   -2      3.490     -1.178    -72.822
  -1   -2      0.447    -12.204    -68.976
  -1   -2    -15.156     -6.492    -72.028
  -1   -2     -7.209      4.420    -67.730
  -1   -2     -7.362      9.575    -54.753
 183   -2     -7.092    -11.457    -73.600
 744   -2      8.816    -10.841    -72.473
   7    8     -3.724      9.302    -71.195
 233  415      7.668      1.883    -67.919
  74  116     -5.721     -4.724    -68.910
 333  772     -4.592     -0.898    -68.760
 722  795      8.042     -7.565    -69.168
 173  416      1.036      2.561    -71.312
 187  456     10.624      4.354    -77.804
 525   -2     -2.729    -12.455    -64.461
 460  657      2.315    -10.151    -77.009
 302  369     -3.588     -9.187    -68.610
 580   -2     -9.114     -8.736    -70.198
 800  350     -9.835     -2.843    -68.083
 211   -2     -9.102     -9.451    -65.756
  75  105      4.019    -10.465    -65.068
 718   -2      2.985     11.924    -60.143
 466  783     -3.904    -12.004    -63.827
 409  478     -1.061     11.235    -73.727
 565   -2     -8.905    -11.747    -74.970
 399  776     -4.853    -11.439    -63.479
 193  505     -7.290      8.679    -59.813
 547   -2      0.903      7.655    -69.157
 205   -2      9.326    -11.594    -72.339
 454  781      4.519     -9.314    -61.379
 574  639     -3.387    -10.758    -64.161
 353   -2    -12.204      2.288    -61.557
 552  641     -4.910      4.663    -77.553
 325   -2     12.774    -12.874    -72.440
 532   -2      4.900      4.704    -61.268
 112   -2     -4.658     -4.309    -65.470
 819  218     -6.289    -10.055    -76.747
 640  341      4.956      2.970    -75.680
 456  782      1.194     -3.834    -73.713
 671   -2     -3.112     -5.799    -77.807
 716   -2     15.432    -10.722    -74.522
 617  617    -10.266    -10.915    -75.671
 699  808     13.227      6.121    -69.635
 348  774     -9.823    -10.702    -75.912
 823  809      6.577     -3.989    -64.113
  -1   -2     -2.554     -1.197    -59.591
 672  565     -7.518     -0.277    -62.660
 350  542    -13.700     -5.395    -75.557
 635  673     -1.281     -5.663    -68.668
 794   -2     -5.909     -0.704    -69.134
 810  626     -7.455     10.355    -74.623
 818  662     11.203      8.172    -75.913
 395  390      2.625    -12.629    -63.966
  -1   -2      1.134    -10.967    -63.618
 293  810      6.918      4.646    -65.989
 331   -2     -6.537    -11.114    -70.017
 546   -2     -9.765      3.089    -70.760
 569   -2     10.428      4.931    -64.784
 717  666      3.940     -5.941    -73.092
 742  811      1.685      8.989    -65.542
 785  396    -12.081     -0.571    -75.844
 825   22     -8.841      0.500    -70.147
 834  812      3.699     13.583    -67.587
